1, 1, 2, 1, 0, 14, 502.916, 119.071, 62.5736, 15.4803, 0, 94.8783, 439.67, 131.092, 63.6498, 16.8732, 1, 103.282, 0, 1.17216e+27
1, 1, 2, 1, 0, 1, 502.916, 119.071, 62.5736, 15.4803, 0, 94.8783, 443.572, 132.567, 70.347, 14.4287, 0, 64.3458, 1, 99
1, 1, 2, 1, 1, 1, 506.68, 121, 64.5268, 14.2434, 0, 84.3669, 443.572, 132.567, 70.347, 14.4287, 0, 64.3458, 0, 54
1, 1, 2, 1, 1, 15, 506.68, 121, 64.5268, 14.2434, 0, 84.3669, 444.183, 132.309, 63.6668, 17.7937, 1, 79.0221, 1, -8.04521e+09
1, 1, 2, 1, 2, 2, 499.797, 123.175, 56.8222, 12.92, 0, 72.8817, 436.611, 134.707, 60.4084, 13.5652, 0, 66.5652, 0, 4.2039e-45
1, 1, 2, 1, 2, 0, 499.797, 123.175, 56.8222, 12.92, 0, 72.8817, 543.113, 106, 65.9933, 14.2443, 0, 47.1253, 1, 42
1, 1, 2, 1, 3, 3, 487.997, 126.993, 58.9224, 12.5833, 0, 63.3403, 425.416, 136.238, 63.5865, 12.7627, 0, 50.4767, 0, -3.39991e+38
1, 1, 2, 1, 3, 21, 487.997, 126.993, 58.9224, 12.5833, 0, 63.3403, 434.29, 134.704, 55.9831, 22.4286, 2, 68.7202, 1, 1.70096e+38
1, 1, 2, 1, 4, 4, 480.265, 128.996, 70.543, 12.9474, 0, 46.4737, 417.779, 138.137, 75.5755, 11.6667, 0, 48.0972, 0, 5.74532e-44
1, 1, 2, 1, 4, 0, 480.265, 128.996, 70.543, 12.9474, 0, 46.4737, 543.113, 106, 65.9933, 14.2443, 0, 47.1253, 1, 17
1, 1, 2, 1, 8, 14, 502.919, 120.29, 55.5019, 18.5899, 1, 103.4, 439.67, 131.092, 63.6498, 16.8732, 1, 103.282, 0, 5.74532e-44
1, 1, 2, 1, 8, 2, 502.919, 120.29, 55.5019, 18.5899, 1, 103.4, 436.611, 134.707, 60.4084, 13.5652, 0, 66.5652, 1, 2.52234e-44
1, 1, 2, 1, 12, 21, 498.283, 124.257, 47.8475, 23.717, 2, 59.0197, 434.29, 134.704, 55.9831, 22.4286, 2, 68.7202, 0, -3.31085e-07
1, 1, 2, 1, 12, 20, 498.283, 124.257, 47.8475, 23.717, 2, 59.0197, 542.312, 106.179, 56.6506, 24.8919, 2, 56.2725, 1, -3.31085e-07
1, 1, 2, 1, 19, 26, 413.548, 158.7, 175.792, 68.5711, 5, 91.1111, 353.441, 163.165, 178.593, 61.5681, 5, 86.2128, 0, 4.21078e-11
1, 1, 2, 1, 19, 14, 413.548, 158.7, 175.792, 68.5711, 5, 91.1111, 439.67, 131.092, 63.6498, 16.8732, 1, 103.282, 1, 0
1, 1, 3, 1, 2, 0, 465.658, 123.653, 76.171, 14.8303, 0, 59.8088, 543.113, 106, 65.9933, 14.2443, 0, 47.1253, 0, 42
1, 1, 3, 1, 2, 1, 465.658, 123.653, 76.171, 14.8303, 0, 59.8088, 443.572, 132.567, 70.347, 14.4287, 0, 64.3458, 1, 82
1, 1, 3, 1, 3, 1, 370.372, 140.512, 79.1158, 13.2057, 0, 70.0922, 443.572, 132.567, 70.347, 14.4287, 0, 64.3458, 0, 62
1, 1, 3, 1, 3, 15, 370.372, 140.512, 79.1158, 13.2057, 0, 70.0922, 444.183, 132.309, 63.6668, 17.7937, 1, 79.0221, 1, 71
1, 1, 3, 1, 4, 2, 363.472, 141.428, 66.0505, 15.3192, 0, 58.1963, 436.611, 134.707, 60.4084, 13.5652, 0, 66.5652, 0, 4.2039e-45
1, 1, 3, 1, 4, 0, 363.472, 141.428, 66.0505, 15.3192, 0, 58.1963, 543.113, 106, 65.9933, 14.2443, 0, 47.1253, 1, 34
1, 1, 3, 1, 5, 3, 352.235, 142.85, 70.4626, 11.8333, 0, 53.0278, 425.416, 136.238, 63.5865, 12.7627, 0, 50.4767, 0, 3.08286e-44
1, 1, 3, 1, 5, 19, 352.235, 142.85, 70.4626, 11.8333, 0, 53.0278, 547.079, 103.114, 67.3412, 21.441, 2, 75.2243, 1, 5.74532e-44
1, 1, 3, 1, 9, 7, 462.313, 274.304, 70.5817, 14.6617, 0, 126.642, 550.219, 261.329, 61.5282, 13.8387, 0, 137.367, 0, 0
1, 1, 3, 1, 9, 22, 462.313, 274.304, 70.5817, 14.6617, 0, 126.642, 550.983, 262.447, 68.0921, 21, 2, 124.042, 1, 1.68156e-44
1, 1, 3, 1, 10, 8, 465.643, 276.596, 89.5132, 11.8877, 0, 47.0109, 553.192, 264.431, 75.4885, 11.9159, 0, 71.0105, 0, 1.82169e-44
1, 1, 3, 1, 10, 7, 465.643, 276.596, 89.5132, 11.8877, 0, 47.0109, 550.219, 261.329, 61.5282, 13.8387, 0, 137.367, 1, 1.54143e-44
1, 1, 3, 1, 13, 11, 464.386, 283.486, 79.2126, 9.58372, 0, 65.5435, 553.821, 271.821, 77.5882, 12.2414, 0, 75.0704, 0, 72
1, 1, 3, 1, 15, 14, 366.717, 138.888, 65.7629, 18.7625, 1, 94.1043, 439.67, 131.092, 63.6498, 16.8732, 1, 103.282, 0, 5.74532e-44
1, 1, 3, 1, 15, 2, 366.717, 138.888, 65.7629, 18.7625, 1, 94.1043, 436.611, 134.707, 60.4084, 13.5652, 0, 66.5652, 1, 1.4013e-45
1, 1, 3, 1, 16, 1, 370.476, 139.475, 77.1397, 14.5802, 1, 73.7807, 443.572, 132.567, 70.347, 14.4287, 0, 64.3458, 0, 59
1, 1, 3, 1, 16, 15, 370.476, 139.475, 77.1397, 14.5802, 1, 73.7807, 444.183, 132.309, 63.6668, 17.7937, 1, 79.0221, 1, 36
1, 1, 3, 1, 17, 2, 363.07, 141.478, 65.1532, 16.3333, 1, 69.0833, 436.611, 134.707, 60.4084, 13.5652, 0, 66.5652, 0, 1.68156e-44
1, 1, 3, 1, 17, 21, 363.07, 141.478, 65.1532, 16.3333, 1, 69.0833, 434.29, 134.704, 55.9831, 22.4286, 2, 68.7202, 1, 149
1, 1, 3, 1, 22, 15, 371.8, 139.517, 65.4838, 20.8321, 2, 69.4174, 444.183, 132.309, 63.6668, 17.7937, 1, 79.0221, 0, 77
1, 1, 3, 1, 22, 1, 371.8, 139.517, 65.4838, 20.8321, 2, 69.4174, 443.572, 132.567, 70.347, 14.4287, 0, 64.3458, 1, 71
1, 1, 3, 1, 23, 21, 359.909, 142.085, 60.6333, 25.0407, 2, 51.2184, 434.29, 134.704, 55.9831, 22.4286, 2, 68.7202, 0, 8.42353e+37
1, 1, 3, 1, 23, 20, 359.909, 142.085, 60.6333, 25.0407, 2, 51.2184, 542.312, 106.179, 56.6506, 24.8919, 2, 56.2725, 1, 0
1, 1, 3, 1, 26, 26, 276.507, 163.298, -166.327, 42.9963, 4, 68.2454, 353.441, 163.165, 178.593, 61.5681, 5, 86.2128, 0, 7.14546e+25
1, 1, 3, 1, 28, 25, 332.653, 151.975, 163.15, 74.5205, 5, 54.1815, 410.833, 149.5, 149.13, 56, 4, 58, 0, 5.82705e-10
1, 1, 3, 2, 3, 1, 370.372, 140.512, 79.1158, 13.2057, 0, 70.0922, 506.68, 121, 64.5268, 14.2434, 0, 84.3669, 0, 58
1, 1, 3, 2, 3, 11, 370.372, 140.512, 79.1158, 13.2057, 0, 70.0922, 507.75, 119.25, 59.912, 18, 2, 74.4443, 1, 198
1, 1, 3, 2, 5, 3, 352.235, 142.85, 70.4626, 11.8333, 0, 53.0278, 487.997, 126.993, 58.9224, 12.5833, 0, 63.3403, 0, 5.60519e-45
1, 1, 3, 2, 5, 12, 352.235, 142.85, 70.4626, 11.8333, 0, 53.0278, 498.283, 124.257, 47.8475, 23.717, 2, 59.0197, 1, 2.38221e-44
1, 1, 3, 2, 15, 8, 366.717, 138.888, 65.7629, 18.7625, 1, 94.1043, 502.919, 120.29, 55.5019, 18.5899, 1, 103.4, 0, 2.10195e-44
1, 1, 3, 2, 15, 11, 366.717, 138.888, 65.7629, 18.7625, 1, 94.1043, 507.75, 119.25, 59.912, 18, 2, 74.4443, 1, 96
1, 1, 3, 2, 23, 12, 359.909, 142.085, 60.6333, 25.0407, 2, 51.2184, 498.283, 124.257, 47.8475, 23.717, 2, 59.0197, 0, 2.52234e-44
1, 1, 3, 2, 23, 13, 359.909, 142.085, 60.6333, 25.0407, 2, 51.2184, 484.459, 128.337, 58.9035, 28.4118, 2, 58.6593, 1, 2.52234e-44
1, 1, 3, 2, 25, 14, 348.122, 132.406, 72.4223, 49.5789, 4, 54.0548, 484.132, 124.073, 54.5498, 35.625, 3, 50.0208, 0, 7.11579e-42
1, 1, 3, 2, 25, 13, 348.122, 132.406, 72.4223, 49.5789, 4, 54.0548, 484.459, 128.337, 58.9035, 28.4118, 2, 58.6593, 1, 0
1, 1, 3, 2, 26, 19, 276.507, 163.298, -166.327, 42.9963, 4, 68.2454, 413.548, 158.7, 175.792, 68.5711, 5, 91.1111, 0, 0
1, 1, 3, 2, 26, 16, 276.507, 163.298, -166.327, 42.9963, 4, 68.2454, 411.654, 161.533, -153.144, 36, 4, 87.6786, 1, 1.89561e-38
1, 1, 4, 1, 0, 14, 490.194, 123.22, 64.1119, 15.3926, 0, 107.353, 439.67, 131.092, 63.6498, 16.8732, 1, 103.282, 0, 5.74532e-44
1, 1, 4, 1, 0, 1, 490.194, 123.22, 64.1119, 15.3926, 0, 107.353, 443.572, 132.567, 70.347, 14.4287, 0, 64.3458, 1, 81
1, 1, 4, 1, 2, 2, 486.798, 126.62, 59.83, 13.7085, 0, 77.4409, 436.611, 134.707, 60.4084, 13.5652, 0, 66.5652, 0, 2.52234e-44
1, 1, 4, 1, 2, 0, 486.798, 126.62, 59.83, 13.7085, 0, 77.4409, 543.113, 106, 65.9933, 14.2443, 0, 47.1253, 1, 40
1, 1, 4, 1, 7, 10, 612.237, 267.56, 36.2491, 16.2125, 0, 77.9594, 546.234, 272.9, 41.3406, 16.0244, 0, 62.2226, 0, 114
1, 1, 4, 1, 10, 15, 495.207, 124.442, 60.0928, 18.75, 1, 81.375, 444.183, 132.309, 63.6668, 17.7937, 1, 79.0221, 0, 85
1, 1, 4, 1, 10, 1, 495.207, 124.442, 60.0928, 18.75, 1, 81.375, 443.572, 132.567, 70.347, 14.4287, 0, 64.3458, 1, 67
1, 1, 4, 1, 13, 24, 498.545, 123.63, 33.4694, 34.2857, 3, 59.7143, 447.398, 131.079, 42.8132, 30.6, 3, 54.05, 0, 5.05869e-43
1, 1, 4, 1, 13, 15, 498.545, 123.63, 33.4694, 34.2857, 3, 59.7143, 444.183, 132.309, 63.6668, 17.7937, 1, 79.0221, 1, 134
1, 1, 4, 1, 16, 24, 493.5, 125, 33.8091, 36, 4, 76, 447.398, 131.079, 42.8132, 30.6, 3, 54.05, 0, 1.12869e+27
1, 1, 4, 1, 16, 21, 493.5, 125, 33.8091, 36, 4, 76, 434.29, 134.704, 55.9831, 22.4286, 2, 68.7202, 1, 9.0072e+15
1, 1, 4, 1, 17, 25, 459.286, 139.073, 134.816, 56.4, 4, 53.8167, 410.833, 149.5, 149.13, 56, 4, 58, 0, 0
1, 1, 4, 1, 17, 18, 459.286, 139.073, 134.816, 56.4, 4, 53.8167, 547.932, 266.925, 55.5616, 17.4262, 1, 54.1504, 1, 0
1, 1, 4, 1, 18, 26, 395.201, 156.27, -170.277, 49.0406, 4, 89.9361, 353.441, 163.165, 178.593, 61.5681, 5, 86.2128, 0, -1.88368e-14
1, 1, 4, 1, 18, 9, 395.201, 156.27, -170.277, 49.0406, 4, 89.9361, 557.358, 270.495, 115.52, 10.8947, 0, 48.6447, 1, 5.74532e-44
1, 1, 4, 1, 21, 25, 457.432, 140.367, 158.574, 64.3636, 5, 60.6705, 410.833, 149.5, 149.13, 56, 4, 58, 0, 2.95159e+29
1, 1, 4, 1, 21, 22, 457.432, 140.367, 158.574, 64.3636, 5, 60.6705, 550.983, 262.447, 68.0921, 21, 2, 124.042, 1, 3.84124e+15
1, 1, 4, 1, 22, 26, 401.747, 154.991, -175.37, 94.652, 6, 89.0426, 353.441, 163.165, 178.593, 61.5681, 5, 86.2128, 0, 4.07445e-11
1, 1, 4, 1, 22, 14, 401.747, 154.991, -175.37, 94.652, 6, 89.0426, 439.67, 131.092, 63.6498, 16.8732, 1, 103.282, 1, 0
1, 1, 4, 2, 1, 1, 493.065, 124.927, 71.1892, 12.5422, 0, 78.3389, 506.68, 121, 64.5268, 14.2434, 0, 84.3669, 0, 59
1, 1, 4, 2, 1, 11, 493.065, 124.927, 71.1892, 12.5422, 0, 78.3389, 507.75, 119.25, 59.912, 18, 2, 74.4443, 1, 156
1, 1, 4, 2, 2, 2, 486.798, 126.62, 59.83, 13.7085, 0, 77.4409, 499.797, 123.175, 56.8222, 12.92, 0, 72.8817, 0, 2.38221e-44
1, 1, 4, 2, 2, 8, 486.798, 126.62, 59.83, 13.7085, 0, 77.4409, 502.919, 120.29, 55.5019, 18.5899, 1, 103.4, 1, 1.4013e-44
1, 1, 4, 2, 4, 10, 132.25, 214.75, 162.874, 18, 0, 61.8887, 177.589, 231.508, 156.412, 17.9085, 1, 65.8191, 0, 39
1, 1, 4, 2, 8, 7, 578.527, 279.914, 64.035, 12.0968, 0, 54.0081, 590.928, 273.901, 60.2896, 11.6667, 0, 51.0972, 0, 1.82169e-44
1, 1, 4, 2, 11, 13, 473.529, 129.12, 65.5534, 27.375, 2, 48.5312, 484.459, 128.337, 58.9035, 28.4118, 2, 58.6593, 0, 1.68156e-44
1, 1, 4, 2, 11, 14, 473.529, 129.12, 65.5534, 27.375, 2, 48.5312, 484.132, 124.073, 54.5498, 35.625, 3, 50.0208, 1, 5.74532e-44
1, 1, 4, 2, 12, 12, 490.017, 123.976, 49.1022, 29.1261, 3, 93.7993, 498.283, 124.257, 47.8475, 23.717, 2, 59.0197, 0, 2.38221e-44
1, 1, 4, 2, 12, 14, 490.017, 123.976, 49.1022, 29.1261, 3, 93.7993, 484.132, 124.073, 54.5498, 35.625, 3, 50.0208, 1, 5.74532e-44
1, 1, 4, 2, 14, 13, 471.041, 129.919, 66.7958, 36.5841, 3, 55.0446, 484.459, 128.337, 58.9035, 28.4118, 2, 58.6593, 0, 2.66247e-44
1, 1, 4, 2, 14, 14, 471.041, 129.919, 66.7958, 36.5841, 3, 55.0446, 484.132, 124.073, 54.5498, 35.625, 3, 50.0208, 1, 5.74532e-44
1, 1, 4, 2, 18, 19, 395.201, 156.27, -170.277, 49.0406, 4, 89.9361, 413.548, 158.7, 175.792, 68.5711, 5, 91.1111, 0, 7.14523e+25
1, 1, 4, 2, 18, 16, 395.201, 156.27, -170.277, 49.0406, 4, 89.9361, 411.654, 161.533, -153.144, 36, 4, 87.6786, 1, -2.84217e-14
1, 1, 4, 2, 19, 10, 128, 212, 157.556, 36, 4, 78.958, 177.589, 231.508, 156.412, 17.9085, 1, 65.8191, 0, -3.4878e-07
1, 1, 4, 2, 20, 17, 494.725, 131.673, -22.3108, 78.7603, 5, 62.6354, 510.819, 127.603, -23.3065, 68.8421, 5, 46.3289, 0, 0
1, 1, 4, 2, 20, 18, 494.725, 131.673, -22.3108, 78.7603, 5, 62.6354, 468.87, 139.96, 175.388, 74.087, 5, 71.1739, 1, 0
1, 1, 4, 2, 22, 19, 401.747, 154.991, -175.37, 94.652, 6, 89.0426, 413.548, 158.7, 175.792, 68.5711, 5, 91.1111, 0, -7.85268e-11
1, 1, 4, 2, 22, 17, 401.747, 154.991, -175.37, 94.652, 6, 89.0426, 510.819, 127.603, -23.3065, 68.8421, 5, 46.3289, 1, -0.0931373
1, 1, 4, 3, 5, 11, 616.697, 262.559, 46.4182, 12.4648, 0, 52.213, 460.263, 281.401, 48.3549, 10.4211, 0, 51.3158, 0, 74
1, 1, 4, 3, 6, 11, 616.984, 265.026, 41.5209, 11, 0, 51.9167, 460.263, 281.401, 48.3549, 10.4211, 0, 51.3158, 0, 68
1, 1, 4, 3, 10, 22, 495.207, 124.442, 60.0928, 18.75, 1, 81.375, 371.8, 139.517, 65.4838, 20.8321, 2, 69.4174, 0, 1.26117e-44
1, 1, 4, 3, 10, 3, 495.207, 124.442, 60.0928, 18.75, 1, 81.375, 370.372, 140.512, 79.1158, 13.2057, 0, 70.0922, 1, 3.22299e-44
1, 1, 4, 3, 18, 26, 395.201, 156.27, -170.277, 49.0406, 4, 89.9361, 276.507, 163.298, -166.327, 42.9963, 4, 68.2454, 0, -1.09526e-18
1, 1, 4, 3, 20, 28, 494.725, 131.673, -22.3108, 78.7603, 5, 62.6354, 332.653, 151.975, 163.15, 74.5205, 5, 54.1815, 0, 48.0657
1, 1, 4, 3, 21, 28, 457.432, 140.367, 158.574, 64.3636, 5, 60.6705, 332.653, 151.975, 163.15, 74.5205, 5, 54.1815, 0, 2.59596e-06
1, 1, 4, 3, 21, 27, 457.432, 140.367, 158.574, 64.3636, 5, 60.6705, 338.628, 131.986, 142.721, 77.6275, 5, 63.1579, 1, 2.55974e-12
1, 1, 4, 3, 22, 26, 401.747, 154.991, -175.37, 94.652, 6, 89.0426, 276.507, 163.298, -166.327, 42.9963, 4, 68.2454, 0, 4.05206e-11
1, 1, 4, 3, 22, 28, 401.747, 154.991, -175.37, 94.652, 6, 89.0426, 332.653, 151.975, 163.15, 74.5205, 5, 54.1815, 1, 4.12567e-08
1, 1, 5, 1, 1, 0, 484.487, 129.076, 76.5112, 14.4419, 0, 56.561, 543.113, 106, 65.9933, 14.2443, 0, 47.1253, 0, 28
1, 1, 5, 1, 1, 2, 484.487, 129.076, 76.5112, 14.4419, 0, 56.561, 436.611, 134.707, 60.4084, 13.5652, 0, 66.5652, 1, 1.96182e-44
1, 1, 5, 1, 2, 14, 383.764, 138.505, 70.9128, 16.0102, 0, 98.5584, 439.67, 131.092, 63.6498, 16.8732, 1, 103.282, 0, 5.74532e-44
1, 1, 5, 1, 2, 2, 383.764, 138.505, 70.9128, 16.0102, 0, 98.5584, 436.611, 134.707, 60.4084, 13.5652, 0, 66.5652, 1, 2.8026e-45
1, 1, 5, 1, 3, 2, 380.752, 141.134, 69.9236, 12.4755, 0, 67.3939, 436.611, 134.707, 60.4084, 13.5652, 0, 66.5652, 0, 1.4013e-45
1, 1, 5, 1, 3, 0, 380.752, 141.134, 69.9236, 12.4755, 0, 67.3939, 543.113, 106, 65.9933, 14.2443, 0, 47.1253, 1, 37
1, 1, 5, 1, 4, 1, 387.81, 140.943, 77.684, 13.7666, 0, 71.5991, 443.572, 132.567, 70.347, 14.4287, 0, 64.3458, 0, 48
1, 1, 5, 1, 4, 15, 387.81, 140.943, 77.684, 13.7666, 0, 71.5991, 444.183, 132.309, 63.6668, 17.7937, 1, 79.0221, 1, 164
1, 1, 5, 1, 5, 8, 489.065, 279.959, 88.519, 11.8352, 0, 70.0343, 553.192, 264.431, 75.4885, 11.9159, 0, 71.0105, 0, 2.8026e-45
1, 1, 5, 1, 5, 7, 489.065, 279.959, 88.519, 11.8352, 0, 70.0343, 550.219, 261.329, 61.5282, 13.8387, 0, 137.367, 1, 1.96182e-44
1, 1, 5, 1, 7, 13, 493.212, 127.903, 87.3709, 18.6, 1, 63.175, 551.727, 103.61, 74.4044, 17.449, 1, 66.2066, 0, 2.94273e-44
1, 1, 5, 1, 7, 19, 493.212, 127.903, 87.3709, 18.6, 1, 63.175, 547.079, 103.114, 67.3412, 21.441, 2, 75.2243, 1, 5.74532e-44
1, 1, 5, 1, 8, 14, 383.68, 138.768, 68.5146, 17.8053, 1, 96.2132, 439.67, 131.092, 63.6498, 16.8732, 1, 103.282, 0, 5.74532e-44
1, 1, 5, 1, 8, 2, 383.68, 138.768, 68.5146, 17.8053, 1, 96.2132, 436.611, 134.707, 60.4084, 13.5652, 0, 66.5652, 1, 2.94273e-44
1, 1, 5, 1, 17, 26, 289.032, 160.004, -155.414, 40.7547, 3, 71.858, 353.441, 163.165, 178.593, 61.5681, 5, 86.2128, 0, 0
1, 1, 5, 1, 20, 25, 349.598, 152.281, 166.801, 66.6266, 5, 59.6273, 410.833, 149.5, 149.13, 56, 4, 58, 0, 1.53658e+16
1, 1, 5, 1, 21, 26, 293.217, 157.78, -173.533, 68.3478, 5, 80.2663, 353.441, 163.165, 178.593, 61.5681, 5, 86.2128, 0, 1.89556e-38
1, 1, 5, 1, 21, 14, 293.217, 157.78, -173.533, 68.3478, 5, 80.2663, 439.67, 131.092, 63.6498, 16.8732, 1, 103.282, 1, 0
1, 1, 5, 2, 2, 8, 383.764, 138.505, 70.9128, 16.0102, 0, 98.5584, 502.919, 120.29, 55.5019, 18.5899, 1, 103.4, 0, 2.38221e-44
1, 1, 5, 2, 2, 0, 383.764, 138.505, 70.9128, 16.0102, 0, 98.5584, 502.916, 119.071, 62.5736, 15.4803, 0, 94.8783, 1, 32
1, 1, 5, 2, 3, 2, 380.752, 141.134, 69.9236, 12.4755, 0, 67.3939, 499.797, 123.175, 56.8222, 12.92, 0, 72.8817, 0, 1.4013e-45
1, 1, 5, 2, 3, 1, 380.752, 141.134, 69.9236, 12.4755, 0, 67.3939, 506.68, 121, 64.5268, 14.2434, 0, 84.3669, 1, 87
1, 1, 5, 2, 4, 1, 387.81, 140.943, 77.684, 13.7666, 0, 71.5991, 506.68, 121, 64.5268, 14.2434, 0, 84.3669, 0, 48
1, 1, 5, 2, 4, 11, 387.81, 140.943, 77.684, 13.7666, 0, 71.5991, 507.75, 119.25, 59.912, 18, 2, 74.4443, 1, 73
1, 1, 5, 2, 6, 5, 487.722, 127.722, 81.8285, 20.2033, 1, 83.7532, 417.699, 152.081, 68.3009, 14.1429, 0, 51.125, 0, 24
1, 1, 5, 2, 6, 1, 487.722, 127.722, 81.8285, 20.2033, 1, 83.7532, 506.68, 121, 64.5268, 14.2434, 0, 84.3669, 1, 93
1, 1, 5, 2, 8, 8, 383.68, 138.768, 68.5146, 17.8053, 1, 96.2132, 502.919, 120.29, 55.5019, 18.5899, 1, 103.4, 0, 1.4013e-45
1, 1, 5, 2, 8, 11, 383.68, 138.768, 68.5146, 17.8053, 1, 96.2132, 507.75, 119.25, 59.912, 18, 2, 74.4443, 1, 72
1, 1, 5, 2, 15, 13, 366.497, 142.19, 81.9915, 28.5484, 2, 57.9382, 484.459, 128.337, 58.9035, 28.4118, 2, 58.6593, 0, 2.52234e-44
1, 1, 5, 2, 15, 14, 366.497, 142.19, 81.9915, 28.5484, 2, 57.9382, 484.132, 124.073, 54.5498, 35.625, 3, 50.0208, 1, 5.74532e-44
1, 1, 5, 2, 17, 16, 289.032, 160.004, -155.414, 40.7547, 3, 71.858, 411.654, 161.533, -153.144, 36, 4, 87.6786, 0, -3.4878e-07
1, 1, 5, 2, 17, 19, 289.032, 160.004, -155.414, 40.7547, 3, 71.858, 413.548, 158.7, 175.792, 68.5711, 5, 91.1111, 1, 2.06299e-41
1, 1, 5, 2, 19, 16, 382.798, 147.203, 29.3081, 55.2245, 4, 46.96, 411.654, 161.533, -153.144, 36, 4, 87.6786, 0, -9.75114e-28
1, 1, 5, 2, 19, 15, 382.798, 147.203, 29.3081, 55.2245, 4, 46.96, 482.942, 129.314, 44.2415, 47.9104, 4, 48.0006, 1, 0
1, 1, 5, 2, 20, 17, 349.598, 152.281, 166.801, 66.6266, 5, 59.6273, 510.819, 127.603, -23.3065, 68.8421, 5, 46.3289, 0, 0
1, 1, 5, 2, 20, 18, 349.598, 152.281, 166.801, 66.6266, 5, 59.6273, 468.87, 139.96, 175.388, 74.087, 5, 71.1739, 1, 0
1, 1, 5, 2, 21, 19, 293.217, 157.78, -173.533, 68.3478, 5, 80.2663, 413.548, 158.7, 175.792, 68.5711, 5, 91.1111, 0, -6265.35
1, 1, 5, 3, 2, 15, 383.764, 138.505, 70.9128, 16.0102, 0, 98.5584, 366.717, 138.888, 65.7629, 18.7625, 1, 94.1043, 0, 33
1, 1, 5, 3, 2, 4, 383.764, 138.505, 70.9128, 16.0102, 0, 98.5584, 363.472, 141.428, 66.0505, 15.3192, 0, 58.1963, 1, 5.74532e-44
1, 1, 5, 3, 4, 3, 387.81, 140.943, 77.684, 13.7666, 0, 71.5991, 370.372, 140.512, 79.1158, 13.2057, 0, 70.0922, 0, 1.26117e-44
1, 1, 5, 3, 4, 16, 387.81, 140.943, 77.684, 13.7666, 0, 71.5991, 370.476, 139.475, 77.1397, 14.5802, 1, 73.7807, 1, 151
1, 1, 5, 3, 5, 10, 489.065, 279.959, 88.519, 11.8352, 0, 70.0343, 465.643, 276.596, 89.5132, 11.8877, 0, 47.0109, 0, 41
1, 1, 5, 3, 5, 9, 489.065, 279.959, 88.519, 11.8352, 0, 70.0343, 462.313, 274.304, 70.5817, 14.6617, 0, 126.642, 1, 5.74532e-44
1, 1, 5, 3, 7, 20, 493.212, 127.903, 87.3709, 18.6, 1, 63.175, 475.249, 122.633, 86.9975, 22.9803, 2, 60.2839, 0, 107
1, 1, 5, 3, 7, 21, 493.212, 127.903, 87.3709, 18.6, 1, 63.175, 464.585, 124.496, 76.1115, 22.6, 2, 56.4083, 1, 107
1, 1, 5, 3, 8, 15, 383.68, 138.768, 68.5146, 17.8053, 1, 96.2132, 366.717, 138.888, 65.7629, 18.7625, 1, 94.1043, 0, 113
1, 1, 5, 3, 8, 4, 383.68, 138.768, 68.5146, 17.8053, 1, 96.2132, 363.472, 141.428, 66.0505, 15.3192, 0, 58.1963, 1, 5.74532e-44
1, 1, 5, 3, 12, 23, 377.134, 141.461, 66.148, 26.6923, 2, 64.9263, 359.909, 142.085, 60.6333, 25.0407, 2, 51.2184, 0, 8.40779e-45
1, 1, 5, 3, 12, 21, 377.134, 141.461, 66.148, 26.6923, 2, 64.9263, 464.585, 124.496, 76.1115, 22.6, 2, 56.4083, 1, 175
1, 1, 5, 3, 13, 22, 389.297, 140.382, 65.8973, 22.1077, 2, 65.0776, 371.8, 139.517, 65.4838, 20.8321, 2, 69.4174, 0, 8.40779e-45
1, 1, 5, 3, 13, 23, 389.297, 140.382, 65.8973, 22.1077, 2, 65.0776, 359.909, 142.085, 60.6333, 25.0407, 2, 51.2184, 1, 8.40779e-45
1, 1, 5, 3, 17, 26, 289.032, 160.004, -155.414, 40.7547, 3, 71.858, 276.507, 163.298, -166.327, 42.9963, 4, 68.2454, 0, 0
1, 1, 5, 3, 18, 25, 367.09, 134.745, 90.6199, 56.2642, 4, 50.1895, 348.122, 132.406, 72.4223, 49.5789, 4, 54.0548, 0, -nan
1, 1, 5, 3, 18, 20, 367.09, 134.745, 90.6199, 56.2642, 4, 50.1895, 475.249, 122.633, 86.9975, 22.9803, 2, 60.2839, 1, 0.185788
1, 1, 5, 3, 20, 28, 349.598, 152.281, 166.801, 66.6266, 5, 59.6273, 332.653, 151.975, 163.15, 74.5205, 5, 54.1815, 0, 48.0657
1, 1, 5, 3, 20, 8, 349.598, 152.281, 166.801, 66.6266, 5, 59.6273, 464.699, 272.667, 83.2931, 12.7358, 0, 55.3986, 1, -3.4878e-07
1, 1, 5, 3, 21, 26, 293.217, 157.78, -173.533, 68.3478, 5, 80.2663, 276.507, 163.298, -166.327, 42.9963, 4, 68.2454, 0, 1.89556e-38
1, 1, 5, 4, 2, 0, 383.764, 138.505, 70.9128, 16.0102, 0, 98.5584, 490.194, 123.22, 64.1119, 15.3926, 0, 107.353, 0, 25
1, 1, 5, 4, 2, 2, 383.764, 138.505, 70.9128, 16.0102, 0, 98.5584, 486.798, 126.62, 59.83, 13.7085, 0, 77.4409, 1, 2.8026e-45
1, 1, 5, 4, 3, 2, 380.752, 141.134, 69.9236, 12.4755, 0, 67.3939, 486.798, 126.62, 59.83, 13.7085, 0, 77.4409, 0, 1.4013e-44
1, 1, 5, 4, 3, 0, 380.752, 141.134, 69.9236, 12.4755, 0, 67.3939, 490.194, 123.22, 64.1119, 15.3926, 0, 107.353, 1, 27
1, 1, 5, 4, 8, 0, 383.68, 138.768, 68.5146, 17.8053, 1, 96.2132, 490.194, 123.22, 64.1119, 15.3926, 0, 107.353, 0, 41
1, 1, 5, 4, 8, 2, 383.68, 138.768, 68.5146, 17.8053, 1, 96.2132, 486.798, 126.62, 59.83, 13.7085, 0, 77.4409, 1, 1.4013e-44
1, 1, 5, 4, 13, 10, 389.297, 140.382, 65.8973, 22.1077, 2, 65.0776, 495.207, 124.442, 60.0928, 18.75, 1, 81.375, 0, 54
1, 1, 5, 4, 17, 18, 289.032, 160.004, -155.414, 40.7547, 3, 71.858, 395.201, 156.27, -170.277, 49.0406, 4, 89.9361, 0, 0
1, 1, 5, 4, 17, 22, 289.032, 160.004, -155.414, 40.7547, 3, 71.858, 401.747, 154.991, -175.37, 94.652, 6, 89.0426, 1, 6.37245e-10
1, 1, 5, 4, 20, 21, 349.598, 152.281, 166.801, 66.6266, 5, 59.6273, 457.432, 140.367, 158.574, 64.3636, 5, 60.6705, 0, -0.000354228
1, 1, 5, 4, 20, 20, 349.598, 152.281, 166.801, 66.6266, 5, 59.6273, 494.725, 131.673, -22.3108, 78.7603, 5, 62.6354, 1, -1.65815e-20
2, 2, 2, 1, 3, 3, 370.769, 78.9774, 101.594, 12.0909, 0, 52.0076, 234.049, 74.1616, 116.109, 13.5882, 0, 55.7868, 0, 0
2, 2, 2, 1, 8, 6, 256.643, 219.873, 80.1546, 13.9535, 0, 123.558, 96.0721, 201.505, 88.7387, 13.7309, 0, 117.694, 0, -2
2, 2, 2, 1, 8, 11, 256.643, 219.873, 80.1546, 13.9535, 0, 123.558, 237.453, 225.207, 72.3354, 14.5946, 0, 112.919, 1, -nan
2, 2, 2, 1, 11, 8, 265.748, 223.025, 136.377, 12.4925, 0, 48.2257, 106.018, 206.872, 144.893, 12.6456, 0, 57.4573, 0, 2.94273e-44
2, 2, 2, 1, 11, 7, 265.748, 223.025, 136.377, 12.4925, 0, 48.2257, 103.254, 202.155, 125.81, 13.6236, 0, 96.5181, 1, 1.54143e-44
2, 2, 2, 1, 14, 11, 390.023, 226.931, 66.4734, 14.3793, 0, 131.841, 237.453, 225.207, 72.3354, 14.5946, 0, 112.919, 0, 138
2, 2, 2, 1, 18, 13, 391.997, 235.655, 59.0333, 11, 0, 67.3333, 239.071, 234.249, 75.4401, 11.2136, 0, 76.8847, 0, 4.2039e-45
2, 2, 2, 1, 18, 18, 391.997, 235.655, 59.0333, 11, 0, 67.3333, 242.5, 226.5, 99.9883, 24, 1, 150.667, 1, 5.46506e-44
2, 2, 2, 1, 23, 2, 293.213, 73.3929, 104.812, 15.8328, 1, 47.7421, 152.031, 54.637, 116.848, 13.2581, 0, 55.6814, 0, 3.36312e-44
2, 2, 2, 1, 23, 3, 293.213, 73.3929, 104.812, 15.8328, 1, 47.7421, 234.049, 74.1616, 116.109, 13.5882, 0, 55.7868, 1, 5.88545e-44
2, 2, 2, 1, 24, 24, 391.66, 83.7221, 94.6849, 23.0217, 1, 52.4056, 253.768, 83.5758, 113.766, 28.9535, 2, 64.8847, 0, 5.74532e-44
2, 2, 2, 1, 24, 42, 391.66, 83.7221, 94.6849, 23.0217, 1, 52.4056, 251.492, 86.0845, 122.379, 48, 5, 85.2578, 1, 4.06377e-44
2, 2, 2, 1, 25, 26, 528.729, 89.0534, -124.358, 20.4656, 1, 53.6017, 383.327, 110.116, -123.635, 23.4545, 2, 73.0606, 0, 122
2, 2, 2, 1, 25, 39, 528.729, 89.0534, -124.358, 20.4656, 1, 53.6017, 342.254, 96.8143, -24.304, 42, 4, 50.5417, 1, 5.74532e-44
2, 2, 2, 1, 28, 15, 250.283, 230.431, 66.3598, 21.8423, 1, 100.559, 87.4793, 212.173, 81.631, 22.9047, 1, 86.8473, 0, 85
2, 2, 2, 1, 28, 29, 250.283, 230.431, 66.3598, 21.8423, 1, 100.559, 87.8093, 212.365, 93.4477, 27.6316, 2, 82.1601, 1, 5.74532e-44
2, 2, 2, 1, 32, 20, 289.433, 71.4401, 105.653, 22.5856, 2, 73.9847, 143.394, 51.3389, 123.434, 21.9474, 2, 47.7412, 0, 72
2, 2, 2, 1, 32, 2, 289.433, 71.4401, 105.653, 22.5856, 2, 73.9847, 152.031, 54.637, 116.848, 13.2581, 0, 55.6814, 1, 2.8026e-44
2, 2, 2, 1, 33, 20, 282.983, 72.2694, 104.424, 25.5354, 2, 62.9241, 143.394, 51.3389, 123.434, 21.9474, 2, 47.7412, 0, 83
2, 2, 2, 1, 33, 22, 282.983, 72.2694, 104.424, 25.5354, 2, 62.9241, 154.422, 54.8357, 136.182, 23.1356, 2, 53.2041, 1, 4.2039e-44
2, 2, 2, 1, 35, 24, 390.39, 84.0024, 91.8196, 29.1127, 2, 52.5921, 253.768, 83.5758, 113.766, 28.9535, 2, 64.8847, 0, 5.74532e-44
2, 2, 2, 1, 35, 42, 390.39, 84.0024, 91.8196, 29.1127, 2, 52.5921, 251.492, 86.0845, 122.379, 48, 5, 85.2578, 1, 2.46864e+08
2, 2, 2, 1, 36, 26, 528.786, 89.1227, -123.031, 23.3198, 2, 53.0144, 383.327, 110.116, -123.635, 23.4545, 2, 73.0606, 0, 94
2, 2, 2, 1, 36, 39, 528.786, 89.1227, -123.031, 23.3198, 2, 53.0144, 342.254, 96.8143, -24.304, 42, 4, 50.5417, 1, 9.14222e+37
2, 2, 2, 1, 42, 30, 261.902, 233.877, 126.695, 27.7001, 2, 74.1336, 98.8225, 217.946, 140.317, 27.3871, 2, 51.6465, 0, -1.52047e-26
2, 2, 2, 1, 43, 33, 394.974, 238.777, 95.1198, 26.2725, 2, 81.306, 240.768, 237.583, 103.807, 22.8918, 2, 65.1003, 0, -0.0234059
2, 2, 2, 1, 43, 19, 394.974, 238.777, 95.1198, 26.2725, 2, 81.306, 240.9, 237.012, 105.039, 21.4499, 1, 67.5116, 1, 2.92731e-41
2, 2, 2, 1, 44, 38, 386.584, 241.147, 44.2165, 26.4545, 2, 47.9205, 230.905, 237.675, 64.2363, 31.7831, 3, 50.0305, 0, 2.72972e-06
2, 2, 2, 1, 45, 22, 297.449, 72.7812, 128.439, 30.75, 3, 52.0625, 154.422, 54.8357, 136.182, 23.1356, 2, 53.2041, 0, 0
2, 2, 2, 1, 45, 21, 297.449, 72.7812, 128.439, 30.75, 3, 52.0625, 149.492, 51.6462, 137.879, 27, 2, 69.1167, 1, 0
2, 2, 3, 1, 3, 2, 207.838, 127.697, 109.394, 13.6774, 0, 47.8182, 152.031, 54.637, 116.848, 13.2581, 0, 55.6814, 0, 4.2039e-45
2, 2, 3, 1, 3, 1, 207.838, 127.697, 109.394, 13.6774, 0, 47.8182, 150.276, 50.5697, 112.599, 15, 0, 52.875, 1, 85
2, 2, 3, 1, 4, 3, 285.415, 141.145, 109.804, 14.25, 0, 56.8125, 234.049, 74.1616, 116.109, 13.5882, 0, 55.7868, 0, 5.60519e-45
2, 2, 3, 1, 4, 2, 285.415, 141.145, 109.804, 14.25, 0, 56.8125, 152.031, 54.637, 116.848, 13.2581, 0, 55.6814, 1, 5.60519e-45
2, 2, 3, 1, 7, 4, 415.015, 161.776, -60.6051, 13.9888, 0, 55.5767, 365.53, 104.98, -57.6884, 13.6986, 0, 52.4384, 0, 5.74532e-44
2, 2, 3, 1, 7, 14, 415.015, 161.776, -60.6051, 13.9888, 0, 55.5767, 365.443, 103.977, -58.8578, 15.9377, 1, 51.21, 1, 5.74532e-44
2, 2, 3, 1, 8, 26, 432.661, 166.44, -128.822, 16.1275, 0, 68.7698, 383.327, 110.116, -123.635, 23.4545, 2, 73.0606, 0, 102
2, 2, 3, 1, 8, 39, 432.661, 166.44, -128.822, 16.1275, 0, 68.7698, 342.254, 96.8143, -24.304, 42, 4, 50.5417, 1, 5.74532e-44
2, 2, 3, 1, 9, 5, 466.597, 210.655, 161.728, 14.5715, 0, 75.9335, 413.549, 156.787, 170.404, 14.1235, 0, 67.6149, 0, 75
2, 2, 3, 1, 11, 6, 157.84, 270.623, 86.4258, 14.1875, 0, 115.38, 96.0721, 201.505, 88.7387, 13.7309, 0, 117.694, 0, 168
2, 2, 3, 1, 11, 11, 157.84, 270.623, 86.4258, 14.1875, 0, 115.38, 237.453, 225.207, 72.3354, 14.5946, 0, 112.919, 1, 187
2, 2, 3, 1, 12, 7, 164.59, 270.291, 119.187, 16.3043, 0, 106.837, 103.254, 202.155, 125.81, 13.6236, 0, 96.5181, 0, 0
2, 2, 3, 1, 12, 27, 164.59, 270.291, 119.187, 16.3043, 0, 106.837, 102.696, 203.249, 121.296, 25.5299, 2, 93.2224, 1, 0
2, 2, 3, 1, 14, 8, 167.138, 274.821, 142.215, 12.5342, 0, 59.2894, 106.018, 206.872, 144.893, 12.6456, 0, 57.4573, 0, 1.26117e-44
2, 2, 3, 1, 14, 7, 167.138, 274.821, 142.215, 12.5342, 0, 59.2894, 103.254, 202.155, 125.81, 13.6236, 0, 96.5181, 1, 1.26117e-44
2, 2, 3, 1, 19, 20, 200.085, 126.132, 107.079, 18.5, 1, 65.125, 143.394, 51.3389, 123.434, 21.9474, 2, 47.7412, 0, 44
2, 2, 3, 1, 19, 2, 200.085, 126.132, 107.079, 18.5, 1, 65.125, 152.031, 54.637, 116.848, 13.2581, 0, 55.6814, 1, 2.8026e-45
2, 2, 3, 1, 26, 20, 205.147, 125.224, 115.364, 23.2164, 2, 72.6433, 143.394, 51.3389, 123.434, 21.9474, 2, 47.7412, 0, 20
2, 2, 3, 1, 26, 22, 205.147, 125.224, 115.364, 23.2164, 2, 72.6433, 154.422, 54.8357, 136.182, 23.1356, 2, 53.2041, 1, 5.88545e-44
2, 2, 3, 1, 27, 24, 301.424, 147.245, 104.705, 28.5224, 2, 47.3439, 253.768, 83.5758, 113.766, 28.9535, 2, 64.8847, 0, 5.74532e-44
2, 2, 3, 1, 27, 42, 301.424, 147.245, 104.705, 28.5224, 2, 47.3439, 251.492, 86.0845, 122.379, 48, 5, 85.2578, 1, -1.659e+09
2, 2, 3, 1, 30, 26, 433.236, 165.578, -127.204, 25.8, 2, 75.225, 383.327, 110.116, -123.635, 23.4545, 2, 73.0606, 0, -2.57432e-22
2, 2, 3, 1, 30, 39, 433.236, 165.578, -127.204, 25.8, 2, 75.225, 342.254, 96.8143, -24.304, 42, 4, 50.5417, 1, -6.35323e-23
2, 2, 3, 1, 31, 5, 466.781, 211.349, 174.726, 21.5411, 2, 69.8339, 413.549, 156.787, 170.404, 14.1235, 0, 67.6149, 0, 133
2, 2, 3, 1, 34, 36, 418.004, 157.015, -77.8086, 36.1395, 3, 52.0029, 370.05, 100.11, -80.0734, 35.7143, 3, 49.006, 0, 4.10202e-08
2, 2, 3, 2, 2, 1, 204.478, 124.234, 103.987, 14.4231, 0, 70.2404, 288.25, 70.75, 100.512, 18, 0, 73.5557, 0, 84
2, 2, 3, 2, 2, 2, 204.478, 124.234, 103.987, 14.4231, 0, 70.2404, 285.753, 72.9787, 92.4112, 12.8824, 0, 61.7353, 1, 1.4013e-45
2, 2, 3, 2, 4, 3, 285.415, 141.145, 109.804, 14.25, 0, 56.8125, 370.769, 78.9774, 101.594, 12.0909, 0, 52.0076, 0, 3.08286e-44
2, 2, 3, 2, 4, 23, 285.415, 141.145, 109.804, 14.25, 0, 56.8125, 293.213, 73.3929, 104.812, 15.8328, 1, 47.7421, 1, 3.78351e-44
2, 2, 3, 2, 5, 5, 295.736, 143.874, 103.859, 13.7755, 0, 51.1454, 381.287, 80.3791, 95.2022, 12.0909, 0, 47.0076, 0, 111
2, 2, 3, 2, 5, 22, 295.736, 143.874, 103.859, 13.7755, 0, 51.1454, 186.313, 66.0875, 90.4664, 15.9474, 1, 66.2237, 1, 1.54143e-44
2, 2, 3, 2, 11, 8, 157.84, 270.623, 86.4258, 14.1875, 0, 115.38, 256.643, 219.873, 80.1546, 13.9535, 0, 123.558, 0, 1.82169e-44
2, 2, 3, 2, 11, 7, 157.84, 270.623, 86.4258, 14.1875, 0, 115.38, 262.87, 217.22, 111.282, 8.4, 0, 48.12, 1, 1.54143e-44
2, 2, 3, 2, 13, 10, 160.23, 273.874, 101.855, 10.3585, 0, 54.9835, 259.059, 222.919, 96.0312, 11.3133, 0, 59.5437, 0, 96
2, 2, 3, 2, 13, 27, 160.23, 273.874, 101.855, 10.3585, 0, 54.9835, 257.972, 229.587, 97.3232, 14.6654, 1, 64.6068, 1, 3.08286e-44
2, 2, 3, 2, 14, 11, 167.138, 274.821, 142.215, 12.5342, 0, 59.2894, 265.748, 223.025, 136.377, 12.4925, 0, 48.2257, 0, 73
2, 2, 3, 2, 14, 13, 167.138, 274.821, 142.215, 12.5342, 0, 59.2894, 252.338, 227.366, 61.0038, 12.9643, 0, 50.7232, 1, 4.76441e-44
2, 2, 3, 2, 16, 21, 95.1088, 104.811, 93.1991, 18.5838, 1, 79.2654, 182.588, 63.0071, 81.7082, 19.9458, 1, 87.75, 0, 78
2, 2, 3, 2, 16, 0, 95.1088, 104.811, 93.1991, 18.5838, 1, 79.2654, 178.533, 65.5894, 81.7388, 14.1111, 0, 63.3426, 1, 39
2, 2, 3, 2, 18, 22, 99.0655, 108.354, 102.472, 17.7429, 1, 62.0321, 186.313, 66.0875, 90.4664, 15.9474, 1, 66.2237, 0, 3.36312e-44
2, 2, 3, 2, 18, 23, 99.0655, 108.354, 102.472, 17.7429, 1, 62.0321, 293.213, 73.3929, 104.812, 15.8328, 1, 47.7421, 1, 3.36312e-44
2, 2, 3, 2, 20, 34, 210.092, 128.134, 117.406, 19.7181, 1, 56.5351, 294.479, 74.1406, 106.62, 20.2733, 2, 48.9038, 0, 5.74532e-44
2, 2, 3, 2, 20, 33, 210.092, 128.134, 117.406, 19.7181, 1, 56.5351, 282.983, 72.2694, 104.424, 25.5354, 2, 62.9241, 1, 4.48416e-44
2, 2, 3, 2, 23, 30, 78.8393, 90.5, 82.9921, 32.1429, 2, 55.4464, 163.985, 53.5372, 84.3692, 29.3355, 2, 55.5703, 0, 80
2, 2, 3, 2, 26, 32, 205.147, 125.224, 115.364, 23.2164, 2, 72.6433, 289.433, 71.4401, 105.653, 22.5856, 2, 73.9847, 0, 0
2, 2, 3, 2, 26, 34, 205.147, 125.224, 115.364, 23.2164, 2, 72.6433, 294.479, 74.1406, 106.62, 20.2733, 2, 48.9038, 1, 3.89155e-41
2, 2, 3, 2, 28, 37, 303.745, 153.386, 110.918, 28.1858, 2, 88.7218, 390.239, 89.5091, 102.384, 28.698, 2, 87.388, 0, 0
2, 2, 3, 2, 28, 35, 303.745, 153.386, 110.918, 28.1858, 2, 88.7218, 390.39, 84.0024, 91.8196, 29.1127, 2, 52.5921, 1, 0
2, 2, 4, 1, 3, 2, 209.261, 132.68, 90.5056, 13, 0, 59.7083, 152.031, 54.637, 116.848, 13.2581, 0, 55.6814, 0, 0
2, 2, 4, 1, 3, 1, 209.261, 132.68, 90.5056, 13, 0, 59.7083, 150.276, 50.5697, 112.599, 15, 0, 52.875, 1, 88
2, 2, 4, 1, 6, 2, 312.481, 137.271, 100.596, 13.5789, 0, 58.3158, 152.031, 54.637, 116.848, 13.2581, 0, 55.6814, 0, 1.4013e-45
2, 2, 4, 1, 9, 26, 545.146, 145.191, -129.253, 14.7984, 0, 54.8154, 383.327, 110.116, -123.635, 23.4545, 2, 73.0606, 0, 90
2, 2, 4, 1, 9, 14, 545.146, 145.191, -129.253, 14.7984, 0, 54.8154, 365.443, 103.977, -58.8578, 15.9377, 1, 51.21, 1, 5.74532e-44
2, 2, 4, 1, 14, 24, 409.428, 143.428, 91.4746, 24, 1, 50.9648, 253.768, 83.5758, 113.766, 28.9535, 2, 64.8847, 0, 5.74532e-44
2, 2, 4, 1, 14, 14, 409.428, 143.428, 91.4746, 24, 1, 50.9648, 365.443, 103.977, -58.8578, 15.9377, 1, 51.21, 1, 5.74532e-44
2, 2, 4, 1, 15, 26, 545.182, 145.258, -128.891, 16.2101, 1, 54.5574, 383.327, 110.116, -123.635, 23.4545, 2, 73.0606, 0, 145
2, 2, 4, 1, 18, 14, 303.063, 136.653, 97.8236, 22.8, 2, 64.4, 365.443, 103.977, -58.8578, 15.9377, 1, 51.21, 0, 5.74532e-44
2, 2, 4, 1, 19, 14, 308.877, 135.416, 104.431, 24.6, 2, 72.0583, 365.443, 103.977, -58.8578, 15.9377, 1, 51.21, 0, 5.74532e-44
2, 2, 4, 1, 20, 26, 545.74, 144.806, -126.035, 23.0062, 2, 53.0883, 383.327, 110.116, -123.635, 23.4545, 2, 73.0606, 0, 124
2, 2, 4, 1, 23, 26, 545.431, 141.431, -127.015, 24, 3, 49.5752, 383.327, 110.116, -123.635, 23.4545, 2, 73.0606, 0, 2.59572e-06
2, 2, 4, 2, 0, 21, 206.422, 129.979, 84.1188, 15.046, 0, 86.7576, 182.588, 63.0071, 81.7082, 19.9458, 1, 87.75, 0, 74
2, 2, 4, 2, 0, 17, 206.422, 129.979, 84.1188, 15.046, 0, 86.7576, 234.536, 233.725, 71.8625, 14, 0, 48, 1, 5.60519e-45
2, 2, 4, 2, 1, 20, 190.84, 130.912, 83.0919, 14.625, 0, 52.0625, 166.667, 63.2233, 84.7299, 16.7419, 1, 47.6814, 0, 81
2, 2, 4, 2, 1, 4, 190.84, 130.912, 83.0919, 14.625, 0, 52.0625, 377.728, 79.0589, 96.6661, 11.9492, 0, 55.0021, 1, 5.74532e-44
2, 2, 4, 2, 2, 0, 202.229, 132.574, 80.2661, 14.5263, 0, 54.3684, 178.533, 65.5894, 81.7388, 14.1111, 0, 63.3426, 0, 22
2, 2, 4, 2, 2, 21, 202.229, 132.574, 80.2661, 14.5263, 0, 54.3684, 182.588, 63.0071, 81.7082, 19.9458, 1, 87.75, 1, 167
2, 2, 4, 2, 3, 22, 209.261, 132.68, 90.5056, 13, 0, 59.7083, 186.313, 66.0875, 90.4664, 15.9474, 1, 66.2237, 0, 2.94273e-44
2, 2, 4, 2, 3, 5, 209.261, 132.68, 90.5056, 13, 0, 59.7083, 381.287, 80.3791, 95.2022, 12.0909, 0, 47.0076, 1, 20
2, 2, 4, 2, 4, 1, 308.129, 133.56, 95.451, 14.9081, 0, 66.205, 288.25, 70.75, 100.512, 18, 0, 73.5557, 0, 87
2, 2, 4, 2, 4, 2, 308.129, 133.56, 95.451, 14.9081, 0, 66.205, 285.753, 72.9787, 92.4112, 12.8824, 0, 61.7353, 1, 2.8026e-45
2, 2, 4, 2, 5, 2, 305.587, 136.644, 89.6969, 12.551, 0, 48.2066, 285.753, 72.9787, 92.4112, 12.8824, 0, 61.7353, 0, 3.22299e-44
2, 2, 4, 2, 5, 1, 305.587, 136.644, 89.6969, 12.551, 0, 48.2066, 288.25, 70.75, 100.512, 18, 0, 73.5557, 1, 69
2, 2, 4, 2, 6, 23, 312.481, 137.271, 100.596, 13.5789, 0, 58.3158, 293.213, 73.3929, 104.812, 15.8328, 1, 47.7421, 0, 5.04467e-44
2, 2, 4, 2, 6, 1, 312.481, 137.271, 100.596, 13.5789, 0, 58.3158, 288.25, 70.75, 100.512, 18, 0, 73.5557, 1, 66
2, 2, 4, 2, 7, 4, 395.841, 140.019, 94.33, 12.1304, 0, 59.0163, 377.728, 79.0589, 96.6661, 11.9492, 0, 55.0021, 0, 5.74532e-44
2, 2, 4, 2, 7, 5, 395.841, 140.019, 94.33, 12.1304, 0, 59.0163, 381.287, 80.3791, 95.2022, 12.0909, 0, 47.0076, 1, 81
2, 2, 4, 2, 8, 5, 399.144, 141.093, 94.8968, 12.9184, 0, 54.574, 381.287, 80.3791, 95.2022, 12.0909, 0, 47.0076, 0, 107
2, 2, 4, 2, 10, 6, 588.533, 185.994, 140.238, 13.6928, 0, 66.7855, 569.222, 133.564, 155.83, 14.0588, 0, 64.0024, 0, 91
2, 2, 4, 2, 12, 21, 206.143, 130.253, 79.9239, 18.5313, 1, 86.3815, 182.588, 63.0071, 81.7082, 19.9458, 1, 87.75, 0, 19
2, 2, 4, 2, 12, 0, 206.143, 130.253, 79.9239, 18.5313, 1, 86.3815, 178.533, 65.5894, 81.7388, 14.1111, 0, 63.3426, 1, 18
2, 2, 4, 2, 13, 22, 210.173, 132.535, 84.3921, 16.8758, 1, 61.3064, 186.313, 66.0875, 90.4664, 15.9474, 1, 66.2237, 0, 5.32493e-44
2, 2, 4, 2, 13, 5, 210.173, 132.535, 84.3921, 16.8758, 1, 61.3064, 381.287, 80.3791, 95.2022, 12.0909, 0, 47.0076, 1, 69
2, 2, 4, 2, 14, 24, 409.428, 143.428, 91.4746, 24, 1, 50.9648, 391.66, 83.7221, 94.6849, 23.0217, 1, 52.4056, 0, 5.74532e-44
2, 2, 4, 2, 14, 35, 409.428, 143.428, 91.4746, 24, 1, 50.9648, 390.39, 84.0024, 91.8196, 29.1127, 2, 52.5921, 1, 26
2, 2, 4, 2, 16, 21, 206.68, 130.677, 81.1255, 18, 2, 86.293, 182.588, 63.0071, 81.7082, 19.9458, 1, 87.75, 0, 158
2, 2, 4, 2, 16, 0, 206.68, 130.677, 81.1255, 18, 2, 86.293, 178.533, 65.5894, 81.7388, 14.1111, 0, 63.3426, 1, 21
2, 2, 4, 2, 18, 33, 303.063, 136.653, 97.8236, 22.8, 2, 64.4, 282.983, 72.2694, 104.424, 25.5354, 2, 62.9241, 0, 3.64338e-44
2, 2, 4, 2, 18, 34, 303.063, 136.653, 97.8236, 22.8, 2, 64.4, 294.479, 74.1406, 106.62, 20.2733, 2, 48.9038, 1, 5.74532e-44
2, 2, 4, 2, 20, 36, 545.74, 144.806, -126.035, 23.0062, 2, 53.0883, 528.786, 89.1227, -123.031, 23.3198, 2, 53.0144, 0, 1.06338e+37
2, 2, 4, 2, 20, 25, 545.74, 144.806, -126.035, 23.0062, 2, 53.0883, 528.729, 89.0534, -124.358, 20.4656, 1, 53.6017, 1, 167
2, 2, 4, 2, 21, 37, 408.298, 149.423, 101.338, 27.4931, 2, 83.9526, 390.239, 89.5091, 102.384, 28.698, 2, 87.388, 0, 8.03062e+34
2, 2, 4, 2, 21, 35, 408.298, 149.423, 101.338, 27.4931, 2, 83.9526, 390.39, 84.0024, 91.8196, 29.1127, 2, 52.5921, 1, 0
2, 2, 4, 2, 22, 38, 588.601, 187.506, 172.975, 22.6418, 2, 61.2194, 568.827, 134.655, -171.651, 22.7074, 2, 62.3262, 0, 0
2, 2, 4, 2, 22, 6, 588.601, 187.506, 172.975, 22.6418, 2, 61.2194, 569.222, 133.564, 155.83, 14.0588, 0, 64.0024, 1, 158
2, 2, 4, 2, 26, 45, 309.416, 132.416, 121.473, 36, 4, 49, 297.449, 72.7812, 128.439, 30.75, 3, 52.0625, 0, 4.21078e-11
2, 2, 4, 2, 26, 34, 309.416, 132.416, 121.473, 36, 4, 49, 294.479, 74.1406, 106.62, 20.2733, 2, 48.9038, 1, 4.05931e+18
2, 2, 4, 2, 28, 48, 405.886, 147.867, 76.3716, 50.4066, 4, 81.8244, 387.247, 87.7915, 81.1759, 49.4658, 4, 83.956, 0, 2.51711e-12
2, 2, 4, 3, 2, 17, 202.229, 132.574, 80.2661, 14.5263, 0, 54.3684, 89.7082, 106.339, 89.2639, 18.7347, 1, 55.1191, 0, 1.12104e-44
2, 2, 4, 3, 2, 24, 202.229, 132.574, 80.2661, 14.5263, 0, 54.3684, 95.5601, 105.295, 95.7372, 18, 2, 79.2158, 1, 5.74532e-44
2, 2, 4, 3, 4, 2, 308.129, 133.56, 95.451, 14.9081, 0, 66.205, 204.478, 124.234, 103.987, 14.4231, 0, 70.2404, 0, 4.2039e-45
2, 2, 4, 3, 6, 3, 312.481, 137.271, 100.596, 13.5789, 0, 58.3158, 207.838, 127.697, 109.394, 13.6774, 0, 47.8182, 0, 4.2039e-45
2, 2, 4, 3, 8, 5, 399.144, 141.093, 94.8968, 12.9184, 0, 54.574, 295.736, 143.874, 103.859, 13.7755, 0, 51.1454, 0, 180
2, 2, 4, 3, 8, 3, 399.144, 141.093, 94.8968, 12.9184, 0, 54.574, 207.838, 127.697, 109.394, 13.6774, 0, 47.8182, 1, 4.2039e-44
2, 2, 4, 3, 9, 8, 545.146, 145.191, -129.253, 14.7984, 0, 54.8154, 432.661, 166.44, -128.822, 16.1275, 0, 68.7698, 0, 3.36312e-44
2, 2, 4, 3, 9, 30, 545.146, 145.191, -129.253, 14.7984, 0, 54.8154, 433.236, 165.578, -127.204, 25.8, 2, 75.225, 1, 21
2, 2, 4, 3, 13, 18, 210.173, 132.535, 84.3921, 16.8758, 1, 61.3064, 99.0655, 108.354, 102.472, 17.7429, 1, 62.0321, 0, 1.12104e-44
2, 2, 4, 3, 13, 24, 210.173, 132.535, 84.3921, 16.8758, 1, 61.3064, 95.5601, 105.295, 95.7372, 18, 2, 79.2158, 1, 5.74532e-44
2, 2, 4, 3, 14, 27, 409.428, 143.428, 91.4746, 24, 1, 50.9648, 301.424, 147.245, 104.705, 28.5224, 2, 47.3439, 0, 4.62428e-44
2, 2, 4, 3, 14, 35, 409.428, 143.428, 91.4746, 24, 1, 50.9648, 304.394, 153.077, 96.2154, 36, 4, 87.059, 1, 138
2, 2, 4, 3, 15, 8, 545.182, 145.258, -128.891, 16.2101, 1, 54.5574, 432.661, 166.44, -128.822, 16.1275, 0, 68.7698, 0, 2.8026e-44
2, 2, 4, 3, 15, 30, 545.182, 145.258, -128.891, 16.2101, 1, 54.5574, 433.236, 165.578, -127.204, 25.8, 2, 75.225, 1, 141
2, 2, 4, 3, 17, 25, 200.271, 132.427, 74.1299, 21.439, 2, 54.2449, 89.211, 106.272, 87.1657, 24, 2, 53, 0, 141
2, 2, 4, 3, 17, 17, 200.271, 132.427, 74.1299, 21.439, 2, 54.2449, 89.7082, 106.339, 89.2639, 18.7347, 1, 55.1191, 1, 2.66247e-44
2, 2, 4, 3, 21, 28, 408.298, 149.423, 101.338, 27.4931, 2, 83.9526, 303.745, 153.386, 110.918, 28.1858, 2, 88.7218, 0, 1.68156e-44
2, 2, 4, 3, 21, 35, 408.298, 149.423, 101.338, 27.4931, 2, 83.9526, 304.394, 153.077, 96.2154, 36, 4, 87.059, 1, 0
2, 2, 4, 3, 22, 31, 588.601, 187.506, 172.975, 22.6418, 2, 61.2194, 466.781, 211.349, 174.726, 21.5411, 2, 69.8339, 0, -1.11022e-16
2, 2, 4, 3, 22, 9, 588.601, 187.506, 172.975, 22.6418, 2, 61.2194, 466.597, 210.655, 161.728, 14.5715, 0, 75.9335, 1, 5.74532e-44
2, 2, 4, 3, 23, 30, 545.431, 141.431, -127.015, 24, 3, 49.5752, 433.236, 165.578, -127.204, 25.8, 2, 75.225, 0, 0
2, 2, 4, 3, 23, 8, 545.431, 141.431, -127.015, 24, 3, 49.5752, 432.661, 166.44, -128.822, 16.1275, 0, 68.7698, 1, 3.64338e-44
2, 2, 4, 3, 25, 33, 391.344, 127.52, 124.186, 54, 4, 53.5, 288.74, 131.217, 127.793, 40.9546, 3, 59.9567, 0, -nan
2, 2, 4, 3, 25, 32, 391.344, 127.52, 124.186, 54, 4, 53.5, 287.508, 128.847, 129.191, 40.4945, 3, 51.1763, 1, 0
2, 2, 4, 3, 31, 37, 372.043, 146.408, 179.777, 68.8163, 5, 46.4311, 267.272, 146.327, -170.382, 70.2353, 5, 52.1838, 0, 3.81881e-05
2, 2, 4, 3, 31, 29, 372.043, 146.408, 179.777, 68.8163, 5, 46.4311, 389.261, 155.988, -23.6886, 29.0723, 2, 49.5153, 1, 4.00676e-11
2, 2, 5, 1, 13, 26, 540.582, 165.615, -118.623, 18.8824, 1, 58.1838, 383.327, 110.116, -123.635, 23.4545, 2, 73.0606, 0, 169
2, 2, 5, 1, 13, 39, 540.582, 165.615, -118.623, 18.8824, 1, 58.1838, 342.254, 96.8143, -24.304, 42, 4, 50.5417, 1, 5.74532e-44
2, 2, 5, 2, 0, 0, 212.908, 134.672, 82.7893, 12.7294, 0, 59.8674, 178.533, 65.5894, 81.7388, 14.1111, 0, 63.3426, 0, 43
2, 2, 5, 2, 0, 2, 212.908, 134.672, 82.7893, 12.7294, 0, 59.8674, 285.753, 72.9787, 92.4112, 12.8824, 0, 61.7353, 1, 3.08286e-44
2, 2, 5, 2, 1, 22, 219.6, 134.793, 89.5325, 14.2683, 0, 61.9299, 186.313, 66.0875, 90.4664, 15.9474, 1, 66.2237, 0, 3.08286e-44
2, 2, 5, 2, 1, 5, 219.6, 134.793, 89.5325, 14.2683, 0, 61.9299, 381.287, 80.3791, 95.2022, 12.0909, 0, 47.0076, 1, 42
2, 2, 5, 2, 2, 1, 318.625, 142.556, 98.8902, 15.4091, 0, 70.1023, 288.25, 70.75, 100.512, 18, 0, 73.5557, 0, 72
2, 2, 5, 2, 2, 23, 318.625, 142.556, 98.8902, 15.4091, 0, 70.1023, 293.213, 73.3929, 104.812, 15.8328, 1, 47.7421, 1, 4.48416e-44
2, 2, 5, 2, 3, 2, 314.887, 144.92, 94.0748, 13.2952, 0, 58.0901, 285.753, 72.9787, 92.4112, 12.8824, 0, 61.7353, 0, 7.00649e-45
2, 2, 5, 2, 3, 22, 314.887, 144.92, 94.0748, 13.2952, 0, 58.0901, 186.313, 66.0875, 90.4664, 15.9474, 1, 66.2237, 1, 4.76441e-44
2, 2, 5, 2, 5, 5, 405.968, 154.069, 103.917, 12.2079, 0, 56.0404, 381.287, 80.3791, 95.2022, 12.0909, 0, 47.0076, 0, 194
2, 2, 5, 2, 5, 4, 405.968, 154.069, 103.917, 12.2079, 0, 56.0404, 377.728, 79.0589, 96.6661, 11.9492, 0, 55.0021, 1, 5.74532e-44
2, 2, 5, 2, 9, 21, 216.686, 132.516, 82.3408, 16.8673, 1, 83.3194, 182.588, 63.0071, 81.7082, 19.9458, 1, 87.75, 0, 132
2, 2, 5, 2, 9, 0, 216.686, 132.516, 82.3408, 16.8673, 1, 83.3194, 178.533, 65.5894, 81.7388, 14.1111, 0, 63.3426, 1, 47
2, 2, 5, 2, 10, 22, 220.403, 134.672, 89.2028, 15.1765, 1, 63.7647, 186.313, 66.0875, 90.4664, 15.9474, 1, 66.2237, 0, 4.34403e-44
2, 2, 5, 2, 10, 5, 220.403, 134.672, 89.2028, 15.1765, 1, 63.7647, 381.287, 80.3791, 95.2022, 12.0909, 0, 47.0076, 1, 66
2, 2, 5, 2, 13, 25, 540.582, 165.615, -118.623, 18.8824, 1, 58.1838, 528.729, 89.0534, -124.358, 20.4656, 1, 53.6017, 0, 72
2, 2, 5, 2, 13, 36, 540.582, 165.615, -118.623, 18.8824, 1, 58.1838, 528.786, 89.1227, -123.031, 23.3198, 2, 53.0144, 1, 168
2, 2, 5, 2, 17, 30, 205.2, 123.127, 86.6955, 30, 2, 55, 163.985, 53.5372, 84.3692, 29.3355, 2, 55.5703, 0, 131
2, 2, 5, 2, 17, 2, 205.2, 123.127, 86.6955, 30, 2, 55, 285.753, 72.9787, 92.4112, 12.8824, 0, 61.7353, 1, 7.00649e-45
2, 2, 5, 2, 23, 30, 204.664, 122.687, 90.0336, 38.729, 3, 53.9368, 163.985, 53.5372, 84.3692, 29.3355, 2, 55.5703, 0, 0
2, 2, 5, 2, 23, 2, 204.664, 122.687, 90.0336, 38.729, 3, 53.9368, 285.753, 72.9787, 92.4112, 12.8824, 0, 61.7353, 1, 7.00649e-45
2, 2, 5, 3, 2, 2, 318.625, 142.556, 98.8902, 15.4091, 0, 70.1023, 204.478, 124.234, 103.987, 14.4231, 0, 70.2404, 0, 7.00649e-45
2, 2, 5, 3, 2, 3, 318.625, 142.556, 98.8902, 15.4091, 0, 70.1023, 207.838, 127.697, 109.394, 13.6774, 0, 47.8182, 1, 7.00649e-45
2, 2, 5, 3, 5, 5, 405.968, 154.069, 103.917, 12.2079, 0, 56.0404, 295.736, 143.874, 103.859, 13.7755, 0, 51.1454, 0, 166
2, 2, 5, 3, 5, 3, 405.968, 154.069, 103.917, 12.2079, 0, 56.0404, 207.838, 127.697, 109.394, 13.6774, 0, 47.8182, 1, 2.24208e-44
2, 2, 5, 3, 12, 19, 313.37, 145.163, 97.8976, 21, 1, 50.375, 200.085, 126.132, 107.079, 18.5, 1, 65.125, 0, 5.74532e-44
2, 2, 5, 3, 12, 20, 313.37, 145.163, 97.8976, 21, 1, 50.375, 210.092, 128.134, 117.406, 19.7181, 1, 56.5351, 1, 66
2, 2, 5, 3, 15, 21, 522.974, 72.6426, -39.1143, 27.4528, 2, 64.9253, 420.344, 64.3439, -49.108, 22.6364, 2, 62.0947, 0, 153
2, 2, 5, 3, 15, 22, 522.974, 72.6426, -39.1143, 27.4528, 2, 64.9253, 576.714, 62.5, -46.8016, 29.1379, 2, 54.2758, 1, 7.00649e-45
2, 2, 5, 3, 17, 23, 205.2, 123.127, 86.6955, 30, 2, 55, 78.8393, 90.5, 82.9921, 32.1429, 2, 55.4464, 0, 4.48416e-44
2, 2, 5, 3, 17, 2, 205.2, 123.127, 86.6955, 30, 2, 55, 204.478, 124.234, 103.987, 14.4231, 0, 70.2404, 1, 3.50325e-44
2, 2, 5, 3, 18, 25, 209.479, 134.32, 81.4585, 23.5004, 2, 56.056, 89.211, 106.272, 87.1657, 24, 2, 53, 0, 47
2, 2, 5, 3, 18, 5, 209.479, 134.32, 81.4585, 23.5004, 2, 56.056, 295.736, 143.874, 103.859, 13.7755, 0, 51.1454, 1, 66
2, 2, 5, 3, 21, 32, 401.169, 143.493, 121.273, 29.8821, 2, 51.5708, 287.508, 128.847, 129.191, 40.4945, 3, 51.1763, 0, 0
2, 2, 5, 3, 21, 33, 401.169, 143.493, 121.273, 29.8821, 2, 51.5708, 288.74, 131.217, 127.793, 40.9546, 3, 59.9567, 1, 0
2, 2, 5, 3, 23, 23, 204.664, 122.687, 90.0336, 38.729, 3, 53.9368, 78.8393, 90.5, 82.9921, 32.1429, 2, 55.4464, 0, 4.76441e-44
2, 2, 5, 3, 23, 33, 204.664, 122.687, 90.0336, 38.729, 3, 53.9368, 288.74, 131.217, 127.793, 40.9546, 3, 59.9567, 1, 1.46599e+13
2, 2, 5, 3, 25, 35, 413.814, 161.872, 100.723, 36.9069, 3, 83.042, 304.394, 153.077, 96.2154, 36, 4, 87.059, 0, -6.35291e-23
2, 2, 5, 3, 25, 28, 413.814, 161.872, 100.723, 36.9069, 3, 83.042, 303.745, 153.386, 110.918, 28.1858, 2, 88.7218, 1, 1.46599e+13
2, 2, 5, 3, 31, 37, 378.475, 158.476, -165.067, 71.3684, 5, 47.0132, 267.272, 146.327, -170.382, 70.2353, 5, 52.1838, 0, 4.18875e-11
2, 2, 5, 4, 0, 2, 212.908, 134.672, 82.7893, 12.7294, 0, 59.8674, 202.229, 132.574, 80.2661, 14.5263, 0, 54.3684, 0, 4.2039e-45
2, 2, 5, 4, 0, 5, 212.908, 134.672, 82.7893, 12.7294, 0, 59.8674, 305.587, 136.644, 89.6969, 12.551, 0, 48.2066, 1, 61
2, 2, 5, 4, 1, 3, 219.6, 134.793, 89.5325, 14.2683, 0, 61.9299, 209.261, 132.68, 90.5056, 13, 0, 59.7083, 0, 4.2039e-45
2, 2, 5, 4, 1, 13, 219.6, 134.793, 89.5325, 14.2683, 0, 61.9299, 210.173, 132.535, 84.3921, 16.8758, 1, 61.3064, 1, 2.24208e-44
2, 2, 5, 4, 3, 5, 314.887, 144.92, 94.0748, 13.2952, 0, 58.0901, 305.587, 136.644, 89.6969, 12.551, 0, 48.2066, 0, 32
2, 2, 5, 4, 3, 6, 314.887, 144.92, 94.0748, 13.2952, 0, 58.0901, 312.481, 137.271, 100.596, 13.5789, 0, 58.3158, 1, 58
2, 2, 5, 4, 4, 7, 402.769, 152.972, 104.58, 12.2958, 0, 59.0863, 395.841, 140.019, 94.33, 12.1304, 0, 59.0163, 0, 1.4013e-44
2, 2, 5, 4, 4, 8, 402.769, 152.972, 104.58, 12.2958, 0, 59.0863, 399.144, 141.093, 94.8968, 12.9184, 0, 54.574, 1, 1.4013e-44
2, 2, 5, 4, 5, 8, 405.968, 154.069, 103.917, 12.2079, 0, 56.0404, 399.144, 141.093, 94.8968, 12.9184, 0, 54.574, 0, 1.4013e-44
2, 2, 5, 4, 5, 7, 405.968, 154.069, 103.917, 12.2079, 0, 56.0404, 395.841, 140.019, 94.33, 12.1304, 0, 59.0163, 1, 1.54143e-44
2, 2, 5, 4, 8, 11, 522.331, 76.8623, -45.3871, 16.5556, 1, 55.7824, 521.132, 42.7153, -57.8706, 19, 1, 47.2083, 0, 71
2, 2, 5, 4, 8, 10, 522.331, 76.8623, -45.3871, 16.5556, 1, 55.7824, 588.533, 185.994, 140.238, 13.6928, 0, 66.7855, 1, 29
2, 2, 5, 4, 12, 18, 313.37, 145.163, 97.8976, 21, 1, 50.375, 303.063, 136.653, 97.8236, 22.8, 2, 64.4, 0, 4.2039e-45
2, 2, 5, 4, 12, 19, 313.37, 145.163, 97.8976, 21, 1, 50.375, 308.877, 135.416, 104.431, 24.6, 2, 72.0583, 1, 5.74532e-44
2, 2, 5, 4, 13, 20, 540.582, 165.615, -118.623, 18.8824, 1, 58.1838, 545.74, 144.806, -126.035, 23.0062, 2, 53.0883, 0, 151
2, 2, 5, 4, 13, 15, 540.582, 165.615, -118.623, 18.8824, 1, 58.1838, 545.182, 145.258, -128.891, 16.2101, 1, 54.5574, 1, 44
2, 2, 5, 4, 18, 17, 209.479, 134.32, 81.4585, 23.5004, 2, 56.056, 200.271, 132.427, 74.1299, 21.439, 2, 54.2449, 0, 1.96182e-44
2, 2, 5, 4, 18, 14, 209.479, 134.32, 81.4585, 23.5004, 2, 56.056, 409.428, 143.428, 91.4746, 24, 1, 50.9648, 1, 5.74532e-44
2, 2, 5, 4, 19, 13, 221.25, 135.75, 82.9529, 18, 2, 54.6667, 210.173, 132.535, 84.3921, 16.8758, 1, 61.3064, 0, 9.80909e-45
2, 2, 5, 4, 19, 3, 221.25, 135.75, 82.9529, 18, 2, 54.6667, 209.261, 132.68, 90.5056, 13, 0, 59.7083, 1, 2.66247e-44
2, 2, 5, 4, 20, 18, 313.125, 144.862, 101.771, 23.1724, 2, 55.1839, 303.063, 136.653, 97.8236, 22.8, 2, 64.4, 0, 4.2039e-44
2, 2, 5, 4, 20, 19, 313.125, 144.862, 101.771, 23.1724, 2, 55.1839, 308.877, 135.416, 104.431, 24.6, 2, 72.0583, 1, 5.74532e-44
2, 2, 5, 4, 23, 24, 204.664, 122.687, 90.0336, 38.729, 3, 53.9368, 187.432, 117.5, 99.9207, 55.0909, 4, 64.2803, 0, 1.1492e-41
2, 2, 5, 4, 23, 5, 204.664, 122.687, 90.0336, 38.729, 3, 53.9368, 305.587, 136.644, 89.6969, 12.551, 0, 48.2066, 1, 111
2, 2, 5, 4, 26, 24, 201.5, 117.911, 116.088, 60, 4, 61.3333, 187.432, 117.5, 99.9207, 55.0909, 4, 64.2803, 0, 1.014e-08
2, 2, 5, 4, 26, 25, 201.5, 117.911, 116.088, 60, 4, 61.3333, 391.344, 127.52, 124.186, 54, 4, 53.5, 1, 2.57395e-12
2, 2, 5, 4, 27, 27, 113.469, 132.498, -156.569, 51.2783, 4, 50.421, 105.954, 135.45, -163.531, 51.5975, 4, 52.8089, 0, 2.59596e-06
2, 2, 5, 4, 27, 30, 113.469, 132.498, -156.569, 51.2783, 4, 50.421, 106.228, 135.313, -167.337, 55.8545, 5, 53.2802, 1, 1.45865e-19
2, 2, 5, 4, 28, 25, 403.023, 142.214, 127.919, 46.776, 4, 62.3396, 391.344, 127.52, 124.186, 54, 4, 53.5, 0, 2.59613e-06
2, 2, 5, 4, 28, 26, 403.023, 142.214, 127.919, 46.776, 4, 62.3396, 309.416, 132.416, 121.473, 36, 4, 49, 1, 1.45849e-19
3, 3, 2, 1, 0, 0, 263.128, 19.351, 121.374, 10.3585, 0, 46.9835, 392.373, 19.4776, 109.261, 9.8, 0, 47.0167, 0, 30
3, 3, 2, 1, 0, 9, 263.128, 19.351, 121.374, 10.3585, 0, 46.9835, 354.2, 85.1308, -79.8747, 14.4419, 0, 116.122, 1, 5.74532e-44
3, 3, 2, 1, 2, 7, 238.093, 75.6851, -96.2087, 11.877, 0, 46.0114, 374.782, 78.1724, -105.241, 12.283, 0, 46.059, 0, 6.02558e-44
3, 3, 2, 1, 2, 23, 238.093, 75.6851, -96.2087, 11.877, 0, 46.0114, 373.866, 96.0654, -107.244, 16.0385, 1, 49.7788, 1, 1.5135e-36
3, 3, 2, 1, 3, 9, 216.929, 76.6125, -72.9072, 14.5473, 0, 95.2844, 354.2, 85.1308, -79.8747, 14.4419, 0, 116.122, 0, 5.74532e-44
3, 3, 2, 1, 3, 1, 216.929, 76.6125, -72.9072, 14.5473, 0, 95.2844, 396.903, 20.9035, 100.514, 12.4648, 0, 46.213, 1, 72
3, 3, 2, 1, 8, 3, 422.808, 95.0004, -58.5878, 12.0652, 0, 85.0054, 571.502, 64.1929, -63.5456, 12.3326, 0, 62.1398, 0, 1.72528e-40
3, 3, 2, 1, 8, 1, 422.808, 95.0004, -58.5878, 12.0652, 0, 85.0054, 396.903, 20.9035, 100.514, 12.4648, 0, 46.213, 1, 116
3, 3, 2, 1, 9, 2, 427.568, 95.1567, -72.6029, 12.0558, 0, 66.3842, 577.584, 62.9707, -81.2571, 13.0254, 0, 55.1011, 0, 3.22299e-44
3, 3, 2, 1, 9, 42, 427.568, 95.1567, -72.6029, 12.0558, 0, 66.3842, 579.077, 53.1364, -94.0541, 31.7237, 3, 46.5571, 1, -2.35099e-38
3, 3, 2, 1, 11, 4, 432.932, 97.9042, -101.293, 10.8261, 0, 49.8804, 584.046, 65.1794, -111.077, 11.4, 0, 56.4, 0, -3.47505e+21
3, 3, 2, 1, 13, 21, 423.504, 100.857, -59.7744, 12.51, 0, 58.0882, 573.054, 70.7911, -73.0877, 16.9091, 1, 64.7273, 0, 155
3, 3, 2, 1, 13, 32, 423.504, 100.857, -59.7744, 12.51, 0, 58.0882, 568.386, 66.0201, -82.9936, 26.6418, 2, 63.1648, 1, 2.66247e-44
3, 3, 2, 1, 15, 6, 429.012, 104.666, -79.9962, 13.2957, 0, 74.2154, 580.761, 72.774, -88.0844, 14.1003, 0, 58.1713, 0, 70
3, 3, 2, 1, 15, 22, 429.012, 104.666, -79.9962, 13.2957, 0, 74.2154, 576.895, 73.6838, -81.5129, 20.1384, 1, 81.8846, 1, 4.76441e-44
3, 3, 2, 1, 16, 13, 91.0503, 132.241, -12.881, 11.9565, 0, 58.0018, 246.037, 156.559, -4.67842, 13.0755, 0, 66.8514, 0, 3.92364e-44
3, 3, 2, 1, 18, 24, 437.606, 136.88, -71.5282, 15.483, 0, 106.485, 593.778, 106.141, -72.7117, 20.3, 1, 91.3327, 0, 5.74532e-44
3, 3, 2, 1, 18, 22, 437.606, 136.88, -71.5282, 15.483, 0, 106.485, 576.895, 73.6838, -81.5129, 20.1384, 1, 81.8846, 1, 4.62428e-44
3, 3, 2, 1, 20, 18, 101.379, 219.774, 8.5552, 14.7688, 0, 120.97, 263.386, 236.665, -1.74846, 13.7561, 0, 133.269, 0, 4.62428e-44
3, 3, 2, 1, 21, 17, 111.513, 219.636, 152.451, 14.6842, 0, 52.9576, 272.58, 235.615, 137.862, 13.6269, 0, 67.8514, 0, 1.26117e-44
3, 3, 2, 1, 28, 9, 217.081, 77.6389, -72.0065, 14.493, 1, 91.3115, 354.2, 85.1308, -79.8747, 14.4419, 0, 116.122, 0, 5.74532e-44
3, 3, 2, 1, 28, 1, 217.081, 77.6389, -72.0065, 14.493, 1, 91.3115, 396.903, 20.9035, 100.514, 12.4648, 0, 46.213, 1, 67
3, 3, 2, 1, 33, 26, 236.671, 121.198, -110.311, 20.3989, 1, 119.178, 378.45, 124.943, -115.841, 19.2588, 1, 136.152, 0, 85
3, 3, 2, 1, 33, 11, 236.671, 121.198, -110.311, 20.3989, 1, 119.178, 377, 123, -117.39, 18, 0, 79, 1, 132
3, 3, 2, 1, 41, 42, 429.653, 86.1836, -84.5246, 24.3243, 2, 51.0132, 579.077, 53.1364, -94.0541, 31.7237, 3, 46.5571, 0, 2.66247e-44
3, 3, 2, 1, 41, 45, 429.653, 86.1836, -84.5246, 24.3243, 2, 51.0132, 374.357, 78.8047, -103.256, 46.5, 4, 51.0208, 1, -3.4878e-07
3, 3, 2, 1, 42, 33, 442.328, 94.6028, -95.2251, 24.3061, 2, 54.0213, 374.5, 82.325, -101.136, 28.2, 2, 53.6333, 0, 1.26117e-44
3, 3, 2, 1, 42, 45, 442.328, 94.6028, -95.2251, 24.3061, 2, 54.0213, 374.357, 78.8047, -103.256, 46.5, 4, 51.0208, 1, 1.89603e-38
3, 3, 2, 1, 45, 26, 236.758, 121.906, -106.95, 23.4075, 2, 121.591, 378.45, 124.943, -115.841, 19.2588, 1, 136.152, 0, 56
3, 3, 2, 1, 45, 8, 236.758, 121.906, -106.95, 23.4075, 2, 121.591, 378.02, 79.6679, -115.268, 12.5789, 0, 51.2654, 1, 5.88545e-44
3, 3, 2, 1, 46, 34, 445.658, 133.658, -99.9672, 18, 2, 116.694, 602.855, 100.851, -94.4672, 22.1948, 2, 92.5567, 0, 0
3, 3, 2, 1, 46, 26, 445.658, 133.658, -99.9672, 18, 2, 116.694, 378.45, 124.943, -115.841, 19.2588, 1, 136.152, 1, 156
3, 3, 2, 1, 51, 39, 252.045, 240.506, 115.058, 25.7368, 2, 69.5307, 406.587, 240.439, 102.131, 24.7073, 2, 69.0433, 0, 3.93758e-11
3, 3, 2, 1, 51, 40, 252.045, 240.506, 115.058, 25.7368, 2, 69.5307, 418.68, 240.477, 106.247, 26.1739, 2, 91.647, 1, 1.38091e+16
3, 3, 2, 1, 53, 33, 238.16, 78.5977, -93.0216, 37.5, 3, 46.0625, 374.5, 82.325, -101.136, 28.2, 2, 53.6333, 0, 9.05507e-15
3, 3, 2, 1, 53, 45, 238.16, 78.5977, -93.0216, 37.5, 3, 46.0625, 374.357, 78.8047, -103.256, 46.5, 4, 51.0208, 1, 4.24208e-08
3, 3, 2, 1, 56, 46, 88.4264, 175.279, 28.1733, 55.6021, 4, 50.3993, 249.487, 197.009, 23.1907, 64.2509, 4, 56.8829, 0, 4.12036e-11
3, 3, 2, 1, 56, 31, 88.4264, 175.279, 28.1733, 55.6021, 4, 50.3993, 248.875, 48.9774, 2.40617, 26.3027, 2, 62.1951, 1, 6.675e-07
3, 3, 2, 1, 57, 44, 98.6432, 206.643, 26.0068, 53.3918, 4, 46.957, 263.301, 226.024, 11.8196, 39.5045, 3, 51.5299, 0, 0.000165106
3, 3, 2, 1, 57, 46, 98.6432, 206.643, 26.0068, 53.3918, 4, 46.957, 249.487, 197.009, 23.1907, 64.2509, 4, 56.8829, 1, 4.09763e-11
3, 3, 3, 1, 24, 16, 423.192, 236.971, 88.1355, 12.5385, 0, 54.1571, 519.989, 234.055, 104.072, 13.3784, 0, 48.9764, 0, 145
3, 3, 3, 1, 24, 19, 423.192, 236.971, 88.1355, 12.5385, 0, 54.1571, 420.39, 240.532, 100.208, 13.5938, 0, 64.1964, 1, 5.74532e-44
3, 3, 3, 2, 24, 26, 423.192, 236.971, 88.1355, 12.5385, 0, 54.1571, 413.221, 249.024, 99.016, 13.1143, 0, 55.2071, 0, 82
3, 3, 3, 2, 28, 19, 165.233, 268.983, 16.8593, 13.044, 0, 76.6044, 102.002, 215.695, 62.1683, 15.2093, 0, 129.302, 0, 5.74532e-44
3, 3, 3, 2, 28, 35, 165.233, 268.983, 16.8593, 13.044, 0, 76.6044, 102.002, 216.291, 34.0113, 18.4, 1, 130.067, 1, 146
3, 3, 3, 2, 59, 55, 423.003, 85.0511, -99.7339, 30.8117, 3, 83.1101, 437.69, 135.46, -86.5746, 45.8725, 4, 70.2922, 0, 2.33082e-09
3, 3, 3, 2, 59, 18, 423.003, 85.0511, -99.7339, 30.8117, 3, 83.1101, 437.606, 136.88, -71.5282, 15.483, 0, 106.485, 1, 0
3, 3, 3, 2, 65, 55, 430.761, 116.214, -102.882, 64.4211, 5, 55.8947, 437.69, 135.46, -86.5746, 45.8725, 4, 70.2922, 0, 9.10476e-12
3, 3, 4, 1, 14, 7, 424.312, 127.557, -97.8785, 15.5803, 0, 50.5362, 374.782, 78.1724, -105.241, 12.283, 0, 46.059, 0, 1.12104e-44
3, 3, 4, 1, 14, 25, 424.312, 127.557, -97.8785, 15.5803, 0, 50.5362, 372.229, 107.853, -102.019, 17.2597, 1, 58.586, 1, 6.90111e-41
3, 3, 4, 1, 16, 22, 419.718, 132.982, -77.9093, 14.6909, 0, 78.0287, 576.895, 73.6838, -81.5129, 20.1384, 1, 81.8846, 0, 1.1762e-38
3, 3, 4, 1, 16, 9, 419.718, 132.982, -77.9093, 14.6909, 0, 78.0287, 354.2, 85.1308, -79.8747, 14.4419, 0, 116.122, 1, 3.50325e-44
3, 3, 4, 1, 36, 16, 423.276, 279.91, 89.5539, 11.4643, 0, 51.2232, 519.989, 234.055, 104.072, 13.3784, 0, 48.9764, 0, 94
3, 3, 4, 1, 36, 19, 423.276, 279.91, 89.5539, 11.4643, 0, 51.2232, 420.39, 240.532, 100.208, 13.5938, 0, 64.1964, 1, 5.74532e-44
3, 3, 4, 2, 29, 23, 555.562, 231, 16.5191, 16.9286, 0, 55.4464, 523.56, 232.58, 18.9676, 13.9932, 0, 75.7902, 0, 0
3, 3, 4, 2, 36, 26, 423.276, 279.91, 89.5539, 11.4643, 0, 51.2232, 413.221, 249.024, 99.016, 13.1143, 0, 55.2071, 0, 88
3, 3, 4, 2, 45, 32, 425.13, 128.13, -100.122, 15.0135, 1, 51.9054, 432.271, 101.114, -88.8639, 18.9623, 1, 56.6059, 0, 5.60519e-44
3, 3, 4, 2, 45, 2, 425.13, 128.13, -100.122, 15.0135, 1, 51.9054, 238.093, 75.6851, -96.2087, 11.877, 0, 46.0114, 1, 1.4013e-45
3, 3, 4, 2, 62, 55, 420.391, 131.013, -100.018, 28.2104, 2, 88.7147, 437.69, 135.46, -86.5746, 45.8725, 4, 70.2922, 0, 144
3, 3, 4, 2, 62, 43, 420.391, 131.013, -100.018, 28.2104, 2, 88.7147, 426.938, 104.441, -80.689, 23.7028, 2, 96.4338, 1, 0
3, 3, 4, 3, 6, 0, 215.761, 73.7698, 152.611, 15.0085, 0, 89.9084, 213.557, 26.0811, 149.681, 13.581, 0, 96.6738, 0, 51
3, 3, 4, 3, 6, 7, 215.761, 73.7698, 152.611, 15.0085, 0, 89.9084, 234.784, 55.6061, 16.95, 13.7778, 0, 47.3704, 1, 7.00649e-45
3, 3, 4, 3, 7, 1, 207.745, 82.9324, -121.822, 13.5133, 0, 139.594, 205.755, 34.9368, -119.775, 13.98, 0, 125.445, 0, 112
3, 3, 4, 3, 7, 6, 207.745, 82.9324, -121.822, 13.5133, 0, 139.594, 249.187, 54.0081, 75.0807, 14.4533, 0, 147.537, 1, 104
3, 3, 4, 3, 10, 6, 249.559, 100.483, 74.6706, 14.3276, 0, 149.728, 249.187, 54.0081, 75.0807, 14.4533, 0, 147.537, 0, 108
3, 3, 4, 3, 10, 34, 249.559, 100.483, 74.6706, 14.3276, 0, 149.728, 222.608, 93.5831, 63.073, 18.8824, 1, 51.5515, 1, 5.06294e-24
3, 3, 4, 3, 11, 8, 420.027, 120.391, -70.5274, 9.1579, 0, 54.2632, 423.069, 75.0765, -78.7004, 11.475, 0, 53.3063, 0, 7.54396e+19
3, 3, 4, 3, 11, 46, 420.027, 120.391, -70.5274, 9.1579, 0, 54.2632, 428.655, 82.2177, -103.846, 23.2202, 2, 46.1457, 1, -6.37295e+37
3, 3, 4, 3, 14, 10, 424.312, 127.557, -97.8785, 15.5803, 0, 50.5362, 426.96, 81.5717, -95.0947, 13.8401, 0, 50.282, 0, 19
3, 3, 4, 3, 14, 46, 424.312, 127.557, -97.8785, 15.5803, 0, 50.5362, 428.655, 82.2177, -103.846, 23.2202, 2, 46.1457, 1, 139
3, 3, 4, 3, 15, 11, 422.79, 130.838, -87.0729, 12.375, 0, 78.1562, 425.552, 85.5494, -86.8035, 12.7344, 0, 77.6059, 0, 67
3, 3, 4, 3, 15, 12, 422.79, 130.838, -87.0729, 12.375, 0, 78.1562, 422.327, 87.5086, -77.0601, 14.6471, 0, 72.9632, 1, 2.38221e-44
3, 3, 4, 3, 16, 12, 419.718, 132.982, -77.9093, 14.6909, 0, 78.0287, 422.327, 87.5086, -77.0601, 14.6471, 0, 72.9632, 0, 2.52234e-44
3, 3, 4, 3, 16, 65, 419.718, 132.982, -77.9093, 14.6909, 0, 78.0287, 430.761, 116.214, -102.882, 64.4211, 5, 55.8947, 1, 83
3, 3, 4, 3, 18, 35, 433.285, 157.208, -130.588, 13.15, 0, 131.204, 435.667, 112.47, -128.371, 13.1793, 1, 122.63, 0, 32
3, 3, 4, 3, 18, 14, 433.285, 157.208, -130.588, 13.15, 0, 131.204, 435.667, 112.151, -123.694, 14.3881, 0, 123.25, 1, 5.74532e-44
3, 3, 4, 3, 19, 37, 281.326, 166.618, -117.534, 13.9574, 0, 52.7389, 281.458, 121.529, -115.004, 15.5714, 1, 50.7202, 0, 3.22299e-44
3, 3, 4, 3, 19, 65, 281.326, 166.618, -117.534, 13.9574, 0, 52.7389, 430.761, 116.214, -102.882, 64.4211, 5, 55.8947, 1, 84
3, 3, 4, 3, 20, 17, 253.695, 177.184, -115.672, 13.2879, 0, 91.2681, 253.466, 132.742, -116.01, 13.5991, 0, 86.6874, 0, 8.82818e-44
3, 3, 4, 3, 20, 65, 253.695, 177.184, -115.672, 13.2879, 0, 91.2681, 430.761, 116.214, -102.882, 64.4211, 5, 55.8947, 1, 69
3, 3, 4, 3, 21, 18, 126.705, 182.225, 40.0086, 12.4653, 0, 73.9153, 125.383, 137.88, 38.191, 13.2222, 0, 82.6806, 0, 5.04467e-44
3, 3, 4, 3, 22, 19, 269.006, 208.253, -95.9279, 12.8195, 0, 104.967, 269.495, 164.281, -95.1342, 13.3474, 0, 102.741, 0, 5.74532e-44
3, 3, 4, 3, 22, 16, 269.006, 208.253, -95.9279, 12.8195, 0, 104.967, 271.85, 126.84, -101.94, 13.0645, 0, 52.4879, 1, 85
3, 3, 4, 3, 23, 20, 600.035, 207.568, 75.9011, 13.2909, 0, 82.3347, 603.833, 164.559, 77.6131, 13.1429, 0, 83.5238, 0, 94
3, 3, 4, 3, 32, 22, 98.2397, 271.136, 88.4857, 13.9928, 0, 105.129, 98.8348, 227.689, 90.586, 13.38, 0, 126.645, 0, 4.34403e-44
3, 3, 4, 3, 34, 23, 451.353, 272.719, 70.4538, 12.8675, 0, 47.9181, 452.405, 229.447, 70.3419, 12.7959, 0, 48.4311, 0, 9.80909e-45
3, 3, 4, 3, 36, 24, 423.276, 279.91, 89.5539, 11.4643, 0, 51.2232, 423.192, 236.971, 88.1355, 12.5385, 0, 54.1571, 0, 5.74532e-44
3, 3, 4, 3, 36, 27, 423.276, 279.91, 89.5539, 11.4643, 0, 51.2232, 298.538, 258.525, 106.297, 13.6047, 0, 54.5378, 1, 5.04467e-44
3, 3, 4, 3, 40, 5, 214.599, 83.9751, -124.548, 15.9487, 1, 108.818, 239.003, 50.2077, 80.8775, 11.1081, 0, 49.8176, 0, 83
3, 3, 4, 3, 40, 1, 214.599, 83.9751, -124.548, 15.9487, 1, 108.818, 205.755, 34.9368, -119.775, 13.98, 0, 125.445, 1, 145
3, 3, 4, 3, 41, 31, 266.867, 89.361, 16.4817, 20.652, 1, 146.053, 266.882, 41.8389, 13.5619, 21, 1, 145.75, 0, 128
3, 3, 4, 3, 41, 4, 266.867, 89.361, 16.4817, 20.652, 1, 146.053, 267.513, 40.556, 2.99027, 14.8554, 0, 139.399, 1, 5.74532e-44
3, 3, 4, 3, 47, 36, 427.7, 162.163, -95.7137, 16.5202, 1, 117.489, 430.161, 117.369, -94.103, 16.1515, 1, 118.167, 0, 64
3, 3, 4, 3, 47, 15, 427.7, 162.163, -95.7137, 16.5202, 1, 117.489, 430.443, 118.235, -93.1226, 14.5833, 0, 117.674, 1, 128
3, 3, 4, 3, 48, 37, 281.352, 166.194, -117.475, 13.9051, 1, 55.5182, 281.458, 121.529, -115.004, 15.5714, 1, 50.7202, 0, 4.34403e-44
3, 3, 4, 3, 48, 65, 281.352, 166.194, -117.475, 13.9051, 1, 55.5182, 430.761, 116.214, -102.882, 64.4211, 5, 55.8947, 1, 137
3, 3, 4, 3, 50, 52, 551.84, 264.114, -8.95613, 20.3017, 1, 56.8967, 552.333, 221.664, -8.07869, 23.4789, 2, 53.5635, 0, 5.60519e-45
3, 3, 4, 3, 50, 53, 551.84, 264.114, -8.95613, 20.3017, 1, 56.8967, 552.076, 221.57, -7.30859, 25.028, 2, 54.3348, 1, 5.60519e-45
3, 3, 4, 3, 59, 45, 235.568, 102.01, 29.5103, 30.3913, 2, 55.6993, 233.962, 55.5102, 29.4285, 27.2308, 2, 61.5128, 0, 181
3, 3, 4, 3, 59, 32, 235.568, 102.01, 29.5103, 30.3913, 2, 55.6993, 234.388, 54.6095, 31.3933, 21.5217, 1, 50.962, 1, 4.48416e-44
3, 3, 4, 3, 60, 44, 249.35, 99.8692, 41.5407, 24.1265, 2, 143.004, 248.991, 52.5346, 36.0593, 26.8821, 2, 143.553, 0, 5.74532e-44
3, 3, 4, 3, 60, 47, 249.35, 99.8692, 41.5407, 24.1265, 2, 143.004, 423.218, 85.5898, -97.2694, 26.3133, 2, 80.35, 1, 4.34403e-44
3, 3, 4, 3, 61, 57, 177.641, 123.699, -172.246, 32.8636, 2, 109.004, 175.205, 76.3409, -169.905, 36, 3, 139, 0, 4.48416e-44
3, 3, 4, 3, 61, 58, 177.641, 123.699, -172.246, 32.8636, 2, 109.004, 180.333, 83.5413, 178.802, 41.3143, 3, 68.4321, 1, 4.48416e-44
3, 3, 4, 3, 62, 59, 420.391, 131.013, -100.018, 28.2104, 2, 88.7147, 423.003, 85.0511, -99.7339, 30.8117, 3, 83.1101, 0, 5.74532e-44
3, 3, 4, 3, 62, 47, 420.391, 131.013, -100.018, 28.2104, 2, 88.7147, 423.218, 85.5898, -97.2694, 26.3133, 2, 80.35, 1, 4.2039e-44
3, 3, 4, 3, 66, 48, 254.246, 176.895, -116.777, 21, 2, 70.75, 253.903, 130.237, -115.157, 21.9974, 2, 64.1055, 0, 9.24857e-44
3, 3, 4, 3, 66, 34, 254.246, 176.895, -116.777, 21, 2, 70.75, 222.608, 93.5831, 63.073, 18.8824, 1, 51.5515, 1, 5.74532e-44
3, 3, 4, 3, 67, 50, 269.041, 207.959, -129.713, 26.1231, 2, 97.7128, 268.855, 163.806, -125.925, 24.1185, 2, 93.0063, 0, 166
3, 3, 4, 3, 67, 65, 269.041, 207.959, -129.713, 26.1231, 2, 97.7128, 430.761, 116.214, -102.882, 64.4211, 5, 55.8947, 1, 0
3, 3, 4, 3, 69, 51, 554.077, 231.9, 22.4251, 26.3972, 2, 102.997, 556.151, 189.339, 19.214, 23.4058, 2, 95.5411, 0, -3.4878e-07
3, 3, 4, 3, 69, 40, 554.077, 231.9, 22.4251, 26.3972, 2, 102.997, 555.731, 190.16, 12.3701, 18.9512, 1, 102.515, 1, 31
3, 3, 4, 3, 75, 45, 235.245, 102.828, 30.1149, 36, 3, 98, 233.962, 55.5102, 29.4285, 27.2308, 2, 61.5128, 0, 0
3, 3, 4, 3, 75, 32, 235.245, 102.828, 30.1149, 36, 3, 98, 234.388, 54.6095, 31.3933, 21.5217, 1, 50.962, 1, 4.48416e-44
3, 3, 4, 3, 86, 62, 269.383, 207.254, -121.622, 48.6122, 4, 48.0213, 269.127, 163.331, -120.192, 50.9586, 4, 52.7328, 0, -8.95182e-05
3, 3, 4, 3, 86, 37, 269.383, 207.254, -121.622, 48.6122, 4, 48.0213, 281.458, 121.529, -115.004, 15.5714, 1, 50.7202, 1, -8.76015e-05
3, 3, 5, 1, 0, 21, 483.378, 22.4256, -65.4121, 13.3572, 0, 68.0195, 573.054, 70.7911, -73.0877, 16.9091, 1, 64.7273, 0, 5.89346e-24
3, 3, 5, 1, 0, 22, 483.378, 22.4256, -65.4121, 13.3572, 0, 68.0195, 576.895, 73.6838, -81.5129, 20.1384, 1, 81.8846, 1, -1.03843e+34
3, 3, 5, 1, 19, 26, 254.631, 37.6767, -108.167, 23.1176, 1, 82.3676, 378.45, 124.943, -115.841, 19.2588, 1, 136.152, 0, 92
3, 3, 5, 1, 19, 11, 254.631, 37.6767, -108.167, 23.1176, 1, 82.3676, 377, 123, -117.39, 18, 0, 79, 1, 181
3, 3, 5, 1, 20, 18, 77.7318, 141.223, 23.4129, 18.138, 1, 128.796, 263.386, 236.665, -1.74846, 13.7561, 0, 133.269, 0, 9.80909e-45
3, 3, 5, 1, 28, 26, 255.281, 39.6825, -109.16, 22.7677, 2, 130.889, 378.45, 124.943, -115.841, 19.2588, 1, 136.152, 0, 85
3, 3, 5, 1, 28, 8, 255.281, 39.6825, -109.16, 22.7677, 2, 130.889, 378.02, 79.6679, -115.268, 12.5789, 0, 51.2654, 1, 3.78351e-44
3, 3, 5, 1, 29, 34, 512.317, 58.0461, -90.9131, 22.7489, 2, 104.373, 602.855, 100.851, -94.4672, 22.1948, 2, 92.5567, 0, 5.74532e-44
3, 3, 5, 1, 29, 8, 512.317, 58.0461, -90.9131, 22.7489, 2, 104.373, 378.02, 79.6679, -115.268, 12.5789, 0, 51.2654, 1, 2.8026e-45
3, 3, 5, 1, 30, 24, 502.068, 62.1147, -73.3686, 25.0144, 2, 111.946, 593.778, 106.141, -72.7117, 20.3, 1, 91.3327, 0, 5.74532e-44
3, 3, 5, 1, 30, 22, 502.068, 62.1147, -73.3686, 25.0144, 2, 111.946, 576.895, 73.6838, -81.5129, 20.1384, 1, 81.8846, 1, 5.60519e-44
3, 3, 5, 1, 34, 39, 274.762, 184.694, 107.423, 27.9545, 2, 75.1856, 406.587, 240.439, 102.131, 24.7073, 2, 69.0433, 0, -6.04182e-26
3, 3, 5, 1, 34, 40, 274.762, 184.694, 107.423, 27.9545, 2, 75.1856, 418.68, 240.477, 106.247, 26.1739, 2, 91.647, 1, -3.35943e-33
3, 3, 5, 1, 35, 40, 289.991, 186.535, 112.726, 28.7727, 2, 92.6401, 418.68, 240.477, 106.247, 26.1739, 2, 91.647, 0, 5.90228e-16
3, 3, 5, 1, 35, 39, 289.991, 186.535, 112.726, 28.7727, 2, 92.6401, 406.587, 240.439, 102.131, 24.7073, 2, 69.0433, 1, nan
3, 3, 5, 1, 37, 28, 503.351, 198.795, 69.8562, 22.6973, 2, 64.1743, 605.843, 227.806, 54.6743, 19.5561, 1, 51.6987, 0, 0
3, 3, 5, 1, 38, 24, 502.058, 61.9241, -73.3649, 24, 3, 111.853, 593.778, 106.141, -72.7117, 20.3, 1, 91.3327, 0, 0
3, 3, 5, 1, 38, 22, 502.058, 61.9241, -73.3649, 24, 3, 111.853, 576.895, 73.6838, -81.5129, 20.1384, 1, 81.8846, 1, 3.95158e+18
3, 3, 5, 2, 0, 13, 483.378, 22.4256, -65.4121, 13.3572, 0, 68.0195, 423.504, 100.857, -59.7744, 12.51, 0, 58.0882, 0, 4.34403e-44
3, 3, 5, 2, 0, 32, 483.378, 22.4256, -65.4121, 13.3572, 0, 68.0195, 432.271, 101.114, -88.8639, 18.9623, 1, 56.6059, 1, 3.50325e-44
3, 3, 5, 2, 4, 23, 607.464, 182.632, 10.8072, 13.8561, 0, 50.7098, 523.56, 232.58, 18.9676, 13.9932, 0, 75.7902, 0, 5.88545e-44
3, 3, 5, 2, 13, 25, 458.066, 197.732, 76.466, 12.4681, 0, 50.7898, 399.792, 248.13, 76.2673, 12.375, 0, 53.0938, 0, 179
3, 3, 5, 2, 13, 42, 458.066, 197.732, 76.466, 12.4681, 0, 50.7898, 442.328, 94.6028, -95.2251, 24.3061, 2, 54.0213, 1, 7.70714e-44
3, 3, 5, 2, 15, 26, 476.702, 198.598, 100.284, 12.8465, 0, 55.3024, 413.221, 249.024, 99.016, 13.1143, 0, 55.2071, 0, 116
3, 3, 5, 2, 15, 55, 476.702, 198.598, 100.284, 12.8465, 0, 55.3024, 437.69, 135.46, -86.5746, 45.8725, 4, 70.2922, 1, 81
3, 3, 5, 2, 20, 20, 77.7318, 141.223, 23.4129, 18.138, 1, 128.796, 101.379, 219.774, 8.5552, 14.7688, 0, 120.97, 0, 52
3, 3, 5, 2, 21, 21, 93.1797, 146.679, 163.683, 19.2, 1, 53.2, 111.513, 219.636, 152.451, 14.6842, 0, 52.9576, 0, 77
3, 3, 5, 2, 29, 46, 512.317, 58.0461, -90.9131, 22.7489, 2, 104.373, 445.658, 133.658, -99.9672, 18, 2, 116.694, 0, 1.89561e-38
3, 3, 5, 2, 32, 19, 78.9327, 137.164, 80.135, 20.1193, 2, 148.397, 102.002, 215.695, 62.1683, 15.2093, 0, 129.302, 0, 5.74532e-44
3, 3, 5, 2, 37, 39, 503.351, 198.795, 69.8562, 22.6973, 2, 64.1743, 436.288, 249.038, 78.0957, 17.4473, 1, 55.0716, 0, 1.1492e-41
3, 3, 5, 2, 37, 18, 503.351, 198.795, 69.8562, 22.6973, 2, 64.1743, 437.606, 136.88, -71.5282, 15.483, 0, 106.485, 1, -3.4878e-07
3, 3, 5, 3, 24, 25, 392.378, 193.574, 82.1442, 17.2909, 1, 47.3841, 410.777, 238.972, 69.1294, 12.84, 0, 55.49, 0, 158
3, 3, 5, 3, 24, 41, 392.378, 193.574, 82.1442, 17.2909, 1, 47.3841, 447.329, 231.415, 64.0133, 17.4444, 1, 65.1157, 1, 115
4, 4, 2, 1, 21, 43, 194.398, 227.003, 100.577, 13.9335, 0, 52.8398, 238.689, 249.029, 109.223, 9.75, 0, 53.125, 0, 1.1911e-43
4, 4, 2, 1, 21, 39, 194.398, 227.003, 100.577, 13.9335, 0, 52.8398, 183.51, 240.056, 123.896, 13.1538, 0, 48.7212, 1, 5.74532e-44
4, 4, 2, 1, 40, 46, 488.255, 197.973, 85.438, 25.6562, 2, 106.965, 470.835, 261.75, 94.9843, 13.9083, 0, 97.9338, 0, 4.16539e-11
4, 4, 2, 1, 40, 84, 488.255, 197.973, 85.438, 25.6562, 2, 106.965, 528.756, 212.329, 33.9331, 27.4138, 2, 91.694, 1, 9.32328e-09
4, 4, 3, 1, 0, 10, 486.968, 21.004, 55.4681, 12.0968, 0, 54.0081, 426.345, 54.1115, 53.5495, 13.9787, 0, 59.5559, 0, 97
4, 4, 3, 1, 0, 9, 486.968, 21.004, 55.4681, 12.0968, 0, 54.0081, 492.249, 52.5294, -65.1722, 13.9935, 0, 49.194, 1, 5.74532e-44
4, 4, 3, 1, 1, 18, 472.837, 26.5633, 85.5915, 14.0738, 0, 173.9, 411.868, 61.8261, 81.6285, 14.5312, 0, 149.391, 0, 1.4013e-44
4, 4, 3, 1, 1, 12, 472.837, 26.5633, 85.5915, 14.0738, 0, 173.9, 394.426, 55.825, 151.591, 14.8639, 0, 105.607, 1, 1.31722e-43
4, 4, 3, 1, 2, 16, 509.209, 31.3749, -153.245, 13.7143, 0, 150.714, 449.418, 60.1826, -138.54, 13.1772, 0, 154.041, 0, 129
4, 4, 3, 1, 2, 4, 509.209, 31.3749, -153.245, 13.7143, 0, 150.714, 385, 44, -173.76, 14.1892, 0, 72.4628, 1, 5.74532e-44
4, 4, 3, 1, 12, 28, 305.773, 77.7097, -72.048, 13.4776, 0, 82.0317, 270.861, 109.319, -72.8643, 13.738, 0, 97.8783, 0, 7.84727e-44
4, 4, 3, 1, 12, 66, 305.773, 77.7097, -72.048, 13.4776, 0, 82.0317, 282.654, 140.694, -93.27, 19.4518, 1, 128.718, 1, 70
4, 4, 3, 1, 15, 31, 320.893, 112.359, -108.065, 14.5265, 0, 140.511, 282.683, 140.739, -101.266, 14.1069, 0, 128.785, 0, 114
4, 4, 3, 1, 16, 32, 311.468, 113.347, -64.8182, 15.6651, 0, 133.772, 274.475, 142.942, -63.0272, 13.9198, 0, 116.428, 0, 7.9874e-44
4, 4, 3, 1, 16, 83, 311.468, 113.347, -64.8182, 15.6651, 0, 133.772, 274.834, 142.072, -75.6564, 21.5806, 2, 109.84, 1, 6.5861e-44
4, 4, 3, 1, 24, 41, 250.664, 231.948, 88.1315, 12.4286, 0, 63.1786, 223.793, 246.907, 82.1153, 11.4167, 0, 58.3403, 0, 91
4, 4, 3, 1, 27, 40, 414.366, 237.959, 104.653, 14.8421, 0, 148.526, 373.35, 241.386, 100.609, 15.1268, 0, 148.638, 0, 103
4, 4, 3, 1, 27, 42, 414.366, 237.959, 104.653, 14.8421, 0, 148.526, 343.474, 247.142, 25.5642, 14.2138, 0, 98.4832, 1, 5.88545e-44
4, 4, 3, 1, 28, 42, 383.312, 240.312, 27.8484, 12.8, 0, 50.2667, 343.474, 247.142, 25.5642, 14.2138, 0, 98.4832, 0, 9.80909e-45
4, 4, 3, 1, 28, 44, 383.312, 240.312, 27.8484, 12.8, 0, 50.2667, 344.455, 248.456, 24.3579, 14.6727, 0, 77.4568, 1, 5.74532e-44
4, 4, 3, 1, 32, 44, 384.669, 244.803, 19.1867, 14.4444, 0, 73.4815, 344.455, 248.456, 24.3579, 14.6727, 0, 77.4568, 0, 5.74532e-44
4, 4, 3, 1, 32, 42, 384.669, 244.803, 19.1867, 14.4444, 0, 73.4815, 343.474, 247.142, 25.5642, 14.2138, 0, 98.4832, 1, 8.54792e-44
4, 4, 3, 1, 33, 46, 515.284, 268.057, 96.0233, 15.3032, 0, 99.0922, 470.835, 261.75, 94.9843, 13.9083, 0, 97.9338, 0, 136
4, 4, 3, 1, 33, 84, 515.284, 268.057, 96.0233, 15.3032, 0, 99.0922, 528.756, 212.329, 33.9331, 27.4138, 2, 91.694, 1, 5.74532e-44
4, 4, 3, 1, 34, 16, 509, 31, -153.332, 12, 1, 150.333, 449.418, 60.1826, -138.54, 13.1772, 0, 154.041, 0, 91
4, 4, 3, 1, 34, 4, 509, 31, -153.332, 12, 1, 150.333, 385, 44, -173.76, 14.1892, 0, 72.4628, 1, 5.74532e-44
4, 4, 3, 1, 37, 61, 294.586, 66.2795, -55.373, 18.302, 1, 60.0161, 262.701, 100.097, -61.9462, 19.9412, 1, 65.8897, 0, 63
4, 4, 3, 1, 41, 36, 78.0838, 189.449, 127.503, 18.7595, 1, 57.1173, 80.6909, 222.745, 121.84, 12.8919, 0, 68.8176, 0, 132
4, 4, 3, 1, 41, 59, 78.0838, 189.449, 127.503, 18.7595, 1, 57.1173, 63.3998, 88.4315, -123.952, 17.3143, 1, 102.085, 1, 5.74532e-44
4, 4, 3, 1, 46, 46, 515.353, 268.594, 96.2565, 17.4581, 1, 92.1999, 470.835, 261.75, 94.9843, 13.9083, 0, 97.9338, 0, 96
4, 4, 3, 1, 46, 84, 515.353, 268.594, 96.2565, 17.4581, 1, 92.1999, 528.756, 212.329, 33.9331, 27.4138, 2, 91.694, 1, -1.56755e-23
4, 4, 3, 1, 49, 61, 295.348, 67.0227, -62.1021, 26.1483, 2, 60.1206, 262.701, 100.097, -61.9462, 19.9412, 1, 65.8897, 0, 178.224
4, 4, 3, 1, 52, 66, 320.731, 111.933, -93.4379, 21.806, 2, 126.493, 282.654, 140.694, -93.27, 19.4518, 1, 128.718, 0, -8.90997e-31
4, 4, 3, 1, 52, 31, 320.731, 111.933, -93.4379, 21.806, 2, 126.493, 282.683, 140.739, -101.266, 14.1069, 0, 128.785, 1, 96
4, 4, 3, 1, 64, 88, 76.043, 188.392, 146.736, 34.3593, 3, 64.323, 78.6141, 220.5, 138.248, 26.7391, 2, 74.3967, 0, -4.68133e-15
4, 4, 3, 1, 64, 86, 76.043, 188.392, 146.736, 34.3593, 3, 64.323, 64.9922, 219.277, 133.465, 25.8462, 2, 57.4103, 1, -1582.21
4, 4, 3, 1, 66, 98, 583.147, 230.794, 15.4756, 35.0509, 3, 78.1296, 545.767, 225.043, -0.779693, 45.6, 3, 53.2, 0, 0.188729
4, 4, 3, 2, 22, 38, 571.864, 217.221, 32.0463, 13.4586, 0, 71.1402, 581.293, 114.381, 22.4615, 21.4675, 2, 96.2863, 0, 1.12104e-44
4, 4, 3, 2, 33, 40, 515.284, 268.057, 96.0233, 15.3032, 0, 99.0922, 488.255, 197.973, 85.438, 25.6562, 2, 106.965, 0, 90
4, 4, 3, 2, 33, 16, 515.284, 268.057, 96.0233, 15.3032, 0, 99.0922, 487.493, 196.809, 83.6397, 13.7473, 0, 112.859, 1, 146
4, 4, 3, 2, 35, 25, 320.402, 46.0558, -68.6699, 19.8512, 1, 47.2486, 316.545, 42.2737, -97.6304, 16.1584, 1, 59.1167, 0, 152
4, 4, 3, 2, 46, 40, 515.353, 268.594, 96.2565, 17.4581, 1, 92.1999, 488.255, 197.973, 85.438, 25.6562, 2, 106.965, 0, 117
4, 4, 3, 2, 46, 16, 515.353, 268.594, 96.2565, 17.4581, 1, 92.1999, 487.493, 196.809, 83.6397, 13.7473, 0, 112.859, 1, 90
4, 4, 3, 2, 69, 50, 318.495, 110.458, -72.8939, 66.2526, 5, 68.2107, 186.059, 108.474, -95.9397, 48.962, 4, 99.1013, 0, 2.68408e-06
4, 4, 3, 2, 69, 6, 318.495, 110.458, -72.8939, 66.2526, 5, 68.2107, 201.671, 75.8399, -125.188, 12.928, 0, 67.6091, 1, 4.02951e-11
4, 4, 4, 1, 3, 6, 357.977, 45.897, -164.276, 12.4967, 0, 111.517, 394.999, 46.0569, -167.525, 12.2, 0, 123.1, 0, 133
4, 4, 4, 1, 3, 72, 357.977, 45.897, -164.276, 12.4967, 0, 111.517, 388.433, 46.4325, 169.92, 25.6191, 2, 80.6621, 1, 3.38908e-24
4, 4, 4, 1, 9, 49, 433.494, 55.4217, -1.29976, 12.0944, 0, 60.0122, 470.721, 37.5496, 4.71924, 15.45, 1, 81.225, 0, 1.50878e-21
4, 4, 4, 1, 9, 1, 433.494, 55.4217, -1.29976, 12.0944, 0, 60.0122, 470.179, 38.0104, 21.0589, 12.3333, 0, 93.1944, 1, 108
4, 4, 4, 1, 15, 18, 372.487, 66.4804, 98.3707, 15.3565, 0, 139.213, 411.868, 61.8261, 81.6285, 14.5312, 0, 149.391, 0, 5.60519e-45
4, 4, 4, 1, 15, 12, 372.487, 66.4804, 98.3707, 15.3565, 0, 139.213, 394.426, 55.825, 151.591, 14.8639, 0, 105.607, 1, 1.82169e-44
4, 4, 4, 1, 18, 9, 464.747, 69.711, -43.592, 13.9714, 0, 46.8893, 492.249, 52.5294, -65.1722, 13.9935, 0, 49.194, 0, 5.74532e-44
4, 4, 4, 1, 18, 10, 464.747, 69.711, -43.592, 13.9714, 0, 46.8893, 426.345, 54.1115, 53.5495, 13.9787, 0, 59.5559, 1, 111
4, 4, 4, 1, 20, 13, 408.641, 72.073, -131.591, 11.7273, 0, 67.0455, 452.353, 54.9857, -126.857, 12.0448, 0, 60.0019, 0, 7.00649e-45
4, 4, 4, 1, 20, 57, 408.641, 72.073, -131.591, 11.7273, 0, 67.0455, 457.781, 57.5948, -127.216, 17.2477, 1, 71.2891, 1, 1.09301e-43
4, 4, 4, 1, 34, 31, 216.506, 127.249, -103.333, 14.5193, 0, 134.232, 282.683, 140.739, -101.266, 14.1069, 0, 128.785, 0, 138
4, 4, 4, 1, 34, 59, 216.506, 127.249, -103.333, 14.5193, 0, 134.232, 63.3998, 88.4315, -123.952, 17.3143, 1, 102.085, 1, 5.74532e-44
4, 4, 4, 1, 52, 43, 146.694, 244.981, 119.122, 14.3023, 0, 58.1657, 238.689, 249.029, 109.223, 9.75, 0, 53.125, 0, 2.38221e-44
4, 4, 4, 1, 52, 39, 146.694, 244.981, 119.122, 14.3023, 0, 58.1657, 183.51, 240.056, 123.896, 13.1538, 0, 48.7212, 1, 5.74532e-44
4, 4, 4, 1, 63, 6, 358.496, 43.9198, -169.412, 17.9491, 1, 80.0014, 394.999, 46.0569, -167.525, 12.2, 0, 123.1, 0, 149
4, 4, 4, 1, 63, 72, 358.496, 43.9198, -169.412, 17.9491, 1, 80.0014, 388.433, 46.4325, 169.92, 25.6191, 2, 80.6621, 1, 1.03696e-43
4, 4, 4, 1, 66, 18, 372.3, 66.114, 103.896, 18.8182, 1, 131.102, 411.868, 61.8261, 81.6285, 14.5312, 0, 149.391, 0, 2.8026e-45
4, 4, 4, 1, 66, 77, 372.3, 66.114, 103.896, 18.8182, 1, 131.102, 502.391, 66.2958, -24.5115, 29.1818, 2, 55.1023, 1, 1.02295e-43
4, 4, 4, 1, 67, 54, 429.099, 67.5136, -112.369, 16.9747, 1, 105.784, 466.802, 54.3587, -111.098, 16.6316, 1, 117.965, 0, 5.74532e-44
4, 4, 4, 1, 67, 14, 429.099, 67.5136, -112.369, 16.9747, 1, 105.784, 467.661, 55.8503, -109.396, 12.4545, 0, 112.379, 1, 5.74532e-44
4, 4, 4, 1, 88, 72, 350.5, 42.5981, 179.546, 26.3554, 2, 102.108, 388.433, 46.4325, 169.92, 25.6191, 2, 80.6621, 0, 1.34525e-43
4, 4, 4, 1, 88, 3, 350.5, 42.5981, 179.546, 26.3554, 2, 102.108, 384.028, 43.9414, -173.256, 13.6154, 0, 96.3558, 1, 7.42688e-44
4, 4, 4, 1, 91, 48, 427.188, 51.977, 30.6079, 27.6332, 2, 120.114, 463.388, 34.2066, 38.217, 20.3333, 1, 132.681, 0, 4.06377e-44
4, 4, 4, 1, 91, 76, 427.188, 51.977, 30.6079, 27.6332, 2, 120.114, 451.111, 59.9584, -157.656, 27.6974, 2, 125.237, 1, 112
4, 4, 4, 1, 92, 74, 357.6, 54.3853, 158.032, 28.1633, 2, 112.864, 395.286, 56.4346, 143.896, 29.3092, 2, 139.501, 0, 5.74532e-44
4, 4, 4, 1, 92, 12, 357.6, 54.3853, 158.032, 28.1633, 2, 112.864, 394.426, 55.825, 151.591, 14.8639, 0, 105.607, 1, 1.02295e-43
4, 4, 4, 1, 98, 61, 195.424, 78.0196, -56.5654, 26.4286, 2, 55.7202, 262.701, 100.097, -61.9462, 19.9412, 1, 65.8897, 0, 86
4, 4, 4, 1, 98, 47, 195.424, 78.0196, -56.5654, 26.4286, 2, 55.7202, 45.4986, 34.9097, -59.5676, 17.4, 1, 66.1, 1, 1.34525e-43
4, 4, 4, 1, 99, 61, 194.5, 78.6196, -57.1328, 26.8696, 2, 48.7536, 262.701, 100.097, -61.9462, 19.9412, 1, 65.8897, 0, 152
4, 4, 4, 1, 117, 96, 372.686, 66.6862, 118.602, 28.4678, 3, 129.527, 411.682, 60.8732, 113.415, 30.5217, 3, 137.397, 0, 4.30524e-40
4, 4, 4, 1, 117, 12, 372.686, 66.6862, 118.602, 28.4678, 3, 129.527, 394.426, 55.825, 151.591, 14.8639, 0, 105.607, 1, 1.09301e-43
4, 4, 4, 1, 126, 100, 409.349, 77.7097, 152.738, 47.2941, 4, 115.039, 445.893, 77.1865, 137.162, 49.4118, 4, 102.078, 0, -3.21404e-33
4, 4, 4, 2, 128, 50, 206.282, 125.245, -70.4634, 47.0418, 4, 88.0487, 186.059, 108.474, -95.9397, 48.962, 4, 99.1013, 0, -1.12644e+11
4, 4, 4, 2, 128, 37, 206.282, 125.245, -70.4634, 47.0418, 4, 88.0487, 185.853, 108.012, -94.011, 25.5383, 2, 122.912, 1, -1.82817e+12
4, 4, 4, 3, 15, 1, 372.487, 66.4804, 98.3707, 15.3565, 0, 139.213, 472.837, 26.5633, 85.5915, 14.0738, 0, 173.9, 0, 77
4, 4, 4, 3, 15, 0, 372.487, 66.4804, 98.3707, 15.3565, 0, 139.213, 486.968, 21.004, 55.4681, 12.0968, 0, 54.0081, 1, 16
4, 4, 4, 3, 21, 7, 199.878, 74.1757, -42.5846, 12.36, 0, 63.09, 299.196, 63.3437, -45.6543, 11.6897, 0, 48.0776, 0, 6.86636e-44
4, 4, 4, 3, 23, 3, 411.771, 76.1365, -130.433, 11.9072, 0, 60.0116, 516.374, 30.2829, -135.034, 11.6154, 0, 53.1603, 0, 6.86636e-44
4, 4, 4, 3, 23, 49, 411.771, 76.1365, -130.433, 11.9072, 0, 60.0116, 295.348, 67.0227, -62.1021, 26.1483, 2, 60.1206, 1, 5.74532e-44
4, 4, 4, 3, 25, 8, 198.489, 77.1825, -38.263, 10.7778, 0, 52.1204, 298.688, 66.2237, -46.7062, 11.4747, 0, 53.3962, 0, 9.10844e-44
4, 4, 4, 3, 25, 7, 198.489, 77.1825, -38.263, 10.7778, 0, 52.1204, 299.196, 63.3437, -45.6543, 11.6897, 0, 48.0776, 1, 1.26117e-44
4, 4, 4, 3, 28, 9, 199.51, 84.0225, -47.474, 13.7692, 0, 104.391, 300.205, 72.4411, -52.418, 12.7459, 0, 99.674, 0, 5.74532e-44
4, 4, 4, 3, 29, 10, 208.796, 85.1818, -69.4125, 13.7547, 0, 67.2665, 309.612, 72.6123, -76.6122, 14.0994, 0, 75.1321, 0, 180
4, 4, 4, 3, 29, 50, 208.796, 85.1818, -69.4125, 13.7547, 0, 67.2665, 308.961, 75.477, -71.0194, 25.2188, 2, 57.4401, 1, 145
4, 4, 4, 3, 32, 12, 205.338, 89.5519, -68.6938, 12.1, 0, 72.0083, 305.773, 77.7097, -72.048, 13.4776, 0, 82.0317, 0, 2.52234e-44
4, 4, 4, 3, 32, 52, 205.338, 89.5519, -68.6938, 12.1, 0, 72.0083, 320.731, 111.933, -93.4379, 21.806, 2, 126.493, 1, 3.50325e-44
4, 4, 4, 3, 34, 15, 216.506, 127.249, -103.333, 14.5193, 0, 134.232, 320.893, 112.359, -108.065, 14.5265, 0, 140.511, 0, 150
4, 4, 4, 3, 34, 52, 216.506, 127.249, -103.333, 14.5193, 0, 134.232, 320.731, 111.933, -93.4379, 21.806, 2, 126.493, 1, 3.08286e-44
4, 4, 4, 3, 43, 61, 585.504, 192.464, -42.2192, 15.1028, 0, 55.3381, 539.006, 88.0186, 97.2408, 36.375, 3, 50.0156, 0, 124
4, 4, 4, 3, 51, 24, 128.788, 239.004, 97.1293, 11.3571, 0, 54.1607, 250.664, 231.948, 88.1315, 12.4286, 0, 63.1786, 0, 5.74532e-44
4, 4, 4, 3, 51, 21, 128.788, 239.004, 97.1293, 11.3571, 0, 54.1607, 183.941, 215.596, 87.2106, 12.1233, 0, 63.0154, 1, 161
4, 4, 4, 3, 52, 43, 146.694, 244.981, 119.122, 14.3023, 0, 58.1657, 266.864, 235.642, 108.599, 15.6687, 1, 52.709, 0, 5.04467e-44
4, 4, 4, 3, 52, 69, 146.694, 244.981, 119.122, 14.3023, 0, 58.1657, 318.495, 110.458, -72.8939, 66.2526, 5, 68.2107, 1, 5.74532e-44
4, 4, 4, 3, 53, 25, 268.1, 254.307, 60.188, 13.6707, 0, 52.6857, 383.622, 232.484, 55.087, 11.8692, 0, 48.9752, 0, 109
4, 4, 4, 3, 54, 30, 183.597, 254.682, 121.467, 14.0455, 0, 50.5568, 301.503, 240.903, 111.993, 12.1579, 0, 46.0197, 0, 26
4, 4, 4, 3, 55, 22, 446.172, 256.858, 39.1754, 14.7188, 0, 94.5703, 571.864, 217.221, 32.0463, 13.4586, 0, 71.1402, 0, 2.94273e-44
4, 4, 4, 3, 56, 26, 292.507, 261.625, 104.999, 14.2308, 0, 49.6955, 410.6, 238.159, 96.6918, 11.597, 0, 65.1511, 0, 75
4, 4, 4, 3, 56, 58, 292.507, 261.625, 104.999, 14.2308, 0, 49.6955, 292.303, 240.44, 98.5814, 24.8271, 2, 64.3895, 1, 5.74532e-44
4, 4, 4, 3, 58, 44, 266.847, 263.847, 38.0957, 18, 0, 96.4355, 383.43, 242.928, 34.2104, 19, 1, 99.7083, 0, 5.74532e-44
4, 4, 4, 3, 58, 28, 266.847, 263.847, 38.0957, 18, 0, 96.4355, 383.312, 240.312, 27.8484, 12.8, 0, 50.2667, 1, 5.04467e-44
4, 4, 4, 3, 66, 1, 372.3, 66.114, 103.896, 18.8182, 1, 131.102, 472.837, 26.5633, 85.5915, 14.0738, 0, 173.9, 0, 75
4, 4, 4, 3, 66, 61, 372.3, 66.114, 103.896, 18.8182, 1, 131.102, 539.006, 88.0186, 97.2408, 36.375, 3, 50.0156, 1, 162
4, 4, 4, 3, 70, 10, 209.395, 85.5353, -68.1926, 15.5999, 1, 70.7112, 309.612, 72.6123, -76.6122, 14.0994, 0, 75.1321, 0, 180
4, 4, 4, 3, 70, 50, 209.395, 85.5353, -68.1926, 15.5999, 1, 70.7112, 308.961, 75.477, -71.0194, 25.2188, 2, 57.4401, 1, 162
4, 4, 4, 3, 72, 39, 211.867, 112.912, -77.5213, 18.3158, 1, 53.0526, 315.217, 99.0601, -82.2579, 17.5185, 1, 67.2608, 0, 5.74532e-44
4, 4, 4, 3, 72, 40, 211.867, 112.912, -77.5213, 18.3158, 1, 53.0526, 312.057, 108.549, -64.1375, 17.7188, 1, 78.0703, 1, 81
4, 4, 4, 3, 79, 43, 146.301, 244.903, 117.11, 17.3077, 1, 54.0865, 266.864, 235.642, 108.599, 15.6687, 1, 52.709, 0, 1.54143e-44
4, 4, 4, 3, 79, 41, 146.301, 244.903, 117.11, 17.3077, 1, 54.0865, 78.0838, 189.449, 127.503, 18.7595, 1, 57.1173, 1, 165
4, 4, 4, 3, 82, 22, 446.249, 256.701, 41.0309, 18.6522, 1, 91.1359, 571.864, 217.221, 32.0463, 13.4586, 0, 71.1402, 0, 7.14662e-44
4, 4, 4, 3, 82, 27, 446.249, 256.701, 41.0309, 18.6522, 1, 91.1359, 414.366, 237.959, 104.653, 14.8421, 0, 148.526, 1, 6.72623e-44
4, 4, 4, 3, 84, 44, 266.841, 264.303, 44.9938, 20.7957, 1, 113.189, 383.43, 242.928, 34.2104, 19, 1, 99.7083, 0, 5.74532e-44
4, 4, 4, 3, 84, 32, 266.841, 264.303, 44.9938, 20.7957, 1, 113.189, 384.669, 244.803, 19.1867, 14.4444, 0, 73.4815, 1, 8.40779e-44
4, 4, 4, 3, 98, 49, 195.424, 78.0196, -56.5654, 26.4286, 2, 55.7202, 295.348, 67.0227, -62.1021, 26.1483, 2, 60.1206, 0, 5.74532e-44
4, 4, 4, 3, 98, 37, 195.424, 78.0196, -56.5654, 26.4286, 2, 55.7202, 294.586, 66.2795, -55.373, 18.302, 1, 60.0161, 1, 7.9874e-44
4, 4, 4, 3, 99, 49, 194.5, 78.6196, -57.1328, 26.8696, 2, 48.7536, 295.348, 67.0227, -62.1021, 26.1483, 2, 60.1206, 0, 5.74532e-44
4, 4, 4, 3, 99, 37, 194.5, 78.6196, -57.1328, 26.8696, 2, 48.7536, 294.586, 66.2795, -55.373, 18.302, 1, 60.0161, 1, 7.70714e-44
4, 4, 4, 3, 101, 67, 202.074, 87.2943, -61.4649, 28.1835, 2, 80.7734, 302, 77, -68.2339, 36, 4, 70, 0, 0
4, 4, 4, 3, 101, 49, 202.074, 87.2943, -61.4649, 28.1835, 2, 80.7734, 295.348, 67.0227, -62.1021, 26.1483, 2, 60.1206, 1, 5.74532e-44
4, 4, 4, 3, 103, 51, 302.622, 112.65, -62.3086, 24.8182, 2, 47.1023, 407.094, 88.211, -67, 22.0588, 2, 46.2966, 0, 155
4, 4, 4, 3, 103, 47, 302.622, 112.65, -62.3086, 24.8182, 2, 47.1023, 320.15, 46.1937, -72.7745, 25.05, 2, 51.2042, 1, 1.4013e-45
4, 4, 4, 3, 104, 53, 206.87, 126.128, -65.5465, 19.9362, 2, 126.419, 311.988, 113.774, -68.3018, 18, 2, 128.407, 0, 3.22299e-44
4, 4, 4, 3, 104, 16, 206.87, 126.128, -65.5465, 19.9362, 2, 126.419, 311.468, 113.347, -64.8182, 15.6651, 0, 133.772, 1, 163
4, 4, 4, 3, 113, 57, 297.374, 263.283, 110.334, 22.0243, 2, 158.162, 414.26, 238.992, 102.855, 23.1724, 2, 158.184, 0, 0
4, 4, 4, 3, 113, 27, 297.374, 263.283, 110.334, 22.0243, 2, 158.162, 414.366, 237.959, 104.653, 14.8421, 0, 148.526, 1, 7.00649e-45
4, 4, 4, 3, 114, 55, 453.75, 267.75, 35.0646, 18, 2, 126, 580.976, 228.371, 30.2438, 21.5786, 2, 106.654, 0, 2.19502e+08
4, 4, 4, 3, 114, 66, 453.75, 267.75, 35.0646, 18, 2, 126, 583.147, 230.794, 15.4756, 35.0509, 3, 78.1296, 1, 2.87032e+26
4, 4, 4, 3, 129, 60, 415.039, 123.705, 113.047, 61.9263, 4, 132.277, 517.5, 81.5, 129.203, 48, 3, 107, 0, -5.25907e-32
4, 4, 4, 3, 129, 61, 415.039, 123.705, 113.047, 61.9263, 4, 132.277, 539.006, 88.0186, 97.2408, 36.375, 3, 50.0156, 1, -6.71764e-20
4, 4, 5, 1, 13, 1, 565.859, 81.5693, 20.5408, 12.3636, 0, 89.2424, 470.179, 38.0104, 21.0589, 12.3333, 0, 93.1944, 0, 79
4, 4, 5, 1, 13, 49, 565.859, 81.5693, 20.5408, 12.3636, 0, 89.2424, 470.721, 37.5496, 4.71924, 15.45, 1, 81.225, 1, -2.52671e-29
4, 4, 5, 1, 14, 2, 560.776, 82.9837, 94.1664, 11.25, 0, 102.062, 465.592, 39.0926, 111.032, 11.5846, 0, 71.1558, 0, 7.14662e-44
4, 4, 5, 1, 14, 17, 560.776, 82.9837, 94.1664, 11.25, 0, 102.062, 458.279, 60.2708, -124.501, 14.3077, 0, 75.8462, 1, 6.5861e-44
4, 4, 5, 1, 20, 0, 471.102, 93.0926, 157.267, 13.2857, 0, 130.411, 370.943, 28.7147, 167.561, 14.3636, 0, 136.121, 0, 29
4, 4, 5, 1, 20, 6, 471.102, 93.0926, 157.267, 13.2857, 0, 130.411, 394.999, 46.0569, -167.525, 12.2, 0, 123.1, 1, 181
4, 4, 5, 1, 24, 0, 466.406, 95.5945, 156.244, 11.75, 0, 53.0208, 370.943, 28.7147, 167.561, 14.3636, 0, 136.121, 0, 81
4, 4, 5, 1, 24, 6, 466.406, 95.5945, 156.244, 11.75, 0, 53.0208, 394.999, 46.0569, -167.525, 12.2, 0, 123.1, 1, 83
4, 4, 5, 1, 25, 13, 553.285, 96.8877, -140.086, 11.6657, 0, 66.1222, 452.353, 54.9857, -126.857, 12.0448, 0, 60.0019, 0, 7.28675e-44
4, 4, 5, 1, 25, 76, 553.285, 96.8877, -140.086, 11.6657, 0, 66.1222, 451.111, 59.9584, -157.656, 27.6974, 2, 125.237, 1, 90
4, 4, 5, 1, 27, 10, 526.93, 102.196, 45.0155, 13.3099, 0, 75.6919, 426.345, 54.1115, 53.5495, 13.9787, 0, 59.5559, 0, 59
4, 4, 5, 1, 27, 18, 526.93, 102.196, 45.0155, 13.3099, 0, 75.6919, 411.868, 61.8261, 81.6285, 14.5312, 0, 149.391, 1, 1.03696e-43
4, 4, 5, 1, 28, 16, 550.467, 101.666, -140.699, 14.2066, 0, 144.737, 449.418, 60.1826, -138.54, 13.1772, 0, 154.041, 0, 50
4, 4, 5, 1, 28, 54, 550.467, 101.666, -140.699, 14.2066, 0, 144.737, 466.802, 54.3587, -111.098, 16.6316, 1, 117.965, 1, 5.74532e-44
4, 4, 5, 1, 30, 6, 495.081, 102.818, -175.839, 11.5455, 0, 74.2841, 394.999, 46.0569, -167.525, 12.2, 0, 123.1, 0, 64
4, 4, 5, 1, 30, 52, 495.081, 102.818, -175.839, 11.5455, 0, 74.2841, 394.28, 48.9667, 169.592, 19.7797, 1, 89.5953, 1, 3.36312e-44
4, 4, 5, 1, 40, 61, 218.599, 150.041, -64.2291, 13.812, 0, 96.6963, 262.701, 100.097, -61.9462, 19.9412, 1, 65.8897, 0, 89
4, 4, 5, 1, 47, 21, 394.771, 162.323, -73.6249, 10.7778, 0, 77.1204, 270.32, 99.5961, -61.6423, 12.375, 0, 69.1562, 0, 90
4, 4, 5, 1, 49, 61, 387.981, 163.248, -57.6346, 12.9171, 0, 50.501, 262.701, 100.097, -61.9462, 19.9412, 1, 65.8897, 0, 70
4, 4, 5, 1, 49, 27, 387.981, 163.248, -57.6346, 12.9171, 0, 50.501, 267.644, 109.39, -63.8123, 14.7097, 0, 86.3226, 1, 6.44597e-44
4, 4, 5, 1, 51, 24, 402.593, 165.821, -121.434, 10.8367, 0, 46.9209, 279.845, 104.73, -112.109, 10.5, 0, 81.875, 0, 5.74532e-44
4, 4, 5, 1, 51, 27, 402.593, 165.821, -121.434, 10.8367, 0, 46.9209, 267.644, 109.39, -63.8123, 14.7097, 0, 86.3226, 1, 6.16571e-44
4, 4, 5, 1, 52, 63, 390.779, 167.779, -63.5037, 12.6716, 0, 58.4198, 265.657, 104.981, -60.2085, 15.6207, 1, 71.5603, 0, 1.68156e-44
4, 4, 5, 1, 52, 27, 390.779, 167.779, -63.5037, 12.6716, 0, 58.4198, 267.644, 109.39, -63.8123, 14.7097, 0, 86.3226, 1, 3.22299e-44
4, 4, 5, 1, 53, 28, 395.449, 171.526, -79.8405, 12.7991, 0, 82.6162, 270.861, 109.319, -72.8643, 13.738, 0, 97.8783, 0, 4.2039e-45
4, 4, 5, 1, 53, 65, 395.449, 171.526, -79.8405, 12.7991, 0, 82.6162, 268.5, 108.5, -72.0716, 24, 1, 89.5556, 1, 131
4, 4, 5, 1, 56, 31, 234.474, 187.55, -121.71, 14.3267, 0, 140.398, 282.683, 140.739, -101.266, 14.1069, 0, 128.785, 0, 94
4, 4, 5, 1, 57, 83, 401.842, 197.886, -79.3551, 17, 0, 60.375, 274.834, 142.072, -75.6564, 21.5806, 2, 109.84, 0, 9.80909e-45
4, 4, 5, 1, 57, 30, 401.842, 197.886, -79.3551, 17, 0, 60.375, 274, 139.75, -66.367, 18, 0, 69, 1, 69
4, 4, 5, 1, 58, 31, 407.587, 197.566, -106.599, 13.423, 0, 133.192, 282.683, 140.739, -101.266, 14.1069, 0, 128.785, 0, 71
4, 4, 5, 1, 58, 66, 407.587, 197.566, -106.599, 13.423, 0, 133.192, 282.654, 140.694, -93.27, 19.4518, 1, 128.718, 1, 45
4, 4, 5, 1, 69, 48, 558.841, 78.9918, 42.8138, 17.1549, 1, 152.606, 463.388, 34.2066, 38.217, 20.3333, 1, 132.681, 0, 6.02558e-44
4, 4, 5, 1, 69, 0, 558.841, 78.9918, 42.8138, 17.1549, 1, 152.606, 370.943, 28.7147, 167.561, 14.3636, 0, 136.121, 1, 69
4, 4, 5, 1, 70, 1, 566, 81, 19.002, 12, 1, 72.333, 470.179, 38.0104, 21.0589, 12.3333, 0, 93.1944, 0, 71
4, 4, 5, 1, 70, 49, 566, 81, 19.002, 12, 1, 72.333, 470.721, 37.5496, 4.71924, 15.45, 1, 81.225, 1, 5.74532e-44
4, 4, 5, 1, 82, 61, 218.613, 149.11, -66.3027, 14.1627, 1, 94.692, 262.701, 100.097, -61.9462, 19.9412, 1, 65.8897, 0, 61
4, 4, 5, 1, 85, 31, 407.755, 197.65, -111.086, 12, 1, 127.424, 282.683, 140.739, -101.266, 14.1069, 0, 128.785, 0, 75
4, 4, 5, 1, 85, 66, 407.755, 197.65, -111.086, 12, 1, 127.424, 282.654, 140.694, -93.27, 19.4518, 1, 128.718, 1, 126
4, 4, 5, 1, 86, 83, 401.284, 199.251, -78.1919, 17.3008, 1, 99.0469, 274.834, 142.072, -75.6564, 21.5806, 2, 109.84, 0, 8.26766e-44
4, 4, 5, 1, 86, 30, 401.284, 199.251, -78.1919, 17.3008, 1, 99.0469, 274, 139.75, -66.367, 18, 0, 69, 1, 176
4, 4, 5, 1, 114, 81, 483.151, 150.776, -86.4704, 25.6305, 2, 49.5578, 367.515, 107.249, -77.1246, 22.7143, 2, 47.1607, 0, 2.80146e-29
4, 4, 5, 1, 114, 13, 483.151, 150.776, -86.4704, 25.6305, 2, 49.5578, 452.353, 54.9857, -126.857, 12.0448, 0, 60.0019, 1, 8.26766e-44
4, 4, 5, 1, 137, 100, 546.279, 122.358, 121.926, 55.7368, 4, 142.265, 445.893, 77.1865, 137.162, 49.4118, 4, 102.078, 0, 1.10395e-05
4, 4, 5, 2, 17, 50, 308.671, 91.6775, 27.887, 13.2018, 0, 128.318, 186.059, 108.474, -95.9397, 48.962, 4, 99.1013, 0, -2.01754e+18
4, 4, 5, 2, 17, 36, 308.671, 91.6775, 27.887, 13.2018, 0, 128.318, 184.612, 77.7708, -83.6378, 25.0902, 2, 92.196, 1, 9.91899e-32
4, 4, 5, 2, 21, 50, 304.75, 94.75, 27.4729, 18, 0, 124.777, 186.059, 108.474, -95.9397, 48.962, 4, 99.1013, 0, 2.32843e-30
4, 4, 5, 2, 21, 37, 304.75, 94.75, 27.4729, 18, 0, 124.777, 185.853, 108.012, -94.011, 25.5383, 2, 122.912, 1, -2.0351e+28
4, 4, 5, 2, 40, 50, 218.599, 150.041, -64.2291, 13.812, 0, 96.6963, 186.059, 108.474, -95.9397, 48.962, 4, 99.1013, 0, 51
4, 4, 5, 2, 40, 37, 218.599, 150.041, -64.2291, 13.812, 0, 96.6963, 185.853, 108.012, -94.011, 25.5383, 2, 122.912, 1, 1.12104e-44
4, 4, 5, 2, 60, 16, 500.621, 270.87, 90.1357, 13.7171, 0, 152.036, 487.493, 196.809, 83.6397, 13.7473, 0, 112.859, 0, 143
4, 4, 5, 2, 73, 50, 304.76, 94.8269, 27.8831, 19.0924, 1, 126.678, 186.059, 108.474, -95.9397, 48.962, 4, 99.1013, 0, 155
4, 4, 5, 2, 73, 37, 304.76, 94.8269, 27.8831, 19.0924, 1, 126.678, 185.853, 108.012, -94.011, 25.5383, 2, 122.912, 1, 3.92364e-44
4, 4, 5, 2, 82, 50, 218.613, 149.11, -66.3027, 14.1627, 1, 94.692, 186.059, 108.474, -95.9397, 48.962, 4, 99.1013, 0, 139
4, 4, 5, 2, 82, 37, 218.613, 149.11, -66.3027, 14.1627, 1, 94.692, 185.853, 108.012, -94.011, 25.5383, 2, 122.912, 1, 7.00649e-44
4, 4, 5, 2, 97, 50, 308.863, 91.19, 27.1967, 21.2843, 2, 119.561, 186.059, 108.474, -95.9397, 48.962, 4, 99.1013, 0, 97
4, 4, 5, 2, 97, 37, 308.863, 91.19, 27.1967, 21.2843, 2, 119.561, 185.853, 108.012, -94.011, 25.5383, 2, 122.912, 1, 3.78351e-44
4, 4, 5, 3, 37, 1, 511.989, 113.917, 72.5483, 14.2742, 0, 138.907, 472.837, 26.5633, 85.5915, 14.0738, 0, 173.9, 0, 72
4, 4, 5, 3, 37, 61, 511.989, 113.917, 72.5483, 14.2742, 0, 138.907, 539.006, 88.0186, 97.2408, 36.375, 3, 50.0156, 1, 169
4, 4, 5, 3, 58, 52, 407.587, 197.566, -106.599, 13.423, 0, 133.192, 320.731, 111.933, -93.4379, 21.806, 2, 126.493, 0, 3.78351e-44
4, 4, 5, 3, 58, 15, 407.587, 197.566, -106.599, 13.423, 0, 133.192, 320.893, 112.359, -108.065, 14.5265, 0, 140.511, 1, 102
4, 4, 5, 3, 142, 69, 402.522, 197.59, -89.3576, 44.16, 4, 55.2845, 318.495, 110.458, -72.8939, 66.2526, 5, 68.2107, 0, -nan
4, 4, 5, 4, 13, 38, 565.859, 81.5693, 20.5408, 12.3636, 0, 89.2424, 557.045, 169.154, 12.2625, 11.6733, 0, 70.1497, 0, 3.64338e-44
4, 4, 5, 4, 25, 20, 553.285, 96.8877, -140.086, 11.6657, 0, 66.1222, 408.641, 72.073, -131.591, 11.7273, 0, 67.0455, 0, 88
4, 4, 5, 4, 25, 40, 553.285, 96.8877, -140.086, 11.6657, 0, 66.1222, 533.609, 184.459, -146.264, 12.8246, 0, 50.534, 1, 144
4, 4, 5, 4, 59, 104, 401.186, 199.62, -73.8843, 14.1768, 0, 100.352, 206.87, 126.128, -65.5465, 19.9362, 2, 126.419, 0, 0.0114275
4, 4, 5, 4, 59, 128, 401.186, 199.62, -73.8843, 14.1768, 0, 100.352, 206.282, 125.245, -70.4634, 47.0418, 4, 88.0487, 1, 0.000710401
4, 4, 5, 4, 70, 38, 566, 81, 19.002, 12, 1, 72.333, 557.045, 169.154, 12.2625, 11.6733, 0, 70.1497, 0, 5.16021e+36
4, 4, 5, 4, 76, 92, 493.75, 109.649, 148.694, 17.7805, 1, 46.0274, 357.6, 54.3853, 158.032, 28.1633, 2, 112.864, 0, 1.67824e-07
4, 4, 5, 4, 76, 89, 493.75, 109.649, 148.694, 17.7805, 1, 46.0274, 357.711, 51.3854, 161.729, 30.063, 2, 134.224, 1, 2.57848e-09
4, 4, 5, 4, 85, 34, 407.755, 197.65, -111.086, 12, 1, 127.424, 216.506, 127.249, -103.333, 14.5193, 0, 134.232, 0, 5.74532e-44
4, 4, 5, 4, 101, 97, 572.66, 98.9407, -86.2952, 23.7671, 2, 125.018, 438.614, 67.5616, -76.996, 24.1498, 2, 81.0075, 0, 1.45735e-43
4, 4, 5, 4, 101, 16, 572.66, 98.9407, -86.2952, 23.7671, 2, 125.018, 435.96, 68.3523, -86.7167, 12.9623, 0, 82.6816, 1, 170
4, 4, 5, 4, 142, 128, 402.522, 197.59, -89.3576, 44.16, 4, 55.2845, 206.282, 125.245, -70.4634, 47.0418, 4, 88.0487, 0, 2.60376e-12
