1, 1, 75, 2, 1, 6, 12, 0.0501952, 0.131807,13, 9, 4, 4, 3.08375, 1.29873, 0.192911, 0.031762, 9.63256
1, 1, 75, 3, 1, 13, 12, 0.12735, 0.324037,28, 26, 2, 8, 2.73297, 1.2674, 0.157908, 0.012374, 9.12058
1, 1, 75, 3, 2, 13, 11, 0.122736, 0.477303,41, 37, 4, 7, 2.72131, 1.24641, 0.13597, 0.014969, 8.96352
1, 1, 75, 4, 1, 9, 12, 0.0674755, 0.189055,19, 14, 5, 5, 2.75138, 1.28144, 0.113777, 0.0102, 9.0539
1, 1, 75, 4, 2, 9, 11, 0.0579848, 0.310256,31, 22, 9, 4, 2.71706, 1.26806, 0.118266, 0.014102, 8.97141
1, 1, 75, 4, 3, 9, 15, 0.0774934, 0.327562,32, 27, 5, 5, 2.73126, 1.36854, 0.130594, 0.013968, 9.06174
1, 1, 75, 5, 1, 8, 12, 0.0911519, 0.301876,27, 26, 1, 5, 2.74003, 1.26938, 0.112104, 0.011067, 8.95832
1, 1, 75, 5, 2, 8, 11, 0.108944, 0.401154,33, 31, 2, 5, 2.71616, 1.24593, 0.115324, 0.013121, 8.93534
1, 1, 75, 5, 3, 8, 15, 0.0981159, 0.416852,37, 37, 0, 5, 2.73302, 1.32183, 0.122173, 0.011357, 9.03598
1, 1, 75, 5, 4, 8, 12, 0.0511297, 0.23806,23, 9, 14, 4, 2.90331, 1.30921, 0.115741, 0.013511, 9.13372
1, 1, 75, 6, 1, 8, 12, 0.0657195, 0.171834,16, 14, 2, 5, 2.74773, 1.2872, 0.106834, 0.009528, 9.00366
1, 1, 75, 6, 2, 8, 11, 0.0681804, 0.26131,24, 23, 1, 5, 2.72728, 1.23963, 0.108812, 0.009814, 8.94746
1, 1, 75, 6, 3, 8, 15, 0.0771694, 0.339167,31, 30, 1, 5, 2.73971, 1.31676, 0.120024, 0.012193, 9.11313
1, 1, 75, 6, 4, 8, 12, 0.0338588, 0.146436,16, 6, 10, 3, 2.77752, 1.27252, 0.107269, 0.011112, 8.90805
1, 1, 75, 6, 5, 8, 12, 0.0498004, 0.194148,19, 10, 9, 4, 2.76807, 1.25653, 0.110921, 0.011843, 8.8322
1, 1, 75, 7, 1, 20, 12, 0.0886071, 0.195115,17, 16, 1, 6, 2.79195, 1.33368, 0.158354, 0.01016, 9.18514
1, 1, 75, 7, 2, 20, 11, 0.085056, 0.297846,27, 27, 0, 6, 2.72223, 1.27079, 0.148645, 0.009759, 9.03292
1, 1, 75, 7, 3, 20, 15, 0.0770945, 0.34988,30, 25, 5, 6, 2.74074, 1.32149, 0.173879, 0.012975, 9.14246
1, 1, 75, 7, 4, 20, 12, 0.0760718, 0.271855,24, 19, 5, 5, 2.78323, 1.26294, 0.156996, 0.01285, 9.01172
1, 1, 75, 7, 5, 20, 12, 0.0735509, 0.214069,18, 18, 0, 4, 2.774, 1.28042, 0.149742, 0.008081, 8.8769
1, 1, 75, 7, 6, 20, 13, 0.0862391, 0.317382,26, 26, 0, 5, 2.77119, 1.29276, 0.157988, 0.009669, 8.87182
1, 1, 75, 8, 1, 16, 12, 0.0815959, 0.163424,17, 14, 3, 8, 2.74494, 1.3156, 0.139587, 0.010801, 9.03148
1, 1, 75, 8, 2, 16, 11, 0.0674338, 0.213577,21, 19, 2, 6, 2.77072, 1.3268, 0.136145, 0.010466, 9.17291
1, 1, 75, 8, 3, 16, 15, 0.0696179, 0.277628,28, 27, 1, 6, 2.76381, 1.33769, 0.15374, 0.012479, 9.13917
1, 1, 75, 8, 4, 16, 12, 0.0391739, 0.148495,18, 8, 10, 4, 2.78976, 1.27135, 0.141651, 0.011928, 9.00149
1, 1, 75, 8, 5, 16, 12, 0.0344878, 0.115273,13, 5, 8, 3, 2.75372, 1.38417, 0.140394, 0.010576, 9.02233
1, 1, 75, 8, 6, 16, 13, 0.055657, 0.245682,25, 11, 14, 5, 2.82909, 1.29508, 0.14592, 0.015395, 9.02937
1, 1, 75, 8, 7, 16, 12, 0.064447, 0.26668,25, 20, 5, 5, 2.75249, 1.27836, 0.142563, 0.013125, 8.81021
1, 1, 75, 9, 1, 6, 12, 0.0623336, 0.210129,19, 13, 6, 4, 2.71804, 1.28021, 0.100361, 0.010566, 8.96448
1, 1, 75, 9, 2, 6, 11, 0.0668492, 0.301517,26, 18, 8, 4, 2.76002, 1.26144, 0.104554, 0.013156, 8.99282
1, 1, 75, 9, 3, 6, 15, 0.0840275, 0.345017,29, 24, 5, 4, 2.75535, 1.51118, 0.17453, 0.015706, 9.33583
1, 1, 75, 9, 4, 6, 12, 0.022619, 0.200734,20, 6, 14, 2, 2.81748, 1.3494, 0.124422, 0.013867, 9.06048
1, 1, 75, 9, 5, 6, 12, 0.0301119, 0.196492,19, 6, 13, 3, 2.84164, 1.40819, 0.111537, 0.013035, 9.14163
1, 1, 75, 9, 6, 6, 13, 0.0243969, 0.293322,27, 9, 18, 2, 2.79906, 1.35474, 0.117815, 0.015756, 8.94574
1, 1, 75, 9, 7, 6, 12, 0.0598479, 0.289782,25, 16, 9, 4, 2.76565, 1.36976, 0.110701, 0.0132, 8.89049
1, 1, 75, 9, 8, 6, 11, 0.0140845, 0.203931,21, 5, 16, 1, 2.79873, 1.29553, 0.108692, 0.013406, 8.90631
1, 1, 75, 10, 1, 17, 12, 0.0901143, 0.252098,23, 17, 6, 6, 2.78473, 1.33428, 0.153349, 0.013837, 9.1741
1, 1, 75, 10, 2, 17, 11, 0.100208, 0.391378,35, 28, 7, 6, 2.74849, 1.35952, 0.153043, 0.015004, 9.11104
1, 1, 75, 10, 3, 17, 15, 0.104098, 0.43266,40, 32, 8, 6, 2.83537, 1.45855, 0.173544, 0.015856, 9.40278
1, 1, 75, 10, 4, 17, 12, 0.0589699, 0.258095,26, 10, 16, 5, 2.78896, 1.38214, 0.153895, 0.016196, 9.05788
1, 1, 75, 10, 5, 17, 12, 0.0548236, 0.213058,22, 9, 13, 4, 2.77659, 1.33669, 0.149281, 0.013977, 8.93969
1, 1, 75, 10, 6, 17, 13, 0.0634379, 0.331152,31, 14, 17, 4, 2.87596, 1.45645, 0.177046, 0.018205, 9.24004
1, 1, 75, 10, 7, 17, 12, 0.0702455, 0.339447,31, 17, 14, 5, 2.78581, 1.32438, 0.179144, 0.016132, 9.03794
1, 1, 75, 10, 8, 17, 11, 0.0595083, 0.258096,26, 9, 17, 5, 2.77824, 1.33053, 0.148895, 0.01567, 8.98346
1, 1, 75, 10, 9, 17, 11, 0, 0.15662,20, 0, 20, 0, 2.93767, 1.3461, 0.152097, 0.015385, 9.20118
1, 1, 75, 11, 1, 12, 12, 0.0606834, 0.225973,22, 13, 9, 4, 2.78664, 1.33102, 0.131076, 0.012725, 9.14968
1, 1, 75, 11, 2, 12, 11, 0.0651236, 0.330839,31, 15, 16, 4, 2.74072, 1.33066, 0.133465, 0.01578, 9.0906
1, 1, 75, 11, 3, 12, 15, 0.0921353, 0.325173,29, 25, 4, 5, 2.7726, 1.59975, 0.14875, 0.014097, 9.37623
1, 1, 75, 11, 4, 12, 12, 0.00826446, 0.16184,19, 1, 18, 1, 2.8285, 1.33384, 0.132358, 0.014343, 9.08778
1, 1, 75, 11, 5, 12, 12, 0.0265755, 0.189197,20, 4, 16, 3, 2.84621, 1.33301, 0.132909, 0.014263, 9.0073
1, 1, 75, 11, 6, 12, 13, 0.00840336, 0.22889,24, 2, 22, 1, 2.85512, 1.3954, 0.140479, 0.015866, 9.13398
1, 1, 75, 11, 7, 12, 12, 0.0582726, 0.261007,24, 14, 10, 4, 2.81439, 1.42903, 0.132764, 0.013351, 9.06111
1, 1, 75, 11, 8, 12, 11, 0.00862069, 0.184813,21, 2, 19, 1, 2.7754, 1.3264, 0.129251, 0.014523, 8.93807
1, 1, 75, 11, 9, 12, 11, 0, 0.139922,18, 0, 18, 0, 2.85535, 1.35868, 0.124963, 0.013106, 9.03114
1, 1, 75, 11, 10, 12, 9, 0, 0.096132,14, 0, 14, 0, 2.8015, 1.40642, 0.135394, 0.013106, 9.29427
1, 1, 75, 12, 1, 5, 12, 0.0565994, 0.19736,19, 19, 0, 4, 2.79583, 1.38032, 0.105826, 0.0081, 9.23043
1, 1, 75, 12, 2, 5, 11, 0.0582991, 0.274197,25, 24, 1, 4, 2.73779, 1.30956, 0.10506, 0.010445, 9.05096
1, 1, 75, 12, 3, 5, 15, 0.0573758, 0.313032,30, 30, 0, 4, 2.77955, 1.43587, 0.107991, 0.010005, 9.17202
1, 1, 75, 12, 4, 5, 12, 0.0435396, 0.163385,15, 8, 7, 4, 2.81729, 1.36571, 0.100681, 0.010766, 9.0043
1, 1, 75, 12, 5, 5, 12, 0.0601148, 0.192617,18, 16, 2, 4, 2.78773, 1.36961, 0.104779, 0.009564, 8.96117
1, 1, 75, 12, 6, 5, 13, 0.0582234, 0.284755,27, 25, 2, 4, 2.81931, 1.47969, 0.107555, 0.011668, 9.21138
1, 1, 75, 12, 7, 5, 12, 0.0620598, 0.249377,21, 20, 1, 4, 2.87985, 1.39352, 0.113772, 0.010405, 9.14328
1, 1, 75, 12, 8, 5, 11, 0.0447651, 0.19442,18, 9, 9, 4, 2.85011, 1.39194, 0.107434, 0.012013, 9.12083
1, 1, 75, 12, 9, 5, 11, 0.00884956, 0.109689,13, 2, 11, 1, 2.92881, 1.28264, 0.094379, 0.01006, 9.23457
1, 1, 75, 12, 10, 5, 9, 0.0340598, 0.106349,11, 5, 6, 3, 2.79068, 1.23235, 0.089996, 0.009278, 9.06461
1, 1, 75, 12, 11, 5, 11, 0.0585703, 0.226282,20, 18, 2, 4, 2.73668, 1.26192, 0.107419, 0.011257, 9.01465
1, 1, 75, 13, 1, 5, 12, 0.0583262, 0.211079,20, 20, 0, 4, 2.74601, 1.26442, 0.09461, 0.00791, 8.92457
1, 1, 75, 13, 2, 5, 11, 0.0597603, 0.268444,24, 22, 2, 4, 2.79791, 1.33925, 0.102986, 0.010716, 9.16384
1, 1, 75, 13, 3, 5, 15, 0.0612833, 0.341183,31, 31, 0, 4, 2.77822, 1.42744, 0.109017, 0.010471, 9.27853
1, 1, 75, 13, 4, 5, 12, 0.0517469, 0.248679,22, 14, 8, 4, 2.89316, 1.32366, 0.115185, 0.012354, 9.09678
1, 1, 75, 13, 5, 5, 12, 0.0565277, 0.184827,17, 15, 2, 4, 2.84612, 1.31518, 0.09508, 0.009419, 9.05602
1, 1, 75, 13, 6, 5, 13, 0.0609114, 0.292146,27, 24, 3, 4, 2.76201, 1.28961, 0.121564, 0.011613, 8.8273
1, 1, 75, 13, 7, 5, 12, 0.0607591, 0.262591,23, 23, 0, 4, 2.75683, 1.26557, 0.097059, 0.009248, 8.75285
1, 1, 75, 13, 8, 5, 11, 0.0643659, 0.226143,19, 15, 4, 4, 2.8305, 1.3495, 0.108637, 0.010305, 8.96119
1, 1, 75, 13, 9, 5, 11, 0, 0.112624,13, 0, 13, 0, 2.8588, 1.2696, 0.094389, 0.011412, 8.98847
1, 1, 75, 13, 10, 5, 9, 0, 0.131292,16, 0, 16, 0, 2.77355, 1.22056, 0.093718, 0.012234, 9.02575
1, 1, 75, 13, 11, 5, 11, 0.0417293, 0.213371,20, 12, 8, 3, 2.74023, 1.24852, 0.096243, 0.011548, 8.98434
1, 1, 75, 13, 12, 5, 8, 0.0570328, 0.146477,13, 11, 2, 4, 2.70471, 1.19188, 0.087751, 0.009403, 8.85582
1, 1, 75, 14, 1, 5, 12, 0.0398756, 0.12549,12, 10, 2, 3, 2.7272, 1.28424, 0.107605, 0.008712, 9.03803
1, 1, 75, 14, 2, 5, 11, 0.0464397, 0.205134,19, 16, 3, 3, 2.71205, 1.23763, 0.094369, 0.010059, 8.8821
1, 1, 75, 14, 3, 5, 15, 0.0541402, 0.216875,20, 17, 3, 4, 2.81804, 1.45573, 0.110541, 0.011387, 9.31889
1, 1, 75, 14, 4, 5, 12, 0.0205852, 0.11815,13, 6, 7, 2, 2.78168, 1.27187, 0.095466, 0.009574, 8.87528
1, 1, 75, 14, 5, 5, 12, 0.0242433, 0.100994,10, 4, 6, 2, 2.77898, 1.26816, 0.091513, 0.008732, 8.82592
1, 1, 75, 14, 6, 5, 13, 0.033181, 0.186911,19, 12, 7, 3, 2.77185, 1.29175, 0.097951, 0.011683, 8.81445
1, 1, 75, 14, 7, 5, 12, 0.0476583, 0.186379,16, 13, 3, 3, 2.91527, 1.30064, 0.103767, 0.0101, 9.08224
1, 1, 75, 14, 8, 5, 11, 0.0222854, 0.1224,13, 4, 9, 2, 2.75155, 1.25113, 0.093432, 0.009799, 8.8155
1, 1, 75, 14, 9, 5, 11, 0, 0.0753821,11, 0, 11, 0, 2.8259, 1.23965, 0.094655, 0.009774, 8.86351
1, 1, 75, 14, 10, 5, 9, 0, 0.0687247,11, 0, 11, 0, 2.77418, 1.23623, 0.087871, 0.01003, 8.99993
1, 1, 75, 14, 11, 5, 11, 0, 0.11759,13, 0, 13, 0, 2.82396, 1.33111, 0.093427, 0.011518, 9.21208
1, 1, 75, 14, 12, 5, 8, 0.0519102, 0.11314,10, 8, 2, 4, 2.71697, 1.22131, 0.086684, 0.008016, 8.89469
1, 1, 75, 14, 13, 5, 8, 0.0390526, 0.107621,10, 7, 3, 3, 2.74432, 1.33838, 0.098788, 0.009363, 9.10511
1, 1, 75, 15, 1, 9, 12, 0.0514177, 0.124095,13, 10, 3, 5, 2.82586, 1.28557, 0.111498, 0.01022, 9.17862
1, 1, 75, 15, 2, 9, 11, 0.0463186, 0.180807,18, 15, 3, 4, 2.72416, 1.27023, 0.109428, 0.009444, 8.98732
1, 1, 75, 15, 3, 9, 15, 0.0497009, 0.2266,23, 20, 3, 4, 2.73556, 1.3267, 0.119147, 0.011352, 9.02337
1, 1, 75, 15, 4, 9, 12, 0.0274846, 0.138933,16, 6, 10, 3, 2.77749, 1.36436, 0.111146, 0.010941, 9.00511
1, 1, 75, 15, 5, 9, 12, 0.0105263, 0.073485,10, 3, 7, 1, 2.78552, 1.27053, 0.108792, 0.009709, 8.83717
1, 1, 75, 15, 6, 9, 13, 0.035212, 0.161821,17, 11, 6, 3, 2.76643, 1.3121, 0.115816, 0.010966, 8.86323
1, 1, 75, 15, 7, 9, 12, 0.0365981, 0.192323,19, 11, 8, 3, 2.82706, 1.3632, 0.12599, 0.012194, 9.05292
1, 1, 75, 15, 8, 9, 11, 0.0104167, 0.118874,15, 2, 13, 1, 2.77448, 1.24572, 0.110064, 0.011292, 8.83539
1, 1, 75, 15, 9, 9, 11, 0, 0.0688749,11, 0, 11, 0, 2.81065, 1.25653, 0.104463, 0.009659, 8.8664
1, 1, 75, 15, 10, 9, 9, 0, 0.0194248,6, 0, 6, 0, 2.77635, 1.21897, 0.095286, 0.007885, 8.97926
1, 1, 75, 15, 11, 9, 11, 0.0231841, 0.133394,15, 2, 13, 2, 2.75786, 1.26755, 0.10999, 0.011778, 9.13618
1, 1, 75, 15, 12, 9, 8, 0.0398794, 0.088555,9, 6, 3, 3, 2.71357, 1.22161, 0.09464, 0.008001, 8.89665
1, 1, 75, 15, 13, 9, 8, 0.0435348, 0.110441,11, 7, 4, 3, 2.73962, 1.20574, 0.099524, 0.009178, 8.95902
1, 1, 75, 15, 14, 9, 10, 0.0501769, 0.146955,14, 12, 2, 4, 2.74899, 1.23823, 0.105015, 0.008792, 9.02956
2, 2, 75, 2, 1, 19, 16, 0.10086, 0.371416,35, 31, 4, 7, 2.84392, 1.41633, 0.180562, 0.014122, 9.25364
2, 2, 75, 3, 1, 14, 16, 0.0536775, 0.147456,13, 13, 0, 4, 2.80032, 1.42703, 0.138039, 0.006427, 9.14953
2, 2, 75, 3, 2, 14, 11, 0.0206933, 0.039483,4, 3, 1, 2, 2.75083, 1.34792, 0.11312, 0.007084, 8.98365
2, 2, 75, 4, 1, 7, 16, 0.115359, 0.413895,34, 33, 1, 6, 2.806, 1.42134, 0.122469, 0.012169, 9.13776
2, 2, 75, 4, 2, 7, 11, 0.0835147, 0.259456,25, 23, 2, 6, 2.73075, 1.32345, 0.10274, 0.010085, 8.92455
2, 2, 75, 4, 3, 7, 15, 0.0947202, 0.264966,22, 22, 0, 6, 2.76959, 1.4191, 0.124673, 0.008782, 9.13351
2, 2, 75, 5, 1, 8, 16, 0.0962074, 0.355997,31, 29, 2, 6, 2.82717, 1.42053, 0.125535, 0.011542, 9.24548
2, 2, 75, 5, 2, 8, 11, 0.0742807, 0.20917,20, 18, 2, 6, 2.74573, 1.44516, 0.106273, 0.01017, 9.06315
2, 2, 75, 5, 3, 8, 15, 0.0798802, 0.239269,21, 21, 0, 6, 2.79514, 1.40486, 0.113376, 0.006949, 9.09195
2, 2, 75, 5, 4, 8, 14, 0.100729, 0.305988,27, 25, 2, 6, 2.86005, 1.35129, 0.121742, 0.012058, 9.24124
2, 2, 75, 6, 1, 5, 16, 0.0819267, 0.322819,26, 26, 0, 4, 2.80895, 1.51193, 0.106096, 0.008616, 9.20922
2, 2, 75, 6, 2, 5, 11, 0.0583696, 0.177183,16, 16, 0, 4, 2.73884, 1.33971, 0.090461, 0.006167, 8.94838
2, 2, 75, 6, 3, 5, 15, 0.0664811, 0.232403,19, 19, 0, 4, 2.80607, 1.40271, 0.101408, 0.008076, 9.15727
2, 2, 75, 6, 4, 5, 14, 0.085826, 0.240677,19, 19, 0, 4, 2.80934, 1.43681, 0.099208, 0.006884, 9.17127
2, 2, 75, 6, 5, 5, 12, 0.0849644, 0.211143,16, 14, 2, 4, 2.84383, 1.33452, 0.093161, 0.008271, 9.05873
2, 2, 75, 7, 1, 7, 16, 0.0798884, 0.244763,22, 22, 0, 6, 2.87877, 1.46054, 0.122609, 0.008536, 9.2948
2, 2, 75, 7, 2, 7, 11, 0.0562762, 0.18549,18, 12, 6, 5, 2.75169, 1.31083, 0.109839, 0.012188, 9.02213
2, 2, 75, 7, 3, 7, 15, 0.0755068, 0.197547,18, 18, 0, 6, 2.84688, 1.39973, 0.109945, 0.007665, 9.19943
2, 2, 75, 7, 4, 7, 14, 0.0780606, 0.222611,22, 22, 0, 6, 2.81943, 1.36208, 0.108181, 0.00732, 9.08056
2, 2, 75, 7, 5, 7, 12, 0.0705858, 0.160121,16, 16, 0, 6, 2.81808, 1.36152, 0.099098, 0.006908, 9.04456
2, 2, 75, 7, 6, 7, 10, 0.056125, 0.056125,6, 6, 0, 6, 2.84562, 1.31236, 0.088027, 0.004408, 8.9643
2, 2, 75, 8, 1, 8, 16, 0.0411255, 0.151008,14, 14, 0, 3, 2.80867, 1.4467, 0.128636, 0.007495, 9.16455
2, 2, 75, 8, 2, 8, 11, 0.0486529, 0.117578,11, 11, 0, 4, 2.77388, 1.36662, 0.119193, 0.007039, 9.16621
2, 2, 75, 8, 3, 8, 15, 0.0415123, 0.125026,11, 11, 0, 3, 2.82703, 1.3867, 0.11018, 0.006643, 9.16823
2, 2, 75, 8, 4, 8, 14, 0.0386796, 0.0818855,8, 7, 1, 3, 2.93809, 1.49763, 0.109107, 0.008246, 9.41786
2, 2, 75, 8, 5, 8, 12, 0.033489, 0.0770187,8, 8, 0, 3, 2.95384, 1.41672, 0.136778, 0.006473, 9.37855
2, 2, 75, 8, 6, 8, 10, 0.00877193, 0.0174676,2, 2, 0, 1, 2.88044, 1.30474, 0.108422, 0.005356, 9.09243
2, 2, 75, 8, 7, 8, 10, 0.0180421, 0.0346399,5, 4, 1, 2, 2.89413, 1.30532, 0.094824, 0.005501, 9.10456
2, 2, 75, 9, 1, 21, 16, 0.086937, 0.262143,25, 23, 2, 6, 2.82708, 1.40776, 0.18243, 0.010235, 9.19554
2, 2, 75, 9, 2, 21, 11, 0.0624571, 0.161341,18, 9, 9, 5, 2.7363, 1.31993, 0.147663, 0.010346, 8.96971
2, 2, 75, 9, 3, 21, 15, 0.0525458, 0.206819,22, 12, 10, 4, 2.79475, 1.42248, 0.175347, 0.011693, 9.14931
2, 2, 75, 9, 4, 21, 14, 0.0770448, 0.21131,22, 18, 4, 5, 2.88397, 1.44124, 0.214846, 0.011798, 9.43262
2, 2, 75, 9, 5, 21, 12, 0.0942411, 0.18622,18, 18, 0, 8, 2.85389, 1.28161, 0.15396, 0.008176, 9.13839
2, 2, 75, 9, 6, 21, 10, 0.0644432, 0.0811099,8, 8, 0, 6, 2.8766, 1.27665, 0.136727, 0.005992, 9.06042
2, 2, 75, 9, 7, 21, 10, 0.0864623, 0.138404,14, 14, 0, 8, 2.947, 1.29712, 0.168298, 0.007284, 9.31739
2, 2, 75, 9, 8, 21, 23, 0.0860274, 0.234353,20, 20, 0, 6, 3.27255, 1.62293, 0.222213, 0.009583, 10.4508
2, 2, 75, 10, 1, 20, 16, 0.0740839, 0.214686,20, 20, 0, 6, 2.83277, 1.44929, 0.174279, 0.008882, 9.28521
2, 2, 75, 10, 2, 20, 11, 0.0656643, 0.19242,19, 18, 1, 5, 2.76816, 1.28972, 0.147523, 0.009499, 9.00322
2, 2, 75, 10, 3, 20, 15, 0.0630545, 0.172151,16, 16, 0, 5, 2.80622, 1.37791, 0.167035, 0.007855, 9.14767
2, 2, 75, 10, 4, 20, 14, 0.0703246, 0.149742,15, 14, 1, 6, 2.835, 1.34602, 0.162026, 0.009378, 9.17667
2, 2, 75, 10, 5, 20, 12, 0.0563509, 0.126114,13, 12, 1, 5, 2.8431, 1.33419, 0.173662, 0.008276, 9.14823
2, 2, 75, 10, 6, 20, 10, 0.0286695, 0.0286695,3, 3, 0, 3, 2.8917, 1.26665, 0.16657, 0.006107, 9.15868
2, 2, 75, 10, 7, 20, 10, 0.0416436, 0.0674345,7, 6, 1, 4, 2.88987, 1.3001, 0.137768, 0.008277, 9.13557
2, 2, 75, 10, 8, 20, 23, 0.0414729, 0.152533,15, 8, 7, 4, 3.15886, 1.52943, 0.222895, 0.021818, 10.1583
2, 2, 75, 10, 9, 20, 15, 0.0619803, 0.116365,12, 12, 0, 6, 2.81615, 1.38782, 0.165708, 0.006858, 9.16121
2, 2, 75, 11, 1, 21, 16, 0.0232527, 0.107685,10, 7, 3, 2, 2.8633, 1.3956, 0.173307, 0.008517, 9.2375
2, 2, 75, 11, 2, 21, 11, 0, 0.011236,2, 0, 2, 0, 2.76473, 1.29418, 0.138014, 0.006618, 8.96656
2, 2, 75, 11, 3, 21, 15, 0.0202483, 0.0606248,6, 4, 2, 2, 2.86734, 1.5177, 0.166254, 0.007434, 9.44279
2, 2, 75, 11, 4, 21, 14, 0.0246876, 0.0843042,8, 5, 3, 2, 2.87458, 1.3349, 0.164475, 0.008557, 9.19393
2, 2, 75, 11, 5, 21, 12, 0.0447107, 0.103851,10, 10, 0, 4, 2.84488, 1.33908, 0.150408, 0.006679, 9.10146
2, 2, 75, 11, 6, 21, 10, 0.0269792, 0.0269792,3, 3, 0, 3, 2.85275, 1.27406, 0.131672, 0.00516, 9.04212
2, 2, 75, 11, 7, 21, 10, 0.0397064, 0.0774439,7, 7, 0, 3, 2.91384, 1.26462, 0.13622, 0.006042, 9.15465
2, 2, 75, 11, 8, 21, 23, 0.0260135, 0.0758846,8, 7, 1, 2, 3.17621, 1.64938, 0.215094, 0.007539, 10.2623
2, 2, 75, 11, 9, 21, 15, 0.0138889, 0.0621375,6, 1, 5, 1, 2.86264, 1.35095, 0.183658, 0.009389, 9.33165
2, 2, 75, 11, 10, 21, 10, 0.0108696, 0.0476816,6, 2, 4, 1, 2.8166, 1.30007, 0.139808, 0.008421, 9.11635
2, 2, 75, 12, 1, 21, 16, 0.0794706, 0.279414,25, 25, 0, 6, 2.83715, 1.37918, 0.177481, 0.008987, 9.21626
2, 2, 75, 12, 2, 21, 11, 0.058588, 0.162881,17, 12, 5, 6, 2.80198, 1.38927, 0.166489, 0.01304, 9.22789
2, 2, 75, 12, 3, 21, 15, 0.0538883, 0.172685,17, 16, 1, 5, 2.8837, 1.37093, 0.173307, 0.009218, 9.29753
2, 2, 75, 12, 4, 21, 14, 0.0812009, 0.256414,23, 23, 0, 6, 2.83476, 1.37352, 0.191687, 0.009097, 9.26309
2, 2, 75, 12, 5, 21, 12, 0.107256, 0.262122,23, 23, 0, 8, 2.83457, 1.30997, 0.156595, 0.008912, 9.09935
2, 2, 75, 12, 6, 21, 10, 0.0803024, 0.135665,14, 12, 2, 8, 2.85881, 1.28817, 0.143565, 0.009117, 9.04886
2, 2, 75, 12, 7, 21, 10, 0.101274, 0.238213,22, 21, 1, 8, 2.88328, 1.38096, 0.152412, 0.011327, 9.25848
2, 2, 75, 12, 8, 21, 23, 0.0649422, 0.220975,21, 19, 2, 5, 3.17742, 1.60829, 0.235189, 0.011477, 10.3041
2, 2, 75, 12, 9, 21, 15, 0.0636501, 0.165429,15, 11, 4, 5, 2.87161, 1.35665, 0.190244, 0.010075, 9.30804
2, 2, 75, 12, 10, 21, 10, 0.059853, 0.124565,11, 9, 2, 5, 2.78147, 1.28098, 0.142944, 0.009318, 9.03346
2, 2, 75, 12, 11, 21, 20, 0.0605484, 0.180576,16, 15, 1, 4, 2.88028, 1.48867, 0.199879, 0.008697, 9.41127
2, 2, 75, 13, 1, 20, 16, 0.0624584, 0.189094,15, 15, 0, 4, 2.86275, 1.37394, 0.168699, 0.00734, 9.20446
2, 2, 75, 13, 2, 20, 11, 0.0587722, 0.133994,13, 13, 0, 5, 2.74976, 1.29063, 0.145178, 0.007019, 8.97824
2, 2, 75, 13, 3, 20, 15, 0.0671237, 0.166158,15, 15, 0, 6, 2.80898, 1.39045, 0.177501, 0.008456, 9.16442
2, 2, 75, 13, 4, 20, 14, 0.0855409, 0.197262,17, 15, 2, 6, 2.90444, 1.31618, 0.165597, 0.009884, 9.34882
2, 2, 75, 13, 5, 20, 12, 0.0645206, 0.155025,13, 10, 3, 4, 2.83544, 1.43853, 0.152693, 0.009193, 9.23233
2, 2, 75, 13, 6, 20, 10, 0.0393083, 0.0764908,8, 6, 2, 4, 2.85027, 1.32291, 0.136506, 0.00728, 9.05708
2, 2, 75, 13, 7, 20, 10, 0.0341503, 0.105608,12, 7, 5, 3, 2.96457, 1.32383, 0.153013, 0.011267, 9.33712
2, 2, 75, 13, 8, 20, 23, 0.0272711, 0.14838,16, 6, 10, 2, 3.15211, 1.53442, 0.214464, 0.011422, 10.2101
2, 2, 75, 13, 9, 20, 15, 0.0647117, 0.124299,10, 10, 0, 4, 2.82653, 1.38922, 0.163269, 0.006653, 9.18152
2, 2, 75, 13, 10, 20, 10, 0.0687838, 0.123699,11, 11, 0, 5, 2.84862, 1.34105, 0.133725, 0.00737, 9.1229
2, 2, 75, 13, 11, 20, 20, 0.0457459, 0.120149,11, 10, 1, 3, 2.96997, 1.57499, 0.193552, 0.008912, 9.7522
2, 2, 75, 13, 12, 20, 27, 0.0496442, 0.110312,9, 9, 0, 3, 3.20056, 1.73809, 0.235769, 0.006953, 10.055
2, 2, 75, 14, 1, 12, 16, 0.0383175, 0.153949,14, 14, 0, 3, 2.83879, 1.40253, 0.132534, 0.006783, 9.22746
2, 2, 75, 14, 2, 12, 11, 0.0238129, 0.0820055,8, 8, 0, 2, 2.78142, 1.28631, 0.108506, 0.005436, 8.97562
2, 2, 75, 14, 3, 12, 15, 0.0379437, 0.122392,11, 11, 0, 3, 2.79141, 1.3704, 0.126817, 0.006242, 9.08816
2, 2, 75, 14, 4, 12, 14, 0.0357049, 0.145882,14, 13, 1, 3, 2.83485, 1.43635, 0.146726, 0.009954, 9.24837
2, 2, 75, 14, 5, 12, 12, 0.0423928, 0.107083,9, 7, 2, 3, 2.89557, 1.33972, 0.130985, 0.008061, 9.25179
2, 2, 75, 14, 6, 12, 10, 0.023314, 0.0509107,5, 4, 1, 2, 2.94683, 1.31547, 0.10769, 0.007409, 9.22151
2, 2, 75, 14, 7, 12, 10, 0.0340935, 0.0757953,7, 7, 0, 3, 2.99379, 1.41305, 0.116673, 0.006087, 9.45172
2, 2, 75, 14, 8, 12, 23, 0.0300235, 0.12897,11, 9, 2, 2, 3.14516, 1.50499, 0.15407, 0.008356, 10.1292
2, 2, 75, 14, 9, 12, 15, 0.0275875, 0.0930635,8, 7, 1, 2, 2.82532, 1.42155, 0.127018, 0.00793, 9.33987
2, 2, 75, 14, 10, 12, 10, 0.0279941, 0.0801173,7, 6, 1, 2, 2.80875, 1.43057, 0.132343, 0.008111, 9.16361
2, 2, 75, 14, 11, 12, 20, 0.0266553, 0.0803482,7, 7, 0, 2, 2.97528, 1.6441, 0.142753, 0.006508, 9.73221
2, 2, 75, 14, 12, 12, 27, 0.0273478, 0.0823034,7, 7, 0, 2, 2.92633, 1.59919, 0.160979, 0.005245, 9.61965
2, 2, 75, 14, 13, 12, 29, 0.0295091, 0.0483291,5, 4, 1, 3, 2.94606, 1.66644, 0.170081, 0.006928, 9.62666
2, 2, 75, 15, 1, 8, 16, 0.0504926, 0.183845,18, 17, 1, 4, 2.93238, 1.50226, 0.1438, 0.012214, 9.42021
2, 2, 75, 15, 2, 8, 11, 0.0498698, 0.147494,14, 14, 0, 4, 2.79261, 1.27045, 0.105446, 0.00758, 9.0242
2, 2, 75, 15, 3, 8, 15, 0.0519584, 0.151239,14, 14, 0, 4, 2.79936, 1.39309, 0.108762, 0.006673, 9.06854
2, 2, 75, 15, 4, 8, 14, 0.0495347, 0.170381,17, 14, 3, 4, 2.84204, 1.36341, 0.113126, 0.009789, 9.13203
2, 2, 75, 15, 5, 8, 12, 0.0453009, 0.122265,12, 10, 2, 4, 2.87551, 1.28941, 0.104805, 0.008491, 9.13153
2, 2, 75, 15, 6, 8, 10, 0.0313728, 0.0585652,6, 5, 1, 3, 2.82873, 1.26477, 0.117385, 0.006954, 8.97005
2, 2, 75, 15, 7, 8, 10, 0.0190172, 0.0604892,6, 3, 3, 2, 2.89858, 1.27474, 0.108231, 0.008462, 9.10038
2, 2, 75, 15, 8, 8, 23, 0.0377995, 0.134725,13, 8, 5, 4, 3.25192, 1.51202, 0.149516, 0.010506, 10.2386
2, 2, 75, 15, 9, 8, 15, 0.0447885, 0.118746,12, 12, 0, 4, 2.82794, 1.37205, 0.112424, 0.006523, 9.15471
2, 2, 75, 15, 10, 8, 10, 0.0440803, 0.0891243,9, 9, 0, 4, 2.8245, 1.30447, 0.096779, 0.006202, 9.04427
2, 2, 75, 15, 11, 8, 20, 0.0452639, 0.116958,12, 11, 1, 4, 2.90056, 1.45982, 0.122073, 0.007885, 9.4148
2, 2, 75, 15, 12, 8, 27, 0.0442837, 0.100206,10, 10, 0, 4, 2.92988, 1.59557, 0.136095, 0.005616, 9.49187
2, 2, 75, 15, 13, 8, 29, 0.0171829, 0.0463442,7, 2, 5, 2, 2.93659, 1.65363, 0.164586, 0.009593, 9.61626
2, 2, 75, 15, 14, 8, 25, 0.0120482, 0.0226865,2, 2, 0, 1, 3.02453, 1.576, 0.12325, 0.004388, 9.65789
3, 3, 75, 2, 1, 25, 39, 0.0737907, 0.10036,11, 10, 1, 7, 3.04951, 1.88065, 0.339016, 0.008161, 9.27867
3, 3, 75, 3, 1, 30, 39, 0.252426, 0.305806,24, 24, 0, 18, 3.01608, 1.85527, 0.405886, 0.009689, 9.27556
3, 3, 75, 3, 2, 30, 46, 0.297269, 0.351817,25, 24, 1, 19, 3.04988, 2.03432, 0.455959, 0.010615, 9.53147
3, 3, 75, 4, 1, 30, 39, 0.230621, 0.274246,26, 22, 4, 17, 3.01643, 1.89334, 0.41795, 0.011322, 9.32749
3, 3, 75, 4, 2, 30, 46, 0.320276, 0.442694,37, 32, 5, 22, 3.03782, 1.98845, 0.515234, 0.025255, 9.5516
3, 3, 75, 4, 3, 30, 55, 0.343093, 0.429522,33, 29, 4, 23, 3.06835, 2.23525, 0.546119, 0.013456, 9.77285
3, 3, 75, 5, 1, 16, 39, 0.00900901, 0.018018,5, 1, 4, 1, 3.00124, 1.90529, 0.244456, 0.007996, 9.18706
3, 3, 75, 5, 2, 16, 46, 0, 0.00909091,4, 0, 4, 0, 3.06345, 2.03883, 0.277225, 0.007149, 9.39382
3, 3, 75, 5, 3, 16, 55, 0.00833333, 0.00833333,2, 1, 1, 1, 3.07058, 2.20468, 0.30249, 0.00516, 9.49615
3, 3, 75, 5, 4, 16, 47, 0.0176103, 0.0364398,6, 2, 4, 2, 3.04038, 2.05561, 0.273338, 0.007048, 9.22127
3, 3, 75, 6, 1, 57, 39, 0.106236, 0.106236,11, 10, 1, 10, 2.99694, 1.87914, 0.693602, 0.009338, 9.56114
3, 3, 75, 6, 2, 57, 46, 0.0750597, 0.0979534,14, 7, 7, 7, 3.06956, 2.08765, 0.805044, 0.013837, 9.99262
3, 3, 75, 6, 3, 57, 55, 0.123049, 0.131452,17, 13, 4, 12, 3.144, 2.19196, 0.93119, 0.012359, 10.3005
3, 3, 75, 6, 4, 57, 47, 0.160244, 0.168577,21, 18, 3, 17, 3.03972, 2.01264, 0.824452, 0.012188, 9.80657
3, 3, 75, 6, 5, 57, 50, 0.140366, 0.17442,25, 16, 9, 15, 3.03146, 2.08258, 0.861975, 0.015175, 9.76589
3, 3, 75, 7, 1, 60, 39, 0.0967549, 0.141113,17, 12, 5, 9, 2.98839, 1.90674, 0.723771, 0.012685, 9.62053
3, 3, 75, 7, 2, 60, 46, 0.133733, 0.178337,21, 15, 6, 13, 3.05605, 1.99645, 0.846009, 0.013942, 9.88891
3, 3, 75, 7, 3, 60, 55, 0.144591, 0.173109,23, 17, 6, 14, 3.16173, 2.26283, 0.998892, 0.015706, 10.4071
3, 3, 75, 7, 4, 60, 47, 0.125759, 0.134306,19, 13, 6, 13, 3.06959, 2.01723, 0.870215, 0.013366, 9.85775
3, 3, 75, 7, 5, 60, 50, 0.109648, 0.13999,16, 13, 3, 11, 3.00997, 2.10405, 0.907619, 0.011112, 9.82434
3, 3, 75, 7, 6, 60, 50, 0.284649, 0.407346,43, 34, 9, 25, 3.10074, 2.07474, 0.917158, 0.019478, 9.99994
3, 3, 75, 8, 1, 61, 39, 0.136216, 0.161865,19, 16, 3, 13, 3.06064, 1.89523, 0.731761, 0.011553, 9.68386
3, 3, 75, 8, 2, 61, 46, 0.103089, 0.166747,19, 14, 5, 10, 3.05092, 1.99165, 0.866479, 0.014939, 9.89444
3, 3, 75, 8, 3, 61, 55, 0.146113, 0.146113,16, 15, 1, 15, 3.06879, 2.20351, 0.993537, 0.011743, 10.2381
3, 3, 75, 8, 4, 61, 47, 0.144478, 0.179244,27, 18, 9, 15, 3.06906, 2.1014, 0.88851, 0.016773, 9.92398
3, 3, 75, 8, 5, 61, 50, 0.0824609, 0.110546,21, 11, 10, 9, 3.11062, 2.13959, 0.929327, 0.015835, 10.0744
3, 3, 75, 8, 6, 61, 50, 0.237458, 0.309278,31, 24, 7, 20, 3.16875, 2.11205, 0.979754, 0.021302, 10.2782
3, 3, 75, 8, 7, 61, 57, 0.264323, 0.36709,34, 28, 6, 21, 3.12041, 2.17918, 1.03902, 0.017519, 10.3339
3, 3, 75, 9, 1, 18, 39, 0.0678256, 0.168358,19, 12, 7, 7, 3.00386, 1.92666, 0.275722, 0.011092, 9.20235
3, 3, 75, 9, 2, 18, 46, 0.103944, 0.20746,22, 17, 5, 10, 3.06371, 1.98391, 0.306508, 0.011157, 9.34296
3, 3, 75, 9, 3, 18, 55, 0.111141, 0.202971,20, 15, 5, 10, 3.11674, 2.27665, 0.346259, 0.011738, 9.68887
3, 3, 75, 9, 4, 18, 47, 0.131964, 0.209446,20, 16, 4, 12, 3.12648, 2.07115, 0.328195, 0.012123, 9.43991
3, 3, 75, 9, 5, 18, 50, 0.124647, 0.194917,20, 17, 3, 12, 3.12688, 2.20443, 0.350348, 0.012905, 9.68766
3, 3, 75, 9, 6, 18, 50, 0.0475138, 0.0927305,11, 8, 3, 5, 3.23087, 2.16382, 0.323034, 0.009539, 9.77862
3, 3, 75, 9, 7, 18, 57, 0.0660696, 0.122443,15, 10, 5, 7, 3.14206, 2.24585, 0.362897, 0.010586, 9.69044
3, 3, 75, 9, 8, 18, 44, 0.00826446, 0.0656994,13, 1, 12, 1, 3.06173, 1.95855, 0.291884, 0.01025, 9.09984
3, 3, 75, 10, 1, 20, 39, 0.170799, 0.266107,25, 21, 4, 15, 3.02253, 1.84702, 0.300276, 0.012033, 9.18305
3, 3, 75, 10, 2, 20, 46, 0.188717, 0.310143,30, 23, 7, 16, 3.0773, 2.14544, 0.355718, 0.015776, 9.60044
3, 3, 75, 10, 3, 20, 55, 0.164011, 0.289709,27, 22, 5, 13, 3.18369, 2.15881, 0.392761, 0.013787, 9.83648
3, 3, 75, 10, 4, 20, 47, 0.138187, 0.222171,21, 17, 4, 11, 3.05917, 1.96746, 0.342513, 0.011788, 9.28066
3, 3, 75, 10, 5, 20, 50, 0.116382, 0.20873,21, 17, 4, 10, 3.04136, 2.05559, 0.363203, 0.010806, 9.28527
3, 3, 75, 10, 6, 20, 50, 0.0559219, 0.0999939,12, 9, 3, 6, 3.10814, 2.05905, 0.346741, 0.008937, 9.38218
3, 3, 75, 10, 7, 20, 57, 0.0969328, 0.16914,19, 12, 7, 9, 3.16019, 2.16303, 0.396067, 0.010671, 9.61547
3, 3, 75, 10, 8, 20, 44, 0.0919983, 0.169642,18, 13, 5, 9, 3.04502, 1.99487, 0.32823, 0.011773, 9.14871
3, 3, 75, 10, 9, 20, 40, 0.0930557, 0.14147,16, 11, 5, 9, 3.15048, 1.83757, 0.317248, 0.012364, 9.2082
3, 3, 75, 11, 1, 17, 39, 0.133298, 0.188611,18, 18, 0, 12, 3.00452, 1.86211, 0.26381, 0.008226, 9.14764
3, 3, 75, 11, 2, 17, 46, 0.137207, 0.208377,20, 19, 1, 12, 3.07155, 2.00755, 0.304489, 0.008918, 9.35925
3, 3, 75, 11, 3, 17, 55, 0.11826, 0.191292,20, 15, 5, 10, 3.08463, 2.15816, 0.353008, 0.012419, 9.51685
3, 3, 75, 11, 4, 17, 47, 0.0846685, 0.147848,14, 13, 1, 7, 3.11192, 1.99885, 0.297525, 0.008867, 9.38612
3, 3, 75, 11, 5, 17, 50, 0.067004, 0.122349,14, 9, 5, 6, 3.0489, 2.15472, 0.312329, 0.01019, 9.31971
3, 3, 75, 11, 6, 17, 50, 0.0173966, 0.0456336,8, 2, 6, 2, 3.10109, 2.05551, 0.310566, 0.009132, 9.34281
3, 3, 75, 11, 7, 17, 57, 0.0575741, 0.122597,13, 7, 6, 5, 3.11719, 2.228, 0.340925, 0.010771, 9.58534
3, 3, 75, 11, 8, 17, 44, 0.0398483, 0.0967108,12, 5, 7, 4, 3.04381, 1.96596, 0.283402, 0.009463, 9.09452
3, 3, 75, 11, 9, 17, 40, 0.0337779, 0.0641711,8, 3, 5, 3, 3.06217, 1.85474, 0.298755, 0.011067, 9.01585
3, 3, 75, 11, 10, 17, 44, 0.0541169, 0.0901508,11, 5, 6, 5, 3.16427, 2.08257, 0.283077, 0.009939, 9.73532
3, 3, 75, 12, 1, 28, 39, 0.119465, 0.187071,20, 16, 4, 10, 3.02088, 1.85921, 0.386684, 0.010686, 9.2926
3, 3, 75, 12, 2, 28, 46, 0.130608, 0.198388,21, 18, 3, 11, 3.06271, 1.96462, 0.432889, 0.01035, 9.46051
3, 3, 75, 12, 3, 28, 55, 0.107512, 0.183883,19, 16, 3, 9, 3.10641, 2.18308, 0.499463, 0.01018, 9.71843
3, 3, 75, 12, 4, 28, 47, 0.0816475, 0.174473,18, 12, 6, 7, 3.0695, 1.97204, 0.447061, 0.012034, 9.36104
3, 3, 75, 12, 5, 28, 50, 0.0213801, 0.0954515,15, 3, 12, 2, 3.04692, 2.04317, 0.46936, 0.012825, 9.39828
3, 3, 75, 12, 6, 28, 50, 0.00980392, 0.0276967,9, 3, 6, 1, 3.18572, 2.1152, 0.457698, 0.008977, 9.79842
3, 3, 75, 12, 7, 28, 57, 0.0526244, 0.09136,13, 5, 8, 4, 3.18574, 2.1746, 0.519387, 0.010997, 9.82572
3, 3, 75, 12, 8, 28, 44, 0.0312078, 0.0814282,12, 4, 8, 3, 3.06055, 1.94864, 0.43057, 0.012509, 9.2797
3, 3, 75, 12, 9, 28, 40, 0.0430531, 0.0758708,9, 4, 5, 4, 3.14187, 1.85963, 0.385241, 0.009689, 9.32891
3, 3, 75, 12, 10, 28, 44, 0.0467262, 0.0656362,9, 4, 5, 4, 3.10548, 1.96321, 0.420239, 0.009589, 9.61795
3, 3, 75, 12, 11, 28, 55, 0.0620802, 0.165717,20, 9, 11, 5, 3.09698, 2.15583, 0.524603, 0.013511, 9.97746
3, 3, 75, 13, 1, 66, 39, 0.287377, 0.314473,32, 24, 8, 23, 3.02625, 1.82738, 0.810009, 0.018731, 9.67825
3, 3, 75, 13, 2, 66, 46, 0.291552, 0.347783,37, 26, 11, 24, 3.09219, 2.04224, 0.93637, 0.017294, 10.1057
3, 3, 75, 13, 3, 66, 55, 0.298083, 0.372959,41, 30, 11, 26, 3.09153, 2.25585, 1.09396, 0.019884, 10.4016
3, 3, 75, 13, 4, 66, 47, 0.281392, 0.338374,39, 29, 10, 25, 3.07669, 2.01081, 0.966351, 0.018696, 9.94692
3, 3, 75, 13, 5, 66, 50, 0.175579, 0.281126,41, 25, 16, 17, 3.0356, 2.05918, 1.01055, 0.019343, 9.95072
3, 3, 75, 13, 6, 66, 50, 0.113595, 0.172959,24, 11, 13, 10, 3.10431, 2.04205, 0.98537, 0.017053, 10.0268
3, 3, 75, 13, 7, 66, 57, 0.108006, 0.19567,27, 10, 17, 10, 3.1551, 2.25447, 1.10981, 0.017664, 10.4778
3, 3, 75, 13, 8, 66, 44, 0.112112, 0.182591,28, 14, 14, 12, 3.05589, 2.08107, 0.900876, 0.018376, 9.83941
3, 3, 75, 13, 9, 66, 40, 0.0913349, 0.151288,22, 12, 10, 10, 3.13157, 1.8461, 0.813411, 0.016001, 9.69459
3, 3, 75, 13, 10, 66, 44, 0.125611, 0.183323,26, 15, 11, 12, 3.15884, 1.92843, 0.896788, 0.016432, 10.1011
3, 3, 75, 13, 11, 66, 55, 0.142876, 0.27367,39, 19, 20, 13, 3.10838, 2.1513, 1.10506, 0.022148, 10.5655
3, 3, 75, 13, 12, 66, 45, 0.107459, 0.181719,26, 15, 11, 11, 3.1808, 1.97631, 0.932959, 0.018616, 10.4156
3, 3, 75, 14, 1, 48, 39, 0.191979, 0.231215,30, 21, 9, 19, 3.02854, 1.85378, 0.60539, 0.015911, 9.52266
3, 3, 75, 14, 2, 48, 46, 0.247782, 0.293905,31, 27, 4, 23, 3.06602, 1.98696, 0.703847, 0.015024, 9.76539
3, 3, 75, 14, 3, 48, 55, 0.294911, 0.363161,34, 34, 0, 27, 3.09115, 2.21933, 0.824154, 0.012901, 10.0606
3, 3, 75, 14, 4, 48, 47, 0.297548, 0.36195,38, 31, 7, 26, 3.06301, 1.97505, 0.711071, 0.015996, 9.61379
3, 3, 75, 14, 5, 48, 50, 0.312053, 0.414966,41, 36, 5, 27, 3.08637, 2.11177, 0.771785, 0.019287, 9.76781
3, 3, 75, 14, 6, 48, 50, 0.203707, 0.292752,31, 27, 4, 19, 3.28968, 2.11773, 0.752156, 0.016347, 10.1665
3, 3, 75, 14, 7, 48, 57, 0.212207, 0.338477,38, 25, 13, 20, 3.27659, 2.13851, 0.845258, 0.018751, 10.371
3, 3, 75, 14, 8, 48, 44, 0.193426, 0.308195,35, 24, 11, 18, 3.0306, 1.97653, 0.686528, 0.016968, 9.48421
3, 3, 75, 14, 9, 48, 40, 0.221992, 0.28202,31, 24, 7, 22, 3.06634, 1.90347, 0.626837, 0.01535, 9.4199
3, 3, 75, 14, 10, 48, 44, 0.241649, 0.282603,30, 24, 6, 23, 3.12123, 1.98658, 0.665898, 0.015525, 9.88988
3, 3, 75, 14, 11, 48, 55, 0.161897, 0.261892,35, 22, 13, 16, 3.24763, 2.33856, 0.857702, 0.01812, 10.6362
3, 3, 75, 14, 12, 48, 45, 0.128401, 0.201199,25, 14, 11, 13, 3.19972, 2.0257, 0.675212, 0.014704, 10.2282
3, 3, 75, 14, 13, 48, 42, 0.367362, 0.4659,45, 38, 7, 29, 3.0631, 2.06643, 0.65907, 0.019392, 9.91398
3, 3, 75, 15, 1, 45, 39, 0.246519, 0.307988,31, 25, 6, 22, 3.07638, 1.86573, 0.583522, 0.01747, 9.63766
3, 3, 75, 15, 2, 45, 46, 0.303965, 0.401244,37, 33, 4, 25, 3.14524, 1.94527, 0.663529, 0.016407, 9.84443
3, 3, 75, 15, 3, 45, 55, 0.280282, 0.410325,42, 33, 9, 24, 3.06257, 2.20321, 0.789134, 0.018466, 9.99575
3, 3, 75, 15, 4, 45, 47, 0.286778, 0.381301,39, 32, 7, 24, 3.03665, 2.05996, 0.680697, 0.016542, 9.66557
3, 3, 75, 15, 5, 45, 50, 0.272304, 0.383885,39, 33, 6, 24, 3.04155, 2.05804, 0.71045, 0.017414, 9.61322
3, 3, 75, 15, 6, 45, 50, 0.170948, 0.270101,33, 23, 10, 17, 3.09201, 2.0662, 0.702861, 0.015149, 9.75528
3, 3, 75, 15, 7, 45, 57, 0.18335, 0.295672,32, 21, 11, 18, 3.16788, 2.32464, 0.805583, 0.018356, 10.1958
3, 3, 75, 15, 8, 45, 44, 0.148401, 0.214937,26, 19, 7, 15, 3.06885, 1.92275, 0.654551, 0.015515, 9.5209
3, 3, 75, 15, 9, 45, 40, 0.152889, 0.21072,26, 17, 9, 15, 3.10007, 1.89671, 0.582791, 0.015115, 9.47312
3, 3, 75, 15, 10, 45, 44, 0.173822, 0.229057,24, 19, 5, 16, 3.11928, 1.93941, 0.637026, 0.013752, 9.80662
3, 3, 75, 15, 11, 45, 55, 0.201736, 0.333557,37, 25, 12, 20, 3.10562, 2.15043, 0.765407, 0.017609, 10.2237
3, 3, 75, 15, 12, 45, 45, 0.110229, 0.21017,25, 15, 10, 11, 3.05985, 1.99406, 0.640158, 0.014519, 9.91201
3, 3, 75, 15, 13, 45, 42, 0.273818, 0.391366,41, 34, 7, 23, 3.14454, 2.07672, 0.625629, 0.016497, 9.87015
3, 3, 75, 15, 14, 45, 47, 0.293227, 0.422807,42, 37, 5, 25, 3.12554, 2.13358, 0.676263, 0.016212, 10.1208
4, 4, 75, 2, 1, 28, 36, 0.540897, 0.705736,41, 41, 0, 25, 2.93084, 1.82683, 0.370427, 0.013331, 9.12635
4, 4, 75, 3, 1, 30, 36, 0.0828827, 0.128016,14, 13, 1, 9, 2.93246, 1.84417, 0.370958, 0.008081, 8.88746
4, 4, 75, 3, 2, 30, 37, 0.0567845, 0.0737337,8, 7, 1, 6, 2.92923, 1.85186, 0.376995, 0.007485, 9.08947
4, 4, 75, 4, 1, 57, 36, 0.0427475, 0.0427475,6, 5, 1, 5, 2.91049, 2.03235, 0.641325, 0.009834, 9.34001
4, 4, 75, 4, 2, 57, 37, 0.0259383, 0.0428923,8, 4, 4, 3, 2.92492, 2.01284, 0.657311, 0.011598, 9.37401
4, 4, 75, 4, 3, 57, 48, 0.306547, 0.392974,38, 25, 13, 21, 3.0407, 2.02078, 0.843149, 0.018647, 10.2226
4, 4, 75, 5, 1, 57, 36, 0.084415, 0.234479,29, 16, 13, 7, 2.92568, 1.8153, 0.652642, 0.016592, 9.14968
4, 4, 75, 5, 2, 57, 37, 0.108438, 0.186144,21, 14, 7, 10, 2.93816, 1.81794, 0.660432, 0.013592, 9.16717
4, 4, 75, 5, 3, 57, 48, 0.255362, 0.384123,46, 34, 12, 24, 3.03277, 2.15, 0.890742, 0.02067, 10.137
4, 4, 75, 5, 4, 57, 45, 0.29922, 0.571706,56, 42, 14, 26, 3.09958, 1.99036, 0.831733, 0.024182, 10.2311
4, 4, 75, 6, 1, 60, 36, 0.0936215, 0.149889,18, 13, 5, 10, 2.91026, 1.80919, 0.676253, 0.013196, 9.14087
4, 4, 75, 6, 2, 60, 37, 0.0658192, 0.10261,15, 9, 6, 7, 2.94874, 1.89936, 0.691317, 0.01294, 9.30439
4, 4, 75, 6, 3, 60, 48, 0.457217, 0.619614,54, 41, 13, 33, 3.06765, 2.04252, 0.906697, 0.021076, 10.0737
4, 4, 75, 6, 4, 60, 45, 0.326155, 0.588779,59, 41, 18, 27, 3.01738, 1.9536, 0.849256, 0.024523, 9.74337
4, 4, 75, 6, 5, 60, 47, 0.320679, 0.465226,44, 38, 6, 29, 3.22691, 2.16571, 0.872656, 0.019553, 10.3489
4, 4, 75, 7, 1, 63, 36, 0.0599137, 0.101564,16, 6, 10, 6, 2.92546, 1.78001, 0.709433, 0.013501, 9.18062
4, 4, 75, 7, 2, 63, 37, 0.0492211, 0.0884328,14, 5, 9, 5, 2.97667, 1.94076, 0.719938, 0.013076, 9.3917
4, 4, 75, 7, 3, 63, 48, 0.442086, 0.602128,59, 45, 14, 33, 3.16105, 2.14277, 0.964825, 0.024057, 10.3702
4, 4, 75, 7, 4, 63, 45, 0.295331, 0.552462,56, 38, 18, 25, 3.00584, 1.97916, 0.885125, 0.024358, 9.80159
4, 4, 75, 7, 5, 63, 47, 0.0184746, 0.157694,38, 2, 36, 2, 3.09519, 2.06677, 0.911853, 0.02305, 9.94819
4, 4, 75, 7, 6, 63, 56, 0.524297, 0.774505,72, 55, 17, 37, 3.0783, 2.13513, 1.0784, 0.026386, 10.7266
4, 4, 75, 8, 1, 16, 36, 0.0959426, 0.13102,12, 12, 0, 8, 2.92894, 1.82758, 0.230805, 0.006418, 8.72413
4, 4, 75, 8, 2, 16, 37, 0.0989821, 0.0989821,8, 8, 0, 8, 3.00277, 1.96849, 0.262888, 0.006854, 9.03389
4, 4, 75, 8, 3, 16, 48, 0, 0,2, 0, 2, 0, 3.07522, 2.00505, 0.280196, 0.005767, 9.50267
4, 4, 75, 8, 4, 16, 45, 0.00917431, 0.0279254,4, 2, 2, 1, 3.06008, 1.98114, 0.267952, 0.007355, 9.21347
4, 4, 75, 8, 5, 16, 47, 0.0186373, 0.0186373,2, 2, 0, 2, 3.09114, 2.09578, 0.26932, 0.004529, 9.31827
4, 4, 75, 8, 6, 16, 56, 0.00877193, 0.0449112,8, 2, 6, 1, 3.07886, 2.16021, 0.322459, 0.008627, 9.68233
4, 4, 75, 8, 7, 16, 44, 0.00847458, 0.0299064,6, 1, 5, 1, 3.05089, 1.96773, 0.262948, 0.007664, 9.28041
4, 4, 75, 9, 1, 16, 36, 0.115279, 0.141463,14, 14, 0, 11, 2.91205, 2.0053, 0.238024, 0.00797, 8.90773
4, 4, 75, 9, 2, 16, 37, 0.119933, 0.13667,14, 13, 1, 12, 2.99748, 1.87685, 0.267169, 0.009178, 8.95429
4, 4, 75, 9, 3, 16, 48, 0.0200292, 0.0478796,9, 3, 6, 2, 3.15171, 2.01162, 0.291783, 0.008947, 9.76592
4, 4, 75, 9, 4, 16, 45, 0.04939, 0.104674,12, 7, 5, 5, 3.0436, 2.08983, 0.278643, 0.010536, 9.33319
4, 4, 75, 9, 5, 16, 47, 0.0567684, 0.0663838,8, 7, 1, 6, 3.17848, 1.9975, 0.282541, 0.006929, 9.44771
4, 4, 75, 9, 6, 16, 56, 0.0202393, 0.0824979,13, 5, 8, 2, 3.05525, 2.19413, 0.33309, 0.011232, 9.71087
4, 4, 75, 9, 7, 16, 44, 0.0187325, 0.0559849,12, 3, 9, 2, 2.99477, 1.9685, 0.274801, 0.011287, 9.0137
4, 4, 75, 9, 8, 16, 39, 0.00862069, 0.0174702,8, 1, 7, 1, 3.09146, 1.90035, 0.253814, 0.009549, 9.46197
4, 4, 75, 10, 1, 48, 36, 0.228864, 0.364419,34, 31, 3, 17, 3.01881, 1.93761, 0.583117, 0.015816, 9.40209
4, 4, 75, 10, 2, 48, 37, 0.294024, 0.454951,41, 34, 7, 23, 2.93823, 1.81438, 0.603196, 0.017534, 9.2364
4, 4, 75, 10, 3, 48, 48, 0.129552, 0.242234,34, 16, 18, 13, 3.03673, 2.05723, 0.721376, 0.016983, 9.93463
4, 4, 75, 10, 4, 48, 45, 0.158558, 0.228636,27, 21, 6, 15, 3.03139, 1.99531, 0.673753, 0.014633, 9.61373
4, 4, 75, 10, 5, 48, 47, 0.155996, 0.216643,24, 20, 4, 15, 3.08261, 2.04637, 0.696468, 0.012444, 9.70012
4, 4, 75, 10, 6, 48, 56, 0.0906977, 0.193287,36, 15, 21, 10, 3.06774, 2.25815, 0.849929, 0.019338, 10.3142
4, 4, 75, 10, 7, 48, 44, 0.225461, 0.500132,52, 34, 18, 21, 3.02102, 1.98332, 0.696208, 0.022629, 9.47694
4, 4, 75, 10, 8, 48, 39, 0.182891, 0.312485,32, 26, 6, 17, 2.97364, 1.91535, 0.604173, 0.016126, 9.31537
4, 4, 75, 10, 9, 48, 46, 0.117951, 0.172364,24, 18, 6, 12, 3.05994, 1.99224, 0.68725, 0.01291, 9.80958
4, 4, 75, 11, 1, 45, 36, 0.157161, 0.203365,21, 18, 3, 15, 3.03459, 1.8944, 0.536096, 0.013591, 9.20572
4, 4, 75, 11, 2, 45, 37, 0.116155, 0.223458,28, 16, 12, 11, 3.02386, 1.81515, 0.549065, 0.015279, 9.22289
4, 4, 75, 11, 3, 45, 48, 0.0905488, 0.184456,24, 9, 15, 9, 3.05864, 2.00146, 0.677606, 0.015185, 9.82368
4, 4, 75, 11, 4, 45, 45, 0.137934, 0.247275,30, 18, 12, 14, 3.01782, 2.07383, 0.648123, 0.016868, 9.66806
4, 4, 75, 11, 5, 45, 47, 0.141173, 0.226305,25, 14, 11, 14, 3.11433, 1.98577, 0.665297, 0.015245, 9.69716
4, 4, 75, 11, 6, 45, 56, 0.0935357, 0.218155,29, 16, 13, 10, 3.05579, 2.17973, 0.781423, 0.015851, 10.1592
4, 4, 75, 11, 7, 45, 44, 0.142739, 0.285792,34, 18, 16, 15, 3.03412, 2.10575, 0.648034, 0.019327, 9.62978
4, 4, 75, 11, 8, 45, 39, 0.0867286, 0.123228,15, 10, 5, 9, 2.98095, 1.90106, 0.564451, 0.012244, 9.34721
4, 4, 75, 11, 9, 45, 46, 0.0660571, 0.083319,15, 8, 7, 7, 3.08128, 2.01794, 0.644542, 0.011652, 9.61861
4, 4, 75, 11, 10, 45, 57, 0.232275, 0.287517,31, 23, 8, 23, 3.07557, 2.21754, 0.784679, 0.015591, 10.1835
4, 4, 75, 12, 1, 67, 36, 0.384106, 0.557769,48, 45, 3, 28, 2.92763, 1.7929, 0.766845, 0.01818, 9.23474
4, 4, 75, 12, 2, 67, 37, 0.296269, 0.500056,48, 42, 6, 25, 2.94901, 1.8324, 0.78454, 0.019182, 9.32996
4, 4, 75, 12, 3, 67, 48, 0.172267, 0.240537,30, 17, 13, 17, 3.12704, 2.04622, 0.993036, 0.02005, 10.3097
4, 4, 75, 12, 4, 67, 45, 0.234835, 0.324849,37, 30, 7, 24, 3.02101, 1.96768, 0.92052, 0.017293, 9.85579
4, 4, 75, 12, 5, 67, 47, 0.15663, 0.216824,30, 22, 8, 15, 3.08724, 2.00122, 0.945173, 0.015225, 9.90745
4, 4, 75, 12, 6, 67, 56, 0.136977, 0.206568,31, 18, 13, 14, 3.05767, 2.18865, 1.10734, 0.016898, 10.5673
4, 4, 75, 12, 7, 67, 44, 0.321546, 0.664854,66, 56, 10, 29, 3.00303, 1.98333, 0.939309, 0.024067, 9.69835
4, 4, 75, 12, 8, 67, 39, 0.306745, 0.547345,54, 50, 4, 28, 2.96658, 1.86211, 0.832353, 0.021697, 9.51357
4, 4, 75, 12, 9, 67, 46, 0.274921, 0.383845,40, 33, 7, 26, 3.11613, 1.93404, 0.942462, 0.019649, 10.0214
4, 4, 75, 12, 10, 67, 57, 0.319435, 0.456409,50, 38, 12, 28, 3.07939, 2.18647, 1.13838, 0.020685, 10.3822
4, 4, 75, 12, 11, 67, 59, 0.113632, 0.166911,30, 16, 14, 12, 3.134, 2.32344, 1.17133, 0.019022, 11.0442
4, 4, 75, 13, 1, 59, 36, 0.0422186, 0.140559,24, 8, 16, 4, 3.03134, 1.81833, 0.677722, 0.016422, 9.36159
4, 4, 75, 13, 2, 59, 37, 0.0574283, 0.184026,30, 9, 21, 6, 2.96163, 1.89234, 0.716246, 0.018851, 9.32508
4, 4, 75, 13, 3, 59, 48, 0.288464, 0.453416,53, 32, 21, 26, 3.02666, 2.0441, 0.879034, 0.022764, 10.0292
4, 4, 75, 13, 4, 59, 45, 0.206791, 0.44388,52, 27, 25, 20, 3.03938, 1.96907, 0.834066, 0.023796, 9.76644
4, 4, 75, 13, 5, 59, 47, 0.19174, 0.358648,46, 25, 21, 19, 3.09758, 2.06305, 0.922748, 0.022329, 9.98442
4, 4, 75, 13, 6, 59, 56, 0.284987, 0.443241,51, 38, 13, 27, 3.19832, 2.30823, 1.01482, 0.023125, 10.6833
4, 4, 75, 13, 7, 59, 44, 0.203245, 0.429923,48, 29, 19, 19, 3.00256, 1.97848, 0.85885, 0.024357, 9.67109
4, 4, 75, 13, 8, 59, 39, 0.204939, 0.330974,39, 30, 9, 19, 2.98553, 1.87363, 0.728481, 0.01793, 9.40333
4, 4, 75, 13, 9, 59, 46, 0.254773, 0.400341,41, 31, 10, 22, 3.0677, 2.01033, 0.837422, 0.018216, 9.80432
4, 4, 75, 13, 10, 59, 57, 0.363752, 0.53521,54, 44, 10, 32, 3.06586, 2.19994, 1.02219, 0.021036, 10.2112
4, 4, 75, 13, 11, 59, 59, 0.263019, 0.391529,44, 31, 13, 25, 3.0872, 2.24818, 1.06198, 0.019749, 10.7139
4, 4, 75, 13, 12, 59, 58, 0.271936, 0.46431,56, 35, 21, 25, 3.14814, 2.23781, 1.04268, 0.024693, 10.884
4, 4, 75, 14, 1, 56, 36, 0.0746811, 0.15392,19, 8, 11, 7, 2.92895, 1.82169, 0.663801, 0.014043, 9.16481
4, 4, 75, 14, 2, 56, 37, 0.0537608, 0.123841,16, 8, 8, 5, 2.96351, 1.97088, 0.660818, 0.01529, 9.35275
4, 4, 75, 14, 3, 56, 48, 0.301918, 0.443322,49, 33, 16, 25, 3.07763, 1.975, 0.846285, 0.022329, 10.0633
4, 4, 75, 14, 4, 56, 45, 0.196301, 0.430367,50, 30, 20, 19, 3.0345, 1.96212, 0.797369, 0.02315, 9.75672
4, 4, 75, 14, 5, 56, 47, 0.0275553, 0.146383,37, 3, 34, 3, 3.08713, 2.03291, 0.835578, 0.021211, 9.8223
4, 4, 75, 14, 6, 56, 56, 0.327066, 0.46996,50, 37, 13, 27, 3.15356, 2.2973, 0.986952, 0.022869, 10.6273
4, 4, 75, 14, 7, 56, 44, 0.180019, 0.305488,34, 17, 17, 16, 3.09907, 2.13088, 0.772426, 0.020525, 9.85574
4, 4, 75, 14, 8, 56, 39, 0.211661, 0.30868,34, 22, 12, 19, 2.96832, 1.87293, 0.693091, 0.017905, 9.38111
4, 4, 75, 14, 9, 56, 46, 0.280897, 0.430607,47, 29, 18, 25, 3.10875, 1.99077, 0.810981, 0.021081, 9.78557
4, 4, 75, 14, 10, 56, 57, 0.25729, 0.3981,47, 31, 16, 23, 3.07349, 2.21827, 0.985601, 0.019808, 10.208
4, 4, 75, 14, 11, 56, 59, 0.340426, 0.4797,47, 40, 7, 29, 3.06625, 2.21995, 0.994403, 0.018682, 10.5162
4, 4, 75, 14, 12, 56, 58, 0.353914, 0.555148,58, 39, 19, 29, 3.15522, 2.30728, 1.014, 0.025434, 10.7698
4, 4, 75, 14, 13, 56, 54, 0.379366, 0.613157,63, 45, 18, 31, 3.14725, 2.32319, 0.962751, 0.024773, 10.8139
4, 4, 75, 15, 1, 63, 36, 0.115653, 0.17108,18, 17, 1, 11, 2.98435, 1.94017, 0.736655, 0.012299, 9.49437
4, 4, 75, 15, 2, 63, 37, 0.111286, 0.163796,19, 16, 3, 11, 2.95741, 1.80832, 0.724903, 0.012229, 9.28694
4, 4, 75, 15, 3, 63, 48, 0.325014, 0.431591,48, 32, 16, 27, 3.03284, 2.01948, 0.926175, 0.020876, 10.052
4, 4, 75, 15, 4, 63, 45, 0.296648, 0.470594,46, 38, 8, 27, 3.02991, 1.97661, 0.893977, 0.022484, 9.82924
4, 4, 75, 15, 5, 63, 47, 0.112096, 0.18317,31, 14, 17, 11, 3.09606, 1.9839, 0.913787, 0.018867, 9.95796
4, 4, 75, 15, 6, 63, 56, 0.352923, 0.451214,42, 37, 5, 29, 3.06007, 2.17761, 1.0526, 0.019408, 10.4342
4, 4, 75, 15, 7, 63, 44, 0.294798, 0.394904,35, 32, 3, 24, 3.02734, 1.98006, 0.869801, 0.016226, 9.64447
4, 4, 75, 15, 8, 63, 39, 0.372938, 0.503383,41, 38, 3, 28, 2.97018, 1.85448, 0.790481, 0.019053, 9.46014
4, 4, 75, 15, 9, 63, 46, 0.416074, 0.55214,43, 38, 5, 28, 3.20582, 2.10645, 0.895956, 0.019363, 10.1812
4, 4, 75, 15, 10, 63, 57, 0.510931, 0.660968,54, 47, 7, 36, 3.08184, 2.24495, 1.07828, 0.021562, 10.3779
4, 4, 75, 15, 11, 63, 59, 0.321838, 0.4589,45, 40, 5, 28, 3.09124, 2.23482, 1.12885, 0.018747, 10.7027
4, 4, 75, 15, 12, 63, 58, 0.362563, 0.49639,47, 40, 7, 30, 3.08709, 2.24185, 1.10355, 0.019528, 10.6495
4, 4, 75, 15, 13, 63, 54, 0.401438, 0.584503,57, 44, 13, 31, 3.05592, 2.14911, 1.0345, 0.022554, 10.2883
4, 4, 75, 15, 14, 63, 49, 0.360567, 0.477138,44, 40, 4, 32, 3.13269, 2.13503, 0.95192, 0.020119, 10.4542
