1, 1, 75, 2, 1, 6, 9, 0.0577805, 0.146655,14, 14, 0, 5, 3.06874, 1.26821, 0.166475, 0.016397, 8.69378
1, 1, 75, 3, 1, 13, 9, 0.127756, 0.411829,33, 32, 1, 7, 2.71252, 1.22143, 0.141435, 0.031156, 8.23584
1, 1, 75, 3, 2, 13, 6, 0.116563, 0.328057,25, 25, 0, 7, 2.69502, 1.16482, 0.105235, 0.009143, 8.09046
1, 1, 75, 4, 1, 9, 9, 0.0474694, 0.162576,17, 15, 2, 4, 2.71848, 1.21699, 0.131436, 0.026472, 8.03333
1, 1, 75, 4, 2, 9, 6, 0.0475162, 0.145515,15, 13, 2, 4, 2.68638, 1.16828, 0.09262, 0.008382, 8.08769
1, 1, 75, 4, 3, 9, 7, 0.0381689, 0.078526,9, 4, 5, 4, 2.7828, 1.18665, 0.091779, 0.007485, 7.95852
1, 1, 75, 5, 1, 8, 9, 0.0804876, 0.29206,25, 25, 0, 5, 2.87822, 1.229, 0.122199, 0.010581, 8.22565
1, 1, 75, 5, 2, 8, 6, 0.0632023, 0.202423,18, 18, 0, 5, 2.7242, 1.19833, 0.101583, 0.008447, 8.23414
1, 1, 75, 5, 3, 8, 7, 0.0593744, 0.128839,12, 10, 2, 5, 2.79413, 1.23124, 0.093412, 0.008211, 8.02318
1, 1, 75, 5, 4, 8, 6, 0.05855, 0.130696,12, 10, 2, 5, 2.75248, 1.16846, 0.091889, 0.008928, 7.80468
1, 1, 75, 6, 1, 8, 9, 0.0667412, 0.215236,19, 19, 0, 5, 2.73281, 1.24043, 0.099138, 0.00749, 8.20747
1, 1, 75, 6, 2, 8, 6, 0.063718, 0.171696,15, 15, 0, 5, 2.71342, 1.17575, 0.089795, 0.007219, 8.11389
1, 1, 75, 6, 3, 8, 7, 0.0390251, 0.0940041,10, 5, 5, 3, 2.81021, 1.24762, 0.097936, 0.009263, 7.94892
1, 1, 75, 6, 4, 8, 6, 0.0647215, 0.145727,13, 11, 2, 5, 2.8241, 1.17761, 0.095015, 0.008978, 8.09513
1, 1, 75, 6, 5, 8, 5, 0.0727196, 0.144566,12, 12, 0, 5, 2.72204, 1.18735, 0.087375, 0.006863, 8.03926
1, 1, 75, 7, 1, 20, 9, 0.0940995, 0.306931,23, 22, 1, 5, 2.71864, 1.23622, 0.138004, 0.010516, 8.0577
1, 1, 75, 7, 2, 20, 6, 0.0903539, 0.240581,18, 15, 3, 5, 2.70057, 1.18511, 0.121632, 0.010841, 8.15356
1, 1, 75, 7, 3, 20, 7, 0.11046, 0.201222,13, 13, 0, 5, 2.79202, 1.20124, 0.118831, 0.007329, 8.04316
1, 1, 75, 7, 4, 20, 6, 0.0967893, 0.203658,15, 15, 0, 5, 2.75631, 1.20827, 0.117595, 0.008176, 7.84232
1, 1, 75, 7, 5, 20, 5, 0.0627022, 0.144003,12, 12, 0, 4, 2.83267, 1.26725, 0.126973, 0.008021, 8.29399
1, 1, 75, 7, 6, 20, 13, 0.0597233, 0.269735,25, 16, 9, 4, 2.88028, 1.33397, 0.164491, 0.013582, 8.56101
1, 1, 75, 8, 1, 16, 9, 0.065174, 0.205719,21, 21, 0, 6, 2.74694, 1.26613, 0.128005, 0.009604, 8.1042
1, 1, 75, 8, 2, 16, 6, 0.0545102, 0.124098,12, 12, 0, 5, 2.73226, 1.20944, 0.104453, 0.00793, 8.17552
1, 1, 75, 8, 3, 16, 7, 0.0325561, 0.073623,9, 4, 5, 3, 2.8063, 1.24655, 0.108867, 0.008517, 8.08147
1, 1, 75, 8, 4, 16, 6, 0.0554335, 0.123421,12, 10, 2, 5, 2.77988, 1.20176, 0.10518, 0.008657, 7.83794
1, 1, 75, 8, 5, 16, 5, 0.0742125, 0.160544,15, 15, 0, 6, 2.73043, 1.19416, 0.102675, 0.007639, 8.02911
1, 1, 75, 8, 6, 16, 13, 0.0994319, 0.349876,30, 29, 1, 7, 2.857, 1.38251, 0.162216, 0.012524, 8.52923
1, 1, 75, 8, 7, 16, 6, 0.0688704, 0.199927,19, 17, 2, 6, 2.79599, 1.22, 0.112214, 0.01012, 8.09007
1, 1, 75, 9, 1, 6, 9, 0.0573459, 0.222809,19, 19, 0, 4, 2.73305, 1.25227, 0.095582, 0.007479, 8.17169
1, 1, 75, 9, 2, 6, 6, 0.0510314, 0.168463,15, 15, 0, 4, 2.71806, 1.21019, 0.088072, 0.006889, 8.22942
1, 1, 75, 9, 3, 6, 7, 0.043136, 0.0878375,8, 5, 3, 3, 2.89542, 1.29053, 0.094744, 0.007911, 8.08353
1, 1, 75, 9, 4, 6, 6, 0.0415599, 0.100243,9, 6, 3, 3, 2.76479, 1.18376, 0.088873, 0.008101, 8.00946
1, 1, 75, 9, 5, 6, 5, 0.050835, 0.104497,9, 9, 0, 4, 2.7718, 1.18889, 0.083698, 0.005771, 8.15857
1, 1, 75, 9, 6, 6, 13, 0.0534591, 0.211409,19, 17, 2, 4, 2.79888, 1.31717, 0.101989, 0.00997, 8.1598
1, 1, 75, 9, 7, 6, 6, 0.0393544, 0.133414,12, 7, 5, 3, 2.80681, 1.29369, 0.093201, 0.010065, 8.28314
1, 1, 75, 9, 8, 6, 4, 0.0413801, 0.0969489,9, 6, 3, 3, 2.80419, 1.16604, 0.085221, 0.008386, 8.05151
1, 1, 75, 10, 1, 17, 9, 0.0757544, 0.266151,25, 25, 0, 6, 2.74948, 1.25411, 0.135123, 0.009559, 8.11583
1, 1, 75, 10, 2, 17, 6, 0.0674085, 0.194721,19, 19, 0, 6, 2.70468, 1.19367, 0.114428, 0.008512, 8.18456
1, 1, 75, 10, 3, 17, 7, 0.0317714, 0.0724473,10, 4, 6, 3, 2.80356, 1.22634, 0.116502, 0.009574, 8.08709
1, 1, 75, 10, 4, 17, 6, 0.0511924, 0.107847,12, 10, 2, 5, 2.74852, 1.18798, 0.109368, 0.009278, 7.80667
1, 1, 75, 10, 5, 17, 5, 0.0618149, 0.116979,12, 12, 0, 6, 2.73295, 1.21501, 0.100752, 0.006949, 8.06738
1, 1, 75, 10, 6, 17, 13, 0.0680807, 0.221437,22, 20, 2, 6, 2.90163, 1.40563, 0.156014, 0.011828, 8.65053
1, 1, 75, 10, 7, 17, 6, 0.061926, 0.167537,17, 14, 3, 6, 2.7287, 1.19512, 0.124813, 0.010987, 8.10809
1, 1, 75, 10, 8, 17, 4, 0.0606864, 0.116809,12, 10, 2, 6, 2.73254, 1.14101, 0.098813, 0.0076, 7.93215
1, 1, 75, 10, 9, 17, 3, 0.061442, 0.128268,13, 11, 2, 6, 2.73916, 1.14763, 0.098261, 0.009213, 7.92534
1, 1, 75, 11, 1, 12, 9, 0.0505001, 0.217376,22, 14, 8, 4, 2.73096, 1.23399, 0.114849, 0.011758, 8.03589
1, 1, 75, 11, 2, 12, 6, 0.049266, 0.160315,16, 11, 5, 4, 2.71356, 1.18519, 0.104268, 0.0105, 8.1584
1, 1, 75, 11, 3, 12, 7, 0.0206933, 0.070475,10, 2, 8, 2, 2.79099, 1.31023, 0.118606, 0.012064, 8.13809
1, 1, 75, 11, 4, 12, 6, 0.0309137, 0.0894324,11, 5, 6, 3, 2.83614, 1.21622, 0.101443, 0.009223, 8.02523
1, 1, 75, 11, 5, 12, 5, 0.053819, 0.100019,10, 8, 2, 5, 2.71023, 1.18053, 0.095827, 0.008552, 8.00803
1, 1, 75, 11, 6, 12, 13, 0.0570206, 0.19095,19, 17, 2, 5, 2.78804, 1.32489, 0.124819, 0.010315, 8.29334
1, 1, 75, 11, 7, 12, 6, 0.0305478, 0.103882,12, 4, 8, 3, 2.73445, 1.2229, 0.111377, 0.012264, 7.98441
1, 1, 75, 11, 8, 12, 4, 0.0405745, 0.0816157,9, 5, 4, 4, 2.82472, 1.26082, 0.093528, 0.009308, 8.22084
1, 1, 75, 11, 9, 12, 3, 0.0322816, 0.101258,12, 5, 7, 3, 2.73347, 1.15638, 0.093046, 0.01005, 7.9214
1, 1, 75, 11, 10, 12, 6, 0.0192662, 0.0616907,9, 2, 7, 2, 2.78237, 1.18404, 0.097415, 0.009198, 7.88641
1, 1, 75, 12, 1, 5, 9, 0.0520077, 0.213996,20, 20, 0, 4, 2.71172, 1.28369, 0.092871, 0.007615, 8.21898
1, 1, 75, 12, 2, 5, 6, 0.0503208, 0.175795,16, 16, 0, 4, 2.71698, 1.17541, 0.089715, 0.007159, 8.12419
1, 1, 75, 12, 3, 5, 7, 0.0494101, 0.112627,10, 9, 1, 4, 2.79122, 1.21814, 0.083683, 0.007966, 7.89382
1, 1, 75, 12, 4, 5, 6, 0.0635116, 0.126255,11, 10, 1, 5, 2.85071, 1.25656, 0.089289, 0.008066, 8.11111
1, 1, 75, 12, 5, 5, 5, 0.0483157, 0.108065,10, 10, 0, 4, 2.75931, 1.1635, 0.080688, 0.005771, 8.10409
1, 1, 75, 12, 6, 5, 13, 0.0489257, 0.220275,21, 21, 0, 4, 2.80521, 1.31472, 0.100837, 0.008005, 8.19257
1, 1, 75, 12, 7, 5, 6, 0.0491726, 0.139405,13, 13, 0, 4, 2.73868, 1.18333, 0.081859, 0.005987, 8.06257
1, 1, 75, 12, 8, 5, 4, 0.0483466, 0.0987009,9, 9, 0, 4, 2.73662, 1.16225, 0.077721, 0.005551, 7.93775
1, 1, 75, 12, 9, 5, 3, 0.0509983, 0.121783,11, 10, 1, 4, 2.75393, 1.14952, 0.078838, 0.008171, 7.77237
1, 1, 75, 12, 10, 5, 6, 0.0468846, 0.0969934,9, 8, 1, 4, 2.86722, 1.21839, 0.085456, 0.007886, 8.19784
1, 1, 75, 12, 11, 5, 5, 0.0433002, 0.0759017,7, 5, 2, 4, 2.86297, 1.1768, 0.087275, 0.007545, 8.16763
1, 1, 75, 13, 1, 5, 9, 0.0544414, 0.218825,19, 18, 1, 4, 2.79981, 1.29781, 0.117855, 0.012364, 8.27573
1, 1, 75, 13, 2, 5, 6, 0.0507688, 0.183096,17, 17, 0, 4, 2.79113, 1.1817, 0.088839, 0.007154, 8.35068
1, 1, 75, 13, 3, 5, 7, 0.0586838, 0.113782,9, 8, 1, 4, 2.82877, 1.19557, 0.085206, 0.007715, 8.06121
1, 1, 75, 13, 4, 5, 6, 0.0658519, 0.128425,11, 11, 0, 5, 2.89455, 1.22056, 0.094359, 0.007495, 8.03479
1, 1, 75, 13, 5, 5, 5, 0.0480644, 0.106572,10, 10, 0, 4, 2.75679, 1.19724, 0.090321, 0.006603, 8.17005
1, 1, 75, 13, 6, 5, 13, 0.0482494, 0.202844,20, 20, 0, 4, 2.83415, 1.37531, 0.10509, 0.008742, 8.46793
1, 1, 75, 13, 7, 5, 6, 0.051286, 0.146338,13, 13, 0, 4, 2.78838, 1.33054, 0.097129, 0.00726, 8.18883
1, 1, 75, 13, 8, 5, 4, 0.0554134, 0.118159,10, 10, 0, 4, 2.78923, 1.16561, 0.081113, 0.005887, 8.09296
1, 1, 75, 13, 9, 5, 3, 0.0595069, 0.124553,10, 10, 0, 4, 2.74909, 1.15306, 0.076003, 0.005976, 7.88411
1, 1, 75, 13, 10, 5, 6, 0.054767, 0.109532,9, 8, 1, 4, 2.79802, 1.19812, 0.083313, 0.007008, 7.90436
1, 1, 75, 13, 11, 5, 5, 0.0192308, 0.0668125,7, 2, 5, 1, 2.8629, 1.21898, 0.085371, 0.008652, 8.22396
1, 1, 75, 13, 12, 5, 5, 0.0232558, 0.0480678,5, 1, 4, 1, 2.77934, 1.22668, 0.096207, 0.0078, 8.05678
1, 1, 75, 14, 1, 5, 9, 0.0446495, 0.155858,15, 13, 2, 4, 2.74405, 1.26161, 0.088898, 0.008672, 8.05058
1, 1, 75, 14, 2, 5, 6, 0.0421885, 0.128424,13, 13, 0, 4, 2.7087, 1.21006, 0.080242, 0.00525, 8.14633
1, 1, 75, 14, 3, 5, 7, 0.0287719, 0.060872,7, 3, 4, 2, 2.83604, 1.19893, 0.081504, 0.007319, 8.05545
1, 1, 75, 14, 4, 5, 6, 0.0391361, 0.0737962,8, 5, 3, 3, 2.72779, 1.18973, 0.080086, 0.006137, 7.7714
1, 1, 75, 14, 5, 5, 5, 0.035146, 0.0698192,6, 5, 1, 3, 2.72453, 1.16248, 0.082802, 0.006738, 8.03284
1, 1, 75, 14, 6, 5, 13, 0.0462167, 0.161745,16, 16, 0, 4, 2.88584, 1.39925, 0.115415, 0.008306, 8.56372
1, 1, 75, 14, 7, 5, 6, 0.0447322, 0.0939475,8, 7, 1, 4, 2.73502, 1.18846, 0.082886, 0.007179, 7.98216
1, 1, 75, 14, 8, 5, 4, 0.0271324, 0.0597969,7, 4, 3, 2, 2.75923, 1.15032, 0.077652, 0.007389, 7.95284
1, 1, 75, 14, 9, 5, 3, 0.0288115, 0.0636023,7, 4, 3, 2, 2.76583, 1.12908, 0.074581, 0.006628, 7.88679
1, 1, 75, 14, 10, 5, 6, 0.0181818, 0.0495758,6, 3, 3, 1, 2.80318, 1.1845, 0.081994, 0.007154, 7.89109
1, 1, 75, 14, 11, 5, 5, 0, 0.0353337,6, 0, 6, 0, 2.80765, 1.19372, 0.081674, 0.007916, 8.04198
1, 1, 75, 14, 12, 5, 5, 0, 0.0163934,4, 0, 4, 0, 2.78768, 1.19595, 0.079851, 0.006277, 8.00555
1, 1, 75, 14, 13, 5, 4, 0.0486278, 0.0831205,7, 6, 1, 4, 2.80104, 1.29449, 0.084585, 0.008667, 8.02819
1, 1, 75, 15, 1, 9, 9, 0.0444102, 0.150885,15, 14, 1, 4, 2.73154, 1.33107, 0.103727, 0.008898, 8.28551
1, 1, 75, 15, 2, 9, 6, 0.0416165, 0.116188,12, 11, 1, 4, 2.72628, 1.21267, 0.091518, 0.007079, 8.17691
1, 1, 75, 15, 3, 9, 7, 0.021085, 0.0643514,8, 2, 6, 2, 2.87228, 1.31634, 0.10032, 0.008883, 8.07859
1, 1, 75, 15, 4, 9, 6, 0.0480426, 0.0972958,10, 7, 3, 4, 2.82276, 1.20377, 0.098768, 0.008838, 8.13688
1, 1, 75, 15, 5, 9, 5, 0.050377, 0.11657,11, 10, 1, 4, 2.73129, 1.1674, 0.095431, 0.009313, 8.05573
1, 1, 75, 15, 6, 9, 13, 0.0618235, 0.242398,22, 22, 0, 5, 2.79794, 1.31981, 0.113386, 0.008752, 8.16515
1, 1, 75, 15, 7, 9, 6, 0.0493267, 0.150265,14, 13, 1, 4, 2.73822, 1.19978, 0.097831, 0.008812, 8.06077
1, 1, 75, 15, 8, 9, 4, 0.0364483, 0.0832843,9, 5, 4, 3, 2.73713, 1.14844, 0.085146, 0.008111, 7.91489
1, 1, 75, 15, 9, 9, 3, 0.0359503, 0.0765703,8, 5, 3, 3, 2.74867, 1.19445, 0.082892, 0.008196, 7.79515
1, 1, 75, 15, 10, 9, 6, 0.0327786, 0.061009,7, 3, 4, 3, 2.87474, 1.31337, 0.102991, 0.008261, 8.32781
1, 1, 75, 15, 11, 9, 5, 0, 0.0225431,5, 0, 5, 0, 2.78833, 1.1687, 0.088432, 0.007605, 8.02136
1, 1, 75, 15, 12, 9, 5, 0, 0,3, 0, 3, 0, 2.79869, 1.16758, 0.082611, 0.006137, 7.83752
1, 1, 75, 15, 13, 9, 4, 0.0589487, 0.115216,11, 10, 1, 5, 2.72194, 1.16722, 0.091052, 0.008531, 7.89865
1, 1, 75, 15, 14, 9, 6, 0.0523521, 0.16728,15, 5, 10, 4, 2.7458, 1.19723, 0.097911, 0.010816, 8.16744
2, 2, 75, 2, 1, 19, 7, 0.137104, 0.208863,16, 13, 3, 8, 2.7751, 1.23632, 0.121211, 0.008782, 7.96465
2, 2, 75, 3, 1, 14, 7, 0.0776021, 0.104354,9, 7, 2, 5, 2.7525, 1.20827, 0.100571, 0.006423, 7.87687
2, 2, 75, 3, 2, 14, 4, 0.0318519, 0.0670533,7, 5, 2, 2, 2.70477, 1.13321, 0.088067, 0.005791, 7.73912
2, 2, 75, 4, 1, 7, 7, 0.116575, 0.210517,17, 16, 1, 7, 2.75107, 1.19702, 0.090697, 0.008241, 7.88442
2, 2, 75, 4, 2, 7, 4, 0.116738, 0.234935,19, 16, 3, 6, 2.71397, 1.14786, 0.090988, 0.009749, 7.82525
2, 2, 75, 4, 3, 7, 7, 0.0936645, 0.338561,30, 28, 2, 6, 2.70034, 1.22848, 0.100681, 0.011317, 7.8676
2, 2, 75, 5, 1, 8, 7, 0.106749, 0.174472,15, 14, 1, 8, 2.82908, 1.30595, 0.094349, 0.008166, 8.0885
2, 2, 75, 5, 2, 8, 4, 0.0765946, 0.174215,17, 13, 4, 6, 2.70444, 1.12717, 0.090647, 0.009734, 7.75048
2, 2, 75, 5, 3, 8, 7, 0.0753886, 0.271121,26, 25, 1, 6, 2.72392, 1.18706, 0.102445, 0.010496, 7.86524
2, 2, 75, 5, 4, 8, 8, 0.055987, 0.0829986,10, 8, 2, 6, 2.80804, 1.21409, 0.117344, 0.009062, 8.13527
2, 2, 75, 6, 1, 5, 7, 0.0618657, 0.11861,11, 10, 1, 5, 2.79728, 1.17658, 0.110776, 0.008336, 7.91759
2, 2, 75, 6, 2, 5, 4, 0.0555352, 0.136751,13, 9, 4, 4, 2.77556, 1.14595, 0.081494, 0.008602, 7.83253
2, 2, 75, 6, 3, 5, 7, 0.0557543, 0.204484,18, 17, 1, 4, 2.72855, 1.20675, 0.094839, 0.009934, 7.89023
2, 2, 75, 6, 4, 5, 8, 0.0500704, 0.0770824,8, 8, 0, 5, 2.97316, 1.39466, 0.112309, 0.007264, 8.60333
2, 2, 75, 6, 5, 5, 7, 0.0635604, 0.0913639,8, 8, 0, 5, 2.77352, 1.29923, 0.112638, 0.027403, 8.30729
2, 2, 75, 7, 1, 7, 7, 0.0929192, 0.139113,12, 8, 4, 7, 2.80516, 1.29457, 0.124493, 0.009083, 8.04122
2, 2, 75, 7, 2, 7, 4, 0.0569117, 0.11971,12, 7, 5, 4, 2.72813, 1.12812, 0.103727, 0.010631, 7.96253
2, 2, 75, 7, 3, 7, 7, 0.0432639, 0.21582,20, 7, 13, 3, 2.74406, 1.18192, 0.116381, 0.013797, 7.96594
2, 2, 75, 7, 4, 7, 8, 0.0506093, 0.0591563,6, 6, 0, 5, 2.84449, 1.20433, 0.106071, 0.005997, 8.21648
2, 2, 75, 7, 5, 7, 7, 0.0640422, 0.0818203,7, 7, 0, 5, 2.82886, 1.29577, 0.08964, 0.005701, 8.34028
2, 2, 75, 7, 6, 7, 8, 0.0126582, 0.0534245,8, 2, 6, 1, 2.79969, 1.26105, 0.084454, 0.008622, 8.22556
2, 2, 75, 8, 1, 8, 7, 0.043575, 0.0706001,7, 7, 0, 4, 2.80133, 1.35243, 0.090126, 0.005676, 8.14863
2, 2, 75, 8, 2, 8, 4, 0.0477029, 0.0866495,8, 8, 0, 4, 2.75807, 1.20916, 0.083648, 0.006011, 7.92036
2, 2, 75, 8, 3, 8, 7, 0.0464012, 0.166036,15, 13, 2, 3, 2.81158, 1.18432, 0.099209, 0.009879, 7.95146
2, 2, 75, 8, 4, 8, 8, 0.00833333, 0.00833333,1, 1, 0, 1, 2.87532, 1.30355, 0.090356, 0.004995, 8.33592
2, 2, 75, 8, 5, 8, 7, 0.0391373, 0.0391373,4, 4, 0, 4, 2.80947, 1.19512, 0.086814, 0.004979, 8.21503
2, 2, 75, 8, 6, 8, 8, 0.0318146, 0.0486997,5, 5, 0, 3, 2.78911, 1.30952, 0.09733, 0.005877, 8.22885
2, 2, 75, 8, 7, 8, 11, 0.0191602, 0.0191602,2, 2, 0, 2, 2.85948, 1.47914, 0.096448, 0.005656, 8.44975
2, 2, 75, 9, 1, 21, 7, 0.0412267, 0.0976943,12, 7, 5, 3, 2.80183, 1.28704, 0.127173, 0.009935, 8.14564
2, 2, 75, 9, 2, 21, 4, 0.0489796, 0.100256,9, 3, 6, 2, 2.77002, 1.26701, 0.16401, 0.010615, 8.17449
2, 2, 75, 9, 3, 21, 7, 0.0615551, 0.216675,19, 10, 9, 3, 2.78338, 1.2408, 0.144712, 0.013561, 8.23203
2, 2, 75, 9, 4, 21, 8, 0.0434968, 0.0525877,5, 5, 0, 4, 2.87538, 1.20816, 0.120935, 0.006032, 8.32731
2, 2, 75, 9, 5, 21, 7, 0.0648276, 0.0988986,8, 8, 0, 4, 2.82661, 1.2923, 0.141782, 0.007199, 8.40082
2, 2, 75, 9, 6, 21, 8, 0.0264196, 0.0902784,12, 5, 7, 2, 2.83829, 1.23477, 0.130044, 0.010415, 8.27693
2, 2, 75, 9, 7, 21, 11, 0.0222854, 0.0222854,4, 2, 2, 2, 2.81499, 1.28567, 0.135509, 0.006293, 8.22627
2, 2, 75, 9, 8, 21, 11, 0.0323971, 0.0323971,4, 3, 1, 3, 2.83169, 1.29285, 0.139062, 0.006698, 8.42949
2, 2, 75, 10, 1, 20, 7, 0.0559257, 0.0993771,10, 10, 0, 5, 2.77092, 1.26207, 0.116983, 0.006503, 8.03475
2, 2, 75, 10, 2, 20, 4, 0.0659636, 0.121463,11, 11, 0, 5, 2.72045, 1.20831, 0.109388, 0.007169, 7.87437
2, 2, 75, 10, 3, 20, 7, 0.0839566, 0.234405,19, 19, 0, 5, 2.80466, 1.18281, 0.133625, 0.009123, 8.03774
2, 2, 75, 10, 4, 20, 8, 0.011236, 0.011236,1, 1, 0, 1, 2.84037, 1.22282, 0.135188, 0.007214, 8.23052
2, 2, 75, 10, 5, 20, 7, 0.0451264, 0.0451264,4, 4, 0, 4, 2.80959, 1.20211, 0.133866, 0.006287, 8.19312
2, 2, 75, 10, 6, 20, 8, 0.0519105, 0.0783583,8, 8, 0, 5, 2.8284, 1.2975, 0.138019, 0.007414, 8.25565
2, 2, 75, 10, 7, 20, 11, 0.0206207, 0.0206207,2, 2, 0, 2, 2.82896, 1.27378, 0.141336, 0.005956, 8.26688
2, 2, 75, 10, 8, 20, 11, 0.0198039, 0.0198039,2, 2, 0, 2, 2.85373, 1.2355, 0.138835, 0.006127, 8.42443
2, 2, 75, 10, 9, 20, 9, 0.0262133, 0.0262133,3, 3, 0, 3, 2.83548, 1.2396, 0.128085, 0.006057, 8.2929
2, 2, 75, 11, 1, 21, 7, 0.0120482, 0.0219492,3, 2, 1, 1, 2.84611, 1.28938, 0.120209, 0.006547, 8.1836
2, 2, 75, 11, 2, 21, 4, 0, 0.0121951,3, 0, 3, 0, 2.73098, 1.23245, 0.105185, 0.00755, 7.94748
2, 2, 75, 11, 3, 21, 7, 0.00877193, 0.072288,8, 1, 7, 1, 2.77887, 1.31206, 0.121717, 0.00987, 8.12401
2, 2, 75, 11, 4, 21, 8, 0.0437401, 0.0532639,5, 4, 1, 3, 2.87905, 1.21217, 0.124327, 0.006869, 8.25081
2, 2, 75, 11, 5, 21, 7, 0.0492939, 0.0600466,5, 5, 0, 4, 2.78836, 1.17914, 0.117038, 0.006072, 8.16439
2, 2, 75, 11, 6, 21, 8, 0.00862069, 0.045796,9, 1, 8, 1, 2.7558, 1.21609, 0.129242, 0.010561, 8.05409
2, 2, 75, 11, 7, 21, 11, 0.087658, 0.104612,10, 7, 3, 6, 2.8795, 1.30207, 0.17193, 0.031035, 8.38266
2, 2, 75, 11, 8, 21, 11, 0.141175, 0.169757,11, 10, 1, 7, 2.775, 1.36213, 0.144662, 0.007916, 8.46694
2, 2, 75, 11, 9, 21, 9, 0.144438, 0.155191,9, 9, 0, 8, 2.80175, 1.32203, 0.130745, 0.006573, 8.33483
2, 2, 75, 11, 10, 21, 11, 0, 0.0293865,8, 0, 8, 0, 2.77315, 1.38266, 0.140925, 0.008457, 8.22882
2, 2, 75, 12, 1, 21, 7, 0.0694941, 0.116859,11, 10, 1, 6, 2.7532, 1.20849, 0.119739, 0.006883, 7.91583
2, 2, 75, 12, 2, 21, 4, 0.0250078, 0.0521218,6, 5, 1, 2, 2.69928, 1.13933, 0.099715, 0.006413, 7.76556
2, 2, 75, 12, 3, 21, 7, 0.0473233, 0.160023,15, 11, 4, 4, 2.71021, 1.30956, 0.139532, 0.010715, 8.01816
2, 2, 75, 12, 4, 21, 8, 0.0875761, 0.107257,9, 9, 0, 7, 2.87403, 1.21986, 0.124668, 0.006738, 8.32532
2, 2, 75, 12, 5, 21, 7, 0.0871058, 0.116565,10, 10, 0, 7, 2.7679, 1.25638, 0.116883, 0.006562, 8.20303
2, 2, 75, 12, 6, 21, 8, 0.108546, 0.182771,15, 12, 3, 6, 2.73659, 1.21259, 0.130019, 0.009153, 8.0692
2, 2, 75, 12, 7, 21, 11, 0.192555, 0.227084,13, 13, 0, 10, 2.86824, 1.39201, 0.178836, 0.008537, 8.43899
2, 2, 75, 12, 8, 21, 11, 0.263569, 0.296859,13, 13, 0, 10, 2.79148, 1.25873, 0.146495, 0.007249, 8.37104
2, 2, 75, 12, 9, 21, 9, 0.22108, 0.232708,11, 11, 0, 10, 2.79893, 1.23143, 0.128781, 0.006427, 8.22613
2, 2, 75, 12, 10, 21, 11, 0.134473, 0.191697,14, 10, 4, 7, 2.76969, 1.29584, 0.149005, 0.009273, 8.17039
2, 2, 75, 12, 11, 21, 8, 0.0822594, 0.155876,14, 11, 3, 6, 2.69028, 1.20214, 0.130129, 0.008677, 8.05078
2, 2, 75, 13, 1, 20, 7, 0.0540414, 0.0846159,7, 7, 0, 4, 2.73631, 1.19906, 0.113722, 0.005666, 7.91548
2, 2, 75, 13, 2, 20, 4, 0.0357488, 0.0708722,7, 7, 0, 3, 2.70058, 1.12914, 0.098808, 0.005856, 7.8399
2, 2, 75, 13, 3, 20, 7, 0.0478801, 0.130207,12, 12, 0, 4, 2.76893, 1.22561, 0.12847, 0.007946, 8.04562
2, 2, 75, 13, 4, 20, 8, 0.0529097, 0.0721405,6, 5, 1, 4, 2.79628, 1.20987, 0.137573, 0.008211, 8.22785
2, 2, 75, 13, 5, 20, 7, 0.065378, 0.0832153,7, 6, 1, 4, 2.76194, 1.19393, 0.114047, 0.006418, 8.12197
2, 2, 75, 13, 6, 20, 8, 0.153998, 0.223827,14, 14, 0, 7, 2.77948, 1.23909, 0.149286, 0.008166, 8.17992
2, 2, 75, 13, 7, 20, 11, 0.122761, 0.152965,9, 9, 0, 6, 2.84662, 1.30107, 0.140294, 0.006583, 8.34008
2, 2, 75, 13, 8, 20, 11, 0.0988976, 0.126998,9, 9, 0, 6, 2.85014, 1.32277, 0.138404, 0.006478, 8.48678
2, 2, 75, 13, 9, 20, 9, 0.0736945, 0.0736945,6, 6, 0, 6, 2.82696, 1.24887, 0.124553, 0.005315, 8.25462
2, 2, 75, 13, 10, 20, 11, 0.164219, 0.229276,14, 14, 0, 7, 2.87028, 1.37453, 0.14128, 0.008091, 8.36373
2, 2, 75, 13, 11, 20, 8, 0.128007, 0.213834,17, 15, 2, 7, 2.73504, 1.20992, 0.133806, 0.009394, 8.06215
2, 2, 75, 13, 12, 20, 6, 0.195494, 0.236204,11, 11, 0, 7, 2.74195, 1.18315, 0.110706, 0.006839, 7.9753
2, 2, 75, 14, 1, 12, 7, 0.0451637, 0.0764512,7, 7, 0, 4, 2.75793, 1.22319, 0.095201, 0.00518, 7.89022
2, 2, 75, 14, 2, 12, 4, 0.0243132, 0.0544417,5, 5, 0, 2, 2.70889, 1.20571, 0.084169, 0.005265, 7.79443
2, 2, 75, 14, 3, 12, 7, 0.0344898, 0.111491,10, 10, 0, 3, 2.70429, 1.22409, 0.096382, 0.005997, 7.88475
2, 2, 75, 14, 4, 12, 8, 0.0368369, 0.0522215,5, 3, 2, 3, 2.82239, 1.33402, 0.118211, 0.009709, 8.27716
2, 2, 75, 14, 5, 12, 7, 0.0438464, 0.0663689,5, 5, 0, 3, 2.84697, 1.28434, 0.094018, 0.005386, 8.35416
2, 2, 75, 14, 6, 12, 8, 0.0550699, 0.0791502,5, 5, 0, 3, 2.788, 1.35189, 0.108652, 0.005832, 8.20994
2, 2, 75, 14, 7, 12, 11, 0.0660107, 0.0758146,5, 5, 0, 4, 2.81397, 1.33048, 0.107875, 0.005862, 8.25983
2, 2, 75, 14, 8, 12, 11, 0.0535034, 0.0646145,5, 5, 0, 4, 2.83896, 1.38809, 0.135404, 0.006638, 8.54524
2, 2, 75, 14, 9, 12, 9, 0.0521724, 0.061022,5, 5, 0, 4, 2.85169, 1.2287, 0.100356, 0.005506, 8.37415
2, 2, 75, 14, 10, 12, 11, 0.0659195, 0.081071,5, 5, 0, 4, 2.76185, 1.37007, 0.107394, 0.005621, 8.19718
2, 2, 75, 14, 11, 12, 8, 0.0324564, 0.0658281,5, 3, 2, 2, 2.79316, 1.36808, 0.1106, 0.008477, 8.32946
2, 2, 75, 14, 12, 12, 6, 0.0548006, 0.0695065,4, 4, 0, 3, 2.71364, 1.27563, 0.108481, 0.006979, 8.04556
2, 2, 75, 14, 13, 12, 9, 0.0636158, 0.0785411,5, 5, 0, 4, 2.78875, 1.37462, 0.10265, 0.006382, 8.24107
2, 2, 75, 15, 1, 8, 7, 0.048034, 0.0939246,9, 9, 0, 4, 2.8089, 1.22705, 0.091112, 0.005877, 8.0084
2, 2, 75, 15, 2, 8, 4, 0.0235732, 0.051257,5, 5, 0, 2, 2.79496, 1.22289, 0.081999, 0.00524, 7.99522
2, 2, 75, 15, 3, 8, 7, 0.0551848, 0.117454,11, 11, 0, 5, 2.71193, 1.20981, 0.086319, 0.005646, 7.84729
2, 2, 75, 15, 4, 8, 8, 0.0189637, 0.0291678,4, 2, 2, 2, 2.81173, 1.26188, 0.092986, 0.007069, 8.16152
2, 2, 75, 15, 5, 8, 7, 0.0201025, 0.0338011,4, 2, 2, 2, 2.77149, 1.33111, 0.087381, 0.007384, 8.26911
2, 2, 75, 15, 6, 8, 8, 0.0383094, 0.049673,4, 4, 0, 3, 2.73281, 1.23006, 0.085211, 0.004979, 8.00113
2, 2, 75, 15, 7, 8, 11, 0.0329089, 0.0422547,4, 4, 0, 3, 2.78732, 1.27694, 0.093472, 0.004334, 8.07943
2, 2, 75, 15, 8, 8, 11, 0.0311755, 0.0412765,4, 4, 0, 3, 2.80712, 1.26987, 0.092004, 0.004168, 8.26983
2, 2, 75, 15, 9, 8, 9, 0.0274922, 0.0274922,3, 3, 0, 3, 2.8383, 1.34051, 0.094484, 0.00519, 8.32505
2, 2, 75, 15, 10, 8, 11, 0.0434606, 0.0544497,5, 5, 0, 4, 2.83595, 1.2749, 0.09481, 0.005095, 8.2754
2, 2, 75, 15, 11, 8, 8, 0.0470469, 0.0672952,7, 5, 2, 4, 2.71974, 1.25416, 0.089895, 0.006047, 8.07831
2, 2, 75, 15, 12, 8, 6, 0.0228579, 0.0338469,3, 3, 0, 2, 2.74074, 1.17102, 0.080076, 0.004279, 7.96665
2, 2, 75, 15, 13, 8, 9, 0.022739, 0.0345037,4, 2, 2, 2, 2.75924, 1.23924, 0.088367, 0.006373, 8.028
2, 2, 75, 15, 14, 8, 5, 0.0120482, 0.0364711,5, 1, 4, 1, 2.78832, 1.14987, 0.083021, 0.007189, 7.81193
3, 3, 75, 2, 1, 25, 37, 0.143669, 0.237773,25, 19, 6, 13, 3.01678, 1.85982, 0.351875, 0.014689, 9.05531
3, 3, 75, 3, 1, 30, 37, 0.304013, 0.358087,23, 18, 5, 15, 3.05812, 1.93549, 0.404002, 0.013251, 9.21074
3, 3, 75, 3, 2, 30, 30, 0.331393, 0.414737,26, 21, 5, 15, 3.05022, 1.77357, 0.34328, 0.014639, 9.01018
3, 3, 75, 4, 1, 30, 37, 0.477986, 0.58202,36, 31, 5, 24, 3.00306, 1.88624, 0.433956, 0.024658, 9.2051
3, 3, 75, 4, 2, 30, 30, 0.44562, 0.567072,33, 29, 4, 21, 2.93789, 1.6202, 0.360036, 0.013812, 8.73908
3, 3, 75, 4, 3, 30, 29, 0.589216, 0.829839,44, 39, 5, 24, 2.89212, 1.60538, 0.360663, 0.018912, 8.62709
3, 3, 75, 5, 1, 16, 37, 0.0279379, 0.0620814,8, 3, 5, 3, 3.12914, 1.7579, 0.241245, 0.008968, 8.94248
3, 3, 75, 5, 2, 16, 30, 0.015873, 0.0437755,7, 3, 4, 1, 2.96085, 1.62721, 0.210941, 0.007625, 8.56188
3, 3, 75, 5, 3, 16, 29, 0.0240997, 0.0622589,7, 4, 3, 2, 2.93747, 1.61034, 0.220139, 0.009318, 8.49288
3, 3, 75, 5, 4, 16, 29, 0.0224172, 0.0530906,6, 5, 1, 2, 3.00755, 1.60481, 0.209082, 0.007334, 8.53485
3, 3, 75, 6, 1, 57, 37, 0.20919, 0.308506,32, 25, 7, 19, 2.9697, 1.72992, 0.682631, 0.016457, 9.14531
3, 3, 75, 6, 2, 57, 30, 0.172987, 0.20999,20, 20, 0, 16, 2.93693, 1.64007, 0.594282, 0.011768, 8.92068
3, 3, 75, 6, 3, 57, 29, 0.180696, 0.243822,27, 21, 6, 16, 2.98465, 1.69608, 0.556866, 0.014974, 9.04746
3, 3, 75, 6, 4, 57, 29, 0.199473, 0.279484,31, 28, 3, 19, 2.95113, 1.63112, 0.558679, 0.015095, 8.83296
3, 3, 75, 6, 5, 57, 32, 0.17641, 0.259732,30, 25, 5, 16, 2.91775, 1.67158, 0.605911, 0.014669, 8.81375
3, 3, 75, 7, 1, 60, 37, 0.194943, 0.298116,34, 25, 9, 19, 3.08399, 1.92048, 0.718054, 0.018561, 9.58343
3, 3, 75, 7, 2, 60, 30, 0.151759, 0.215124,21, 20, 1, 14, 2.982, 1.67328, 0.591343, 0.012409, 9.03454
3, 3, 75, 7, 3, 60, 29, 0.169347, 0.25047,27, 19, 8, 16, 2.9195, 1.60887, 0.580562, 0.016111, 8.84328
3, 3, 75, 7, 4, 60, 29, 0.144167, 0.22087,29, 19, 10, 14, 2.944, 1.64315, 0.581754, 0.016738, 8.88738
3, 3, 75, 7, 5, 60, 32, 0.161869, 0.227737,27, 20, 7, 15, 2.91499, 1.66925, 0.631451, 0.015921, 8.85771
3, 3, 75, 7, 6, 60, 27, 0.101932, 0.157323,20, 14, 6, 10, 2.92338, 1.60529, 0.565818, 0.013597, 8.77967
3, 3, 75, 8, 1, 61, 37, 0.125468, 0.195164,25, 17, 8, 12, 3.05598, 1.73132, 0.721552, 0.01552, 9.39111
3, 3, 75, 8, 2, 61, 30, 0.0980143, 0.177122,19, 14, 5, 9, 2.9584, 1.63385, 0.602419, 0.013907, 8.98871
3, 3, 75, 8, 3, 61, 29, 0.16878, 0.291871,29, 27, 2, 15, 2.92215, 1.66647, 0.591117, 0.014348, 8.91327
3, 3, 75, 8, 4, 61, 29, 0.129772, 0.262219,29, 21, 8, 12, 2.95271, 1.62322, 0.594003, 0.015931, 8.8706
3, 3, 75, 8, 5, 61, 32, 0.0605999, 0.19994,28, 8, 20, 6, 2.93803, 1.67322, 0.667983, 0.018591, 8.96307
3, 3, 75, 8, 6, 61, 27, 0.0481936, 0.100043,15, 6, 9, 5, 2.90149, 1.72377, 0.551325, 0.014313, 8.88451
3, 3, 75, 8, 7, 61, 23, 0.180159, 0.236613,22, 21, 1, 16, 2.99121, 1.49883, 0.490361, 0.013176, 8.82724
3, 3, 75, 9, 1, 18, 37, 0.033877, 0.125661,22, 3, 19, 3, 2.9995, 1.75153, 0.269796, 0.013822, 8.81338
3, 3, 75, 9, 2, 18, 30, 0.0769432, 0.154407,20, 6, 14, 6, 2.95355, 1.62917, 0.239953, 0.013056, 8.60267
3, 3, 75, 9, 3, 18, 29, 0.184601, 0.258236,21, 18, 3, 13, 3.0374, 1.76198, 0.23826, 0.011543, 8.83516
3, 3, 75, 9, 4, 18, 29, 0.159328, 0.235404,20, 17, 3, 12, 2.9491, 1.59625, 0.234292, 0.011517, 8.58155
3, 3, 75, 9, 5, 18, 32, 0.165976, 0.233227,21, 19, 2, 14, 2.95156, 1.65894, 0.247126, 0.012184, 8.56672
3, 3, 75, 9, 6, 18, 27, 0.128176, 0.156483,14, 14, 0, 11, 2.91602, 1.57199, 0.217659, 0.00723, 8.42991
3, 3, 75, 9, 7, 18, 23, 0.145698, 0.193962,17, 14, 3, 11, 2.89939, 1.53264, 0.200366, 0.010981, 8.40749
3, 3, 75, 9, 8, 18, 32, 0.0306816, 0.15618,20, 4, 16, 3, 2.97133, 1.68727, 0.247598, 0.013015, 8.52599
3, 3, 75, 10, 1, 20, 37, 0.154542, 0.219939,22, 15, 7, 11, 2.98603, 1.77579, 0.293297, 0.01282, 8.8208
3, 3, 75, 10, 2, 20, 30, 0.183391, 0.255829,22, 17, 5, 12, 3.05567, 1.75389, 0.267827, 0.013962, 8.97089
3, 3, 75, 10, 3, 20, 29, 0.254865, 0.41412,31, 25, 6, 16, 3.00106, 1.67554, 0.261165, 0.015671, 8.84899
3, 3, 75, 10, 4, 20, 29, 0.174192, 0.277427,24, 20, 4, 13, 2.92928, 1.65427, 0.252127, 0.012314, 8.55663
3, 3, 75, 10, 5, 20, 32, 0.159399, 0.239847,24, 17, 7, 12, 2.934, 1.67882, 0.268433, 0.013216, 8.55025
3, 3, 75, 10, 6, 20, 27, 0.0310825, 0.0969594,19, 5, 14, 3, 2.90927, 1.60542, 0.238085, 0.013276, 8.47379
3, 3, 75, 10, 7, 20, 23, 0.245808, 0.357445,27, 22, 5, 16, 2.89465, 1.51926, 0.224643, 0.013501, 8.42927
3, 3, 75, 10, 8, 20, 32, 0.0619919, 0.121543,14, 8, 6, 6, 3.06852, 1.72811, 0.282221, 0.011022, 8.76731
3, 3, 75, 10, 9, 20, 26, 0.0904551, 0.163412,17, 10, 7, 8, 3.08336, 1.72207, 0.223605, 0.011678, 8.70482
3, 3, 75, 11, 1, 17, 37, 0.0634999, 0.125597,16, 7, 9, 5, 3.11399, 1.9401, 0.264892, 0.012644, 9.16928
3, 3, 75, 11, 2, 17, 30, 0.0881625, 0.175718,18, 8, 10, 6, 2.94883, 1.78337, 0.231943, 0.011963, 8.78629
3, 3, 75, 11, 3, 17, 29, 0.151103, 0.267911,23, 18, 5, 10, 3.02436, 1.63574, 0.223225, 0.011372, 8.73151
3, 3, 75, 11, 4, 17, 29, 0.113761, 0.185224,20, 13, 7, 9, 2.96656, 1.60413, 0.222489, 0.011708, 8.53157
3, 3, 75, 11, 5, 17, 32, 0.093084, 0.147379,16, 10, 6, 8, 2.92608, 1.68253, 0.236596, 0.00996, 8.47303
3, 3, 75, 11, 6, 17, 27, 0.0183873, 0.0672379,11, 3, 8, 2, 2.90144, 1.57314, 0.212099, 0.010601, 8.37433
3, 3, 75, 11, 7, 17, 23, 0.188056, 0.282471,22, 18, 4, 12, 2.89329, 1.50519, 0.197821, 0.011141, 8.33708
3, 3, 75, 11, 8, 17, 32, 0.0182557, 0.0703743,11, 2, 9, 2, 2.97624, 1.70835, 0.250485, 0.010376, 8.53342
3, 3, 75, 11, 9, 17, 26, 0.0431019, 0.105752,13, 5, 8, 4, 3.02223, 1.63448, 0.218896, 0.011823, 8.58011
3, 3, 75, 11, 10, 17, 24, 0.053231, 0.0939131,12, 5, 7, 4, 2.9863, 1.5249, 0.19519, 0.009359, 8.47862
3, 3, 75, 12, 1, 28, 37, 0.0768401, 0.107217,14, 8, 6, 7, 2.96699, 1.76055, 0.373858, 0.010466, 8.83743
3, 3, 75, 12, 2, 28, 30, 0.0558622, 0.0936465,13, 5, 8, 4, 2.94089, 1.65602, 0.318491, 0.01034, 8.68814
3, 3, 75, 12, 3, 28, 29, 0.140424, 0.279446,24, 17, 7, 9, 2.92888, 1.64138, 0.318125, 0.013486, 8.61435
3, 3, 75, 12, 4, 28, 29, 0.11379, 0.176106,18, 12, 6, 9, 2.96635, 1.61547, 0.333047, 0.012114, 8.60073
3, 3, 75, 12, 5, 28, 32, 0.0202537, 0.0952098,16, 2, 14, 2, 2.92484, 1.91814, 0.337037, 0.013311, 8.80394
3, 3, 75, 12, 6, 28, 27, 0.00961538, 0.0381885,7, 1, 6, 1, 2.97604, 1.5793, 0.292184, 0.009694, 8.64412
3, 3, 75, 12, 7, 28, 23, 0.159931, 0.243726,22, 15, 7, 10, 2.91545, 1.53576, 0.271199, 0.012855, 8.4724
3, 3, 75, 12, 8, 28, 32, 0.0191497, 0.0600809,10, 2, 8, 2, 2.9583, 1.69768, 0.331957, 0.01054, 8.57963
3, 3, 75, 12, 9, 28, 26, 0.0305582, 0.0852111,13, 3, 10, 3, 3.02951, 1.55275, 0.289183, 0.011693, 8.6532
3, 3, 75, 12, 10, 28, 24, 0.0494439, 0.0884955,11, 4, 7, 4, 2.91378, 1.52429, 0.269776, 0.009965, 8.43313
3, 3, 75, 12, 11, 28, 21, 0.0728019, 0.155841,16, 9, 7, 7, 2.88632, 1.48159, 0.251836, 0.012199, 8.34618
3, 3, 75, 13, 1, 66, 37, 0.379482, 0.530385,46, 36, 10, 26, 3.06614, 1.76313, 0.814004, 0.025334, 9.4634
3, 3, 75, 13, 2, 66, 30, 0.354261, 0.515291,43, 35, 8, 23, 2.95042, 1.68617, 0.6619, 0.019999, 9.08546
3, 3, 75, 13, 3, 66, 29, 0.440721, 0.749092,61, 42, 19, 27, 2.92371, 1.6112, 0.680381, 0.028896, 8.96359
3, 3, 75, 13, 4, 66, 29, 0.332694, 0.557519,53, 34, 19, 22, 2.96113, 1.60921, 0.662346, 0.02572, 9.03522
3, 3, 75, 13, 5, 66, 32, 0.209455, 0.429381,50, 26, 24, 19, 2.94425, 1.68133, 0.705781, 0.022674, 8.9876
3, 3, 75, 13, 6, 66, 27, 0.0655062, 0.188334,31, 9, 22, 7, 2.90126, 1.61636, 0.623368, 0.018947, 8.8616
3, 3, 75, 13, 7, 66, 23, 0.399027, 0.55348,47, 36, 11, 24, 2.89073, 1.49784, 0.542427, 0.020175, 8.70347
3, 3, 75, 13, 8, 66, 32, 0.155828, 0.258981,32, 17, 15, 14, 2.95891, 1.69587, 0.705145, 0.017765, 8.96903
3, 3, 75, 13, 9, 66, 26, 0.179535, 0.332596,39, 22, 17, 16, 2.96864, 1.66956, 0.598397, 0.022373, 8.90905
3, 3, 75, 13, 10, 66, 24, 0.207688, 0.32069,34, 23, 11, 15, 2.96396, 1.4954, 0.553319, 0.018736, 8.84338
3, 3, 75, 13, 11, 66, 21, 0.141388, 0.261769,27, 18, 9, 10, 2.88411, 1.45744, 0.492936, 0.014884, 8.56761
3, 3, 75, 13, 12, 66, 26, 0.149284, 0.262278,31, 18, 13, 14, 2.98367, 1.58089, 0.584028, 0.017134, 8.83298
3, 3, 75, 14, 1, 48, 37, 0.431042, 0.616581,52, 45, 7, 31, 2.971, 1.79549, 0.604057, 0.019463, 9.24524
3, 3, 75, 14, 2, 48, 30, 0.317114, 0.443255,37, 34, 3, 24, 2.95125, 1.6353, 0.512449, 0.0154, 8.86248
3, 3, 75, 14, 3, 48, 29, 0.41962, 0.747622,57, 51, 6, 28, 2.93617, 1.66526, 0.509954, 0.021857, 8.84825
3, 3, 75, 14, 4, 48, 29, 0.43996, 0.720904,58, 46, 12, 26, 3.01099, 1.70961, 0.505661, 0.022083, 9.01473
3, 3, 75, 14, 5, 48, 32, 0.437644, 0.670675,54, 41, 13, 24, 2.92253, 1.6682, 0.542618, 0.020971, 8.78501
3, 3, 75, 14, 6, 48, 27, 0.287453, 0.517357,48, 39, 9, 20, 2.92532, 1.56764, 0.475147, 0.019553, 8.65559
3, 3, 75, 14, 7, 48, 23, 0.335182, 0.492817,45, 35, 10, 25, 2.89079, 1.53505, 0.420544, 0.018757, 8.60267
3, 3, 75, 14, 8, 48, 32, 0.292279, 0.463174,39, 37, 2, 22, 2.96716, 1.67491, 0.545789, 0.016302, 8.78906
3, 3, 75, 14, 9, 48, 26, 0.252151, 0.390437,38, 27, 11, 18, 2.98286, 1.5482, 0.46187, 0.019142, 8.67621
3, 3, 75, 14, 10, 48, 24, 0.224561, 0.331338,33, 27, 6, 17, 3.04503, 1.66753, 0.421727, 0.014799, 8.95966
3, 3, 75, 14, 11, 48, 21, 0.18043, 0.337345,32, 18, 14, 13, 2.95088, 1.47054, 0.406372, 0.016497, 8.57889
3, 3, 75, 14, 12, 48, 26, 0.284913, 0.439475,38, 30, 8, 21, 2.97514, 1.54694, 0.455002, 0.01758, 8.62301
3, 3, 75, 14, 13, 48, 27, 0.0930135, 0.199714,31, 12, 19, 9, 3.01045, 1.58582, 0.465082, 0.017264, 8.82957
3, 3, 75, 15, 1, 45, 37, 0.369114, 0.560215,48, 42, 6, 24, 2.97826, 1.78297, 0.586186, 0.018756, 9.10867
3, 3, 75, 15, 2, 45, 30, 0.379396, 0.546285,44, 36, 8, 24, 2.94989, 1.61764, 0.506498, 0.021026, 8.86908
3, 3, 75, 15, 3, 45, 29, 0.416722, 0.66828,51, 37, 14, 24, 3.05811, 1.78613, 0.475252, 0.020575, 9.16283
3, 3, 75, 15, 4, 45, 29, 0.434382, 0.643977,52, 42, 10, 25, 2.94331, 1.66132, 0.478838, 0.019829, 8.81275
3, 3, 75, 15, 5, 45, 32, 0.334213, 0.509855,46, 32, 14, 20, 2.91587, 1.65801, 0.511062, 0.020079, 8.72713
3, 3, 75, 15, 6, 45, 27, 0.142595, 0.276088,29, 19, 10, 11, 2.96647, 1.73117, 0.463058, 0.017314, 8.88257
3, 3, 75, 15, 7, 45, 23, 0.432513, 0.601995,44, 36, 8, 26, 3.00953, 1.479, 0.421085, 0.019277, 8.9016
3, 3, 75, 15, 8, 45, 32, 0.202078, 0.346706,37, 24, 13, 17, 2.93789, 1.6635, 0.503472, 0.018902, 8.76751
3, 3, 75, 15, 9, 45, 26, 0.243694, 0.367048,36, 28, 8, 20, 2.94114, 1.62144, 0.426406, 0.016091, 8.67909
3, 3, 75, 15, 10, 45, 24, 0.221402, 0.310445,27, 24, 3, 17, 2.94425, 1.51614, 0.399203, 0.014183, 8.61919
3, 3, 75, 15, 11, 45, 21, 0.165613, 0.311299,30, 21, 9, 13, 2.87528, 1.56666, 0.364065, 0.015876, 8.53819
3, 3, 75, 15, 12, 45, 26, 0.197915, 0.285796,29, 22, 7, 16, 3.12641, 1.62355, 0.420434, 0.015129, 8.96682
3, 3, 75, 15, 13, 45, 27, 0.163603, 0.245581,25, 23, 2, 16, 3.12439, 1.73081, 0.434908, 0.013281, 9.1574
3, 3, 75, 15, 14, 45, 27, 0.139313, 0.194747,21, 19, 2, 14, 3.0378, 1.58872, 0.434136, 0.012164, 8.89109
4, 4, 75, 2, 1, 28, 27, 0.499162, 0.660046,41, 39, 2, 24, 2.94131, 1.60443, 0.311452, 0.014493, 8.59084
4, 4, 75, 3, 1, 30, 27, 0.113329, 0.170195,19, 18, 1, 12, 2.90201, 1.6084, 0.309488, 0.010014, 8.51552
4, 4, 75, 3, 2, 30, 38, 0.142179, 0.240609,25, 23, 2, 14, 2.94456, 1.81912, 0.40311, 0.011889, 8.81872
4, 4, 75, 4, 1, 57, 27, 0.0746436, 0.10116,13, 11, 2, 8, 2.92472, 1.59003, 0.512299, 0.01035, 8.707
4, 4, 75, 4, 2, 57, 38, 0.0797561, 0.0982084,10, 10, 0, 8, 2.93179, 1.77596, 0.69406, 0.009228, 9.0293
4, 4, 75, 4, 3, 57, 35, 0.191341, 0.411985,48, 27, 21, 18, 3.02972, 1.71108, 0.67978, 0.024688, 9.19165
4, 4, 75, 5, 1, 57, 27, 0.127907, 0.227651,23, 18, 5, 11, 2.90254, 1.55584, 0.526306, 0.014222, 8.77924
4, 4, 75, 5, 2, 57, 38, 0.0805073, 0.271303,31, 17, 14, 6, 2.96465, 1.78313, 0.698642, 0.017584, 9.12904
4, 4, 75, 5, 3, 57, 35, 0.383303, 0.588269,50, 44, 6, 26, 3.02285, 1.73459, 0.663779, 0.019232, 9.1636
4, 4, 75, 5, 4, 57, 45, 0.467998, 0.776003,69, 62, 7, 34, 2.97255, 1.90641, 0.827142, 0.022604, 9.43683
4, 4, 75, 6, 1, 60, 27, 0.101932, 0.157323,20, 14, 6, 10, 2.89804, 1.57896, 0.555988, 0.013015, 8.77537
4, 4, 75, 6, 2, 60, 38, 0.117513, 0.202175,23, 17, 6, 11, 2.93449, 1.92384, 0.725404, 0.014969, 9.22363
4, 4, 75, 6, 3, 60, 35, 0.268654, 0.458618,46, 31, 15, 21, 3.0523, 1.83094, 0.694573, 0.0204, 9.41692
4, 4, 75, 6, 4, 60, 45, 0.365585, 0.669169,67, 47, 20, 29, 2.97307, 1.88774, 0.886261, 0.024903, 9.47798
4, 4, 75, 6, 5, 60, 45, 0.51226, 0.753263,67, 52, 15, 37, 2.98295, 1.91793, 0.864841, 0.025089, 9.58144
4, 4, 75, 7, 1, 63, 27, 0.0751281, 0.114376,15, 7, 8, 7, 2.90243, 1.60226, 0.563763, 0.013732, 8.75301
4, 4, 75, 7, 2, 63, 38, 0.0830925, 0.12126,14, 11, 3, 7, 2.9397, 1.78454, 0.74879, 0.010931, 9.12421
4, 4, 75, 7, 3, 63, 35, 0.0215868, 0.198069,39, 2, 37, 2, 3.10777, 1.87085, 0.749546, 0.027534, 9.54842
4, 4, 75, 7, 4, 63, 45, 0.0203117, 0.221375,47, 2, 45, 2, 2.97423, 1.90785, 0.924106, 0.026656, 9.66649
4, 4, 75, 7, 5, 63, 45, 0.266867, 0.421291,50, 24, 26, 20, 2.96589, 1.9121, 0.89511, 0.0232, 9.58926
4, 4, 75, 7, 6, 63, 56, 0.477031, 0.843185,80, 56, 24, 38, 3.04862, 2.10861, 1.10106, 0.029448, 10.2054
4, 4, 75, 8, 1, 16, 27, 0.102559, 0.13094,11, 11, 0, 8, 2.90059, 1.595, 0.202895, 0.006557, 8.44281
4, 4, 75, 8, 2, 16, 38, 0.124329, 0.205957,18, 17, 1, 9, 2.92721, 1.79032, 0.245058, 0.010004, 8.59515
4, 4, 75, 8, 3, 16, 35, 0.0535813, 0.0805294,10, 8, 2, 5, 3.11915, 1.87675, 0.232718, 0.008372, 9.01283
4, 4, 75, 8, 4, 16, 45, 0.0727075, 0.108292,11, 11, 0, 7, 3.04255, 1.89436, 0.273959, 0.006734, 8.99075
4, 4, 75, 8, 5, 16, 45, 0.0410344, 0.0671375,7, 6, 1, 4, 2.96922, 1.89062, 0.270297, 0.006342, 8.9793
4, 4, 75, 8, 6, 16, 56, 0.0171829, 0.0484704,7, 2, 5, 2, 3.0331, 2.13794, 0.317413, 0.008492, 9.40624
4, 4, 75, 8, 7, 16, 38, 0.0210616, 0.0493635,6, 2, 4, 2, 2.99029, 1.79219, 0.239127, 0.008171, 8.67617
4, 4, 75, 9, 1, 16, 27, 0.158929, 0.20297,19, 18, 1, 14, 2.89129, 1.6027, 0.198357, 0.009704, 8.38368
4, 4, 75, 9, 2, 16, 38, 0.156255, 0.221981,20, 20, 0, 13, 2.94443, 1.82775, 0.25913, 0.009523, 8.67701
4, 4, 75, 9, 3, 16, 35, 0.117243, 0.188413,18, 16, 2, 11, 3.09479, 1.8641, 0.236526, 0.010149, 9.05417
4, 4, 75, 9, 4, 16, 45, 0.102843, 0.185088,18, 15, 3, 9, 2.98497, 1.99757, 0.302398, 0.010921, 9.04822
4, 4, 75, 9, 5, 16, 45, 0.0736593, 0.187237,20, 14, 6, 6, 3.0001, 1.90566, 0.281839, 0.011312, 8.99967
4, 4, 75, 9, 6, 16, 56, 0.0474279, 0.15873,19, 10, 9, 4, 3.02862, 2.14559, 0.326357, 0.011467, 9.41834
4, 4, 75, 9, 7, 16, 38, 0.0231841, 0.101152,15, 5, 10, 2, 2.98223, 2.03189, 0.255007, 0.0126, 8.96524
4, 4, 75, 9, 8, 16, 45, 0.0178798, 0.105734,18, 3, 15, 2, 3.02626, 1.97871, 0.282325, 0.012549, 9.15032
4, 4, 75, 10, 1, 48, 27, 0.287453, 0.517357,48, 39, 9, 20, 2.89177, 1.59532, 0.489678, 0.018636, 8.67178
4, 4, 75, 10, 2, 48, 38, 0.256012, 0.528348,47, 40, 7, 18, 2.93586, 1.77961, 0.612508, 0.018386, 8.99789
4, 4, 75, 10, 3, 48, 35, 0.187676, 0.31159,30, 26, 4, 16, 3.12851, 1.86332, 0.572887, 0.016973, 9.38548
4, 4, 75, 10, 4, 48, 45, 0.318938, 0.616495,60, 52, 8, 27, 3.00506, 1.96256, 0.713436, 0.021632, 9.43172
4, 4, 75, 10, 5, 48, 45, 0.33615, 0.46954,44, 38, 6, 29, 3.00713, 1.96234, 0.701171, 0.01796, 9.48301
4, 4, 75, 10, 6, 48, 56, 0.299911, 0.475788,48, 39, 9, 25, 3.06482, 2.08505, 0.846946, 0.019363, 9.92727
4, 4, 75, 10, 7, 48, 38, 0.309863, 0.518665,46, 38, 8, 26, 2.96225, 1.79042, 0.609468, 0.01823, 8.98135
4, 4, 75, 10, 8, 48, 45, 0.284745, 0.564456,54, 48, 6, 24, 3.00223, 1.90818, 0.705891, 0.02035, 9.40415
4, 4, 75, 10, 9, 48, 45, 0.283859, 0.462093,45, 40, 5, 24, 3.10837, 2.02542, 0.726483, 0.018551, 9.74307
4, 4, 75, 11, 1, 45, 27, 0.142595, 0.276088,29, 19, 10, 11, 2.95959, 1.68311, 0.440223, 0.016842, 8.89902
4, 4, 75, 11, 2, 45, 38, 0.0650289, 0.183578,25, 12, 13, 7, 2.92599, 1.76839, 0.584743, 0.014919, 8.96412
4, 4, 75, 11, 3, 45, 35, 0.115606, 0.225403,24, 13, 11, 11, 3.03943, 1.7095, 0.531622, 0.015144, 9.02325
4, 4, 75, 11, 4, 45, 45, 0.260768, 0.517041,50, 33, 17, 21, 2.9727, 1.92905, 0.666594, 0.021167, 9.28919
4, 4, 75, 11, 5, 45, 45, 0.257591, 0.396032,40, 25, 15, 19, 2.97912, 1.90878, 0.660632, 0.018692, 9.38939
4, 4, 75, 11, 6, 45, 56, 0.235029, 0.474673,48, 29, 19, 19, 3.05964, 2.0973, 0.839478, 0.037273, 10.0231
4, 4, 75, 11, 7, 45, 38, 0.192057, 0.372516,40, 24, 16, 18, 2.97735, 1.89114, 0.579474, 0.02038, 9.16437
4, 4, 75, 11, 8, 45, 45, 0.170907, 0.307835,34, 23, 11, 16, 3.11507, 2.11116, 0.672847, 0.019022, 9.75344
4, 4, 75, 11, 9, 45, 45, 0.215491, 0.326141,35, 30, 5, 19, 3.12272, 1.95792, 0.672996, 0.018135, 9.63411
4, 4, 75, 11, 10, 45, 27, 0.139313, 0.194747,21, 19, 2, 14, 3.0091, 1.55705, 0.427217, 0.011182, 8.83007
4, 4, 75, 12, 1, 67, 27, 0.364341, 0.549686,49, 40, 9, 25, 2.89027, 1.56619, 0.619768, 0.020415, 8.79523
4, 4, 75, 12, 2, 67, 38, 0.456784, 0.765192,62, 58, 4, 29, 2.93103, 1.76139, 0.830514, 0.022735, 9.17567
4, 4, 75, 12, 3, 67, 35, 0.0827319, 0.194652,35, 10, 25, 8, 3.01491, 1.7415, 0.748204, 0.019498, 9.24114
4, 4, 75, 12, 4, 67, 45, 0.232144, 0.443636,54, 34, 20, 20, 2.97731, 1.90926, 0.947888, 0.022779, 9.57215
4, 4, 75, 12, 5, 67, 45, 0.363207, 0.519614,52, 47, 5, 33, 3.10946, 1.99219, 0.95147, 0.023811, 9.94624
4, 4, 75, 12, 6, 67, 56, 0.392064, 0.549186,57, 48, 9, 36, 3.04663, 2.11441, 1.14666, 0.02281, 10.2576
4, 4, 75, 12, 7, 67, 38, 0.394895, 0.638929,57, 54, 3, 32, 2.94951, 1.76217, 0.819472, 0.02018, 9.2059
4, 4, 75, 12, 8, 67, 45, 0.372121, 0.619557,58, 52, 6, 31, 3.00319, 1.91143, 0.948649, 0.021442, 9.65125
4, 4, 75, 12, 9, 67, 45, 0.392974, 0.622486,59, 53, 6, 34, 3.0444, 1.88014, 0.949796, 0.022058, 9.64632
4, 4, 75, 12, 10, 67, 27, 0.0578695, 0.153295,27, 6, 21, 5, 3.02591, 1.66161, 0.610305, 0.019132, 9.05584
4, 4, 75, 12, 11, 67, 31, 0.0607541, 0.117463,29, 7, 22, 6, 3.19472, 1.6473, 0.680627, 0.018712, 9.36511
4, 4, 75, 13, 1, 59, 27, 0.0985416, 0.240775,30, 12, 18, 10, 2.89118, 1.59718, 0.54633, 0.017439, 8.72299
4, 4, 75, 13, 2, 59, 38, 0.0623468, 0.217271,30, 11, 19, 6, 2.92618, 1.77542, 0.705541, 0.017784, 9.0576
4, 4, 75, 13, 3, 59, 35, 0.166208, 0.331998,41, 19, 22, 15, 3.02527, 1.72847, 0.679575, 0.019994, 9.17248
4, 4, 75, 13, 4, 59, 45, 0.231245, 0.509448,59, 35, 24, 20, 2.97295, 1.9042, 0.865442, 0.025154, 9.48651
4, 4, 75, 13, 5, 59, 45, 0.301228, 0.522971,57, 36, 21, 26, 3.01714, 1.96892, 0.852687, 0.025665, 9.67901
4, 4, 75, 13, 6, 59, 56, 0.41346, 0.821,76, 54, 22, 31, 3.0648, 2.07987, 1.0433, 0.029858, 10.217
4, 4, 75, 13, 7, 59, 38, 0.212477, 0.4637,53, 21, 32, 17, 2.95846, 1.79102, 0.774169, 0.024969, 9.24942
4, 4, 75, 13, 8, 59, 45, 0.187283, 0.507262,59, 27, 32, 16, 3.03881, 1.88672, 0.854296, 0.026482, 9.57018
4, 4, 75, 13, 9, 59, 45, 0.213009, 0.48037,59, 32, 27, 19, 3.17527, 2.04701, 0.871213, 0.026391, 9.89471
4, 4, 75, 13, 10, 59, 27, 0.104478, 0.275423,32, 16, 16, 10, 3.01484, 1.57354, 0.566564, 0.018356, 8.95227
4, 4, 75, 13, 11, 59, 31, 0.108881, 0.203555,37, 15, 22, 10, 3.06245, 1.64514, 0.619803, 0.018892, 9.08037
4, 4, 75, 13, 12, 59, 53, 0.293629, 0.593007,65, 26, 39, 22, 3.04927, 2.03706, 0.985962, 0.028465, 9.86038
4, 4, 75, 14, 1, 56, 27, 0.116517, 0.184172,19, 10, 9, 10, 2.86952, 1.58879, 0.512048, 0.013872, 8.67565
4, 4, 75, 14, 2, 56, 38, 0.0898981, 0.174943,20, 9, 11, 7, 2.91687, 1.78298, 0.680055, 0.014604, 9.03562
4, 4, 75, 14, 3, 56, 35, 0.00877193, 0.0887288,31, 1, 30, 1, 3.13948, 1.88339, 0.647252, 0.019728, 9.4321
4, 4, 75, 14, 4, 56, 45, 0, 0.187774,42, 0, 42, 0, 3.02542, 1.87119, 0.807855, 0.023917, 9.48668
4, 4, 75, 14, 5, 56, 45, 0.186163, 0.336269,50, 22, 28, 16, 2.9904, 1.8749, 0.809468, 0.022443, 9.55877
4, 4, 75, 14, 6, 56, 56, 0.424725, 0.712838,68, 47, 21, 36, 3.04741, 2.10645, 0.984068, 0.025976, 10.0664
4, 4, 75, 14, 7, 56, 38, 0.270288, 0.491391,48, 31, 17, 20, 2.94364, 1.77224, 0.697109, 0.022289, 9.03839
4, 4, 75, 14, 8, 56, 45, 0.241787, 0.481159,50, 30, 20, 19, 2.99693, 1.9099, 0.821169, 0.02312, 9.52534
4, 4, 75, 14, 9, 56, 45, 0.270323, 0.453574,50, 32, 18, 23, 3.09075, 2.10993, 0.809829, 0.023551, 9.87636
4, 4, 75, 14, 10, 56, 27, 0.0591338, 0.196177,30, 9, 21, 6, 3.03095, 1.57032, 0.523701, 0.018446, 8.93986
4, 4, 75, 14, 11, 56, 31, 0.0637108, 0.140144,29, 6, 23, 6, 3.09, 1.66532, 0.581027, 0.01787, 9.0924
4, 4, 75, 14, 12, 56, 53, 0.351435, 0.590379,62, 33, 29, 27, 3.06989, 2.05695, 0.93655, 0.025319, 9.84404
4, 4, 75, 14, 13, 56, 44, 0.187916, 0.442962,60, 23, 37, 18, 2.9966, 1.88883, 0.802139, 0.026081, 9.43654
4, 4, 75, 15, 1, 63, 27, 0.124166, 0.159751,16, 15, 1, 11, 2.87467, 1.55906, 0.563419, 0.011011, 8.72242
4, 4, 75, 15, 2, 63, 38, 0.174881, 0.264426,25, 24, 1, 15, 3.0001, 1.82518, 0.759134, 0.013817, 9.31939
4, 4, 75, 15, 3, 63, 35, 0.020749, 0.100314,24, 2, 22, 2, 3.00672, 1.72568, 0.708005, 0.016357, 9.21983
4, 4, 75, 15, 4, 63, 45, 0.119088, 0.343737,49, 15, 34, 11, 2.96606, 1.89116, 0.898076, 0.023797, 9.50983
4, 4, 75, 15, 5, 63, 45, 0.41098, 0.543878,48, 43, 5, 33, 3.0412, 1.89331, 0.905585, 0.019508, 9.67247
4, 4, 75, 15, 6, 63, 56, 0.521481, 0.823287,71, 57, 14, 40, 3.03699, 2.09251, 1.10163, 0.026507, 10.1799
4, 4, 75, 15, 7, 63, 38, 0.392749, 0.561822,45, 34, 11, 26, 2.93997, 1.78024, 0.773297, 0.019999, 9.10984
4, 4, 75, 15, 8, 63, 45, 0.444011, 0.625897,48, 44, 4, 27, 3.0766, 2.0631, 0.915693, 0.019859, 9.91524
4, 4, 75, 15, 9, 63, 45, 0.464412, 0.642732,51, 45, 6, 29, 3.06243, 1.8964, 0.894193, 0.020735, 9.68763
4, 4, 75, 15, 10, 63, 27, 0.093697, 0.247281,30, 12, 18, 10, 3.05307, 1.6652, 0.569571, 0.018902, 9.05424
4, 4, 75, 15, 11, 63, 31, 0.0667502, 0.158417,28, 7, 21, 7, 3.12919, 1.68595, 0.732919, 0.024993, 9.37486
4, 4, 75, 15, 12, 63, 53, 0.631677, 0.903589,67, 53, 14, 39, 3.042, 2.04983, 1.04017, 0.024758, 10.0211
4, 4, 75, 15, 13, 63, 44, 0.444062, 0.699597,61, 55, 6, 35, 3.00851, 2.01137, 0.894904, 0.025209, 9.67385
4, 4, 75, 15, 14, 63, 44, 0.463172, 0.703831,58, 50, 8, 34, 3.01832, 1.86906, 0.885827, 0.023736, 9.6518
