1, 1, 75, 2, 1, 131, 89, 0.0717115, 0.0811454,17, 8, 9, 7, 3.725, 2.74527, 3.40727, 0.035635, 16.1077
1, 1, 75, 3, 1, 127, 89, 0.08, 0.105645,18, 7, 11, 7, 3.34479, 2.73542, 3.1979, 0.03346, 17.9939
1, 1, 75, 3, 2, 127, 81, 0.178394, 0.236715,26, 16, 10, 14, 4.48527, 2.58033, 2.8958, 0.019844, 20.067
1, 1, 75, 4, 1, 141, 89, 0.0997342, 0.125944,18, 10, 8, 9, 3.31627, 2.73271, 3.46468, 0.019032, 16.3042
1, 1, 75, 4, 2, 141, 81, 0.231749, 0.298574,30, 23, 7, 18, 3.27971, 2.56595, 3.17857, 0.020756, 16.2588
1, 1, 75, 4, 3, 141, 106, 0.227846, 0.284489,27, 16, 11, 15, 5.5239, 3.02789, 4.18264, 0.021432, 22.9551
1, 1, 75, 5, 1, 150, 89, 0.137278, 0.146127,21, 12, 9, 11, 3.33521, 2.71627, 3.74265, 0.018576, 18.3459
1, 1, 75, 5, 2, 150, 81, 0.255782, 0.332586,33, 24, 9, 20, 3.24578, 2.57807, 3.42523, 0.022159, 16.9321
1, 1, 75, 5, 3, 150, 106, 0.251391, 0.314863,27, 20, 7, 19, 3.3357, 3.03357, 4.44746, 0.021256, 16.784
1, 1, 75, 5, 4, 150, 52, 0.0508371, 0.0593117,11, 6, 5, 5, 3.14379, 2.01517, 2.20555, 0.015741, 13.7021
1, 1, 75, 6, 1, 111, 89, 0.0630832, 0.0630832,13, 7, 6, 7, 3.3059, 2.71154, 2.79292, 0.014298, 14.655
1, 1, 75, 6, 2, 111, 81, 0.0477502, 0.101222,24, 6, 18, 5, 4.30968, 2.59875, 2.56364, 0.018536, 19.2719
1, 1, 75, 6, 3, 111, 106, 0.0499417, 0.0793697,21, 5, 16, 5, 3.33546, 3.05955, 3.30694, 0.017774, 17.784
1, 1, 75, 6, 4, 111, 52, 0.0264808, 0.0264808,5, 2, 3, 2, 3.10897, 2.04875, 1.66224, 0.012064, 13.6993
1, 1, 75, 6, 5, 111, 103, 0.0936563, 0.146203,14, 11, 3, 7, 4.74319, 2.99945, 3.21598, 0.014904, 21.1368
1, 1, 75, 7, 1, 141, 89, 0.124583, 0.124583,14, 10, 4, 10, 3.29461, 2.71466, 3.51458, 0.016282, 15.3556
1, 1, 75, 7, 2, 141, 81, 0.2277, 0.247485,21, 17, 4, 16, 4.09726, 2.57838, 3.15634, 0.017379, 19.5302
1, 1, 75, 7, 3, 141, 106, 0.18825, 0.221534,20, 14, 6, 14, 3.31064, 3.05167, 4.17235, 0.019623, 16.4321
1, 1, 75, 7, 4, 141, 52, 0.0684715, 0.0684715,8, 7, 1, 7, 3.13217, 1.97363, 2.11236, 0.014107, 14.7224
1, 1, 75, 7, 5, 141, 103, 0.0858129, 0.109702,14, 9, 5, 9, 3.37048, 3.03102, 4.06463, 0.018607, 19.1191
1, 1, 75, 7, 6, 141, 98, 0.064602, 0.0728665,13, 8, 5, 7, 3.35302, 2.81798, 3.86462, 0.016502, 18.4795
1, 1, 75, 8, 1, 148, 89, 0.128833, 0.128833,17, 9, 8, 9, 3.31307, 2.68643, 3.69247, 0.017479, 18.0523
1, 1, 75, 8, 2, 148, 81, 0.202635, 0.250935,23, 15, 8, 13, 3.2277, 2.55906, 3.37825, 0.019984, 14.9935
1, 1, 75, 8, 3, 148, 106, 0.226605, 0.295464,26, 15, 11, 15, 3.3167, 3.04371, 4.38119, 0.021086, 19.4398
1, 1, 75, 8, 4, 148, 52, 0.0688941, 0.0688941,9, 7, 2, 7, 3.1096, 2.03241, 2.20093, 0.015535, 16.233
1, 1, 75, 8, 5, 148, 103, 0.131552, 0.177915,19, 15, 4, 12, 3.36665, 2.98619, 4.2489, 0.017695, 18.0209
1, 1, 75, 8, 6, 148, 98, 0.0823816, 0.119402,20, 11, 9, 9, 3.37485, 2.87375, 4.06113, 0.019122, 16.1731
1, 1, 75, 8, 7, 148, 90, 0.0376083, 0.0648247,16, 5, 11, 4, 3.36077, 2.74154, 3.69896, 0.019293, 15.9536
1, 1, 75, 9, 1, 175, 89, 0.128067, 0.128067,18, 11, 7, 11, 3.30005, 2.69529, 4.35793, 0.019192, 18.8985
1, 1, 75, 9, 2, 175, 81, 0.21941, 0.25983,25, 18, 7, 16, 3.22914, 2.54155, 3.99869, 0.02283, 15.6886
1, 1, 75, 9, 3, 175, 106, 0.242442, 0.308641,22, 15, 7, 13, 3.31423, 3.02123, 5.15767, 0.021276, 17.3874
1, 1, 75, 9, 4, 175, 52, 0.0624315, 0.0624315,8, 6, 2, 6, 4.55659, 2.00099, 2.57593, 0.016648, 18.941
1, 1, 75, 9, 5, 175, 103, 0.118409, 0.174382,18, 11, 7, 9, 3.35668, 3.0693, 5.01811, 0.021056, 17.339
1, 1, 75, 9, 6, 175, 98, 0.114924, 0.140585,20, 13, 7, 11, 3.34901, 2.88857, 4.78133, 0.020215, 17.7648
1, 1, 75, 9, 7, 175, 90, 0.0208333, 0.0386216,12, 2, 10, 2, 4.32365, 2.72987, 4.40355, 0.019553, 21.1861
1, 1, 75, 9, 8, 175, 100, 0.151923, 0.231287,21, 13, 8, 10, 3.33268, 2.92228, 4.87665, 0.021327, 18.7691
1, 1, 75, 10, 1, 130, 89, 0.0645998, 0.0739456,11, 6, 5, 6, 3.29127, 2.70314, 3.27006, 0.017369, 16.2045
1, 1, 75, 10, 2, 130, 81, 0.156803, 0.175451,19, 15, 4, 13, 3.2296, 2.56204, 2.98166, 0.016567, 16.5717
1, 1, 75, 10, 3, 130, 106, 0.127971, 0.174149,16, 12, 4, 10, 3.30779, 3.0639, 3.84714, 0.015635, 16.761
1, 1, 75, 10, 4, 130, 52, 0.0623685, 0.0623685,7, 5, 2, 5, 3.12298, 2.07072, 1.94604, 0.013902, 15.8567
1, 1, 75, 10, 5, 130, 103, 0.180249, 0.281793,24, 16, 8, 11, 3.36328, 2.97982, 3.75427, 0.019568, 17.8814
1, 1, 75, 10, 6, 130, 98, 0.180712, 0.238842,21, 17, 4, 14, 3.88316, 3.10471, 3.59435, 0.019362, 20.4295
1, 1, 75, 10, 7, 130, 90, 0.163411, 0.199295,19, 15, 4, 12, 3.32579, 2.73617, 3.33423, 0.015991, 15.2383
1, 1, 75, 10, 8, 130, 100, 0.163131, 0.226002,21, 16, 5, 12, 3.47945, 2.93154, 3.6563, 0.018481, 19.7296
1, 1, 75, 10, 9, 130, 72, 0.0556644, 0.0640678,10, 7, 3, 6, 4.00748, 2.40159, 2.64527, 0.014187, 15.8447
1, 1, 75, 11, 1, 135, 89, 0.0315953, 0.0411191,15, 3, 12, 3, 3.35241, 2.71789, 3.38573, 0.01815, 15.4247
1, 1, 75, 11, 2, 135, 81, 0.120823, 0.148853,17, 13, 4, 10, 3.23828, 2.5679, 3.08521, 0.016317, 14.7433
1, 1, 75, 11, 3, 135, 106, 0.108651, 0.134305,15, 10, 5, 9, 3.30303, 3.05566, 3.99471, 0.01569, 16.2616
1, 1, 75, 11, 4, 135, 52, 0.0418107, 0.0418107,4, 3, 1, 3, 3.10893, 2.0354, 2.02424, 0.013221, 14.6428
1, 1, 75, 11, 5, 135, 103, 0.188039, 0.272744,21, 17, 4, 12, 3.39592, 2.99705, 3.9068, 0.018687, 17.5817
1, 1, 75, 11, 6, 135, 98, 0.173054, 0.229634,19, 16, 3, 13, 3.36943, 2.87872, 3.70753, 0.017599, 19.6844
1, 1, 75, 11, 7, 135, 90, 0.191365, 0.229093,20, 18, 2, 15, 3.356, 2.85257, 3.41993, 0.017384, 17.6865
1, 1, 75, 11, 8, 135, 100, 0.171608, 0.22336,21, 16, 5, 13, 3.33007, 2.92966, 3.77972, 0.018586, 15.9699
1, 1, 75, 11, 9, 135, 72, 0.0368644, 0.0368644,9, 4, 5, 4, 3.24815, 2.55935, 2.80852, 0.017524, 15.5972
1, 1, 75, 11, 10, 135, 72, 0.104919, 0.131689,19, 13, 6, 11, 3.35179, 2.35786, 2.79382, 0.017399, 14.7352
1, 1, 75, 12, 1, 146, 89, 0.0309018, 0.0496196,14, 3, 11, 3, 3.35804, 2.74665, 3.64655, 0.018406, 15.624
1, 1, 75, 12, 2, 146, 81, 0.0492563, 0.0978753,19, 6, 13, 5, 3.24985, 2.68361, 3.37612, 0.021847, 15.5714
1, 1, 75, 12, 3, 146, 106, 0.11295, 0.145429,16, 13, 3, 10, 3.39509, 3.06342, 4.31153, 0.018606, 18.187
1, 1, 75, 12, 4, 146, 52, 0.0570898, 0.0570898,6, 5, 1, 5, 3.16904, 2.10768, 2.15206, 0.014173, 13.4105
1, 1, 75, 12, 5, 146, 103, 0.180491, 0.263663,23, 20, 3, 13, 3.4456, 2.9874, 4.2095, 0.019568, 18.4594
1, 1, 75, 12, 6, 146, 98, 0.179912, 0.20889,17, 15, 2, 14, 3.45519, 2.87781, 4.01027, 0.017374, 16.2859
1, 1, 75, 12, 7, 146, 90, 0.21148, 0.266232,24, 23, 1, 18, 3.37371, 2.86775, 3.74196, 0.02011, 15.8796
1, 1, 75, 12, 8, 146, 100, 0.178648, 0.21152,20, 17, 3, 15, 3.32457, 2.91787, 4.07771, 0.01792, 16.2317
1, 1, 75, 12, 9, 146, 72, 0.0537371, 0.0537371,12, 6, 6, 6, 5.3886, 2.40024, 2.98909, 0.017574, 20.475
1, 1, 75, 12, 10, 146, 72, 0.10794, 0.163667,22, 16, 6, 11, 3.18286, 2.41099, 2.98709, 0.019528, 15.1023
1, 1, 75, 12, 11, 146, 81, 0.151703, 0.178977,23, 18, 5, 16, 3.33603, 2.56607, 3.28607, 0.019533, 17.0785
1, 1, 75, 13, 1, 101, 89, 0.0528677, 0.0626716,14, 6, 8, 6, 3.30871, 2.75462, 2.55177, 0.016187, 15.0885
1, 1, 75, 13, 2, 101, 81, 0.0272643, 0.051579,14, 3, 11, 3, 3.2976, 2.57826, 2.37425, 0.016983, 14.2147
1, 1, 75, 13, 3, 101, 106, 0.0197292, 0.0371995,13, 2, 11, 2, 3.31199, 3.03523, 3.02831, 0.014708, 18.5734
1, 1, 75, 13, 4, 101, 52, 0.0343767, 0.0343767,4, 3, 1, 3, 3.13652, 2.00351, 1.52613, 0.011162, 13.2222
1, 1, 75, 13, 5, 101, 103, 0.120707, 0.161513,16, 13, 3, 10, 3.39641, 2.99144, 2.9339, 0.014618, 15.2628
1, 1, 75, 13, 6, 101, 98, 0.141698, 0.170502,16, 15, 1, 12, 3.46276, 2.87308, 2.7865, 0.014318, 18.792
1, 1, 75, 13, 7, 101, 90, 0.19798, 0.24734,19, 19, 0, 14, 3.39783, 2.74922, 2.58983, 0.014503, 18.1876
1, 1, 75, 13, 8, 101, 100, 0.0953101, 0.114449,13, 10, 3, 9, 3.42022, 2.92073, 2.857, 0.014073, 18.6355
1, 1, 75, 13, 9, 101, 72, 0.0522533, 0.0605867,9, 7, 2, 6, 3.24874, 2.4469, 2.06842, 0.012805, 14.6301
1, 1, 75, 13, 10, 101, 72, 0.0358826, 0.0358826,6, 4, 2, 4, 3.15318, 2.41976, 2.06904, 0.011578, 14.5924
1, 1, 75, 13, 11, 101, 81, 0.0376252, 0.0463208,10, 5, 5, 4, 3.19346, 2.53841, 2.32726, 0.013016, 16.2273
1, 1, 75, 13, 12, 101, 80, 0.0567244, 0.0662482,10, 7, 3, 6, 3.83629, 2.5456, 2.31906, 0.012985, 18.8855
1, 1, 75, 14, 1, 131, 89, 0.0547232, 0.0647232,14, 6, 8, 6, 3.33909, 2.72734, 3.2797, 0.016207, 15.1411
1, 1, 75, 14, 2, 131, 81, 0.0273189, 0.0518215,14, 3, 11, 3, 3.23432, 2.60921, 2.99325, 0.017174, 15.2672
1, 1, 75, 14, 3, 131, 106, 0.0427803, 0.0614785,13, 4, 9, 4, 3.31036, 3.10638, 3.87699, 0.016316, 16.1642
1, 1, 75, 14, 4, 131, 52, 0.0458708, 0.0458708,5, 4, 1, 4, 3.10924, 2.02171, 1.96148, 0.01271, 14.7353
1, 1, 75, 14, 5, 131, 103, 0.128402, 0.19005,17, 14, 3, 10, 3.39747, 3.08294, 3.77751, 0.016747, 16.2309
1, 1, 75, 14, 6, 131, 98, 0.159294, 0.197934,18, 16, 2, 12, 3.37427, 2.90614, 3.60119, 0.016953, 17.0882
1, 1, 75, 14, 7, 131, 90, 0.227747, 0.289332,23, 21, 2, 17, 3.34642, 2.73989, 3.31678, 0.018627, 15.7275
1, 1, 75, 14, 8, 131, 100, 0.112813, 0.133434,13, 11, 2, 10, 3.33401, 2.92473, 3.67752, 0.01579, 15.8214
1, 1, 75, 14, 9, 131, 72, 0.0178571, 0.0178571,6, 2, 4, 2, 3.49463, 2.42254, 2.79585, 0.014638, 18.3641
1, 1, 75, 14, 10, 131, 72, 0.0804839, 0.0894929,13, 10, 3, 9, 3.20101, 2.36789, 2.67585, 0.01561, 17.1755
1, 1, 75, 14, 11, 131, 81, 0.102763, 0.111384,17, 12, 5, 11, 3.27337, 2.56583, 2.99886, 0.015896, 14.6889
1, 1, 75, 14, 12, 131, 80, 0.138458, 0.186396,22, 17, 5, 14, 3.17304, 2.57209, 3.1065, 0.018111, 18.616
1, 1, 75, 14, 13, 131, 79, 0.18828, 0.251653,25, 21, 4, 16, 3.16545, 2.60158, 2.94563, 0.018977, 17.4778
2, 2, 75, 2, 1, 42, 89, 0.109328, 0.144247,17, 13, 4, 11, 3.20487, 2.69598, 1.11473, 0.011192, 13.211
2, 2, 75, 3, 1, 39, 89, 0.0180708, 0.0663617,15, 2, 13, 2, 3.20875, 2.74677, 1.04508, 0.014459, 12.8716
2, 2, 75, 3, 2, 39, 42, 0.0692376, 0.0802266,13, 7, 6, 7, 2.94015, 1.86152, 0.53376, 0.010771, 11.4538
2, 2, 75, 4, 1, 39, 89, 0.0373849, 0.104206,17, 5, 12, 4, 3.18972, 2.68609, 1.05115, 0.012965, 16.2439
2, 2, 75, 4, 2, 39, 42, 0.0404276, 0.0612474,10, 4, 6, 4, 2.95843, 2.05058, 0.532367, 0.010781, 11.4626
2, 2, 75, 4, 3, 39, 42, 0.0936902, 0.161517,24, 13, 11, 10, 2.89665, 1.78087, 0.563143, 0.015319, 11.4565
2, 2, 75, 5, 1, 43, 89, 0.0172529, 0.0735413,19, 2, 17, 2, 3.19001, 2.68983, 1.14327, 0.016513, 15.2457
2, 2, 75, 5, 2, 43, 42, 0.0283451, 0.0490546,13, 3, 10, 3, 2.95205, 1.78005, 0.591668, 0.012364, 12.9029
2, 2, 75, 5, 3, 43, 42, 0.0857583, 0.153949,25, 11, 14, 9, 2.88509, 1.83218, 0.587626, 0.014238, 11.2111
2, 2, 75, 5, 4, 43, 44, 0.0757325, 0.110538,20, 11, 9, 8, 2.89922, 1.83716, 0.611943, 0.013261, 12.3958
2, 2, 75, 6, 1, 44, 89, 0.186298, 0.374328,35, 27, 8, 15, 5.08552, 2.71676, 1.19417, 0.018141, 18.9018
2, 2, 75, 6, 2, 44, 42, 0.0779615, 0.113299,15, 8, 7, 8, 4.12722, 1.906, 0.613412, 0.01259, 16.3417
2, 2, 75, 6, 3, 44, 42, 0.0285158, 0.0866892,16, 3, 13, 3, 2.89825, 1.8299, 0.589008, 0.013607, 14.0374
2, 2, 75, 6, 4, 44, 44, 0.0182343, 0.0729346,13, 2, 11, 2, 4.78445, 1.84671, 0.618099, 0.012404, 16.9773
2, 2, 75, 6, 5, 44, 96, 0.192047, 0.428463,40, 34, 6, 16, 3.34004, 2.93058, 1.24597, 0.019518, 14.0663
2, 2, 75, 7, 1, 51, 89, 0.159894, 0.305794,35, 25, 10, 14, 3.19564, 2.69238, 1.34707, 0.017368, 16.1506
2, 2, 75, 7, 2, 51, 42, 0.0454176, 0.0551263,8, 4, 4, 4, 2.92711, 1.80954, 0.673663, 0.01069, 11.2052
2, 2, 75, 7, 3, 51, 42, 0.0277817, 0.0647809,12, 5, 7, 3, 3.08341, 1.80431, 0.683733, 0.011728, 15.1509
2, 2, 75, 7, 4, 51, 44, 0.0179085, 0.052538,10, 5, 5, 2, 2.96473, 1.8644, 0.700891, 0.011126, 13.5724
2, 2, 75, 7, 5, 51, 96, 0.2177, 0.450864,47, 39, 8, 20, 3.28039, 2.82365, 1.42369, 0.020099, 13.372
2, 2, 75, 7, 6, 51, 110, 0.247434, 0.520338,53, 45, 8, 23, 3.40787, 3.09676, 1.64443, 0.021001, 14.545
2, 2, 75, 8, 1, 65, 89, 0.190213, 0.347663,38, 32, 6, 19, 3.19247, 2.81567, 1.72376, 0.01794, 13.5778
2, 2, 75, 8, 2, 65, 42, 0.0178571, 0.0266291,7, 2, 5, 2, 2.93564, 1.81261, 0.832358, 0.01035, 13.6286
2, 2, 75, 8, 3, 65, 42, 0.0186244, 0.0360946,8, 3, 5, 2, 2.88332, 1.82108, 0.83116, 0.010937, 11.3287
2, 2, 75, 8, 4, 65, 44, 0, 0,4, 0, 4, 0, 2.89299, 1.85933, 0.862707, 0.008903, 12.3862
2, 2, 75, 8, 5, 65, 96, 0.254465, 0.488998,51, 44, 7, 25, 3.26019, 2.8344, 1.82571, 0.021337, 13.7228
2, 2, 75, 8, 6, 65, 110, 0.319825, 0.565068,58, 52, 6, 30, 3.37815, 3.08747, 2.05717, 0.022223, 14.3245
2, 2, 75, 8, 7, 65, 113, 0.281018, 0.53946,52, 50, 2, 24, 3.42752, 3.15668, 2.12469, 0.019453, 14.7642
2, 2, 75, 9, 1, 94, 89, 0.176465, 0.292067,33, 25, 8, 18, 3.18477, 2.8558, 2.38448, 0.018486, 14.8579
2, 2, 75, 9, 2, 94, 42, 0.0176984, 0.0263191,6, 2, 4, 2, 2.97599, 1.81038, 1.17691, 0.011883, 13.2758
2, 2, 75, 9, 3, 94, 42, 0.0170953, 0.0345655,4, 3, 1, 2, 2.88877, 1.81224, 1.16905, 0.011042, 13.5609
2, 2, 75, 9, 4, 94, 44, 0.017029, 0.017029,3, 2, 1, 2, 2.91959, 1.86437, 1.20389, 0.010024, 11.7791
2, 2, 75, 9, 5, 94, 96, 0.236764, 0.428477,45, 39, 6, 24, 3.27405, 2.82578, 2.5822, 0.021236, 14.7823
2, 2, 75, 9, 6, 94, 110, 0.336571, 0.517543,53, 49, 4, 33, 3.43172, 3.22719, 2.92536, 0.022595, 16.7748
2, 2, 75, 9, 7, 94, 113, 0.377567, 0.668808,65, 62, 3, 33, 5.61634, 3.15232, 3.01407, 0.025745, 21.4113
2, 2, 75, 9, 8, 94, 22, 0.0181878, 0.0181878,3, 2, 1, 2, 2.82381, 1.47162, 0.681196, 0.010842, 11.5501
2, 2, 75, 10, 1, 37, 89, 0.0471239, 0.0932548,16, 6, 10, 5, 3.18856, 2.68088, 0.980867, 0.012369, 12.7071
2, 2, 75, 10, 2, 37, 42, 0.0629124, 0.0813491,11, 6, 5, 6, 2.81295, 1.80991, 0.512018, 0.011443, 13.8275
2, 2, 75, 10, 3, 37, 42, 0.085814, 0.139822,19, 11, 8, 8, 2.74558, 1.82024, 0.516231, 0.013146, 10.8809
2, 2, 75, 10, 4, 37, 44, 0.0620559, 0.0875569,13, 8, 5, 6, 2.77441, 1.87974, 0.522533, 0.010586, 13.2594
2, 2, 75, 10, 5, 37, 96, 0.0376446, 0.0590404,8, 5, 3, 4, 3.20614, 2.96538, 1.04546, 0.010315, 13.0346
2, 2, 75, 10, 6, 37, 110, 0.0104167, 0.0215278,6, 1, 5, 1, 3.41644, 3.13088, 1.19027, 0.0105, 16.3931
2, 2, 75, 10, 7, 37, 113, 0.00826446, 0.00826446,5, 1, 4, 1, 3.42676, 3.21021, 1.20743, 0.008382, 13.6639
2, 2, 75, 10, 8, 37, 22, 0, 0,3, 0, 3, 0, 2.81115, 1.4346, 0.323447, 0.007239, 12.1018
2, 2, 75, 10, 9, 37, 107, 0.0451363, 0.0895704,14, 5, 9, 5, 3.28598, 3.03741, 1.15905, 0.012194, 13.6122
2, 2, 75, 11, 1, 84, 89, 0.522873, 0.93936,93, 75, 18, 47, 3.19458, 2.69289, 2.19419, 0.031311, 13.9678
2, 2, 75, 11, 2, 84, 42, 0.10509, 0.140024,19, 12, 7, 11, 2.93841, 1.8023, 1.06988, 0.014609, 13.1095
2, 2, 75, 11, 3, 84, 42, 0.0673647, 0.116954,18, 10, 8, 7, 2.88927, 1.84988, 1.08615, 0.016051, 14.4303
2, 2, 75, 11, 4, 84, 44, 0.0569253, 0.082996,14, 9, 5, 6, 2.8957, 1.86766, 1.10336, 0.012775, 15.2929
2, 2, 75, 11, 5, 84, 96, 0.546182, 1.09917,107, 90, 17, 47, 3.26704, 2.81326, 2.36346, 0.033946, 18.0026
2, 2, 75, 11, 6, 84, 110, 0.611641, 1.11314,104, 81, 23, 46, 3.3824, 3.0934, 2.71047, 0.035479, 16.443
2, 2, 75, 11, 7, 84, 113, 0.498641, 1.07499,109, 86, 23, 36, 3.42441, 3.14062, 2.74351, 0.036542, 15.3436
2, 2, 75, 11, 8, 84, 22, 0.047149, 0.0663092,10, 6, 4, 5, 2.80459, 1.4479, 0.606628, 0.013321, 10.6967
2, 2, 75, 11, 9, 84, 107, 0.343494, 0.69104,78, 52, 26, 32, 3.39414, 3.03068, 2.5966, 0.031557, 18.7445
2, 2, 75, 11, 10, 84, 87, 0.309014, 0.758826,88, 59, 29, 30, 5.04239, 2.64522, 2.12782, 0.035961, 19.8274
2, 2, 75, 12, 1, 79, 89, 0.471673, 0.804905,79, 64, 15, 41, 3.18737, 2.69397, 2.05187, 0.02829, 16.7001
2, 2, 75, 12, 2, 79, 42, 0.146138, 0.189396,23, 16, 7, 15, 2.92355, 1.8474, 1.13292, 0.01542, 12.2101
2, 2, 75, 12, 3, 79, 42, 0.0773127, 0.128588,20, 11, 9, 8, 2.9014, 1.81054, 1.00732, 0.014523, 12.938
2, 2, 75, 12, 4, 79, 44, 0.0568981, 0.0743684,15, 7, 8, 6, 2.92038, 1.83851, 1.04686, 0.013937, 14.1648
2, 2, 75, 12, 5, 79, 96, 0.504238, 1.05956,104, 86, 18, 42, 3.35165, 2.85981, 2.21624, 0.033254, 14.6564
2, 2, 75, 12, 6, 79, 110, 0.57035, 1.07889,100, 79, 21, 44, 3.43209, 3.11868, 2.5117, 0.033856, 17.9704
2, 2, 75, 12, 7, 79, 113, 0.515052, 1.02794,103, 79, 24, 36, 3.41698, 3.20274, 2.58356, 0.036106, 16.3829
2, 2, 75, 12, 8, 79, 22, 0.0659164, 0.0925681,12, 7, 5, 7, 2.82384, 1.45638, 0.578648, 0.012815, 10.781
2, 2, 75, 12, 9, 79, 107, 0.265724, 0.570554,65, 43, 22, 24, 3.2812, 3.01017, 2.45579, 0.029688, 17.1502
2, 2, 75, 12, 10, 79, 87, 0.261953, 0.637254,75, 47, 28, 25, 3.24106, 2.66256, 2.0304, 0.031321, 14.9563
2, 2, 75, 12, 11, 79, 116, 0.292854, 0.734503,81, 62, 19, 27, 3.38598, 3.20346, 2.64007, 0.031065, 18.1449
2, 2, 75, 13, 1, 62, 89, 0.473256, 0.863615,81, 62, 19, 37, 3.1974, 2.70638, 1.61548, 0.029518, 13.764
2, 2, 75, 13, 2, 62, 42, 0.143176, 0.163627,21, 14, 7, 13, 2.92967, 1.82842, 0.825402, 0.01278, 13.7702
2, 2, 75, 13, 3, 62, 42, 0.134395, 0.177039,22, 15, 7, 13, 3.04053, 1.79553, 0.816557, 0.0151, 15.3324
2, 2, 75, 13, 4, 62, 44, 0.0972159, 0.123408,19, 12, 7, 10, 2.98525, 1.87599, 0.839271, 0.014103, 11.6114
2, 2, 75, 13, 5, 62, 96, 0.397282, 0.804658,77, 61, 16, 31, 3.27051, 2.94971, 1.74336, 0.027404, 15.6054
2, 2, 75, 13, 6, 62, 110, 0.30306, 0.574512,62, 42, 20, 23, 3.40026, 3.12229, 1.95052, 0.025349, 16.5384
2, 2, 75, 13, 7, 62, 113, 0.260151, 0.528584,63, 41, 22, 19, 3.5086, 3.19642, 2.04289, 0.02529, 16.7712
2, 2, 75, 13, 8, 62, 22, 0.0607956, 0.0803194,10, 6, 4, 6, 2.79516, 1.46174, 0.463804, 0.011322, 11.6097
2, 2, 75, 13, 9, 62, 107, 0.228837, 0.518908,64, 36, 28, 21, 3.27669, 3.07095, 1.92817, 0.027043, 17.7703
2, 2, 75, 13, 10, 62, 87, 0.219999, 0.568646,67, 43, 24, 21, 3.2142, 2.65232, 1.58873, 0.027594, 14.0828
2, 2, 75, 13, 11, 62, 116, 0.214084, 0.60141,68, 46, 22, 20, 3.3732, 3.17809, 2.08092, 0.026792, 16.895
2, 2, 75, 13, 12, 62, 113, 0.213986, 0.662846,76, 46, 30, 21, 5.16211, 3.14811, 2.03766, 0.031722, 20.3156
2, 2, 75, 14, 1, 54, 89, 0.379984, 0.669506,59, 41, 18, 28, 3.19354, 2.69415, 1.42453, 0.024789, 15.2064
2, 2, 75, 14, 2, 54, 42, 0.174367, 0.196864,26, 15, 11, 15, 2.95121, 1.85623, 0.717163, 0.015365, 11.3019
2, 2, 75, 14, 3, 54, 42, 0.135485, 0.215102,30, 14, 16, 12, 2.89465, 1.80399, 0.71572, 0.016757, 13.163
2, 2, 75, 14, 4, 54, 44, 0.110577, 0.15992,24, 12, 12, 11, 2.90892, 1.84278, 0.748895, 0.015425, 11.3292
2, 2, 75, 14, 5, 54, 96, 0.274231, 0.561226,57, 35, 22, 21, 5.39118, 2.81309, 1.51042, 0.023501, 16.8902
2, 2, 75, 14, 6, 54, 110, 0.173209, 0.352125,41, 23, 18, 15, 3.39598, 3.08961, 1.71997, 0.019618, 16.381
2, 2, 75, 14, 7, 54, 113, 0.094497, 0.256916,39, 12, 27, 9, 3.41489, 3.19611, 1.7516, 0.02059, 14.1643
2, 2, 75, 14, 8, 54, 22, 0.00833333, 0.0299383,11, 1, 10, 1, 2.82869, 1.44201, 0.417599, 0.011753, 10.9207
2, 2, 75, 14, 9, 54, 107, 0.142754, 0.345457,49, 21, 28, 15, 3.28509, 3.02073, 1.66584, 0.023957, 13.847
2, 2, 75, 14, 10, 54, 87, 0.110634, 0.302175,49, 21, 28, 12, 3.1837, 2.68064, 1.39529, 0.023746, 13.0774
2, 2, 75, 14, 11, 54, 116, 0.0899312, 0.282018,38, 17, 21, 10, 3.33337, 3.20481, 1.79505, 0.034363, 14.0941
2, 2, 75, 14, 12, 54, 113, 0.0807119, 0.271753,38, 14, 24, 9, 3.34621, 3.15601, 1.79137, 0.02283, 16.038
2, 2, 75, 14, 13, 54, 139, 0.0702301, 0.260039,37, 12, 25, 8, 3.48591, 3.63403, 2.12938, 0.021412, 17.3019
1, 3, 75, 1, 1, 122, 89, 0.0274787, 0.0359533,5, 3, 2, 3, 3.55106, 2.77631, 3.13583, 0.03081, 15.4071
1, 3, 75, 1, 2, 122, 42, 0.0183044, 0.0273953,4, 3, 1, 2, 2.97735, 1.83097, 1.49616, 0.011958, 12.164
1, 3, 75, 1, 3, 122, 42, 0.0264017, 0.0355761,5, 4, 1, 3, 2.96318, 1.87636, 1.49608, 0.012775, 12.1513
1, 3, 75, 1, 4, 122, 44, 0.0262096, 0.0353005,6, 4, 2, 3, 2.96014, 1.87322, 1.56095, 0.01304, 12.25
1, 3, 75, 1, 5, 122, 96, 0, 0,2, 0, 2, 0, 3.44592, 3.22057, 3.28162, 0.011723, 15.8451
1, 3, 75, 1, 6, 122, 110, 0, 0.00909091,5, 0, 5, 0, 3.46652, 3.07884, 3.75788, 0.029763, 16.184
1, 3, 75, 1, 7, 122, 113, 0.00826446, 0.00826446,4, 1, 3, 1, 3.53262, 3.1543, 3.8246, 0.012985, 16.3138
1, 3, 75, 1, 8, 122, 22, 0.0268369, 0.0358459,4, 4, 0, 3, 2.90417, 1.42552, 0.85163, 0.011252, 11.0093
1, 3, 75, 1, 9, 122, 107, 0, 0.00970874,3, 0, 3, 0, 3.44767, 3.1495, 3.64546, 0.013201, 16.1694
1, 3, 75, 1, 10, 122, 87, 0.0171053, 0.0255086,6, 2, 4, 2, 3.25379, 2.64014, 2.97527, 0.014543, 14.7513
1, 3, 75, 1, 11, 122, 116, 0.0254249, 0.0340456,8, 3, 5, 3, 3.46044, 3.21113, 3.94825, 0.015345, 16.4227
1, 3, 75, 1, 12, 122, 113, 0.0172529, 0.0433492,8, 2, 6, 2, 3.4598, 3.27394, 3.83892, 0.01555, 16.487
1, 3, 75, 1, 13, 122, 139, 0.0624762, 0.0714853,11, 7, 4, 7, 3.58116, 3.61354, 4.72987, 0.015981, 17.782
1, 3, 75, 2, 1, 131, 89, 0.00892857, 0.017193,5, 1, 4, 1, 3.29358, 2.66057, 3.26807, 0.013321, 15.0717
1, 3, 75, 2, 2, 131, 42, 0.00917431, 0.0182652,2, 2, 0, 1, 3.02766, 1.83473, 1.60539, 0.011913, 12.2662
1, 3, 75, 2, 3, 131, 42, 0.00943396, 0.0185249,3, 2, 1, 1, 2.97016, 1.8368, 1.59947, 0.012399, 12.3184
1, 3, 75, 2, 4, 131, 44, 0.00952381, 0.0185328,4, 2, 2, 1, 2.98732, 1.86023, 1.68334, 0.01248, 12.4055
1, 3, 75, 2, 5, 131, 96, 0, 0,5, 0, 5, 0, 3.51402, 2.94724, 3.52464, 0.013716, 15.8743
1, 3, 75, 2, 6, 131, 110, 0.0259383, 0.0259383,6, 3, 3, 3, 3.47306, 3.2129, 4.01274, 0.013907, 16.5353
1, 3, 75, 2, 7, 131, 113, 0.0171753, 0.0171753,5, 2, 3, 2, 3.54901, 3.13967, 4.12247, 0.013346, 16.6005
1, 3, 75, 2, 8, 131, 22, 0.0350658, 0.0447745,5, 4, 1, 4, 2.92607, 1.45655, 0.911357, 0.014999, 11.1943
1, 3, 75, 2, 9, 131, 107, 0.0444114, 0.0542153,8, 5, 3, 5, 3.4463, 3.15431, 3.92184, 0.015205, 16.4845
1, 3, 75, 2, 10, 131, 87, 0.0249323, 0.0249323,5, 3, 2, 3, 3.26271, 2.62934, 3.20158, 0.012966, 14.9169
1, 3, 75, 2, 11, 131, 116, 0.0593583, 0.0691622,10, 7, 3, 7, 3.4346, 3.17873, 4.22485, 0.015996, 16.6227
1, 3, 75, 2, 12, 131, 113, 0.0262586, 0.0262586,4, 3, 1, 3, 3.44271, 3.40021, 4.11614, 0.014007, 16.7776
1, 3, 75, 2, 13, 131, 139, 0.0550753, 0.0550753,9, 6, 3, 6, 3.55968, 3.70401, 5.05133, 0.014739, 18.2381
1, 3, 75, 3, 1, 127, 89, 0.0187177, 0.0269822,7, 2, 5, 2, 3.28391, 2.72527, 3.17125, 0.013942, 15.008
1, 3, 75, 3, 2, 127, 42, 0.00934579, 0.0181177,3, 2, 1, 1, 3.02013, 1.82396, 1.56803, 0.012289, 12.285
1, 3, 75, 3, 3, 127, 42, 0.0267125, 0.0354081,5, 4, 1, 3, 3.02627, 1.80552, 1.57719, 0.013136, 12.2357
1, 3, 75, 3, 4, 127, 44, 0.01, 0.0186207,3, 2, 1, 1, 3.00366, 1.81748, 1.63534, 0.012705, 12.3843
1, 3, 75, 3, 5, 127, 96, 0, 0.00925926,9, 0, 9, 0, 3.3837, 2.80756, 3.41686, 0.016352, 15.4531
1, 3, 75, 3, 6, 127, 110, 0.0343455, 0.0343455,7, 4, 3, 4, 3.46108, 3.07707, 3.92596, 0.013952, 16.3156
1, 3, 75, 3, 7, 127, 113, 0.0258036, 0.0258036,7, 3, 4, 3, 3.50175, 3.14384, 3.99303, 0.015245, 16.4815
1, 3, 75, 3, 8, 127, 22, 0.0362414, 0.0640192,11, 5, 6, 4, 2.94909, 1.48405, 0.888577, 0.0156, 11.316
1, 3, 75, 3, 9, 127, 107, 0.0705613, 0.115094,19, 8, 11, 8, 3.3653, 3.0442, 3.80371, 0.019729, 16.1088
1, 3, 75, 3, 10, 127, 87, 0.0436581, 0.0532734,11, 5, 6, 5, 3.30278, 2.64193, 3.1179, 0.017714, 14.8848
1, 3, 75, 3, 11, 127, 116, 0.0613714, 0.100971,18, 7, 11, 7, 3.41652, 3.29128, 4.11884, 0.018215, 16.7149
1, 3, 75, 3, 12, 127, 113, 0.0275229, 0.0448471,12, 3, 9, 3, 3.43054, 3.13613, 4.01404, 0.017038, 16.4434
1, 3, 75, 3, 13, 127, 139, 0.0779887, 0.0865357,19, 9, 10, 9, 3.59028, 3.63565, 4.88863, 0.018756, 17.9067
1, 3, 75, 4, 1, 141, 89, 0.00840336, 0.026115,7, 1, 6, 1, 3.26942, 2.81219, 3.53434, 0.016256, 15.4807
1, 3, 75, 4, 2, 141, 42, 0.0177673, 0.0261006,4, 2, 2, 2, 3.12051, 1.97008, 1.70326, 0.013892, 12.7679
1, 3, 75, 4, 3, 141, 42, 0.0263521, 0.0263521,5, 3, 2, 3, 2.97991, 1.86716, 1.73456, 0.013486, 12.5289
1, 3, 75, 4, 4, 141, 44, 0.00990099, 0.00990099,1, 1, 0, 1, 3.0117, 1.83414, 1.80327, 0.011502, 12.504
1, 3, 75, 4, 5, 141, 96, 0.00917431, 0.0351245,10, 1, 9, 1, 3.37699, 2.80075, 3.76214, 0.018691, 15.7571
1, 3, 75, 4, 6, 141, 110, 0.0344568, 0.0344568,7, 4, 3, 4, 3.56042, 3.26786, 4.28809, 0.016407, 17.0764
1, 3, 75, 4, 7, 141, 113, 0.0515237, 0.0515237,10, 6, 4, 6, 3.59676, 3.39227, 4.41911, 0.016322, 17.267
1, 3, 75, 4, 8, 141, 22, 0.0270554, 0.0363147,6, 3, 3, 3, 2.85785, 1.44624, 0.977152, 0.014999, 11.122
1, 3, 75, 4, 9, 141, 107, 0.0622148, 0.0712238,14, 7, 7, 7, 3.35578, 3.01642, 4.22275, 0.017975, 16.4568
1, 3, 75, 4, 10, 141, 87, 0.0252874, 0.0252874,6, 3, 3, 3, 3.26009, 2.74218, 3.44056, 0.013917, 15.3372
1, 3, 75, 4, 11, 141, 116, 0.0606767, 0.079314,15, 7, 8, 7, 3.42045, 3.19782, 4.54656, 0.018446, 16.975
1, 3, 75, 4, 12, 141, 113, 0.0347677, 0.0515044,7, 6, 1, 4, 3.42803, 3.12296, 4.44102, 0.014378, 16.8057
1, 3, 75, 4, 13, 141, 139, 0.0539324, 0.0712878,13, 8, 5, 6, 3.56533, 3.6464, 5.45205, 0.018782, 18.4721
1, 3, 75, 5, 1, 150, 89, 0.0168067, 0.0439588,11, 2, 9, 2, 3.22619, 2.75701, 3.73941, 0.017644, 15.6218
1, 3, 75, 5, 2, 150, 42, 0.0179272, 0.0267767,4, 2, 2, 2, 2.99646, 1.82753, 1.84682, 0.014749, 12.5353
1, 3, 75, 5, 3, 150, 42, 0.0179732, 0.0179732,3, 2, 1, 2, 2.96322, 1.84407, 1.83703, 0.013536, 12.4656
1, 3, 75, 5, 4, 150, 44, 0.00961538, 0.00961538,3, 1, 2, 1, 2.98756, 1.83989, 1.93504, 0.013963, 12.5865
1, 3, 75, 5, 5, 150, 96, 0.00826446, 0.0270641,9, 1, 8, 1, 3.31328, 2.85053, 4.01633, 0.017043, 16.0952
1, 3, 75, 5, 6, 150, 110, 0.0257882, 0.0257882,4, 3, 1, 3, 3.43199, 3.0936, 4.56599, 0.015565, 16.9562
1, 3, 75, 5, 7, 150, 113, 0.034487, 0.034487,5, 4, 1, 4, 3.53146, 3.11811, 4.72153, 0.013902, 17.2946
1, 3, 75, 5, 8, 150, 22, 0.0363709, 0.0452994,8, 4, 4, 4, 2.8646, 1.45995, 1.02579, 0.018045, 11.2364
1, 3, 75, 5, 9, 150, 107, 0.070084, 0.087198,15, 8, 7, 8, 3.34152, 3.00328, 4.46744, 0.019092, 16.6892
1, 3, 75, 5, 10, 150, 87, 0.0418815, 0.0502849,11, 5, 6, 5, 3.2823, 2.64246, 3.65851, 0.018025, 15.4872
1, 3, 75, 5, 11, 150, 116, 0.0599332, 0.080062,18, 7, 11, 7, 3.40883, 3.16866, 4.89746, 0.02935, 17.3493
1, 3, 75, 5, 12, 150, 113, 0.0272831, 0.0272831,6, 3, 3, 3, 3.40002, 3.13677, 4.70114, 0.015591, 17.0878
1, 3, 75, 5, 13, 150, 139, 0.0451186, 0.0539681,11, 6, 5, 5, 3.5709, 3.61824, 5.75787, 0.016607, 18.7269
1, 3, 75, 6, 1, 111, 89, 0.00990099, 0.0182343,3, 1, 2, 1, 3.29636, 2.86978, 2.78006, 0.012149, 14.7959
1, 3, 75, 6, 2, 111, 42, 0.0261707, 0.035345,4, 4, 0, 3, 2.98758, 1.83917, 1.38086, 0.010761, 12.0468
1, 3, 75, 6, 3, 111, 42, 0.0265388, 0.0352345,5, 4, 1, 3, 2.94686, 1.81168, 1.36741, 0.011808, 11.9509
1, 3, 75, 6, 4, 111, 44, 0.0179405, 0.0267124,6, 3, 3, 2, 2.99093, 1.84039, 1.42726, 0.012244, 12.1278
1, 3, 75, 6, 5, 111, 96, 0, 0,4, 0, 4, 0, 3.33407, 2.81653, 2.99299, 0.012029, 14.978
1, 3, 75, 6, 6, 111, 110, 0.00862069, 0.00862069,5, 1, 4, 1, 3.56528, 3.06896, 3.40084, 0.012178, 15.9848
1, 3, 75, 6, 7, 111, 113, 0.00900901, 0.018018,7, 1, 6, 1, 3.50217, 3.15821, 3.50937, 0.013336, 15.9812
1, 3, 75, 6, 8, 111, 22, 0.0179984, 0.0351737,4, 4, 0, 2, 2.98014, 1.55701, 0.771775, 0.0105, 11.202
1, 3, 75, 6, 9, 111, 107, 0.0464484, 0.0564484,6, 5, 1, 5, 3.33001, 3.05061, 3.32461, 0.012455, 15.6047
1, 3, 75, 6, 10, 111, 87, 0.0339781, 0.0422426,8, 5, 3, 4, 3.26208, 2.63481, 2.74631, 0.014323, 14.4655
1, 3, 75, 6, 11, 111, 116, 0.0170241, 0.0336907,6, 3, 3, 2, 3.41033, 3.19819, 3.6092, 0.012379, 16.0525
1, 3, 75, 6, 12, 111, 113, 0.00877193, 0.0271475,7, 2, 5, 1, 3.41124, 3.1761, 3.50685, 0.013987, 15.9377
1, 3, 75, 6, 13, 111, 139, 0.0698213, 0.0867016,14, 10, 4, 8, 3.58278, 3.66733, 4.28616, 0.014734, 17.3321
1, 3, 75, 7, 1, 141, 89, 0.0363506, 0.0531585,7, 5, 2, 4, 3.26342, 2.72993, 3.51538, 0.016377, 15.3885
1, 3, 75, 7, 2, 141, 42, 0.00833333, 0.00833333,2, 1, 1, 1, 3.04191, 1.91565, 1.75025, 0.013647, 12.6021
1, 3, 75, 7, 3, 141, 42, 0.00862069, 0.00862069,2, 1, 1, 1, 2.97935, 1.8109, 1.73071, 0.01267, 12.4661
1, 3, 75, 7, 4, 141, 44, 0, 0,3, 0, 3, 0, 2.99077, 1.88238, 1.79823, 0.01308, 12.5302
1, 3, 75, 7, 5, 141, 96, 0.0338355, 0.0338355,6, 4, 2, 4, 3.35964, 2.83128, 3.81, 0.014008, 15.8324
1, 3, 75, 7, 6, 141, 110, 0.0262586, 0.0262586,4, 3, 1, 3, 3.55907, 3.21532, 4.2898, 0.014839, 16.9897
1, 3, 75, 7, 7, 141, 113, 0.00900901, 0.00900901,2, 1, 1, 1, 3.5415, 3.36406, 4.42205, 0.014172, 17.2009
1, 3, 75, 7, 8, 141, 22, 0.0188912, 0.0188912,3, 2, 1, 2, 2.87024, 1.42311, 0.961709, 0.013055, 11.1265
1, 3, 75, 7, 9, 141, 107, 0.0519618, 0.0771031,13, 6, 7, 6, 3.36391, 3.13488, 4.20285, 0.016823, 16.597
1, 3, 75, 7, 10, 141, 87, 0.056472, 0.0649466,8, 6, 2, 6, 3.30376, 2.73206, 3.43387, 0.014603, 15.4054
1, 3, 75, 7, 11, 141, 116, 0.0556409, 0.0736823,13, 8, 5, 6, 3.44283, 3.1808, 4.54483, 0.016111, 16.9665
1, 3, 75, 7, 12, 141, 113, 0.0803156, 0.105755,13, 11, 2, 9, 3.42149, 3.13885, 4.42157, 0.017824, 16.8037
1, 3, 75, 7, 13, 141, 139, 0.0627307, 0.0884075,12, 9, 3, 7, 3.53294, 3.69089, 5.41014, 0.016271, 18.4394
1, 3, 75, 8, 1, 148, 89, 0.00952381, 0.00952381,2, 1, 1, 1, 3.25283, 2.68895, 3.67981, 0.013136, 15.4716
1, 3, 75, 8, 2, 148, 42, 0.00847458, 0.00847458,2, 1, 1, 1, 3.01358, 1.80467, 1.84481, 0.013, 12.4502
1, 3, 75, 8, 3, 148, 42, 0, 0,1, 0, 1, 0, 2.96259, 1.87796, 1.81216, 0.013516, 12.5177
1, 3, 75, 8, 4, 148, 44, 0.00833333, 0.00833333,3, 1, 2, 1, 2.98079, 1.82687, 1.88554, 0.014087, 12.5689
1, 3, 75, 8, 5, 148, 96, 0, 0,2, 0, 2, 0, 3.34261, 2.83303, 3.95916, 0.013396, 15.954
1, 3, 75, 8, 6, 148, 110, 0.0263374, 0.0263374,4, 3, 1, 3, 3.47533, 3.1134, 4.52048, 0.013411, 16.9028
1, 3, 75, 8, 7, 148, 113, 0.0268305, 0.0268305,4, 3, 1, 3, 3.48926, 3.26834, 4.63903, 0.014313, 17.1962
1, 3, 75, 8, 8, 148, 22, 0.027091, 0.027091,4, 3, 1, 3, 2.8625, 1.44935, 1.00639, 0.01309, 11.1922
1, 3, 75, 8, 9, 148, 107, 0.044906, 0.0719564,11, 5, 6, 5, 3.32026, 3.09235, 4.4103, 0.0182, 16.6894
1, 3, 75, 8, 10, 148, 87, 0.0556438, 0.0639772,11, 6, 5, 6, 3.24109, 2.64551, 3.60869, 0.016027, 15.3208
1, 3, 75, 8, 11, 148, 116, 0.0737823, 0.100998,17, 10, 7, 8, 3.41889, 3.22302, 4.79177, 0.020615, 17.1923
1, 3, 75, 8, 12, 148, 113, 0.0640341, 0.0812768,16, 8, 8, 7, 3.41874, 3.15091, 4.64691, 0.018536, 17.11
1, 3, 75, 8, 13, 148, 139, 0.0470575, 0.0657491,10, 7, 3, 5, 3.56401, 3.64012, 5.69189, 0.016036, 18.6974
1, 3, 75, 9, 1, 175, 89, 0.0179984, 0.0179984,5, 2, 3, 2, 3.30038, 2.69375, 4.3412, 0.01556, 16.1746
1, 3, 75, 9, 2, 175, 42, 0, 0,2, 0, 2, 0, 3.10561, 1.93983, 2.11122, 0.015706, 12.948
1, 3, 75, 9, 3, 175, 42, 0.00840336, 0.00840336,2, 1, 1, 1, 2.94212, 1.79187, 2.12988, 0.014263, 12.7353
1, 3, 75, 9, 4, 175, 44, 0, 0,2, 0, 2, 0, 2.99018, 1.83441, 2.22399, 0.014884, 12.8609
1, 3, 75, 9, 5, 175, 96, 0, 0,1, 0, 1, 0, 3.36587, 2.8765, 4.6672, 0.013957, 16.7548
1, 3, 75, 9, 6, 175, 110, 0.0528176, 0.0528176,7, 6, 1, 6, 3.46008, 3.23388, 5.33733, 0.017209, 17.8723
1, 3, 75, 9, 7, 175, 113, 0.0438997, 0.0438997,8, 5, 3, 5, 3.53725, 3.14795, 5.46821, 0.017098, 17.9778
1, 3, 75, 9, 8, 175, 22, 0.027082, 0.036091,7, 3, 4, 3, 2.8877, 1.44458, 1.18007, 0.017519, 11.3349
1, 3, 75, 9, 9, 175, 107, 0.0458647, 0.0982984,17, 6, 11, 5, 3.34222, 3.083, 5.20439, 0.021517, 17.5095
1, 3, 75, 9, 10, 175, 87, 0.0375677, 0.0558235,16, 4, 12, 4, 3.3685, 2.8898, 4.26959, 0.021456, 16.3567
1, 3, 75, 9, 11, 175, 116, 0.0474177, 0.0836982,18, 7, 11, 5, 3.44436, 3.19446, 5.6263, 0.021652, 18.0599
1, 3, 75, 9, 12, 175, 113, 0.0642435, 0.0989524,18, 10, 8, 7, 3.41389, 3.15058, 5.46881, 0.020395, 17.8429
1, 3, 75, 9, 13, 175, 139, 0.0646043, 0.117432,20, 11, 9, 7, 3.56777, 3.63439, 6.68313, 0.023671, 19.7001
1, 3, 75, 10, 1, 130, 89, 0.00877193, 0.00877193,4, 1, 3, 1, 3.3542, 2.8814, 3.25002, 0.013537, 15.4245
1, 3, 75, 10, 2, 130, 42, 0, 0,1, 0, 1, 0, 3.0281, 1.80029, 1.59746, 0.011372, 12.1994
1, 3, 75, 10, 3, 130, 42, 0, 0,1, 0, 1, 0, 3.06438, 1.95072, 1.6199, 0.01242, 12.4558
1, 3, 75, 10, 4, 130, 44, 0, 0,2, 0, 2, 0, 2.96741, 1.87687, 1.6562, 0.012053, 12.3401
1, 3, 75, 10, 5, 130, 96, 0.00854701, 0.00854701,3, 1, 2, 1, 3.39693, 2.92007, 3.48029, 0.013331, 15.6925
1, 3, 75, 10, 6, 130, 110, 0.00970874, 0.00970874,4, 1, 3, 1, 3.57644, 3.27992, 3.98355, 0.013041, 16.798
1, 3, 75, 10, 7, 130, 113, 0.0173163, 0.0173163,6, 2, 4, 2, 3.50687, 3.30932, 4.0986, 0.014869, 16.7246
1, 3, 75, 10, 8, 130, 22, 0.00934579, 0.0189612,2, 1, 1, 1, 2.90706, 1.43798, 0.891928, 0.013497, 11.096
1, 3, 75, 10, 9, 130, 107, 0.0348444, 0.0530099,13, 5, 8, 4, 3.34957, 3.18532, 3.88754, 0.017274, 16.291
1, 3, 75, 10, 10, 130, 87, 0.0503646, 0.0802836,16, 6, 10, 6, 3.33462, 2.66074, 3.2011, 0.018826, 15.1427
1, 3, 75, 10, 11, 130, 116, 0.0609672, 0.105945,18, 8, 10, 7, 3.39416, 3.22486, 4.20134, 0.019062, 16.5834
1, 3, 75, 10, 12, 130, 113, 0.0426172, 0.0877955,18, 5, 13, 5, 3.43263, 3.13076, 4.10342, 0.019258, 16.5116
1, 3, 75, 10, 13, 130, 139, 0.0362897, 0.0621034,14, 6, 8, 4, 3.5789, 3.62881, 4.98972, 0.017614, 18.0132
1, 3, 75, 11, 1, 135, 89, 0.00854701, 0.00854701,8, 1, 7, 1, 3.29088, 2.66868, 3.37208, 0.014844, 15.247
1, 3, 75, 11, 2, 135, 42, 0, 0,2, 0, 2, 0, 3.01827, 1.796, 1.65113, 0.014774, 12.2584
1, 3, 75, 11, 3, 135, 42, 0.00826446, 0.00826446,3, 1, 2, 1, 2.94596, 1.82148, 1.64472, 0.01285, 12.2326
1, 3, 75, 11, 4, 135, 44, 0, 0.00884956,4, 0, 4, 0, 2.98456, 1.85863, 1.72433, 0.014864, 12.428
1, 3, 75, 11, 5, 135, 96, 0, 0,6, 0, 6, 0, 3.4466, 2.97613, 3.63782, 0.015024, 15.9884
1, 3, 75, 11, 6, 135, 110, 0.00990099, 0.0183756,6, 1, 5, 1, 3.45394, 3.0595, 4.1408, 0.015344, 16.5076
1, 3, 75, 11, 7, 135, 113, 0.0282249, 0.0282249,6, 3, 3, 3, 3.49028, 3.11863, 4.23511, 0.013772, 16.6624
1, 3, 75, 11, 8, 135, 22, 0.0177781, 0.0267871,3, 2, 1, 2, 2.86946, 1.47145, 0.921992, 0.01326, 11.082
1, 3, 75, 11, 9, 135, 107, 0.0349699, 0.0531071,12, 5, 7, 4, 3.39593, 3.17672, 4.02692, 0.017869, 16.5097
1, 3, 75, 11, 10, 135, 87, 0.0348724, 0.0706483,18, 5, 13, 4, 3.23687, 2.6388, 3.30739, 0.019187, 15.1166
1, 3, 75, 11, 11, 135, 116, 0.0346779, 0.052535,10, 5, 5, 4, 3.42862, 3.25603, 4.36188, 0.016412, 16.8189
1, 3, 75, 11, 12, 135, 113, 0.0346979, 0.06108,14, 5, 9, 4, 3.43218, 3.15017, 4.26078, 0.01766, 16.657
1, 3, 75, 11, 13, 135, 139, 0.0436159, 0.0810768,16, 7, 9, 5, 3.6291, 3.71432, 5.19193, 0.018401, 18.4109
1, 3, 75, 12, 1, 146, 89, 0, 0,5, 0, 5, 0, 3.24411, 2.67812, 3.63138, 0.014253, 15.4603
1, 3, 75, 12, 2, 146, 42, 0.00840336, 0.00840336,3, 1, 2, 1, 2.99431, 1.82183, 1.77468, 0.013581, 12.4151
1, 3, 75, 12, 3, 146, 42, 0, 0,2, 0, 2, 0, 2.95685, 1.90989, 1.77342, 0.013446, 12.4645
1, 3, 75, 12, 4, 146, 44, 0, 0.00869565,5, 0, 5, 0, 2.98943, 1.8252, 1.87297, 0.01548, 12.5927
1, 3, 75, 12, 5, 146, 96, 0.00943396, 0.00943396,5, 1, 4, 1, 3.33821, 2.82766, 3.9145, 0.014218, 15.9037
1, 3, 75, 12, 6, 146, 110, 0.0180312, 0.0265058,8, 2, 6, 2, 3.45252, 3.08304, 4.48904, 0.016943, 16.8396
1, 3, 75, 12, 7, 146, 113, 0.0369111, 0.0369111,7, 4, 3, 4, 3.47853, 3.4484, 4.57886, 0.016843, 17.2997
1, 3, 75, 12, 8, 146, 22, 0.0176297, 0.0176297,3, 2, 1, 2, 2.85144, 1.43039, 1.01183, 0.01318, 11.1456
1, 3, 75, 12, 9, 146, 107, 0.0344206, 0.0734404,12, 4, 8, 4, 3.36346, 3.0375, 4.37224, 0.017789, 16.6326
1, 3, 75, 12, 10, 146, 87, 0.0344142, 0.052947,15, 4, 11, 4, 3.26727, 2.66444, 3.56322, 0.019818, 15.3185
1, 3, 75, 12, 11, 146, 116, 0.0439177, 0.053533,11, 5, 6, 5, 3.40901, 3.45601, 4.6985, 0.018741, 17.3267
1, 3, 75, 12, 12, 146, 113, 0.0338307, 0.0338307,14, 4, 10, 4, 3.41935, 3.15252, 4.58973, 0.018386, 17.0117
1, 3, 75, 12, 13, 146, 139, 0.062196, 0.100133,18, 9, 9, 7, 3.54912, 3.82798, 5.61697, 0.020409, 18.8084
1, 3, 75, 13, 1, 101, 89, 0, 0,3, 0, 3, 0, 3.59653, 2.76419, 2.52626, 0.010961, 14.9333
1, 3, 75, 13, 2, 101, 42, 0.00826446, 0.00826446,4, 1, 3, 1, 3.06127, 1.94171, 1.24699, 0.011758, 12.0608
1, 3, 75, 13, 3, 101, 42, 0, 0,3, 0, 3, 0, 2.95297, 1.81537, 1.25294, 0.011643, 11.8949
1, 3, 75, 13, 4, 101, 44, 0, 0,4, 0, 4, 0, 2.98411, 1.91105, 1.32141, 0.011172, 12.0293
1, 3, 75, 13, 5, 101, 96, 0, 0.00847458,3, 0, 3, 0, 3.43579, 2.99944, 2.73554, 0.012935, 15.0665
1, 3, 75, 13, 6, 101, 110, 0.00833333, 0.0177673,5, 1, 4, 1, 3.5308, 3.04397, 3.1069, 0.013892, 15.6452
1, 3, 75, 13, 7, 101, 113, 0.00862069, 0.00862069,5, 1, 4, 1, 3.57412, 3.14676, 3.19553, 0.012099, 15.842
1, 3, 75, 13, 8, 101, 22, 0.0268889, 0.0352222,4, 4, 0, 3, 2.89488, 1.4333, 0.707499, 0.010045, 10.8335
1, 3, 75, 13, 9, 101, 107, 0.0459927, 0.0989533,13, 10, 3, 5, 3.45643, 3.03102, 3.05654, 0.014238, 15.4683
1, 3, 75, 13, 10, 101, 87, 0.0261216, 0.0261216,7, 3, 4, 3, 3.30998, 2.6475, 2.48588, 0.012153, 14.3833
1, 3, 75, 13, 11, 101, 116, 0.00833333, 0.0266118,7, 1, 6, 1, 3.38051, 3.2116, 3.27615, 0.013517, 15.6686
1, 3, 75, 13, 12, 101, 113, 0.0260331, 0.0440751,10, 4, 6, 3, 3.42961, 3.1459, 3.19881, 0.014308, 15.5731
1, 3, 75, 13, 13, 101, 139, 0.0274531, 0.0443382,8, 4, 4, 3, 3.54544, 3.65709, 3.89642, 0.014699, 16.9072
1, 3, 75, 14, 1, 131, 89, 0, 0,4, 0, 4, 0, 3.22853, 2.70433, 3.28844, 0.013972, 15.1882
1, 3, 75, 14, 2, 131, 42, 0, 0,2, 0, 2, 0, 2.979, 1.80436, 1.61451, 0.012189, 12.1682
1, 3, 75, 14, 3, 131, 42, 0, 0,2, 0, 2, 0, 2.93809, 1.80067, 1.60921, 0.012369, 12.1703
1, 3, 75, 14, 4, 131, 44, 0, 0,4, 0, 4, 0, 2.9605, 1.83214, 1.66873, 0.01292, 12.2887
1, 3, 75, 14, 5, 131, 96, 0.00854701, 0.00854701,6, 1, 5, 1, 3.43507, 3.10118, 3.53098, 0.013972, 15.9705
1, 3, 75, 14, 6, 131, 110, 0.00826446, 0.00826446,5, 1, 4, 1, 3.43481, 3.198, 4.01431, 0.013626, 16.494
1, 3, 75, 14, 7, 131, 113, 0.00840336, 0.00840336,5, 1, 4, 1, 3.49633, 3.13898, 4.11776, 0.013215, 16.5643
1, 3, 75, 14, 8, 131, 22, 0.0262475, 0.0429153,5, 5, 0, 3, 2.85775, 1.44948, 0.898998, 0.011933, 11.0641
1, 3, 75, 14, 9, 131, 107, 0.063205, 0.0991813,15, 9, 6, 7, 3.40335, 3.16965, 3.91851, 0.018085, 16.443
1, 3, 75, 14, 10, 131, 87, 0.0184044, 0.0359604,13, 3, 10, 2, 3.27838, 2.65356, 3.20933, 0.029033, 14.9922
1, 3, 75, 14, 11, 131, 116, 0.0185044, 0.062934,14, 3, 11, 2, 3.41601, 3.2311, 4.23638, 0.018391, 16.6505
1, 3, 75, 14, 12, 131, 113, 0.0184996, 0.0368106,11, 3, 8, 2, 3.40555, 3.15268, 4.13414, 0.016202, 16.5017
1, 3, 75, 14, 13, 131, 139, 0.0458179, 0.0815044,13, 6, 7, 5, 3.57206, 3.62071, 5.0397, 0.017078, 18.1012
1, 3, 75, 15, 1, 153, 89, 0.0178628, 0.0178628,4, 2, 2, 2, 3.26607, 2.70517, 3.80294, 0.014033, 15.6368
1, 3, 75, 15, 2, 153, 42, 0, 0,3, 0, 3, 0, 3.0085, 1.81058, 1.86899, 0.014172, 12.4755
1, 3, 75, 15, 3, 153, 42, 0, 0,2, 0, 2, 0, 2.98043, 1.98629, 1.87102, 0.013962, 12.6477
1, 3, 75, 15, 4, 153, 44, 0, 0,3, 0, 3, 0, 2.97667, 1.85236, 1.95204, 0.014598, 12.6965
1, 3, 75, 15, 5, 153, 96, 0.00862069, 0.00862069,4, 1, 3, 1, 3.32333, 2.83979, 4.09087, 0.014584, 16.1017
1, 3, 75, 15, 6, 153, 110, 0.0300762, 0.0300762,6, 3, 3, 3, 3.44866, 3.08804, 4.67308, 0.015575, 17.0558
1, 3, 75, 15, 7, 153, 113, 0.0446614, 0.0446614,8, 5, 3, 5, 3.5015, 3.1944, 4.81029, 0.016843, 17.3418
1, 3, 75, 15, 8, 153, 22, 0.0523719, 0.0622729,8, 6, 2, 6, 2.91013, 1.49634, 1.0403, 0.015771, 11.303
1, 3, 75, 15, 9, 153, 107, 0.0450698, 0.0726518,15, 5, 10, 5, 3.35049, 3.0236, 4.58938, 0.019127, 16.8259
1, 3, 75, 15, 10, 153, 87, 0.0429812, 0.0693232,18, 5, 13, 5, 3.27075, 2.63158, 3.73463, 0.020926, 15.461
1, 3, 75, 15, 11, 153, 116, 0.0893554, 0.15073,25, 12, 13, 10, 3.41619, 3.24372, 4.93233, 0.023776, 17.3544
1, 3, 75, 15, 12, 153, 113, 0.070873, 0.113664,21, 10, 11, 8, 3.41173, 3.14673, 4.82089, 0.021758, 17.204
1, 3, 75, 15, 13, 153, 139, 0.0630532, 0.0887419,22, 9, 13, 7, 3.62726, 3.77076, 5.92173, 0.020835, 19.1637
2, 4, 75, 1, 1, 37, 89, 0.0257172, 0.0712397,13, 3, 10, 3, 3.35246, 2.71445, 0.979985, 0.011252, 12.9079
2, 4, 75, 1, 2, 37, 81, 0.0341967, 0.0705041,12, 4, 8, 4, 3.28517, 2.6235, 0.896473, 0.011667, 12.6222
2, 4, 75, 1, 3, 37, 106, 0.016739, 0.052689,13, 2, 11, 2, 3.39394, 3.01676, 1.15368, 0.012424, 13.4589
2, 4, 75, 1, 4, 37, 52, 0.00833333, 0.0258785,7, 1, 6, 1, 3.14609, 1.98417, 0.602304, 0.009338, 11.5828
2, 4, 75, 1, 5, 37, 103, 0.00854701, 0.0366238,8, 1, 7, 1, 3.39217, 3.04238, 1.12905, 0.011042, 13.4194
2, 4, 75, 1, 6, 37, 98, 0, 0.0182835,7, 0, 7, 0, 3.39785, 2.84659, 1.06325, 0.009664, 13.1766
2, 4, 75, 1, 7, 37, 90, 0, 0,4, 0, 4, 0, 3.41369, 2.76205, 0.998807, 0.00774, 13.0725
2, 4, 75, 1, 8, 37, 100, 0.00840336, 0.00840336,7, 1, 6, 1, 3.41466, 2.92013, 1.07854, 0.008466, 13.2286
2, 4, 75, 1, 9, 37, 72, 0.0374416, 0.0557964,8, 4, 4, 4, 3.30474, 2.3783, 0.806016, 0.009293, 12.2706
2, 4, 75, 1, 10, 37, 72, 0.00877193, 0.00877193,3, 1, 2, 1, 3.26985, 2.56856, 0.817133, 0.007294, 12.4859
2, 4, 75, 1, 11, 37, 81, 0.0182343, 0.0182343,5, 2, 3, 2, 3.21617, 2.52533, 0.888938, 0.008161, 12.5295
2, 4, 75, 1, 12, 37, 80, 0.0174242, 0.0174242,4, 2, 2, 2, 3.21799, 2.52724, 0.879289, 0.00751, 12.5826
2, 4, 75, 1, 13, 37, 79, 0.00952381, 0.00952381,3, 1, 2, 1, 3.25558, 2.50728, 0.880913, 0.006848, 12.4401
2, 4, 75, 2, 1, 42, 89, 0.0252246, 0.0341531,12, 3, 9, 3, 3.36902, 2.68965, 1.10978, 0.011498, 12.9593
2, 4, 75, 2, 2, 42, 81, 0.0342755, 0.0516681,13, 4, 9, 4, 3.36746, 2.78799, 1.0133, 0.012735, 12.9745
2, 4, 75, 2, 3, 42, 106, 0.0429958, 0.0604634,11, 5, 6, 5, 3.38763, 3.01207, 1.29468, 0.010751, 13.6601
2, 4, 75, 2, 4, 42, 52, 0, 0,3, 0, 3, 0, 3.17716, 2.01028, 0.68959, 0.00721, 11.7387
2, 4, 75, 2, 5, 42, 103, 0.00943396, 0.00943396,5, 1, 4, 1, 3.43114, 2.98085, 1.24799, 0.008516, 13.5101
2, 4, 75, 2, 6, 42, 98, 0, 0,5, 0, 5, 0, 3.43243, 2.87095, 1.20422, 0.00795, 13.3557
2, 4, 75, 2, 7, 42, 90, 0.00840336, 0.00840336,3, 1, 2, 1, 3.44963, 2.95507, 1.10333, 0.007936, 13.3902
2, 4, 75, 2, 8, 42, 100, 0, 0.00934579,6, 0, 6, 0, 3.36528, 2.99447, 1.21729, 0.009253, 13.4429
2, 4, 75, 2, 9, 42, 72, 0.0281453, 0.0281453,6, 3, 3, 3, 3.29716, 2.39204, 0.896052, 0.008151, 12.361
2, 4, 75, 2, 10, 42, 72, 0.00847458, 0.00847458,4, 1, 3, 1, 3.2427, 2.36513, 0.916152, 0.00774, 12.3673
2, 4, 75, 2, 11, 42, 81, 0.0186981, 0.0275477,7, 2, 5, 2, 3.25319, 2.53234, 1.00522, 0.010345, 12.6014
2, 4, 75, 2, 12, 42, 80, 0.0266348, 0.0351818,8, 3, 5, 3, 3.28444, 2.76409, 0.994253, 0.010195, 12.9078
2, 4, 75, 2, 13, 42, 79, 0.0261659, 0.0261659,6, 3, 3, 3, 3.26464, 2.48132, 0.98736, 0.009423, 12.5858
2, 4, 75, 3, 1, 39, 89, 0.0258659, 0.0450051,7, 3, 4, 3, 3.34927, 2.69728, 1.02682, 0.01006, 12.8925
2, 4, 75, 3, 2, 39, 81, 0.035641, 0.0536604,8, 4, 4, 4, 3.35519, 2.75404, 0.9413, 0.01009, 12.9458
2, 4, 75, 3, 3, 39, 106, 0.0348106, 0.0524321,9, 4, 5, 4, 3.42907, 3.01424, 1.19826, 0.010655, 13.5244
2, 4, 75, 3, 4, 39, 52, 0.0168115, 0.0168115,2, 2, 0, 2, 3.16741, 2.00187, 0.651605, 0.008542, 11.8099
2, 4, 75, 3, 5, 39, 103, 0.0174031, 0.0354578,4, 3, 1, 2, 3.41586, 3.0526, 1.19584, 0.008702, 13.5199
2, 4, 75, 3, 6, 39, 98, 0.00925926, 0.00925926,5, 1, 4, 1, 3.40378, 2.85478, 1.11201, 0.007615, 13.2104
2, 4, 75, 3, 7, 39, 90, 0, 0,2, 0, 2, 0, 3.37913, 2.75936, 1.02892, 0.00795, 13.0146
2, 4, 75, 3, 8, 39, 100, 0.00877193, 0.00877193,3, 1, 2, 1, 3.47253, 2.9348, 1.14368, 0.00779, 13.5393
2, 4, 75, 3, 9, 39, 72, 0.0186373, 0.0270407,5, 2, 3, 2, 3.32776, 2.38926, 0.859924, 0.009313, 12.4011
2, 4, 75, 3, 10, 39, 72, 0.00833333, 0.00833333,2, 1, 1, 1, 3.23049, 2.35115, 0.836927, 0.007048, 12.2659
2, 4, 75, 3, 11, 39, 81, 0.0176103, 0.0176103,3, 2, 1, 2, 3.24449, 2.54155, 0.933289, 0.00745, 12.5659
2, 4, 75, 3, 12, 39, 80, 0.00909091, 0.00909091,5, 1, 4, 1, 3.2262, 2.74838, 0.928995, 0.009213, 12.7922
2, 4, 75, 3, 13, 39, 79, 0.0175076, 0.0175076,4, 2, 2, 2, 3.29536, 2.50265, 0.914097, 0.00778, 12.6769
2, 4, 75, 4, 1, 39, 89, 0.0172427, 0.0267665,8, 2, 6, 2, 3.37025, 2.69033, 1.02445, 0.010114, 12.9495
2, 4, 75, 4, 2, 39, 81, 0.0184336, 0.035707,8, 2, 6, 2, 3.41372, 2.54067, 0.937363, 0.009433, 12.7379
2, 4, 75, 4, 3, 39, 106, 0.0270374, 0.0524721,8, 3, 5, 3, 3.42409, 3.05575, 1.20334, 0.01019, 13.6815
2, 4, 75, 4, 4, 39, 52, 0.018976, 0.018976,5, 2, 3, 2, 3.1557, 2.02599, 0.629628, 0.0075, 11.756
2, 4, 75, 4, 5, 39, 103, 0.00884956, 0.0180239,5, 1, 4, 1, 3.45257, 2.97651, 1.17757, 0.009108, 13.5058
2, 4, 75, 4, 6, 39, 98, 0, 0,5, 0, 5, 0, 3.46363, 3.02972, 1.11154, 0.008857, 13.488
2, 4, 75, 4, 7, 39, 90, 0.00854701, 0.00854701,4, 1, 3, 1, 3.45712, 2.84923, 1.02681, 0.008006, 13.4315
2, 4, 75, 4, 8, 39, 100, 0.00917431, 0.00917431,6, 1, 5, 1, 3.35067, 3.02139, 1.14935, 0.008126, 13.3755
2, 4, 75, 4, 9, 39, 72, 0.0199176, 0.0540356,9, 2, 7, 2, 3.3334, 2.38222, 0.844075, 0.010846, 12.3329
2, 4, 75, 4, 10, 39, 72, 0.00833333, 0.0175076,4, 1, 3, 1, 3.19595, 2.36838, 0.830399, 0.009057, 12.2267
2, 4, 75, 4, 11, 39, 81, 0.0268294, 0.0268294,5, 3, 2, 3, 3.29966, 2.6562, 0.937773, 0.008451, 12.7891
2, 4, 75, 4, 12, 39, 80, 0.00892857, 0.00892857,3, 1, 2, 1, 3.26238, 2.73675, 0.915214, 0.007845, 12.8843
2, 4, 75, 4, 13, 39, 79, 0.00943396, 0.00943396,4, 1, 3, 1, 3.28043, 2.47959, 0.912735, 0.007459, 12.6218
2, 4, 75, 5, 1, 43, 89, 0.0259691, 0.0529308,16, 3, 13, 3, 3.35535, 2.71089, 1.14279, 0.013867, 13.0724
2, 4, 75, 5, 2, 43, 81, 0.0188563, 0.0361298,11, 2, 9, 2, 3.28009, 2.54123, 1.02797, 0.011693, 12.6544
2, 4, 75, 5, 3, 43, 106, 0.0377326, 0.0821178,16, 4, 12, 4, 3.35977, 3.22955, 1.32021, 0.014849, 13.8144
2, 4, 75, 5, 4, 43, 52, 0.01, 0.01,9, 1, 8, 1, 3.15714, 2.00916, 0.698636, 0.01022, 11.8042
2, 4, 75, 5, 5, 43, 103, 0.0254323, 0.0254323,9, 3, 6, 3, 3.45538, 2.98878, 1.38223, 0.010034, 13.6845
2, 4, 75, 5, 6, 43, 98, 0.0182683, 0.0806421,16, 5, 11, 2, 3.40148, 2.86781, 1.23058, 0.012955, 13.3596
2, 4, 75, 5, 7, 43, 90, 0.0619129, 0.0806848,11, 8, 3, 7, 3.37613, 2.71097, 1.1348, 0.010991, 13.0761
2, 4, 75, 5, 8, 43, 100, 0.00840336, 0.00840336,7, 1, 6, 1, 3.48448, 3.14539, 1.26425, 0.008692, 13.7549
2, 4, 75, 5, 9, 43, 72, 0.00877193, 0.0197609,10, 1, 9, 1, 3.28528, 2.35582, 0.926726, 0.010556, 12.3892
2, 4, 75, 5, 10, 43, 72, 0.017099, 0.017099,6, 2, 4, 2, 3.22363, 2.37711, 0.93078, 0.008296, 12.3728
2, 4, 75, 5, 11, 43, 81, 0.0281177, 0.0281177,8, 3, 5, 3, 3.23894, 2.53413, 1.02848, 0.009153, 12.611
2, 4, 75, 5, 12, 43, 80, 0.0189286, 0.0189286,8, 2, 6, 2, 3.20419, 2.55215, 1.01221, 0.009118, 12.6367
2, 4, 75, 5, 13, 43, 79, 0.0290953, 0.0383546,10, 3, 7, 3, 3.28549, 2.54307, 1.02893, 0.010791, 12.7777
2, 4, 75, 6, 1, 44, 89, 0.00934579, 0.027292,12, 1, 11, 1, 3.36742, 2.70353, 1.1451, 0.011032, 13.0237
2, 4, 75, 6, 2, 44, 81, 0.00833333, 0.0167367,14, 1, 13, 1, 3.30459, 2.585, 1.06265, 0.011593, 12.8002
2, 4, 75, 6, 3, 44, 106, 0, 0.0105263,12, 0, 12, 0, 3.39122, 3.2362, 1.36377, 0.011928, 13.8863
2, 4, 75, 6, 4, 44, 52, 0, 0.00840336,10, 0, 10, 0, 3.18407, 2.02475, 0.708331, 0.010455, 11.7903
2, 4, 75, 6, 5, 44, 103, 0, 0.0243831,10, 0, 10, 0, 3.44261, 2.96497, 1.31393, 0.011132, 13.6696
2, 4, 75, 6, 6, 44, 98, 0.00826446, 0.0384761,12, 1, 11, 1, 3.46232, 2.88448, 1.27964, 0.012414, 13.5005
2, 4, 75, 6, 7, 44, 90, 0.010101, 0.0304246,10, 1, 9, 1, 3.41414, 2.7136, 1.1708, 0.011096, 13.129
2, 4, 75, 6, 8, 44, 100, 0, 0.0215924,13, 0, 13, 0, 3.38423, 2.9121, 1.30172, 0.012019, 13.4217
2, 4, 75, 6, 9, 44, 72, 0.0271015, 0.0467112,7, 3, 4, 3, 3.3842, 2.36353, 0.943008, 0.009964, 12.5776
2, 4, 75, 6, 10, 44, 72, 0.0173241, 0.0359614,6, 2, 4, 2, 3.2203, 2.41795, 0.937858, 0.009528, 12.4618
2, 4, 75, 6, 11, 44, 81, 0.0171053, 0.0437522,10, 3, 7, 2, 3.26593, 2.55781, 1.06529, 0.011232, 12.7651
2, 4, 75, 6, 12, 44, 80, 0, 0.0187217,6, 0, 6, 0, 3.24599, 2.52927, 1.03457, 0.010065, 12.6831
2, 4, 75, 6, 13, 44, 79, 0, 0.01,4, 0, 4, 0, 3.22363, 2.57166, 1.028, 0.009193, 12.6414
2, 4, 75, 7, 1, 51, 89, 0, 0.00917431,13, 0, 13, 0, 3.45825, 2.83716, 1.32228, 0.012594, 13.5282
2, 4, 75, 7, 2, 51, 81, 0.00833333, 0.00833333,13, 1, 12, 1, 3.27863, 2.55924, 1.22435, 0.011187, 12.9432
2, 4, 75, 7, 3, 51, 106, 0.00934579, 0.0458948,14, 2, 12, 1, 3.44508, 2.99953, 1.55301, 0.011948, 13.9467
2, 4, 75, 7, 4, 51, 52, 0.00892857, 0.0175493,12, 1, 11, 1, 3.16066, 2.00663, 0.833074, 0.013321, 11.9612
2, 4, 75, 7, 5, 51, 103, 0.0268067, 0.0782797,19, 4, 15, 3, 3.40404, 3.04816, 1.51463, 0.014168, 13.8354
2, 4, 75, 7, 6, 51, 98, 0.00980392, 0.0556711,20, 1, 19, 1, 3.42817, 2.86539, 1.44868, 0.016432, 13.5955
2, 4, 75, 7, 7, 51, 90, 0.0197432, 0.0389035,14, 2, 12, 2, 3.42581, 2.73918, 1.35607, 0.01289, 13.3673
2, 4, 75, 7, 8, 51, 100, 0.00854701, 0.00854701,14, 1, 13, 1, 3.4942, 2.87403, 1.47059, 0.011643, 13.6968
2, 4, 75, 7, 9, 51, 72, 0, 0.00909091,6, 0, 6, 0, 3.36423, 2.41947, 1.09395, 0.01035, 12.7059
2, 4, 75, 7, 10, 51, 72, 0.0174242, 0.0257576,8, 2, 6, 2, 3.24758, 2.35646, 1.09386, 0.010927, 12.5406
2, 4, 75, 7, 11, 51, 81, 0.027451, 0.035998,8, 3, 5, 3, 3.2812, 2.60385, 1.25498, 0.010605, 12.9658
2, 4, 75, 7, 12, 51, 80, 0.0166667, 0.025,8, 2, 6, 2, 3.24545, 2.51813, 1.19058, 0.011292, 12.8473
2, 4, 75, 7, 13, 51, 79, 0.0177047, 0.0177047,7, 2, 5, 2, 3.29369, 2.55563, 1.17736, 0.009834, 12.9394
2, 4, 75, 8, 1, 65, 89, 0.00854701, 0.0262808,13, 1, 12, 1, 3.35684, 2.66934, 1.66092, 0.01264, 13.5076
2, 4, 75, 8, 2, 65, 81, 0.0168779, 0.0263119,8, 2, 6, 2, 3.36549, 2.76089, 1.5192, 0.011828, 13.6052
2, 4, 75, 8, 3, 65, 106, 0.00909091, 0.0276875,7, 1, 6, 1, 3.36302, 3.00688, 1.95173, 0.010726, 14.2415
2, 4, 75, 8, 4, 65, 52, 0.01, 0.0286147,11, 1, 10, 1, 3.21585, 2.1222, 1.00534, 0.012845, 12.2544
2, 4, 75, 8, 5, 65, 103, 0.00833333, 0.0390677,12, 1, 11, 1, 3.50055, 3.25836, 1.91905, 0.014959, 14.6668
2, 4, 75, 8, 6, 65, 98, 0, 0.0186083,15, 0, 15, 0, 3.4044, 2.90092, 1.84473, 0.015665, 13.9883
2, 4, 75, 8, 7, 65, 90, 0.00900901, 0.0186244,12, 1, 11, 1, 3.38505, 2.72815, 1.69265, 0.01241, 13.6701
2, 4, 75, 8, 8, 65, 100, 0, 0.00943396,14, 0, 14, 0, 3.41685, 2.90452, 1.87095, 0.013602, 14.0516
2, 4, 75, 8, 9, 65, 72, 0.0166678, 0.0349463,11, 2, 9, 2, 3.41137, 2.54533, 1.37246, 0.018425, 13.1334
2, 4, 75, 8, 10, 65, 72, 0, 0.00961538,5, 0, 5, 0, 3.20473, 2.35864, 1.35684, 0.010781, 12.8053
2, 4, 75, 8, 11, 65, 81, 0.00833333, 0.0174242,8, 1, 7, 1, 3.23419, 2.55986, 1.54453, 0.011888, 13.165
2, 4, 75, 8, 12, 65, 80, 0.00847458, 0.0192273,9, 1, 8, 1, 3.2234, 2.53033, 1.50062, 0.011292, 13.1221
2, 4, 75, 8, 13, 65, 79, 0.0175452, 0.02945,8, 2, 6, 2, 3.24441, 2.47706, 1.48801, 0.011026, 13.0234
2, 4, 75, 9, 1, 94, 89, 0.0342455, 0.0434198,9, 4, 5, 4, 3.51871, 2.85925, 2.36724, 0.014118, 14.653
2, 4, 75, 9, 2, 94, 81, 0.00840336, 0.00840336,5, 1, 4, 1, 3.29648, 2.52015, 2.1732, 0.011177, 13.8535
2, 4, 75, 9, 3, 94, 106, 0.0171829, 0.0171829,6, 2, 4, 2, 3.36237, 3.02017, 2.80136, 0.011297, 15.0732
2, 4, 75, 9, 4, 94, 52, 0.0429352, 0.0429352,11, 5, 6, 5, 3.14537, 2.0047, 1.44003, 0.012294, 12.4657
2, 4, 75, 9, 5, 94, 103, 0, 0.0195238,12, 0, 12, 0, 3.40926, 3.16279, 2.71475, 0.016928, 15.145
2, 4, 75, 9, 6, 94, 98, 0, 0.0177866,13, 0, 13, 0, 3.40354, 2.85518, 2.61177, 0.014889, 14.7919
2, 4, 75, 9, 7, 94, 90, 0, 0.00892857,18, 0, 18, 0, 3.37041, 2.73168, 2.40137, 0.015515, 14.3483
2, 4, 75, 9, 8, 94, 100, 0.0348314, 0.0348314,12, 4, 8, 4, 3.38644, 2.9133, 2.63972, 0.012605, 14.7844
2, 4, 75, 9, 9, 94, 72, 0.00909091, 0.0174943,5, 2, 3, 1, 3.27941, 2.51888, 1.9423, 0.01297, 13.5586
2, 4, 75, 9, 10, 94, 72, 0.017099, 0.017099,4, 2, 2, 2, 3.29619, 2.4492, 1.9524, 0.011773, 13.6193
2, 4, 75, 9, 11, 94, 81, 0.0256887, 0.052835,11, 5, 6, 3, 3.23249, 2.54655, 2.17649, 0.012785, 13.7926
2, 4, 75, 9, 12, 94, 80, 0.0255174, 0.0339207,7, 4, 3, 3, 3.2679, 2.52504, 2.14726, 0.010957, 13.8
2, 4, 75, 9, 13, 94, 79, 0.00869565, 0.0198068,7, 1, 6, 1, 3.21843, 2.50435, 2.12254, 0.013672, 13.6472
2, 4, 75, 10, 1, 37, 89, 0.0251412, 0.0340698,9, 3, 6, 3, 3.46594, 2.97288, 0.972927, 0.009489, 13.3213
2, 4, 75, 10, 2, 37, 81, 0.0353198, 0.0439405,7, 4, 3, 4, 3.47353, 2.57489, 0.906322, 0.009017, 12.787
2, 4, 75, 10, 3, 37, 106, 0.0354927, 0.0526604,9, 4, 5, 4, 3.35052, 3.06602, 1.15463, 0.008977, 13.4546
2, 4, 75, 10, 4, 37, 52, 0.0180684, 0.0180684,3, 2, 1, 2, 3.24797, 2.09496, 0.605821, 0.00794, 11.8923
2, 4, 75, 10, 5, 37, 103, 0.00900901, 0.00900901,2, 1, 1, 1, 3.4127, 2.97851, 1.18954, 0.008201, 13.5809
2, 4, 75, 10, 6, 37, 98, 0, 0,3, 0, 3, 0, 3.39489, 2.89652, 1.05789, 0.007144, 13.2546
2, 4, 75, 10, 7, 37, 90, 0.00862069, 0.00862069,2, 1, 1, 1, 3.3997, 2.96496, 0.97724, 0.006898, 13.2716
2, 4, 75, 10, 8, 37, 100, 0.00847458, 0.00847458,2, 1, 1, 1, 3.4369, 2.98145, 1.08, 0.006868, 13.3122
2, 4, 75, 10, 9, 37, 72, 0.0285742, 0.0285742,5, 3, 2, 3, 3.34978, 2.57399, 0.809032, 0.009709, 12.5003
2, 4, 75, 10, 10, 37, 72, 0.00840336, 0.00840336,3, 1, 2, 1, 3.24997, 2.37916, 0.798677, 0.007009, 12.3585
2, 4, 75, 10, 11, 37, 81, 0.0262419, 0.0262419,4, 3, 1, 3, 3.23385, 2.55189, 0.905595, 0.007725, 12.5304
2, 4, 75, 10, 12, 37, 80, 0.00900901, 0.00900901,4, 1, 3, 1, 3.28432, 2.5126, 0.882666, 0.00772, 12.5463
2, 4, 75, 10, 13, 37, 79, 0.0181029, 0.0181029,4, 2, 2, 2, 3.20584, 2.51623, 0.869034, 0.007435, 12.5244
2, 4, 75, 11, 1, 84, 89, 0.0367098, 0.0704753,15, 5, 10, 4, 3.38741, 2.82831, 2.19526, 0.016513, 14.3138
2, 4, 75, 11, 2, 84, 81, 0.0172465, 0.0469474,16, 2, 14, 2, 3.2899, 2.52822, 2.02061, 0.016532, 13.7978
2, 4, 75, 11, 3, 84, 106, 0.0169601, 0.0569372,13, 2, 11, 2, 3.37295, 3.06654, 2.56307, 0.014684, 14.9529
2, 4, 75, 11, 4, 84, 52, 0.00854701, 0.0173966,13, 1, 12, 1, 3.18901, 2.23516, 1.34759, 0.014829, 12.7626
2, 4, 75, 11, 5, 84, 103, 0, 0.00917431,13, 0, 13, 0, 3.45947, 3.59711, 2.43767, 0.016502, 15.4778
2, 4, 75, 11, 6, 84, 98, 0, 0.021024,13, 0, 13, 0, 3.54588, 3.0647, 2.34885, 0.014985, 15.0062
2, 4, 75, 11, 7, 84, 90, 0, 0.0189919,13, 0, 13, 0, 3.46329, 2.83945, 2.16471, 0.014338, 14.33
2, 4, 75, 11, 8, 84, 100, 0.00840336, 0.0348763,13, 1, 12, 1, 3.48621, 3.21497, 2.36845, 0.014579, 15.076
2, 4, 75, 11, 9, 84, 72, 0.027655, 0.0456862,10, 4, 6, 3, 3.36413, 2.42841, 1.73226, 0.014874, 13.3817
2, 4, 75, 11, 10, 84, 72, 0.00877193, 0.0171053,8, 1, 7, 1, 3.3271, 2.49088, 1.73729, 0.012063, 13.5243
2, 4, 75, 11, 11, 84, 81, 0.0169504, 0.0425468,9, 3, 6, 2, 3.24327, 2.52741, 1.94389, 0.013161, 13.6097
2, 4, 75, 11, 12, 84, 80, 0.00862069, 0.00862069,10, 1, 9, 1, 3.25565, 2.51959, 1.91836, 0.011733, 13.6053
2, 4, 75, 11, 13, 84, 79, 0.00826446, 0.00826446,12, 1, 11, 1, 3.2533, 2.506, 1.89135, 0.013271, 13.5335
2, 4, 75, 12, 1, 79, 89, 0.0455174, 0.0628338,15, 5, 10, 5, 3.3609, 2.71182, 2.00112, 0.014353, 13.9714
2, 4, 75, 12, 2, 79, 81, 0.0173189, 0.0355068,15, 2, 13, 2, 3.37158, 2.78956, 1.83147, 0.018426, 13.8572
2, 4, 75, 12, 3, 79, 106, 0.0168803, 0.0378594,11, 2, 9, 2, 3.36881, 3.03312, 2.36216, 0.013316, 14.7297
2, 4, 75, 12, 4, 79, 52, 0.00826446, 0.00826446,11, 1, 10, 1, 3.17133, 2.018, 1.22859, 0.011963, 12.3027
2, 4, 75, 12, 5, 79, 103, 0, 0.00869565,11, 0, 11, 0, 3.39957, 3.05507, 2.30978, 0.012764, 14.6791
2, 4, 75, 12, 6, 79, 98, 0.00943396, 0.0385455,15, 1, 14, 1, 3.45519, 3.08083, 2.19679, 0.01564, 14.6483
2, 4, 75, 12, 7, 79, 90, 0.00980392, 0.029128,13, 1, 12, 1, 3.36921, 3.02158, 2.01896, 0.016037, 14.2754
2, 4, 75, 12, 8, 79, 100, 0.017556, 0.0441017,13, 2, 11, 2, 3.38774, 2.9302, 2.24204, 0.014138, 14.4488
2, 4, 75, 12, 9, 79, 72, 0.0521824, 0.07801,14, 6, 8, 6, 3.28983, 2.40101, 1.64332, 0.014117, 13.1787
2, 4, 75, 12, 10, 79, 72, 0.00833333, 0.00833333,5, 1, 4, 1, 3.22088, 2.40417, 1.65803, 0.012349, 13.1094
2, 4, 75, 12, 11, 79, 81, 0.0430787, 0.051412,11, 6, 5, 5, 3.32441, 2.76666, 1.85082, 0.012895, 13.8937
2, 4, 75, 12, 12, 79, 80, 0.025748, 0.025748,12, 3, 9, 3, 3.21299, 2.57693, 1.82352, 0.012719, 13.5053
2, 4, 75, 12, 13, 79, 79, 0, 0,8, 0, 8, 0, 3.34779, 2.65622, 1.80343, 0.012499, 13.6443
2, 4, 75, 13, 1, 62, 89, 0.0740008, 0.136528,21, 10, 11, 8, 3.36644, 2.70331, 1.61581, 0.01562, 13.5311
2, 4, 75, 13, 2, 62, 81, 0.00892857, 0.0483415,14, 1, 13, 1, 3.277, 2.53719, 1.45055, 0.013872, 13.0964
2, 4, 75, 13, 3, 62, 106, 0.0170953, 0.09469,18, 2, 16, 2, 3.35829, 3.03171, 1.87848, 0.01567, 14.2038
2, 4, 75, 13, 4, 62, 52, 0.00854701, 0.0364995,13, 1, 12, 1, 3.16804, 2.03087, 0.971348, 0.013371, 12.0677
2, 4, 75, 13, 5, 62, 103, 0.0267907, 0.0448906,14, 3, 11, 3, 3.55334, 3.21172, 1.82322, 0.013016, 14.5079
2, 4, 75, 13, 6, 62, 98, 0.0277526, 0.063299,16, 3, 13, 3, 3.43189, 2.85003, 1.75157, 0.013536, 14.1807
2, 4, 75, 13, 7, 62, 90, 0.0191497, 0.0276967,12, 2, 10, 2, 3.39455, 2.71319, 1.60233, 0.012124, 13.6194
2, 4, 75, 13, 8, 62, 100, 0.00826446, 0.0657142,17, 1, 16, 1, 3.41129, 2.92, 1.78984, 0.014173, 14.0044
2, 4, 75, 13, 9, 62, 72, 0.0261767, 0.0261767,4, 3, 1, 3, 3.29324, 2.38378, 1.29749, 0.009939, 12.7841
2, 4, 75, 13, 10, 62, 72, 0.00917431, 0.0179462,10, 1, 9, 1, 3.29067, 2.51561, 1.30263, 0.012724, 13.0807
2, 4, 75, 13, 11, 62, 81, 0.00833333, 0.00833333,8, 1, 7, 1, 3.22923, 2.58781, 1.45891, 0.010225, 13.158
2, 4, 75, 13, 12, 62, 80, 0.017795, 0.017795,9, 2, 7, 2, 3.21038, 2.70487, 1.46136, 0.012749, 13.2447
2, 4, 75, 13, 13, 62, 79, 0.0333368, 0.0333368,9, 4, 5, 4, 3.29798, 2.48308, 1.42422, 0.012604, 13.0917
2, 4, 75, 14, 1, 54, 89, 0.0733626, 0.184191,25, 12, 13, 8, 3.38158, 2.7007, 1.40391, 0.016086, 13.2985
2, 4, 75, 14, 2, 54, 81, 0.0255736, 0.0924,18, 3, 15, 3, 3.29671, 2.54228, 1.2805, 0.014073, 12.9483
2, 4, 75, 14, 3, 54, 106, 0.0181954, 0.0846399,17, 2, 15, 2, 3.41305, 3.19251, 1.64174, 0.015871, 14.1435
2, 4, 75, 14, 4, 54, 52, 0.00952381, 0.0375126,11, 1, 10, 1, 3.17865, 2.0048, 0.882899, 0.01279, 12.0047
2, 4, 75, 14, 5, 54, 103, 0.0268078, 0.0635386,14, 3, 11, 3, 3.42333, 2.95138, 1.59894, 0.012755, 13.8403
2, 4, 75, 14, 6, 54, 98, 0.0370636, 0.0721841,15, 4, 11, 4, 3.42823, 2.90993, 1.52295, 0.014498, 13.7028
2, 4, 75, 14, 7, 54, 90, 0.0263733, 0.0350689,9, 3, 6, 3, 3.45931, 2.7506, 1.40061, 0.011196, 13.62
2, 4, 75, 14, 8, 54, 100, 0.0197164, 0.0628724,11, 2, 9, 2, 3.39878, 3.1601, 1.57638, 0.012389, 14.0574
2, 4, 75, 14, 9, 54, 72, 0.00862069, 0.00862069,4, 1, 3, 1, 3.41134, 2.57775, 1.14228, 0.009017, 12.9787
2, 4, 75, 14, 10, 54, 72, 0.0179487, 0.0179487,5, 2, 3, 2, 3.24546, 2.37195, 1.13708, 0.009117, 12.6262
2, 4, 75, 14, 11, 54, 81, 0.0179405, 0.0179405,3, 2, 1, 2, 3.2632, 2.54449, 1.26474, 0.00758, 12.8969
2, 4, 75, 14, 12, 54, 80, 0.042824, 0.0512273,8, 5, 3, 5, 3.29063, 2.80739, 1.24357, 0.010129, 13.2212
2, 4, 75, 14, 13, 54, 79, 0, 0,4, 0, 4, 0, 3.25838, 2.79662, 1.25632, 0.011142, 13.2173
2, 4, 75, 15, 1, 43, 89, 0, 0.0370314,10, 0, 10, 0, 3.49313, 2.90058, 1.1238, 0.012425, 13.4146
2, 4, 75, 15, 2, 43, 81, 0.0271672, 0.0633555,10, 3, 7, 3, 3.41505, 2.75181, 1.03, 0.013251, 13.1267
2, 4, 75, 15, 3, 43, 106, 0.0297258, 0.0573077,9, 5, 4, 3, 3.3536, 3.16724, 1.3218, 0.013521, 13.7718
2, 4, 75, 15, 4, 43, 52, 0.027055, 0.0363143,7, 3, 4, 3, 3.17342, 2.14732, 0.71611, 0.01046, 11.9278
2, 4, 75, 15, 5, 43, 103, 0.0194248, 0.03631,5, 3, 2, 2, 3.42467, 2.94481, 1.29631, 0.011157, 13.5385
2, 4, 75, 15, 6, 43, 98, 0.0298592, 0.0564515,8, 4, 4, 3, 3.53925, 3.0926, 1.22482, 0.01019, 13.7845
2, 4, 75, 15, 7, 43, 90, 0.0180187, 0.027278,5, 2, 3, 2, 3.38222, 2.75266, 1.12945, 0.009378, 13.1269
2, 4, 75, 15, 8, 43, 100, 0.0188997, 0.0272331,5, 2, 3, 2, 3.41993, 2.91544, 1.24947, 0.009073, 13.4192
2, 4, 75, 15, 9, 43, 72, 0.00826446, 0.00826446,5, 1, 4, 1, 3.28682, 2.51808, 0.939816, 0.008582, 12.5956
2, 4, 75, 15, 10, 43, 72, 0.00917431, 0.00917431,3, 1, 2, 1, 3.28284, 2.59581, 0.924091, 0.007665, 12.6183
2, 4, 75, 15, 11, 43, 81, 0.00900901, 0.00900901,3, 1, 2, 1, 3.24118, 2.58828, 1.0379, 0.00755, 12.7656
2, 4, 75, 15, 12, 43, 80, 0.00854701, 0.00854701,4, 1, 3, 1, 3.1989, 2.51621, 1.01086, 0.007946, 12.6452
2, 4, 75, 15, 13, 43, 79, 0, 0,3, 0, 3, 0, 3.23425, 2.8053, 1.00816, 0.009238, 12.8601
