  1.jpg 	 120 	 120 	  10 
  2.jpg 	 120 	 120 	  10 
  3.jpg 	 120 	 120 	  10 
  4.jpg 	 120 	 120 	  10 
  5.jpg 	 120 	 120 	  10 
  6.jpg 	 120 	 120 	  10 
  7.jpg 	 120 	 120 	  10 
  8.jpg 	 120 	 120 	  10 
  9.jpg 	 120 	 120 	  10 
 10.jpg 	 120 	 120 	  10 
 11.jpg 	 120 	 120 	  10 
 12.jpg 	 120 	 120 	  10 
 13.jpg 	 120 	 120 	  10 
 14.jpg 	 120 	 120 	  10 
 15.jpg 	 120 	 120 	  10 
 16.jpg 	 120 	 120 	  10 
 17.jpg 	 120 	 120 	  10 
 18.jpg 	 120 	 120 	  10 
 19.jpg 	 120 	 120 	  10 
 20.jpg 	 120 	 120 	  10 
 21.jpg 	 120 	 120 	  10 
 22.jpg 	 120 	 120 	  10 
 23.jpg 	 120 	 120 	  10 
 24.jpg 	 120 	 120 	  10 
 25.jpg 	 120 	 120 	  10 
 26.jpg 	 120 	 120 	  10 
 27.jpg 	 120 	 120 	  10 
 28.jpg 	 120 	 120 	  10 
 29.jpg 	 120 	 120 	  10 
 30.jpg 	 120 	 120 	  10 
 31.jpg 	 120 	 120 	 100 
 32.jpg 	 120 	 120 	 100 
 33.jpg 	 120 	 120 	 100 
 34.jpg 	 120 	 120 	 100 
 35.jpg 	 120 	 120 	 100 
 36.jpg 	 120 	 120 	 100 
 37.jpg 	 120 	 120 	 100 
 38.jpg 	 120 	 120 	 100 
 39.jpg 	 120 	 120 	 100 
 40.jpg 	 120 	 120 	 100 
 41.jpg 	 120 	 120 	 100 
 42.jpg 	 120 	 120 	 100 
 43.jpg 	 120 	 120 	 100 
 44.jpg 	 120 	 120 	 100 
 45.jpg 	 120 	 120 	 100 
 46.jpg 	 120 	 120 	 100 
 47.jpg 	 120 	 120 	 100 
 48.jpg 	 120 	 120 	 100 
 49.jpg 	 120 	 120 	 100 
 50.jpg 	 120 	 120 	 100 
 51.jpg 	 120 	 120 	 100 
 52.jpg 	 120 	 120 	 100 
 53.jpg 	 120 	 120 	 100 
 54.jpg 	 120 	 120 	 100 
 55.jpg 	 120 	 120 	 100 
 56.jpg 	 120 	 120 	 100 
 57.jpg 	 120 	 120 	 100 
 58.jpg 	 120 	 120 	 100 
 59.jpg 	 120 	 120 	 100 
 60.jpg 	 120 	 120 	 100 
 61.jpg 	 120 	 120 	 190 
 62.jpg 	 120 	 120 	 190 
 63.jpg 	 120 	 120 	 190 
 64.jpg 	 120 	 120 	 190 
 65.jpg 	 120 	 120 	 190 
 66.jpg 	 120 	 120 	 190 
 67.jpg 	 120 	 120 	 190 
 68.jpg 	 120 	 120 	 190 
 69.jpg 	 120 	 120 	 190 
 70.jpg 	 120 	 120 	 190 
 71.jpg 	 120 	 120 	 190 
 72.jpg 	 120 	 120 	 190 
 73.jpg 	 120 	 120 	 190 
 74.jpg 	 120 	 120 	 190 
 75.jpg 	 120 	 120 	 190 
 76.jpg 	 120 	 120 	 190 
 77.jpg 	 120 	 120 	 190 
 78.jpg 	 120 	 120 	 190 
 79.jpg 	 120 	 120 	 190 
 80.jpg 	 120 	 120 	 190 
 81.jpg 	 120 	 120 	 190 
 82.jpg 	 120 	 120 	 190 
 83.jpg 	 120 	 120 	 190 
 84.jpg 	 120 	 120 	 190 
 85.jpg 	 120 	 120 	 190 
 86.jpg 	 120 	 120 	 190 
 87.jpg 	 120 	 120 	 190 
 88.jpg 	 120 	 120 	 190 
 89.jpg 	 120 	 120 	 190 
 90.jpg 	 120 	 120 	 190 
 91.jpg 	 120 	 120 	 280 
 92.jpg 	 120 	 120 	 280 
 93.jpg 	 120 	 120 	 280 
 94.jpg 	 120 	 120 	 280 
 95.jpg 	 120 	 120 	 280 
 96.jpg 	 120 	 120 	 280 
 97.jpg 	 120 	 120 	 280 
 98.jpg 	 120 	 120 	 280 
 99.jpg 	 120 	 120 	 280 
100.jpg 	 120 	 120 	 280 
101.jpg 	 120 	 120 	 280 
102.jpg 	 120 	 120 	 280 
103.jpg 	 120 	 120 	 280 
104.jpg 	 120 	 120 	 280 
105.jpg 	 120 	 120 	 280 
106.jpg 	 120 	 120 	 280 
107.jpg 	 120 	 120 	 280 
108.jpg 	 120 	 120 	 280 
109.jpg 	 120 	 120 	 280 
110.jpg 	 120 	 120 	 280 
111.jpg 	 120 	 120 	 280 
112.jpg 	 120 	 120 	 280 
113.jpg 	 120 	 120 	 280 
114.jpg 	 120 	 120 	 280 
115.jpg 	 120 	 120 	 280 
116.jpg 	 120 	 120 	 280 
117.jpg 	 120 	 120 	 280 
118.jpg 	 120 	 120 	 280 
119.jpg 	 120 	 120 	 280 
120.jpg 	 120 	 120 	 280 
