1, 1, 75, 2, 1, 89, 384, 0.561767, 3.04273,344, 198, 146, 55, 5.93904, 8.38679, 9.48544, 0.139788, 28.8383
1, 1, 75, 3, 1, 103, 384, 0.433035, 1.92218,213, 106, 107, 41, 5.56103, 8.33445, 10.659, 0.079775, 32.6411
1, 1, 75, 3, 2, 103, 381, 0.477647, 1.89847,204, 102, 102, 42, 7.10244, 8.31326, 10.607, 0.07703, 34.1011
1, 1, 75, 4, 1, 125, 384, 0.353538, 1.6111,193, 77, 116, 35, 5.5314, 8.55035, 12.9571, 0.078914, 33.7242
1, 1, 75, 4, 2, 125, 381, 0.400413, 1.72867,210, 84, 126, 38, 5.49524, 8.27133, 12.8129, 0.082992, 32.0118
1, 1, 75, 4, 3, 125, 392, 0.318909, 1.12041,155, 59, 96, 31, 5.71153, 8.63226, 13.1691, 0.066369, 34.4711
1, 1, 75, 5, 1, 160, 384, 0.234272, 1.45664,182, 48, 134, 24, 5.59023, 8.51542, 16.4363, 0.086042, 36.5961
1, 1, 75, 5, 2, 160, 381, 0.287493, 1.52088,189, 53, 136, 29, 5.53941, 8.43007, 16.3439, 0.084029, 37.6138
1, 1, 75, 5, 3, 160, 392, 0.212731, 0.737691,117, 35, 82, 22, 5.69052, 8.67653, 16.7281, 0.057352, 36.7263
1, 1, 75, 5, 4, 160, 182, 0.731166, 2.88328,311, 124, 187, 64, 4.69935, 4.69, 8.08095, 0.117909, 22.2402
1, 1, 75, 6, 1, 128, 384, 0.425523, 1.90833,226, 74, 152, 43, 5.69281, 8.64011, 13.2619, 0.095341, 32.5505
1, 1, 75, 6, 2, 128, 381, 0.429769, 2.0353,234, 82, 152, 41, 5.57572, 8.57562, 13.1765, 0.096102, 32.8396
1, 1, 75, 6, 3, 128, 392, 0.433213, 1.32433,176, 64, 112, 45, 5.7566, 8.72702, 13.6257, 0.073859, 34.4785
1, 1, 75, 6, 4, 128, 182, 0.721048, 3.34632,356, 146, 210, 62, 4.62812, 4.7025, 6.55843, 0.130499, 21.7623
1, 1, 75, 6, 5, 128, 182, 0.701069, 3.40003,337, 162, 175, 64, 4.83657, 4.79765, 6.55196, 0.125239, 20.9162
1, 1, 75, 7, 1, 126, 384, 0.639045, 3.38191,376, 169, 207, 64, 5.68132, 8.46054, 13.1772, 0.142818, 32.34
1, 1, 75, 7, 2, 126, 381, 0.633348, 3.41937,375, 170, 205, 58, 5.64573, 8.61687, 13.0474, 0.139021, 32.3561
1, 1, 75, 7, 3, 126, 392, 0.653969, 2.79569,317, 143, 174, 64, 5.69829, 8.72209, 13.3473, 0.117499, 34.9381
1, 1, 75, 7, 4, 126, 182, 0.625887, 3.10263,331, 125, 206, 55, 5.10914, 4.70053, 6.46223, 0.124393, 22.0435
1, 1, 75, 7, 5, 126, 182, 0.531138, 3.4791,359, 144, 215, 49, 5.12535, 4.77467, 6.44396, 0.135854, 24.2316
1, 1, 75, 7, 6, 126, 181, 0.659871, 3.83685,410, 176, 234, 62, 4.93608, 4.7721, 6.39738, 0.149286, 21.0146
1, 1, 75, 8, 1, 75, 384, 0.451129, 2.91498,303, 170, 133, 41, 5.60838, 8.46908, 7.83796, 0.106072, 30.1045
1, 1, 75, 8, 2, 75, 381, 0.46896, 2.66397,267, 149, 118, 41, 5.55394, 8.44456, 7.75601, 0.096498, 26.7677
1, 1, 75, 8, 3, 75, 392, 0.450031, 2.83725,288, 180, 108, 40, 5.68283, 8.66122, 7.98357, 0.097264, 29.6101
1, 1, 75, 8, 4, 75, 182, 0.215077, 0.805258,97, 41, 56, 22, 4.62787, 4.7323, 3.78418, 0.041366, 18.9265
1, 1, 75, 8, 5, 75, 182, 0.248401, 1.1573,129, 54, 75, 23, 4.8051, 4.77102, 3.81376, 0.054326, 19.6792
1, 1, 75, 8, 6, 75, 181, 0.279343, 1.3601,153, 60, 93, 26, 4.95481, 4.79903, 3.82661, 0.064181, 18.2802
1, 1, 75, 8, 7, 75, 228, 0.353569, 1.65394,177, 85, 92, 34, 5.21059, 5.65038, 4.75221, 0.066951, 20.3737
1, 1, 75, 9, 1, 127, 384, 0.521314, 2.20498,259, 98, 161, 52, 5.57346, 8.45949, 13.1476, 0.10519, 32.7861
1, 1, 75, 9, 2, 127, 381, 0.525573, 2.16617,250, 102, 148, 48, 5.57415, 8.36968, 13.043, 0.094199, 31.9359
1, 1, 75, 9, 3, 127, 392, 0.446298, 1.42481,188, 70, 118, 44, 5.79939, 8.84137, 13.3754, 0.076745, 32.9853
1, 1, 75, 9, 4, 127, 182, 0.809144, 3.63924,382, 172, 210, 69, 4.62833, 4.7011, 6.54111, 0.134728, 22.7915
1, 1, 75, 9, 5, 127, 182, 0.780485, 3.61986,361, 208, 153, 70, 5.62002, 4.89036, 6.4758, 0.123356, 22.6072
1, 1, 75, 9, 6, 127, 181, 0.708223, 3.00235,343, 169, 174, 69, 5.36956, 4.79096, 6.48841, 0.123902, 24.534
1, 1, 75, 9, 7, 127, 228, 0.654684, 3.23674,363, 168, 195, 63, 5.27113, 5.70298, 8.03346, 0.13061, 24.1885
1, 1, 75, 9, 8, 127, 241, 0.718421, 3.42135,375, 180, 195, 67, 5.19366, 6.20789, 8.48748, 0.137317, 26.7369
1, 1, 75, 10, 1, 115, 384, 0.684871, 4.10707,446, 242, 204, 67, 5.59084, 8.44909, 12.1026, 0.160616, 32.4006
1, 1, 75, 10, 2, 115, 381, 0.73651, 4.37505,467, 256, 211, 66, 5.57032, 8.41514, 12.0049, 0.15899, 30.9497
1, 1, 75, 10, 3, 115, 392, 0.70197, 3.75004,412, 228, 184, 69, 5.75753, 8.7024, 12.315, 0.140334, 31.8213
1, 1, 75, 10, 4, 115, 182, 0.707203, 3.12148,318, 170, 148, 62, 4.64017, 4.70438, 5.88759, 0.11059, 21.6191
1, 1, 75, 10, 5, 115, 182, 0.738204, 3.96768,388, 201, 187, 62, 6.69003, 4.79074, 5.92787, 0.136386, 25.1688
1, 1, 75, 10, 6, 115, 181, 0.70204, 4.12712,420, 201, 219, 61, 4.94094, 4.77554, 5.92967, 0.149621, 23.0601
1, 1, 75, 10, 7, 115, 228, 0.695002, 4.32976,449, 211, 238, 62, 5.20915, 5.68222, 7.36448, 0.16134, 23.1148
1, 1, 75, 10, 8, 115, 241, 0.740725, 4.81944,500, 228, 272, 67, 7.08547, 5.96193, 7.81122, 0.178643, 28.8915
1, 1, 75, 10, 9, 115, 257, 0.725303, 5.43087,556, 280, 276, 63, 5.17443, 6.27775, 8.32374, 0.192666, 24.7331
1, 1, 75, 11, 1, 101, 384, 0.419093, 1.65165,189, 89, 100, 42, 5.63043, 8.78142, 10.491, 0.074119, 32.2795
1, 1, 75, 11, 2, 101, 381, 0.474326, 1.91031,211, 102, 109, 45, 5.56999, 8.45229, 10.2925, 0.079991, 30.3284
1, 1, 75, 11, 3, 101, 392, 0.347051, 1.10178,139, 63, 76, 35, 5.69123, 8.6411, 10.5556, 0.05635, 31.9051
1, 1, 75, 11, 4, 101, 182, 0.760493, 3.22804,327, 193, 134, 65, 4.66223, 4.68218, 5.15907, 0.106362, 19.2747
1, 1, 75, 11, 5, 101, 182, 0.657281, 3.82522,389, 216, 173, 58, 4.80827, 4.76077, 5.25008, 0.131471, 22.6143
1, 1, 75, 11, 6, 101, 181, 0.553043, 3.20405,359, 188, 171, 53, 4.96408, 4.80931, 5.20976, 0.124057, 19.872
1, 1, 75, 11, 7, 101, 228, 0.511369, 3.10625,342, 164, 178, 50, 5.178, 5.70729, 6.52272, 0.123375, 23.9057
1, 1, 75, 11, 8, 101, 241, 0.572247, 3.10239,344, 168, 176, 55, 5.18248, 5.94842, 6.79395, 0.123631, 22.8332
1, 1, 75, 11, 9, 101, 257, 0.510217, 3.09308,342, 177, 165, 49, 5.15114, 6.13717, 7.2364, 0.120504, 25.3193
1, 1, 75, 11, 10, 101, 270, 0.511682, 3.06238,340, 147, 193, 50, 5.39888, 6.40138, 7.55247, 0.129132, 25.5872
1, 1, 75, 12, 1, 118, 384, 0.351482, 1.46711,176, 81, 95, 35, 7.06003, 8.65956, 12.0747, 0.070928, 33.9749
1, 1, 75, 12, 2, 118, 381, 0.36197, 1.39719,167, 76, 91, 35, 7.03297, 8.43453, 12.1288, 0.068574, 35.9289
1, 1, 75, 12, 3, 118, 392, 0.283721, 0.871151,125, 56, 69, 28, 5.69937, 8.65469, 12.394, 0.051765, 31.9985
1, 1, 75, 12, 4, 118, 182, 0.760414, 2.88229,306, 164, 142, 67, 4.61802, 4.69744, 6.04826, 0.106899, 21.556
1, 1, 75, 12, 5, 118, 182, 0.651474, 3.28427,341, 196, 145, 58, 4.85891, 4.7454, 6.03029, 0.115194, 20.5066
1, 1, 75, 12, 6, 118, 181, 0.537501, 2.40507,274, 143, 131, 54, 5.0383, 4.78059, 5.97694, 0.097851, 20.685
1, 1, 75, 12, 7, 118, 228, 0.465821, 2.32658,262, 124, 138, 46, 5.2969, 5.68475, 7.41719, 0.098091, 23.3344
1, 1, 75, 12, 8, 118, 241, 0.55808, 2.31877,265, 126, 139, 54, 5.55657, 5.8699, 7.84487, 0.099504, 27.4073
1, 1, 75, 12, 9, 118, 257, 0.497902, 2.2108,249, 130, 119, 48, 5.15203, 6.14749, 8.30129, 0.092105, 25.1822
1, 1, 75, 12, 10, 118, 270, 0.455303, 2.21591,254, 104, 150, 45, 5.29707, 6.38006, 8.7216, 0.101072, 25.3523
1, 1, 75, 12, 11, 118, 309, 0.428625, 1.68686,200, 80, 120, 43, 5.42093, 7.13032, 9.9029, 0.083508, 28.5253
1, 1, 75, 13, 1, 184, 384, 0.240626, 0.878868,112, 47, 65, 24, 5.57995, 8.53787, 18.8636, 0.060307, 38.3175
1, 1, 75, 13, 2, 184, 381, 0.324634, 1.01603,124, 53, 71, 32, 5.57018, 8.36222, 18.7131, 0.059691, 39.0183
1, 1, 75, 13, 3, 184, 392, 0.235675, 0.653716,97, 37, 60, 24, 5.77339, 8.79235, 19.2279, 0.052803, 40.0835
1, 1, 75, 13, 4, 184, 182, 0.628324, 2.07638,241, 123, 118, 58, 4.71848, 4.73107, 9.16433, 0.089239, 23.3365
1, 1, 75, 13, 5, 184, 182, 0.561457, 2.43943,272, 131, 141, 53, 4.82342, 4.79231, 8.97683, 0.102946, 25.2681
1, 1, 75, 13, 6, 184, 181, 0.396543, 1.64818,203, 85, 118, 40, 5.03693, 4.73989, 8.889, 0.08465, 23.4401
1, 1, 75, 13, 7, 184, 228, 0.299958, 1.37414,171, 76, 95, 30, 5.19855, 5.66386, 11.3763, 0.075362, 27.0389
1, 1, 75, 13, 8, 184, 241, 0.361394, 1.48565,188, 75, 113, 36, 5.17064, 5.87877, 11.8321, 0.080087, 28.0402
1, 1, 75, 13, 9, 184, 257, 0.354692, 1.2944,156, 69, 87, 34, 5.13655, 6.16065, 12.7006, 0.066996, 29.0183
1, 1, 75, 13, 10, 184, 270, 0.305928, 1.27096,156, 64, 92, 31, 5.29582, 6.43222, 13.03, 0.070678, 29.5454
1, 1, 75, 13, 11, 184, 309, 0.247323, 1.02347,134, 44, 90, 25, 5.38147, 7.08604, 15.112, 0.064009, 34.8317
1, 1, 75, 13, 12, 184, 322, 0.342351, 1.00949,129, 54, 75, 36, 7.60178, 7.28967, 15.6987, 0.061294, 38.6151
1, 1, 75, 14, 1, 105, 384, 0.347831, 1.44014,169, 68, 101, 33, 7.07994, 8.42459, 10.7745, 0.069149, 34.3622
1, 1, 75, 14, 2, 105, 381, 0.378194, 1.57402,185, 77, 108, 35, 5.57152, 8.46554, 10.6823, 0.073809, 30.4459
1, 1, 75, 14, 3, 105, 392, 0.308097, 0.905751,121, 53, 68, 31, 5.75929, 8.79583, 10.9397, 0.050188, 30.3857
1, 1, 75, 14, 4, 105, 182, 0.726987, 3.00696,313, 162, 151, 63, 4.62271, 4.67844, 5.35166, 0.120861, 20.6789
1, 1, 75, 14, 5, 105, 182, 0.689028, 3.55111,358, 202, 156, 60, 4.8269, 4.73817, 5.39029, 0.121757, 22.5845
1, 1, 75, 14, 6, 105, 181, 0.571947, 2.68456,300, 157, 143, 56, 4.96064, 4.80575, 5.30639, 0.105641, 21.3838
1, 1, 75, 14, 7, 105, 228, 0.484539, 2.65317,295, 133, 162, 47, 5.24975, 5.6631, 6.61366, 0.110656, 22.4092
1, 1, 75, 14, 8, 105, 241, 0.568923, 2.54282,284, 138, 146, 54, 5.19351, 5.85896, 6.9978, 0.103682, 23.7467
1, 1, 75, 14, 9, 105, 257, 0.505179, 2.6748,297, 144, 153, 48, 5.23994, 6.24815, 7.46284, 0.109949, 26.7857
1, 1, 75, 14, 10, 105, 270, 0.463566, 2.65986,295, 111, 184, 45, 5.31234, 6.44159, 7.81643, 0.116888, 25.7454
1, 1, 75, 14, 11, 105, 309, 0.403433, 2.12225,248, 80, 168, 40, 5.37187, 7.19448, 8.85718, 0.103437, 28.1647
1, 1, 75, 14, 12, 105, 322, 0.361611, 1.72071,210, 73, 137, 36, 5.73467, 7.29454, 9.21216, 0.085677, 30.2224
1, 1, 75, 14, 13, 105, 333, 0.353375, 1.55448,189, 66, 123, 36, 5.53899, 7.51341, 9.49039, 0.082806, 27.4662
1, 1, 75, 15, 1, 90, 384, 0.578058, 3.08961,339, 190, 149, 57, 5.57243, 8.43649, 9.45444, 0.117038, 28.9508
1, 1, 75, 15, 2, 90, 381, 0.616706, 3.25496,351, 192, 159, 55, 5.55292, 8.54901, 9.41091, 0.121367, 31.6384
1, 1, 75, 15, 3, 90, 392, 0.546366, 2.33882,264, 146, 118, 54, 5.67539, 8.60923, 9.59552, 0.093097, 29.2301
1, 1, 75, 15, 4, 90, 182, 0.642909, 3.24537,332, 181, 151, 55, 4.70923, 4.88955, 4.67378, 0.110295, 21.1498
1, 1, 75, 15, 5, 90, 182, 0.627089, 3.98704,391, 198, 193, 55, 4.81102, 4.7925, 4.7272, 0.13615, 19.6296
1, 1, 75, 15, 6, 90, 181, 0.614669, 3.93684,413, 211, 202, 56, 5.5491, 4.79289, 4.71721, 0.140353, 22.9288
1, 1, 75, 15, 7, 90, 228, 0.601596, 4.12911,438, 220, 218, 55, 5.24032, 5.73129, 5.84823, 0.152057, 21.7424
1, 1, 75, 15, 8, 90, 241, 0.574983, 4.09805,442, 213, 229, 53, 5.17709, 6.00548, 6.10612, 0.151701, 22.1586
1, 1, 75, 15, 9, 90, 257, 0.54617, 4.69087,500, 253, 247, 49, 5.13062, 6.15039, 6.56893, 0.171584, 24.9156
1, 1, 75, 15, 10, 90, 270, 0.557649, 4.55366,491, 238, 253, 53, 7.0343, 6.65266, 6.86515, 0.171284, 28.6601
1, 1, 75, 15, 11, 90, 309, 0.503368, 4.41581,485, 230, 255, 49, 5.52123, 7.27173, 7.99077, 0.17174, 29.2342
1, 1, 75, 15, 12, 90, 322, 0.508638, 3.48032,389, 191, 198, 49, 5.41994, 7.37596, 8.03169, 0.136947, 27.5666
1, 1, 75, 15, 13, 90, 333, 0.523786, 3.47496,392, 181, 211, 52, 5.53015, 7.54372, 8.31964, 0.141335, 27.0656
1, 1, 75, 15, 14, 90, 328, 0.565405, 4.05797,442, 228, 214, 53, 5.83329, 7.47173, 8.22036, 0.151931, 29.2653
2, 2, 75, 2, 1, 155, 132, 0.110068, 0.191568,41, 14, 27, 12, 3.66889, 3.56672, 5.5497, 0.025635, 17.1588
2, 2, 75, 3, 1, 156, 132, 0.117508, 0.267662,48, 16, 32, 13, 3.66917, 3.88443, 5.60408, 0.030094, 17.5414
2, 2, 75, 3, 2, 156, 123, 0.127889, 0.244512,43, 14, 29, 14, 3.57812, 3.37898, 5.22703, 0.027854, 16.5296
2, 2, 75, 4, 1, 140, 132, 0.107237, 0.179915,29, 18, 11, 11, 3.63292, 3.54204, 5.03215, 0.021341, 16.6361
2, 2, 75, 4, 2, 140, 123, 0.143013, 0.241913,39, 22, 17, 15, 3.65438, 3.57886, 4.69214, 0.023646, 18.0719
2, 2, 75, 4, 3, 140, 126, 0.138625, 0.176251,36, 18, 18, 15, 3.6041, 3.48529, 4.79798, 0.023286, 17.6364
2, 2, 75, 5, 1, 132, 132, 0.113324, 0.1582,29, 15, 14, 12, 3.70789, 3.57417, 4.73678, 0.019172, 19.1939
2, 2, 75, 5, 2, 132, 123, 0.134393, 0.250509,42, 21, 21, 14, 3.58354, 3.35565, 4.38755, 0.025244, 18.1552
2, 2, 75, 5, 3, 132, 126, 0.137359, 0.163153,32, 15, 17, 15, 3.63225, 3.45794, 4.50675, 0.023361, 16.7286
2, 2, 75, 5, 4, 132, 115, 0.225031, 0.429959,57, 30, 27, 24, 4.36361, 3.21084, 4.16456, 0.030354, 18.8759
2, 2, 75, 6, 1, 162, 132, 0.128128, 0.19037,43, 15, 28, 14, 3.65287, 3.55357, 5.79839, 0.027594, 19.2658
2, 2, 75, 6, 2, 162, 123, 0.135965, 0.182269,39, 15, 24, 15, 5.13697, 3.39067, 5.41179, 0.025855, 21.1535
2, 2, 75, 6, 3, 162, 126, 0.0583254, 0.0675847,23, 6, 17, 6, 3.62952, 3.56024, 5.52744, 0.022008, 19.2281
2, 2, 75, 6, 4, 162, 115, 0.0597887, 0.1245,30, 6, 24, 6, 4.80595, 3.18677, 5.06757, 0.025209, 20.2362
2, 2, 75, 6, 5, 162, 121, 0.0834308, 0.129615,31, 9, 22, 9, 3.5726, 3.62029, 5.64305, 0.023907, 18.4296
2, 2, 75, 7, 1, 153, 132, 0.123046, 0.210873,38, 15, 23, 14, 3.68651, 3.59497, 5.47425, 0.025941, 19.129
2, 2, 75, 7, 2, 153, 123, 0.124597, 0.228176,40, 14, 26, 14, 3.59422, 3.38563, 5.11608, 0.026372, 16.7266
2, 2, 75, 7, 3, 153, 126, 0.0211176, 0.0407273,17, 2, 15, 2, 3.67376, 3.44643, 5.1727, 0.019388, 18.0287
2, 2, 75, 7, 4, 153, 115, 0.0403792, 0.196866,39, 4, 35, 4, 3.56251, 3.22028, 4.86939, 0.028014, 15.9895
2, 2, 75, 7, 5, 153, 121, 0.0481362, 0.16783,34, 6, 28, 5, 3.57884, 3.32141, 4.9939, 0.025716, 18.8136
2, 2, 75, 7, 6, 153, 95, 0.0551286, 0.195586,33, 6, 27, 6, 3.78153, 2.87369, 3.9456, 0.025494, 17.7249
2, 2, 75, 8, 1, 147, 132, 0.0464171, 0.0943357,20, 5, 15, 5, 3.6812, 3.57022, 5.21242, 0.020449, 18.7702
2, 2, 75, 8, 2, 147, 123, 0.0525248, 0.134195,25, 8, 17, 6, 3.60046, 3.39799, 4.80158, 0.020775, 16.1305
2, 2, 75, 8, 3, 147, 126, 0.0457055, 0.0903584,25, 7, 18, 5, 4.68891, 3.45079, 4.98584, 0.021316, 20.2788
2, 2, 75, 8, 4, 147, 115, 0.0806019, 0.22698,36, 14, 22, 9, 3.65513, 3.29921, 4.6289, 0.02555, 17.7927
2, 2, 75, 8, 5, 147, 121, 0.0713775, 0.244397,46, 10, 36, 8, 3.85175, 3.34578, 4.85263, 0.029753, 19.1744
2, 2, 75, 8, 6, 147, 95, 0.0717463, 0.287859,46, 14, 32, 8, 3.53299, 2.87423, 3.83694, 0.029773, 15.5884
2, 2, 75, 8, 7, 147, 83, 0.0940783, 0.269149,41, 15, 26, 10, 3.37243, 2.65726, 3.36296, 0.026161, 16.2843
2, 2, 75, 9, 1, 106, 132, 0.115722, 0.253223,45, 16, 29, 12, 3.69051, 3.54277, 3.83489, 0.024829, 17.2216
2, 2, 75, 9, 2, 106, 123, 0.109992, 0.299677,46, 16, 30, 11, 3.59464, 3.40688, 3.57431, 0.026156, 15.0008
2, 2, 75, 9, 3, 106, 126, 0.100177, 0.182566,41, 12, 29, 11, 4.51992, 3.44563, 3.64641, 0.024102, 18.7478
2, 2, 75, 9, 4, 106, 115, 0.133137, 0.430775,67, 17, 50, 14, 3.56902, 3.2469, 3.36201, 0.034733, 14.7885
2, 2, 75, 9, 5, 106, 121, 0.136118, 0.442278,64, 18, 46, 14, 3.58617, 3.3562, 3.52636, 0.03323, 15.499
2, 2, 75, 9, 6, 106, 95, 0.154397, 0.546454,69, 21, 48, 16, 3.5184, 2.86216, 2.81889, 0.036662, 13.6824
2, 2, 75, 9, 7, 106, 83, 0.145224, 0.495571,64, 21, 43, 15, 3.37691, 2.65779, 2.47438, 0.033686, 15.2844
2, 2, 75, 9, 8, 106, 86, 0.148841, 0.515879,65, 21, 44, 15, 3.35892, 2.68927, 2.56815, 0.033706, 12.8816
2, 2, 75, 10, 1, 121, 132, 0.0863765, 0.225469,43, 13, 30, 9, 3.67773, 3.5609, 4.35723, 0.026166, 17.1411
2, 2, 75, 10, 2, 121, 123, 0.0638136, 0.252753,47, 13, 34, 6, 3.60596, 3.39185, 4.08092, 0.026767, 15.9706
2, 2, 75, 10, 3, 121, 126, 0.0840736, 0.148448,35, 12, 23, 9, 3.66835, 3.43497, 4.16585, 0.023381, 17.8011
2, 2, 75, 10, 4, 121, 115, 0.151008, 0.554653,82, 26, 56, 16, 3.55988, 3.25353, 3.86845, 0.039767, 15.0214
2, 2, 75, 10, 5, 121, 121, 0.193864, 0.519278,72, 27, 45, 21, 3.66397, 3.32616, 4.05534, 0.03584, 17.1365
2, 2, 75, 10, 6, 121, 95, 0.247743, 0.776849,95, 36, 59, 26, 3.52517, 2.8643, 3.24081, 0.044081, 13.9525
2, 2, 75, 10, 7, 121, 83, 0.224685, 0.627201,83, 37, 46, 23, 3.3828, 2.60329, 2.83912, 0.039051, 14.9305
2, 2, 75, 10, 8, 121, 86, 0.250239, 0.748959,94, 40, 54, 26, 3.38029, 2.66669, 2.9307, 0.042418, 13.9832
2, 2, 75, 10, 9, 121, 92, 0.216845, 0.567982,74, 33, 41, 23, 3.388, 2.7907, 3.12827, 0.036887, 14.832
2, 2, 75, 11, 1, 133, 132, 0.0556919, 0.156546,28, 9, 19, 6, 4.73922, 3.53989, 4.7827, 0.021487, 20.2828
2, 2, 75, 11, 2, 133, 123, 0.0640752, 0.179027,31, 12, 19, 7, 3.64164, 3.36879, 4.48087, 0.02319, 15.8936
2, 2, 75, 11, 3, 133, 126, 0.0647901, 0.109489,26, 9, 17, 7, 3.741, 3.43337, 4.55691, 0.020044, 18.881
2, 2, 75, 11, 4, 133, 115, 0.0944763, 0.345435,52, 17, 35, 10, 3.58351, 3.29253, 4.20553, 0.031642, 16.866
2, 2, 75, 11, 5, 133, 121, 0.107583, 0.400128,60, 20, 40, 11, 3.57741, 3.32154, 4.41758, 0.032158, 16.4457
2, 2, 75, 11, 6, 133, 95, 0.097705, 0.451296,64, 17, 47, 10, 3.51554, 2.88194, 3.51399, 0.035404, 14.2288
2, 2, 75, 11, 7, 133, 83, 0.131024, 0.441321,57, 22, 35, 13, 3.67753, 2.62984, 3.07178, 0.031311, 16.4896
2, 2, 75, 11, 8, 133, 86, 0.12798, 0.479905,63, 23, 40, 13, 5.52658, 2.68568, 3.2015, 0.034587, 18.5828
2, 2, 75, 11, 9, 133, 92, 0.106081, 0.331215,47, 17, 30, 11, 3.36652, 2.77834, 3.40621, 0.028801, 13.9136
2, 2, 75, 11, 10, 133, 91, 0.0954098, 0.233364,36, 16, 20, 10, 3.41822, 2.77259, 3.36089, 0.025364, 13.9164
2, 2, 75, 12, 1, 161, 132, 0.0736938, 0.145824,29, 10, 19, 8, 3.70316, 3.56745, 5.75757, 0.023265, 17.4027
2, 2, 75, 12, 2, 161, 123, 0.06525, 0.158577,31, 10, 21, 7, 3.59746, 3.37117, 5.40584, 0.024974, 19.5272
2, 2, 75, 12, 3, 161, 126, 0.0801898, 0.117174,30, 10, 20, 9, 4.37761, 3.4899, 5.49668, 0.023632, 20.5567
2, 2, 75, 12, 4, 161, 115, 0.126466, 0.347298,56, 20, 36, 14, 5.86083, 3.24095, 5.07093, 0.032248, 19.075
2, 2, 75, 12, 5, 161, 121, 0.121797, 0.398341,61, 21, 40, 13, 3.58561, 3.34957, 5.31269, 0.034041, 18.0834
2, 2, 75, 12, 6, 161, 95, 0.126745, 0.453098,61, 21, 40, 14, 3.60777, 2.89677, 4.24301, 0.035905, 16.3688
2, 2, 75, 12, 7, 161, 83, 0.098135, 0.40484,58, 15, 43, 10, 3.3777, 2.6654, 3.71402, 0.035534, 14.0483
2, 2, 75, 12, 8, 161, 86, 0.117858, 0.452779,66, 21, 45, 12, 3.67807, 2.69414, 3.8405, 0.035669, 17.2948
2, 2, 75, 12, 9, 161, 92, 0.137852, 0.339622,50, 21, 29, 15, 3.36816, 2.82043, 4.08546, 0.030559, 14.5715
2, 2, 75, 12, 10, 161, 91, 0.150226, 0.278654,40, 21, 19, 16, 3.37599, 2.80416, 4.01014, 0.025915, 16.7534
2, 2, 75, 12, 11, 161, 85, 0.129097, 0.322967,45, 20, 25, 14, 3.35695, 2.68416, 3.76718, 0.029513, 15.2837
2, 2, 75, 13, 1, 289, 132, 0.0360535, 0.0897061,17, 5, 12, 4, 3.69276, 3.59404, 10.2532, 0.028446, 21.9058
2, 2, 75, 13, 2, 289, 123, 0.0528611, 0.134962,19, 9, 10, 6, 3.60852, 3.44483, 9.46448, 0.026757, 21.6229
2, 2, 75, 13, 3, 289, 126, 0.0355404, 0.0801874,19, 5, 14, 4, 3.65012, 3.47344, 9.74562, 0.026832, 22.7484
2, 2, 75, 13, 4, 289, 115, 0.0557917, 0.21048,33, 13, 20, 6, 4.13522, 3.26674, 8.92583, 0.032609, 23.4814
2, 2, 75, 13, 5, 289, 121, 0.0642986, 0.232582,34, 12, 22, 7, 3.6133, 3.399, 9.50911, 0.034507, 23.4706
2, 2, 75, 13, 6, 289, 95, 0.0454769, 0.232971,33, 10, 23, 5, 3.52903, 2.87234, 7.42033, 0.033405, 19.9543
2, 2, 75, 13, 7, 289, 83, 0.0732419, 0.273491,34, 12, 22, 8, 3.40364, 2.65215, 6.54166, 0.032694, 16.8993
2, 2, 75, 13, 8, 289, 86, 0.0483801, 0.25716,34, 10, 24, 5, 3.43342, 2.75117, 6.76391, 0.034212, 17.2914
2, 2, 75, 13, 9, 289, 92, 0.0389817, 0.126367,20, 6, 14, 4, 3.41267, 2.81798, 7.21467, 0.0283, 17.8156
2, 2, 75, 13, 10, 289, 91, 0.035607, 0.117646,17, 6, 11, 4, 4.88089, 2.85545, 7.07692, 0.027899, 22.0958
2, 2, 75, 13, 11, 289, 85, 0.0269598, 0.112155,23, 3, 20, 3, 3.78517, 2.86407, 6.68404, 0.03076, 20.5034
2, 2, 75, 13, 12, 289, 97, 0.0431383, 0.137056,24, 6, 18, 5, 3.36971, 2.93883, 7.58696, 0.028565, 18.1348
2, 2, 75, 14, 1, 206, 132, 0.0178928, 0.0431113,16, 5, 11, 2, 3.65916, 3.6811, 7.24909, 0.019403, 18.9395
2, 2, 75, 14, 2, 206, 123, 0.0346017, 0.0627314,20, 5, 15, 4, 3.6159, 3.52185, 6.78191, 0.0233, 18.3314
2, 2, 75, 14, 3, 206, 126, 0.00990099, 0.0546641,12, 4, 8, 1, 3.63509, 3.50898, 6.95492, 0.019177, 18.3955
2, 2, 75, 14, 4, 206, 115, 0.0182557, 0.0364391,13, 3, 10, 2, 3.61378, 3.2654, 6.35816, 0.021647, 19.0368
2, 2, 75, 14, 5, 206, 121, 0.0537347, 0.0712785,15, 7, 8, 6, 3.56896, 3.39576, 6.72719, 0.019899, 18.069
2, 2, 75, 14, 6, 206, 95, 0.0269789, 0.0617703,11, 4, 7, 3, 3.49726, 2.90735, 5.32038, 0.019177, 16.0681
2, 2, 75, 14, 7, 206, 83, 0.00925926, 0.0178799,6, 2, 4, 1, 3.36861, 2.65632, 4.5588, 0.016197, 16.4459
2, 2, 75, 14, 8, 206, 86, 0.0343239, 0.0601515,13, 5, 8, 4, 3.35519, 2.75599, 4.83345, 0.021251, 18.1328
2, 2, 75, 14, 9, 206, 92, 0.0531606, 0.086963,14, 7, 7, 6, 3.37287, 2.88247, 5.14786, 0.019718, 15.6952
2, 2, 75, 14, 10, 206, 91, 0.0353147, 0.0977314,16, 4, 12, 4, 3.36872, 2.80322, 5.12109, 0.021512, 15.6192
2, 2, 75, 14, 11, 206, 85, 0.0438014, 0.104701,20, 5, 15, 5, 4.06087, 2.70981, 4.68704, 0.023761, 18.4865
2, 2, 75, 14, 12, 206, 97, 0.0264629, 0.0615107,15, 3, 12, 3, 3.35021, 2.94159, 5.32403, 0.020259, 15.8771
2, 2, 75, 14, 13, 206, 89, 0.025511, 0.0884281,16, 3, 13, 3, 3.31603, 2.85886, 4.97795, 0.022438, 18.0962
2, 2, 75, 15, 1, 339, 132, 0.0520773, 0.0520773,15, 6, 9, 6, 3.7213, 3.60129, 11.9297, 0.026727, 23.7026
2, 2, 75, 15, 2, 339, 123, 0.0600135, 0.0600135,17, 7, 10, 7, 3.61125, 3.41254, 11.2092, 0.02857, 24.3618
2, 2, 75, 15, 3, 339, 126, 0.0342041, 0.0342041,13, 4, 9, 4, 3.62212, 3.52677, 11.4515, 0.026126, 24.2967
2, 2, 75, 15, 4, 339, 115, 0.0253525, 0.0253525,7, 3, 4, 3, 3.55398, 3.25791, 10.4786, 0.026046, 24.3636
2, 2, 75, 15, 5, 339, 121, 0, 0,9, 0, 9, 0, 3.55693, 3.42704, 11.0023, 0.025565, 24.0287
2, 2, 75, 15, 6, 339, 95, 0.00869565, 0.00869565,5, 1, 4, 1, 3.57131, 3.01174, 8.72676, 0.024889, 19.78
2, 2, 75, 15, 7, 339, 83, 0, 0,0, 0, 0, 0, 3.44627, 2.74695, 7.61575, 0.020745, 18.4439
2, 2, 75, 15, 8, 339, 86, 0, 0,2, 0, 2, 0, 3.35824, 2.73918, 7.89329, 0.022889, 18.3099
2, 2, 75, 15, 9, 339, 92, 0.00909091, 0.00909091,4, 1, 3, 1, 3.3566, 2.86341, 8.40996, 0.023285, 20.9354
2, 2, 75, 15, 10, 339, 91, 0.00869565, 0.00869565,3, 1, 2, 1, 3.35552, 2.86818, 8.32423, 0.023085, 18.838
2, 2, 75, 15, 11, 339, 85, 0, 0,2, 0, 2, 0, 3.32981, 2.72135, 7.78758, 0.023015, 19.3118
2, 2, 75, 15, 12, 339, 97, 0, 0,1, 0, 1, 0, 4.99374, 3.02659, 8.87591, 0.023095, 24.0121
2, 2, 75, 15, 13, 339, 89, 0.00826446, 0.00826446,4, 1, 3, 1, 3.39618, 2.80378, 8.14616, 0.024212, 18.7076
2, 2, 75, 15, 14, 339, 101, 0, 0,3, 0, 3, 0, 3.39092, 3.02759, 9.11953, 0.022794, 21.6398
1, 3, 75, 1, 1, 93, 132, 0.0437704, 0.0437704,8, 5, 3, 5, 4.01422, 3.60056, 3.49806, 0.030419, 15.4569
1, 3, 75, 1, 2, 93, 123, 0.0348568, 0.0348568,7, 4, 3, 4, 3.56687, 3.35116, 3.19137, 0.010981, 14.3638
1, 3, 75, 1, 3, 93, 126, 0.0368096, 0.0717264,9, 8, 1, 4, 3.58754, 3.42574, 3.2706, 0.011317, 14.4936
1, 3, 75, 1, 4, 93, 115, 0.0443798, 0.0697421,12, 7, 5, 5, 3.52524, 3.2357, 3.003, 0.030118, 13.9794
1, 3, 75, 1, 5, 93, 121, 0.0175439, 0.0431247,6, 5, 1, 2, 3.61048, 3.35595, 3.15157, 0.011748, 14.3467
1, 3, 75, 1, 6, 93, 95, 0.0170364, 0.0170364,3, 2, 1, 2, 3.47667, 2.85399, 2.49151, 0.009819, 13.0273
1, 3, 75, 1, 7, 93, 83, 0.0431141, 0.0431141,11, 5, 6, 5, 3.33878, 2.58176, 2.18055, 0.012204, 12.2678
1, 3, 75, 1, 8, 93, 86, 0.0170241, 0.0170241,2, 2, 0, 2, 3.32515, 2.646, 2.2793, 0.009048, 12.4147
1, 3, 75, 1, 9, 93, 92, 0, 0,0, 0, 0, 0, 3.45599, 3.05368, 2.39377, 0.007419, 13.0494
1, 3, 75, 1, 10, 93, 91, 0.00826446, 0.00826446,1, 1, 0, 1, 3.33757, 2.79098, 2.37473, 0.008747, 12.7201
1, 3, 75, 1, 11, 93, 85, 0, 0,0, 0, 0, 0, 3.2921, 2.62438, 2.23283, 0.007304, 12.285
1, 3, 75, 1, 12, 93, 97, 0.0255863, 0.0255863,3, 3, 0, 3, 3.35612, 3.01979, 2.5459, 0.010515, 13.0419
1, 3, 75, 1, 13, 93, 89, 0.00869565, 0.00869565,4, 1, 3, 1, 3.28931, 2.69592, 2.35065, 0.011528, 12.5202
1, 3, 75, 1, 14, 93, 101, 0.00892857, 0.00892857,3, 1, 2, 1, 3.35993, 2.93646, 2.64957, 0.01038, 13.1141
1, 3, 75, 2, 1, 89, 132, 0.035365, 0.035365,7, 4, 3, 4, 3.72343, 3.72819, 3.28461, 0.012309, 15.0546
1, 3, 75, 2, 2, 89, 123, 0.0351036, 0.0351036,6, 4, 2, 4, 3.61066, 3.3593, 3.06145, 0.011372, 14.248
1, 3, 75, 2, 3, 89, 126, 0.0266766, 0.0352973,5, 4, 1, 3, 3.61311, 3.41553, 3.13187, 0.010396, 14.3635
1, 3, 75, 2, 4, 89, 115, 0.0439372, 0.0525579,8, 6, 2, 5, 3.53063, 3.18668, 2.87456, 0.011368, 13.7874
1, 3, 75, 2, 5, 89, 121, 0.00943396, 0.0177673,2, 2, 0, 1, 3.52985, 3.53071, 3.02888, 0.010546, 14.2663
1, 3, 75, 2, 6, 89, 95, 0, 0,1, 0, 1, 0, 3.47177, 2.84532, 2.38132, 0.009834, 12.9556
1, 3, 75, 2, 7, 89, 83, 0.0681713, 0.0681713,11, 8, 3, 8, 3.34608, 2.59488, 2.10758, 0.011733, 12.2111
1, 3, 75, 2, 8, 89, 86, 0, 0,0, 0, 0, 0, 3.31695, 2.82351, 2.17935, 0.006958, 12.5032
1, 3, 75, 2, 9, 89, 92, 0, 0,0, 0, 0, 0, 3.47223, 2.83577, 2.31915, 0.007304, 12.8564
1, 3, 75, 2, 10, 89, 91, 0, 0,1, 0, 1, 0, 3.33087, 2.72449, 2.28992, 0.009804, 12.5389
1, 3, 75, 2, 11, 89, 85, 0, 0,0, 0, 0, 0, 3.29707, 2.63002, 2.1302, 0.006714, 12.1937
1, 3, 75, 2, 12, 89, 97, 0.0175237, 0.0175237,3, 2, 1, 2, 3.33579, 2.83491, 2.428, 0.010035, 12.7149
1, 3, 75, 2, 13, 89, 89, 0.00909091, 0.00909091,4, 1, 3, 1, 3.33189, 2.9522, 2.25175, 0.01306, 12.6781
1, 3, 75, 2, 14, 89, 101, 0.0177492, 0.0177492,8, 2, 6, 2, 3.34276, 2.94541, 2.53099, 0.010916, 13.005
1, 3, 75, 3, 1, 103, 132, 0.0260226, 0.0344972,6, 3, 3, 3, 3.65229, 3.56446, 3.76096, 0.011462, 15.2104
1, 3, 75, 3, 2, 103, 123, 0.00900901, 0.00900901,5, 1, 4, 1, 3.57571, 3.34496, 3.52422, 0.011157, 14.6465
1, 3, 75, 3, 3, 103, 126, 0.00952381, 0.00952381,6, 1, 5, 1, 3.6075, 3.50547, 3.59026, 0.013962, 14.907
1, 3, 75, 3, 4, 103, 115, 0.0184034, 0.0184034,7, 2, 5, 2, 3.54415, 3.17836, 3.29935, 0.012284, 14.2956
1, 3, 75, 3, 5, 103, 121, 0, 0,4, 0, 4, 0, 3.52009, 3.31397, 3.47752, 0.011317, 14.4952
1, 3, 75, 3, 6, 103, 95, 0, 0,1, 0, 1, 0, 3.48313, 2.82737, 2.73493, 0.009884, 13.2323
1, 3, 75, 3, 7, 103, 83, 0.00826446, 0.00826446,10, 1, 9, 1, 3.32295, 2.60251, 2.40965, 0.012775, 12.5007
1, 3, 75, 3, 8, 103, 86, 0, 0,1, 0, 1, 0, 3.41987, 3.00181, 2.49303, 0.010645, 13.1979
1, 3, 75, 3, 9, 103, 92, 0, 0,2, 0, 2, 0, 3.34592, 2.8716, 2.68113, 0.010897, 13.1327
1, 3, 75, 3, 10, 103, 91, 0, 0,3, 0, 3, 0, 3.38623, 2.82744, 2.64799, 0.011211, 13.0579
1, 3, 75, 3, 11, 103, 85, 0, 0,3, 0, 3, 0, 3.29702, 2.79277, 2.49811, 0.010831, 12.7748
1, 3, 75, 3, 12, 103, 97, 0.0354795, 0.0354795,8, 4, 4, 4, 3.36028, 3.25735, 2.79563, 0.014042, 13.5744
1, 3, 75, 3, 13, 103, 89, 0.0165289, 0.0165289,4, 2, 2, 2, 3.29971, 2.87226, 2.59562, 0.011197, 12.9643
1, 3, 75, 3, 14, 103, 101, 0.0251448, 0.0251448,10, 3, 7, 3, 3.37322, 3.05488, 2.93155, 0.01301, 13.5366
1, 3, 75, 4, 1, 125, 132, 0.0251401, 0.0251401,5, 3, 2, 3, 3.76433, 3.9289, 4.56092, 0.012915, 16.5729
1, 3, 75, 4, 2, 125, 123, 0, 0,4, 0, 4, 0, 3.59438, 3.4657, 4.26738, 0.012755, 15.5601
1, 3, 75, 4, 3, 125, 126, 0.0175926, 0.0175926,3, 2, 1, 2, 3.69011, 3.59187, 4.37232, 0.011803, 15.9059
1, 3, 75, 4, 4, 125, 115, 0.00833333, 0.00833333,5, 1, 4, 1, 3.51937, 3.34965, 4.0069, 0.01303, 15.0898
1, 3, 75, 4, 5, 125, 121, 0, 0,3, 0, 3, 0, 3.65473, 3.43844, 4.20153, 0.012615, 15.5705
1, 3, 75, 4, 6, 125, 95, 0, 0,3, 0, 3, 0, 3.49714, 2.95369, 3.33064, 0.01297, 13.9957
1, 3, 75, 4, 7, 125, 83, 0.00952381, 0.00952381,7, 1, 6, 1, 3.34056, 3.05509, 2.9249, 0.014779, 13.5284
1, 3, 75, 4, 8, 125, 86, 0.0170241, 0.0170241,6, 2, 4, 2, 3.42363, 2.85645, 3.03301, 0.013541, 13.503
1, 3, 75, 4, 9, 125, 92, 0.0173926, 0.0173926,8, 2, 6, 2, 3.34056, 2.92554, 3.25746, 0.01557, 13.7217
1, 3, 75, 4, 10, 125, 91, 0.00833333, 0.00833333,6, 1, 5, 1, 3.35535, 2.85594, 3.19392, 0.013396, 13.6136
1, 3, 75, 4, 11, 125, 85, 0.026108, 0.026108,9, 3, 6, 3, 3.29194, 2.77672, 2.99118, 0.015154, 13.2455
1, 3, 75, 4, 12, 125, 97, 0.0440871, 0.0440871,14, 5, 9, 5, 3.3359, 3.00431, 3.41159, 0.0153, 13.9366
1, 3, 75, 4, 13, 125, 89, 0.0259691, 0.0259691,12, 3, 9, 3, 3.30092, 2.82589, 3.14416, 0.015816, 13.4696
1, 3, 75, 4, 14, 125, 101, 0.0429055, 0.0429055,19, 5, 14, 5, 3.3807, 3.06734, 3.54681, 0.017504, 14.2319
1, 3, 75, 5, 1, 160, 132, 0.0628155, 0.0628155,10, 7, 3, 7, 3.6372, 3.76248, 5.8201, 0.01786, 17.4747
1, 3, 75, 5, 2, 160, 123, 0.0268078, 0.0268078,10, 3, 7, 3, 3.58564, 3.46654, 5.44995, 0.01766, 16.7816
1, 3, 75, 5, 3, 160, 126, 0.0365282, 0.0365282,7, 4, 3, 4, 3.59193, 3.6708, 5.58896, 0.014593, 17.0984
1, 3, 75, 5, 4, 160, 115, 0.0455334, 0.0455334,11, 5, 6, 5, 3.53679, 3.31553, 5.10374, 0.016767, 16.1872
1, 3, 75, 5, 5, 160, 121, 0.00869565, 0.00869565,7, 1, 6, 1, 3.64573, 3.71812, 5.35183, 0.015255, 17.0111
1, 3, 75, 5, 6, 160, 95, 0.0256523, 0.0256523,9, 3, 6, 3, 3.48532, 3.08386, 4.23679, 0.016572, 15.0622
1, 3, 75, 5, 7, 160, 83, 0.00869565, 0.00869565,11, 1, 10, 1, 3.3511, 2.7491, 3.73048, 0.016437, 14.0163
1, 3, 75, 5, 8, 160, 86, 0.0175493, 0.0175493,15, 2, 13, 2, 3.32949, 2.77585, 3.87857, 0.022479, 14.1642
1, 3, 75, 5, 9, 160, 92, 0.0263328, 0.0263328,18, 3, 15, 3, 3.33739, 3.10293, 4.12237, 0.018696, 14.8008
1, 3, 75, 5, 10, 160, 91, 0.00892857, 0.00892857,8, 1, 7, 1, 3.33519, 2.88637, 4.07002, 0.015655, 14.4795
1, 3, 75, 5, 11, 160, 85, 0.0187996, 0.0187996,12, 2, 10, 2, 3.31319, 2.75192, 3.81956, 0.017579, 14.0675
1, 3, 75, 5, 12, 160, 97, 0.070456, 0.070456,20, 8, 12, 8, 3.33536, 3.2749, 4.3306, 0.02054, 15.0947
1, 3, 75, 5, 13, 160, 89, 0.0264017, 0.0264017,12, 3, 9, 3, 3.3163, 2.81978, 3.98644, 0.017033, 14.3231
1, 3, 75, 5, 14, 160, 101, 0.0619377, 0.0619377,23, 7, 16, 7, 3.37261, 3.11535, 4.50995, 0.02049, 15.2059
1, 3, 75, 6, 1, 128, 132, 0.0166667, 0.0251412,5, 2, 3, 2, 3.63914, 3.65556, 4.7038, 0.015826, 16.258
1, 3, 75, 6, 2, 128, 123, 0, 0,1, 0, 1, 0, 3.65885, 3.72088, 4.36791, 0.012259, 16.0783
1, 3, 75, 6, 3, 128, 126, 0, 0,2, 0, 2, 0, 3.70221, 3.6847, 4.48081, 0.012078, 16.239
1, 3, 75, 6, 4, 128, 115, 0.00854701, 0.00854701,6, 1, 5, 1, 3.55225, 3.31334, 4.11331, 0.013391, 15.1961
1, 3, 75, 6, 5, 128, 121, 0.00826446, 0.00826446,4, 1, 3, 1, 3.55302, 3.42291, 4.29518, 0.013636, 15.4803
1, 3, 75, 6, 6, 128, 95, 0, 0,2, 0, 2, 0, 3.64735, 2.92267, 3.41422, 0.01285, 14.282
1, 3, 75, 6, 7, 128, 83, 0, 0,11, 0, 11, 0, 3.3344, 2.72806, 3.00658, 0.015461, 13.2534
1, 3, 75, 6, 8, 128, 86, 0, 0,2, 0, 2, 0, 3.3256, 2.9353, 3.09298, 0.013061, 13.539
1, 3, 75, 6, 9, 128, 92, 0.00862069, 0.00862069,4, 1, 3, 1, 3.33526, 2.91241, 3.30357, 0.013927, 13.7612
1, 3, 75, 6, 10, 128, 91, 0, 0,3, 0, 3, 0, 3.34117, 2.86856, 3.26038, 0.012569, 13.6777
1, 3, 75, 6, 11, 128, 85, 0.0170364, 0.0170364,6, 2, 4, 2, 3.28635, 2.81472, 3.06916, 0.013261, 13.3513
1, 3, 75, 6, 12, 128, 97, 0.0521381, 0.0521381,9, 6, 3, 6, 3.36881, 3.2186, 3.46895, 0.014804, 14.2076
1, 3, 75, 6, 13, 128, 89, 0.0165289, 0.0165289,6, 2, 4, 2, 3.31681, 2.83644, 3.20944, 0.013191, 13.5254
1, 3, 75, 6, 14, 128, 101, 0.0334045, 0.0334045,17, 4, 13, 4, 3.37086, 3.07586, 3.60964, 0.018977, 14.2552
1, 3, 75, 7, 1, 126, 132, 0.0355314, 0.0355314,6, 4, 2, 4, 3.66629, 3.67159, 4.60871, 0.013361, 16.2516
1, 3, 75, 7, 2, 126, 123, 0.0174756, 0.0174756,6, 2, 4, 2, 3.61301, 3.66443, 4.3033, 0.012955, 15.8193
1, 3, 75, 7, 3, 126, 126, 0.0546916, 0.0804825,12, 9, 3, 6, 3.60987, 3.68337, 4.40768, 0.014498, 15.9535
1, 3, 75, 7, 4, 126, 115, 0.0342782, 0.0342782,7, 4, 3, 4, 3.53734, 3.34489, 4.03948, 0.013792, 15.1417
1, 3, 75, 7, 5, 126, 121, 0.0168852, 0.0254322,5, 3, 2, 2, 3.53433, 3.69783, 4.23057, 0.013306, 15.6462
1, 3, 75, 7, 6, 126, 95, 0, 0,1, 0, 1, 0, 3.49343, 3.01972, 3.35574, 0.011297, 14.072
1, 3, 75, 7, 7, 126, 83, 0.027842, 0.027842,6, 3, 3, 3, 3.33246, 2.72972, 2.95278, 0.013301, 13.2295
1, 3, 75, 7, 8, 126, 86, 0.00833333, 0.00833333,3, 1, 2, 1, 3.42654, 2.7715, 3.05102, 0.012655, 13.5023
1, 3, 75, 7, 9, 126, 92, 0, 0,2, 0, 2, 0, 3.36618, 2.87748, 3.2662, 0.012254, 13.7091
1, 3, 75, 7, 10, 126, 91, 0, 0,3, 0, 3, 0, 3.34091, 2.90612, 3.21459, 0.011993, 13.645
1, 3, 75, 7, 11, 126, 85, 0.0248623, 0.0248623,4, 3, 1, 3, 3.28819, 2.75009, 3.00467, 0.011808, 13.2105
1, 3, 75, 7, 12, 126, 97, 0.0177673, 0.0177673,4, 2, 2, 2, 3.42009, 3.00895, 3.42335, 0.012575, 14.0914
1, 3, 75, 7, 13, 126, 89, 0.00925926, 0.00925926,8, 1, 7, 1, 3.31776, 2.81715, 3.14267, 0.014423, 13.52
1, 3, 75, 7, 14, 126, 101, 0.00952381, 0.00952381,7, 1, 6, 1, 3.36308, 3.08109, 3.56135, 0.013586, 14.1966
1, 3, 75, 8, 1, 75, 132, 0.00847458, 0.00847458,4, 1, 3, 1, 3.63719, 3.64367, 2.75623, 0.010571, 14.3188
1, 3, 75, 8, 2, 75, 123, 0, 0,1, 0, 1, 0, 3.69527, 3.72094, 2.59311, 0.009343, 14.3153
1, 3, 75, 8, 3, 75, 126, 0.00847458, 0.00847458,3, 1, 2, 1, 3.60189, 3.54924, 2.6578, 0.009499, 14.0396
1, 3, 75, 8, 4, 75, 115, 0.00847458, 0.00847458,3, 1, 2, 1, 3.52398, 3.32472, 2.42905, 0.009398, 13.4976
1, 3, 75, 8, 5, 75, 121, 0, 0,4, 0, 4, 0, 3.53375, 3.42997, 2.53655, 0.009995, 13.707
1, 3, 75, 8, 6, 75, 95, 0, 0,2, 0, 2, 0, 3.48514, 3.1453, 2.01294, 0.011698, 12.8495
1, 3, 75, 8, 7, 75, 83, 0, 0,0, 0, 0, 0, 3.39037, 2.71707, 1.76522, 0.006192, 12.0999
1, 3, 75, 8, 8, 75, 86, 0.00934579, 0.00934579,2, 1, 1, 1, 3.32891, 2.79827, 1.84986, 0.008857, 12.1629
1, 3, 75, 8, 9, 75, 92, 0.00869565, 0.00869565,1, 1, 0, 1, 3.45659, 3.08624, 1.97678, 0.008101, 12.7455
1, 3, 75, 8, 10, 75, 91, 0.00847458, 0.00847458,1, 1, 0, 1, 3.3556, 2.94825, 1.94952, 0.007941, 12.4415
1, 3, 75, 8, 11, 75, 85, 0.00884956, 0.00884956,1, 1, 0, 1, 3.29174, 2.74991, 1.82992, 0.007675, 12.0506
1, 3, 75, 8, 12, 75, 97, 0, 0,0, 0, 0, 0, 3.45472, 3.24666, 2.08993, 0.007444, 12.9897
1, 3, 75, 8, 13, 75, 89, 0, 0,0, 0, 0, 0, 3.29601, 2.91026, 1.92674, 0.006592, 12.3037
1, 3, 75, 8, 14, 75, 101, 0, 0,0, 0, 0, 0, 3.47955, 3.06092, 2.14287, 0.006222, 12.9207
1, 3, 75, 9, 1, 127, 132, 0.0260454, 0.0344488,5, 4, 1, 3, 3.64774, 3.75065, 4.65492, 0.013641, 16.3076
1, 3, 75, 9, 2, 127, 123, 0.00826446, 0.00826446,5, 1, 4, 1, 3.56417, 3.75397, 4.33466, 0.013726, 15.8828
1, 3, 75, 9, 3, 127, 126, 0.0166667, 0.0166667,3, 2, 1, 2, 3.66679, 3.57581, 4.44775, 0.013817, 15.9289
1, 3, 75, 9, 4, 127, 115, 0.00877193, 0.00877193,10, 1, 9, 1, 3.53568, 3.39679, 4.06046, 0.016276, 15.2047
1, 3, 75, 9, 5, 127, 121, 0, 0,2, 0, 2, 0, 3.5666, 3.45576, 4.26301, 0.01234, 15.5723
1, 3, 75, 9, 6, 127, 95, 0.00826446, 0.016739,2, 1, 1, 1, 3.53967, 2.97839, 3.38649, 0.013827, 14.1292
1, 3, 75, 9, 7, 127, 83, 0.0338369, 0.0338369,10, 4, 6, 4, 3.3332, 2.796, 2.97308, 0.016107, 13.2838
1, 3, 75, 9, 8, 127, 86, 0, 0,2, 0, 2, 0, 3.46483, 2.76982, 3.06916, 0.012089, 13.5654
1, 3, 75, 9, 9, 127, 92, 0, 0,4, 0, 4, 0, 3.34152, 2.91618, 3.2787, 0.012805, 13.716
1, 3, 75, 9, 10, 127, 91, 0, 0,1, 0, 1, 0, 3.33498, 2.897, 3.25634, 0.012269, 13.6783
1, 3, 75, 9, 11, 127, 85, 0, 0,1, 0, 1, 0, 3.29999, 2.76395, 3.03722, 0.013717, 13.2567
1, 3, 75, 9, 12, 127, 97, 0.0363941, 0.0363941,7, 4, 3, 4, 3.39755, 2.98662, 3.46162, 0.013661, 14.1264
1, 3, 75, 9, 13, 127, 89, 0.0173926, 0.0173926,5, 2, 3, 2, 3.29243, 2.85836, 3.17199, 0.01286, 13.4721
1, 3, 75, 9, 14, 127, 101, 0.0346318, 0.0346318,14, 4, 10, 4, 3.46251, 3.32105, 3.60895, 0.017069, 14.6395
1, 3, 75, 10, 1, 115, 132, 0.0511743, 0.0596489,10, 6, 4, 6, 3.67007, 3.66826, 4.22386, 0.014363, 15.807
1, 3, 75, 10, 2, 115, 123, 0.0258036, 0.0258036,8, 3, 5, 3, 3.56734, 3.62334, 3.93573, 0.013571, 15.3569
1, 3, 75, 10, 3, 115, 126, 0.0443638, 0.0709026,10, 7, 3, 5, 3.62134, 3.59536, 4.03584, 0.014478, 15.5087
1, 3, 75, 10, 4, 115, 115, 0.043059, 0.0522333,10, 5, 5, 5, 3.55722, 3.70952, 3.69825, 0.0154, 15.1706
1, 3, 75, 10, 5, 115, 121, 0.0169492, 0.0252825,6, 3, 3, 2, 3.55837, 3.48764, 3.88214, 0.01279, 15.1385
1, 3, 75, 10, 6, 115, 95, 0, 0,1, 0, 1, 0, 3.47578, 2.99214, 3.07082, 0.010471, 13.7453
1, 3, 75, 10, 7, 115, 83, 0.0175493, 0.0175493,5, 2, 3, 2, 3.33906, 2.69841, 2.69599, 0.010876, 12.9226
1, 3, 75, 10, 8, 115, 86, 0.0170241, 0.0170241,3, 2, 1, 2, 3.32296, 3.00005, 2.76145, 0.012274, 13.2593
1, 3, 75, 10, 9, 115, 92, 0, 0,0, 0, 0, 0, 3.34017, 3.0732, 2.96857, 0.008417, 13.5885
1, 3, 75, 10, 10, 115, 91, 0, 0,1, 0, 1, 0, 3.33103, 2.90638, 2.94363, 0.01023, 13.3583
1, 3, 75, 10, 11, 115, 85, 0.016739, 0.016739,3, 2, 1, 2, 3.28515, 2.79309, 2.74412, 0.011006, 12.9821
1, 3, 75, 10, 12, 115, 97, 0.00892857, 0.00892857,1, 1, 0, 1, 3.55335, 3.06203, 3.13244, 0.01041, 14.0015
1, 3, 75, 10, 13, 115, 89, 0.00909091, 0.00909091,4, 1, 3, 1, 3.32609, 2.96359, 2.86829, 0.011953, 13.385
1, 3, 75, 10, 14, 115, 101, 0.0184336, 0.0184336,5, 2, 3, 2, 3.36585, 3.06123, 3.25549, 0.012349, 13.9078
1, 3, 75, 11, 1, 101, 132, 0.00917431, 0.00917431,3, 1, 2, 1, 3.80369, 3.83545, 3.71334, 0.011292, 15.6786
1, 3, 75, 11, 2, 101, 123, 0.00826446, 0.00826446,5, 1, 4, 1, 3.57465, 3.52555, 3.46846, 0.011152, 14.7989
1, 3, 75, 11, 3, 101, 126, 0, 0,2, 0, 2, 0, 3.60143, 3.56202, 3.55335, 0.010665, 14.9415
1, 3, 75, 11, 4, 101, 115, 0.0171829, 0.0171829,11, 2, 9, 2, 3.52404, 3.35363, 3.22888, 0.015055, 14.3051
1, 3, 75, 11, 5, 101, 121, 0, 0.00900901,3, 0, 3, 0, 3.65875, 3.51905, 3.40552, 0.012404, 14.8714
1, 3, 75, 11, 6, 101, 95, 0, 0,2, 0, 2, 0, 3.47957, 2.98703, 2.70618, 0.011963, 13.364
1, 3, 75, 11, 7, 101, 83, 0.017193, 0.0262839,11, 2, 9, 2, 3.35379, 2.73605, 2.40375, 0.015685, 12.7602
1, 3, 75, 11, 8, 101, 86, 0, 0,2, 0, 2, 0, 3.50186, 2.85958, 2.45972, 0.011042, 13.0813
1, 3, 75, 11, 9, 101, 92, 0, 0,3, 0, 3, 0, 3.37467, 2.87724, 2.71514, 0.011918, 13.1585
1, 3, 75, 11, 10, 101, 91, 0.00826446, 0.017114,3, 1, 2, 1, 3.34457, 2.91342, 2.59892, 0.012013, 13.0692
1, 3, 75, 11, 11, 101, 85, 0, 0,1, 0, 1, 0, 3.33135, 2.93296, 2.42027, 0.010315, 12.8489
1, 3, 75, 11, 12, 101, 97, 0.0174836, 0.0174836,3, 2, 1, 2, 3.34522, 3.0805, 2.74929, 0.010591, 13.3498
1, 3, 75, 11, 13, 101, 89, 0, 0,1, 0, 1, 0, 3.31192, 2.85122, 2.54561, 0.00998, 12.8684
1, 3, 75, 11, 14, 101, 101, 0.0179487, 0.0179487,7, 2, 5, 2, 3.37148, 3.14018, 2.87586, 0.012139, 13.5729
1, 3, 75, 12, 1, 118, 132, 0.0447423, 0.0447423,11, 5, 6, 5, 3.65814, 3.94595, 4.32781, 0.015846, 16.1835
1, 3, 75, 12, 2, 118, 123, 0.0351496, 0.043553,12, 4, 8, 4, 3.56996, 3.5309, 4.04106, 0.014959, 15.3819
1, 3, 75, 12, 3, 118, 126, 0.0359238, 0.0359238,8, 4, 4, 4, 3.62727, 3.55938, 4.1411, 0.014303, 15.5511
1, 3, 75, 12, 4, 118, 115, 0.0258736, 0.0258736,12, 3, 9, 3, 3.55729, 3.51855, 3.78176, 0.015064, 15.0761
1, 3, 75, 12, 5, 118, 121, 0.0169601, 0.0261344,9, 2, 7, 2, 3.59116, 3.76953, 3.98365, 0.01549, 15.5418
1, 3, 75, 12, 6, 118, 95, 0.00884956, 0.0184649,7, 1, 6, 1, 3.48655, 2.97099, 3.15356, 0.014137, 13.8386
1, 3, 75, 12, 7, 118, 83, 0.00847458, 0.0270829,15, 1, 14, 1, 3.34077, 2.75034, 2.76835, 0.016517, 13.0477
1, 3, 75, 12, 8, 118, 86, 0, 0.0180708,11, 0, 11, 0, 3.34001, 2.82746, 2.87289, 0.01531, 13.2113
1, 3, 75, 12, 9, 118, 92, 0, 0.00943396,12, 0, 12, 0, 3.33665, 3.09536, 3.0378, 0.0181, 13.652
1, 3, 75, 12, 10, 118, 91, 0, 0.00952381,10, 0, 10, 0, 3.33605, 2.90085, 3.02701, 0.015821, 13.4791
1, 3, 75, 12, 11, 118, 85, 0, 0,9, 0, 9, 0, 3.28403, 2.77967, 2.84884, 0.016608, 13.0626
1, 3, 75, 12, 12, 118, 97, 0.0351234, 0.0440519,13, 4, 9, 4, 3.36593, 3.11014, 3.24404, 0.016807, 13.9727
1, 3, 75, 12, 13, 118, 89, 0, 0,10, 0, 10, 0, 3.30983, 2.89639, 2.96597, 0.013481, 13.3275
1, 3, 75, 12, 14, 118, 101, 0.0360035, 0.0360035,18, 4, 14, 4, 3.3749, 3.07664, 3.37223, 0.016558, 14.0169
1, 3, 75, 13, 1, 184, 132, 0.0442133, 0.0442133,7, 5, 2, 5, 3.63827, 3.72463, 6.67851, 0.018666, 18.3015
1, 3, 75, 13, 2, 184, 123, 0.058693, 0.058693,13, 7, 6, 7, 3.63394, 3.49916, 6.27831, 0.020159, 17.7656
1, 3, 75, 13, 3, 184, 126, 0.00877193, 0.00877193,3, 1, 2, 1, 3.60822, 3.61103, 6.41593, 0.01572, 17.8388
1, 3, 75, 13, 4, 184, 115, 0.0263698, 0.0263698,14, 3, 11, 3, 3.5269, 3.31842, 5.85174, 0.019658, 16.9154
1, 3, 75, 13, 5, 184, 121, 0.00862069, 0.0173163,10, 1, 9, 1, 3.64342, 3.42985, 6.15899, 0.019458, 17.5149
1, 3, 75, 13, 6, 184, 95, 0.0167367, 0.0167367,6, 2, 4, 2, 3.48882, 3.13563, 4.83541, 0.017389, 15.7321
1, 3, 75, 13, 7, 184, 83, 0.00833333, 0.0256497,12, 1, 11, 1, 3.42762, 2.92896, 4.277, 0.022203, 14.9368
1, 3, 75, 13, 8, 184, 86, 0, 0.0174031,10, 0, 10, 0, 3.39105, 2.8942, 4.4187, 0.021026, 14.9695
1, 3, 75, 13, 9, 184, 92, 0.0337031, 0.0510944,11, 4, 7, 4, 3.41605, 3.15106, 4.72137, 0.020831, 15.4439
1, 3, 75, 13, 10, 184, 91, 0, 0.00877193,9, 0, 9, 0, 3.40043, 2.88047, 4.64468, 0.020019, 15.1315
1, 3, 75, 13, 11, 184, 85, 0.0256198, 0.0340232,9, 3, 6, 3, 3.45633, 2.84176, 4.36772, 0.018767, 14.8423
1, 3, 75, 13, 12, 184, 97, 0.0549667, 0.0632312,12, 6, 6, 6, 3.42729, 3.15329, 4.98964, 0.020264, 15.7724
1, 3, 75, 13, 13, 184, 89, 0.0345018, 0.0345018,15, 4, 11, 4, 3.44598, 2.8207, 4.5788, 0.02055, 15.1215
1, 3, 75, 13, 14, 184, 101, 0.0618093, 0.0618093,24, 7, 17, 7, 3.46267, 3.26406, 5.17028, 0.024046, 16.215
1, 3, 75, 14, 1, 105, 132, 0.0172619, 0.0172619,6, 2, 4, 2, 3.73863, 3.86677, 3.85769, 0.013587, 15.835
1, 3, 75, 14, 2, 105, 123, 0.0171053, 0.0171053,9, 2, 7, 2, 3.6036, 3.5118, 3.59177, 0.015229, 14.9304
1, 3, 75, 14, 3, 105, 126, 0.00900901, 0.00900901,3, 1, 2, 1, 3.72395, 3.55008, 3.68726, 0.011668, 15.3067
1, 3, 75, 14, 4, 105, 115, 0.00862069, 0.00862069,10, 1, 9, 1, 3.51887, 3.30684, 3.40618, 0.014634, 14.4473
1, 3, 75, 14, 5, 105, 121, 0, 0.00934579,4, 0, 4, 0, 3.54414, 3.44447, 3.55409, 0.01318, 14.8379
1, 3, 75, 14, 6, 105, 95, 0.00892857, 0.018544,4, 1, 3, 1, 3.52404, 2.95228, 2.77832, 0.014057, 13.4467
1, 3, 75, 14, 7, 105, 83, 0.00862069, 0.027229,14, 1, 13, 1, 3.37402, 2.77226, 2.49977, 0.016126, 12.9165
1, 3, 75, 14, 8, 105, 86, 0.00840336, 0.0263305,7, 1, 6, 1, 3.38092, 2.77629, 2.59751, 0.014909, 12.9425
1, 3, 75, 14, 9, 105, 92, 0.00826446, 0.00826446,7, 1, 6, 1, 3.33704, 3.04028, 2.7224, 0.013987, 13.2945
1, 3, 75, 14, 10, 105, 91, 0.00826446, 0.0177883,4, 1, 3, 1, 3.45652, 2.85358, 2.71101, 0.013847, 13.3056
1, 3, 75, 14, 11, 105, 85, 0.0170364, 0.0170364,4, 2, 2, 2, 3.29812, 2.95704, 2.51974, 0.011147, 12.9365
1, 3, 75, 14, 12, 105, 97, 0.034132, 0.034132,6, 4, 2, 4, 3.36905, 3.05652, 2.8562, 0.012514, 13.4552
1, 3, 75, 14, 13, 105, 89, 0.00877193, 0.00877193,3, 1, 2, 1, 3.328, 2.96757, 2.6403, 0.011137, 13.1293
1, 3, 75, 14, 14, 105, 101, 0.0266647, 0.0266647,11, 3, 8, 3, 3.49433, 3.30351, 2.98436, 0.016653, 14.0466
1, 3, 75, 15, 1, 90, 132, 0.0356534, 0.0629073,10, 6, 4, 4, 3.65667, 3.64377, 3.32444, 0.013917, 14.9898
1, 3, 75, 15, 2, 90, 123, 0.0264042, 0.0264042,6, 3, 3, 3, 3.70002, 3.78387, 3.10912, 0.012294, 14.8707
1, 3, 75, 15, 3, 90, 126, 0.0336968, 0.0336968,8, 4, 4, 4, 3.7166, 3.60747, 3.19421, 0.013431, 14.872
1, 3, 75, 15, 4, 90, 115, 0.0256499, 0.0344218,9, 3, 6, 3, 3.59414, 3.48749, 2.90178, 0.015109, 14.3243
1, 3, 75, 15, 5, 90, 121, 0.0423175, 0.0509382,8, 5, 3, 5, 3.60213, 3.77088, 3.03498, 0.01313, 14.667
1, 3, 75, 15, 6, 90, 95, 0.019335, 0.019335,4, 2, 2, 2, 3.54411, 2.88701, 2.42094, 0.010731, 13.1655
1, 3, 75, 15, 7, 90, 83, 0.0623694, 0.0623694,14, 7, 7, 7, 3.36871, 2.62651, 2.13748, 0.015115, 12.3393
1, 3, 75, 15, 8, 90, 86, 0.025661, 0.025661,3, 3, 0, 3, 3.33602, 2.91396, 2.20191, 0.010661, 12.6442
1, 3, 75, 15, 9, 90, 92, 0.00917431, 0.00917431,2, 1, 1, 1, 3.41986, 2.77388, 2.33867, 0.010445, 12.8371
1, 3, 75, 15, 10, 90, 91, 0.00854701, 0.0168115,2, 2, 0, 1, 3.35802, 2.97817, 2.36749, 0.009028, 12.8849
1, 3, 75, 15, 11, 90, 85, 0.0337571, 0.0421604,6, 4, 2, 4, 3.41012, 2.95128, 2.16359, 0.012194, 12.7253
1, 3, 75, 15, 12, 90, 97, 0.0169601, 0.0169601,3, 2, 1, 2, 3.33879, 2.87087, 2.45261, 0.01069, 12.8605
1, 3, 75, 15, 13, 90, 89, 0.00900901, 0.00900901,3, 1, 2, 1, 3.29394, 2.73727, 2.25713, 0.010175, 12.4593
1, 3, 75, 15, 14, 90, 101, 0.0262555, 0.0262555,6, 3, 3, 3, 3.45991, 3.22561, 2.56484, 0.012485, 13.49
2, 4, 75, 1, 1, 163, 384, 0.172513, 0.405262,63, 34, 29, 19, 5.56562, 8.44437, 17.1016, 0.034483, 35.9668
2, 4, 75, 1, 2, 163, 381, 0.16631, 0.354844,61, 29, 32, 18, 5.57099, 8.30068, 16.9531, 0.034407, 35.716
2, 4, 75, 1, 3, 163, 392, 0.179759, 0.359677,63, 31, 32, 20, 5.76527, 8.64554, 17.4183, 0.033861, 36.7696
2, 4, 75, 1, 4, 163, 182, 0.0694197, 0.15852,32, 10, 22, 8, 4.76286, 5.09229, 8.16179, 0.026541, 22.6513
2, 4, 75, 1, 5, 163, 182, 0.0700288, 0.0700288,13, 8, 5, 8, 4.79574, 5.14401, 8.14908, 0.018576, 22.7443
2, 4, 75, 1, 6, 163, 181, 0.129448, 0.299739,55, 20, 35, 14, 4.93376, 4.79612, 8.14063, 0.032222, 22.5975
2, 4, 75, 1, 7, 163, 228, 0.186722, 0.376538,56, 28, 28, 20, 5.28772, 5.84358, 10.2215, 0.033015, 26.1801
2, 4, 75, 1, 8, 163, 241, 0.149008, 0.428234,71, 29, 42, 16, 5.34959, 6.26969, 10.7918, 0.03851, 27.1884
2, 4, 75, 1, 9, 163, 257, 0.124123, 0.366419,55, 21, 34, 14, 5.1439, 6.20762, 11.5109, 0.033145, 27.6229
2, 4, 75, 1, 10, 163, 270, 0.13387, 0.326675,52, 25, 27, 15, 5.30311, 6.42164, 12.045, 0.034983, 28.6111
2, 4, 75, 1, 11, 163, 309, 0.130646, 0.342186,58, 26, 32, 15, 5.39257, 7.47733, 13.7831, 0.0358, 31.5577
2, 4, 75, 1, 12, 163, 322, 0.15368, 0.396016,57, 31, 26, 17, 5.46183, 7.58962, 14.3294, 0.03321, 32.1927
2, 4, 75, 1, 13, 163, 333, 0.166888, 0.379102,60, 32, 28, 19, 5.48281, 7.63126, 14.8469, 0.036321, 32.8004
2, 4, 75, 1, 14, 163, 328, 0.194435, 0.380949,63, 35, 28, 22, 5.57943, 7.91571, 14.6058, 0.034733, 32.9855
2, 4, 75, 2, 1, 155, 384, 0.189804, 0.342216,56, 27, 29, 21, 5.62203, 8.50015, 16.2606, 0.032658, 35.2375
2, 4, 75, 2, 2, 155, 381, 0.21492, 0.355403,65, 29, 36, 24, 5.59232, 8.46858, 16.1091, 0.037103, 35.0388
2, 4, 75, 2, 3, 155, 392, 0.187475, 0.329731,63, 28, 35, 21, 5.78639, 8.99607, 16.69, 0.036246, 36.4433
2, 4, 75, 2, 4, 155, 182, 0.0829723, 0.19283,42, 11, 31, 9, 4.78686, 5.12613, 7.81975, 0.030199, 22.403
2, 4, 75, 2, 5, 155, 182, 0.0926316, 0.111035,24, 10, 14, 10, 4.98785, 5.14552, 7.75977, 0.023882, 22.6515
2, 4, 75, 2, 6, 155, 181, 0.236478, 0.483021,72, 35, 37, 25, 5.04574, 5.11561, 7.74231, 0.039688, 22.6918
2, 4, 75, 2, 7, 155, 228, 0.210615, 0.524764,75, 34, 41, 22, 5.36445, 6.07734, 9.7259, 0.038465, 26.0122
2, 4, 75, 2, 8, 155, 241, 0.186023, 0.5565,90, 37, 53, 20, 5.21138, 6.35296, 10.2987, 0.045724, 26.6245
2, 4, 75, 2, 9, 155, 257, 0.206584, 0.495955,77, 37, 40, 23, 5.48378, 6.48392, 11.4909, 0.038274, 28.6072
2, 4, 75, 2, 10, 155, 270, 0.159943, 0.338232,61, 29, 32, 18, 5.29915, 6.43825, 11.4836, 0.032669, 28.0102
2, 4, 75, 2, 11, 155, 309, 0.204767, 0.346202,64, 32, 32, 23, 5.38714, 7.27703, 13.1029, 0.032889, 30.6771
2, 4, 75, 2, 12, 155, 322, 0.159041, 0.397812,65, 33, 32, 18, 5.41173, 7.41774, 13.7, 0.034963, 31.3733
2, 4, 75, 2, 13, 155, 333, 0.176039, 0.369858,67, 32, 35, 20, 5.4584, 7.95224, 14.1224, 0.034787, 32.3588
2, 4, 75, 2, 14, 155, 328, 0.196901, 0.328828,62, 30, 32, 22, 5.45253, 7.51411, 13.9091, 0.03351, 31.7226
2, 4, 75, 3, 1, 156, 384, 0.184564, 0.342049,52, 31, 21, 20, 5.63138, 8.92121, 16.3484, 0.03078, 35.7446
2, 4, 75, 3, 2, 156, 381, 0.201651, 0.364554,67, 31, 36, 22, 5.53655, 8.5294, 16.2347, 0.034417, 35.1561
2, 4, 75, 3, 3, 156, 392, 0.201436, 0.377147,67, 29, 38, 22, 5.73965, 8.73012, 16.6493, 0.037227, 35.9678
2, 4, 75, 3, 4, 156, 182, 0.0844002, 0.166347,36, 12, 24, 9, 4.61473, 4.73344, 7.82131, 0.026051, 21.771
2, 4, 75, 3, 5, 156, 182, 0.100364, 0.12977,24, 11, 13, 11, 4.79764, 4.8914, 7.82274, 0.024247, 22.1486
2, 4, 75, 3, 6, 156, 181, 0.164523, 0.421417,66, 26, 40, 18, 4.95783, 4.84817, 7.80556, 0.036291, 22.3126
2, 4, 75, 3, 7, 156, 228, 0.194699, 0.511191,74, 31, 43, 21, 5.28841, 5.79118, 9.79263, 0.038565, 25.6366
2, 4, 75, 3, 8, 156, 241, 0.175769, 0.576785,87, 39, 48, 18, 5.17074, 6.00124, 10.3397, 0.042253, 26.2747
2, 4, 75, 3, 9, 156, 257, 0.215253, 0.514391,73, 39, 34, 23, 5.12397, 6.22042, 11.0051, 0.037033, 27.1048
2, 4, 75, 3, 10, 156, 270, 0.152704, 0.351411,58, 30, 28, 16, 5.30626, 6.47353, 11.5382, 0.031106, 28.1986
2, 4, 75, 3, 11, 156, 309, 0.239292, 0.40277,66, 37, 29, 26, 5.50348, 7.20815, 13.2051, 0.033114, 30.7787
2, 4, 75, 3, 12, 156, 322, 0.11917, 0.30852,48, 27, 21, 12, 5.4225, 7.5289, 13.7254, 0.030319, 31.5049
2, 4, 75, 3, 13, 156, 333, 0.174376, 0.353986,61, 32, 29, 19, 5.45938, 7.66109, 14.3038, 0.032539, 32.2667
2, 4, 75, 3, 14, 156, 328, 0.198227, 0.344046,63, 33, 30, 22, 5.43745, 7.74237, 13.9944, 0.033695, 32.0005
2, 4, 75, 4, 1, 140, 384, 0.107206, 0.174244,39, 14, 25, 11, 5.57392, 8.49311, 14.7264, 0.02579, 33.6759
2, 4, 75, 4, 2, 140, 381, 0.144617, 0.20326,43, 16, 27, 15, 5.5272, 8.86959, 14.5659, 0.027278, 33.8131
2, 4, 75, 4, 3, 140, 392, 0.123951, 0.175756,41, 14, 27, 13, 5.67008, 8.7387, 15.0311, 0.026707, 34.2943
2, 4, 75, 4, 4, 140, 182, 0.0957847, 0.30677,54, 17, 37, 10, 4.58788, 4.7355, 7.02945, 0.034417, 20.991
2, 4, 75, 4, 5, 140, 182, 0.0543048, 0.088733,16, 9, 7, 6, 4.81052, 4.88685, 7.01697, 0.018862, 21.3716
2, 4, 75, 4, 6, 140, 181, 0.120258, 0.251025,38, 21, 17, 13, 4.92083, 4.81914, 7.00284, 0.024483, 21.4324
2, 4, 75, 4, 7, 140, 228, 0.0999096, 0.244039,37, 17, 20, 11, 5.30708, 5.74727, 8.77984, 0.026282, 24.6964
2, 4, 75, 4, 8, 140, 241, 0.10095, 0.186635,36, 16, 20, 11, 5.16088, 5.85034, 9.25952, 0.025374, 24.9992
2, 4, 75, 4, 9, 140, 257, 0.0742029, 0.1275,26, 12, 14, 8, 5.1417, 6.21512, 9.84222, 0.024237, 25.9101
2, 4, 75, 4, 10, 140, 270, 0.0686259, 0.10495,26, 9, 17, 7, 5.28975, 6.65584, 10.3812, 0.021562, 27.165
2, 4, 75, 4, 11, 140, 309, 0.110453, 0.172533,35, 15, 20, 12, 5.43139, 7.12098, 11.8072, 0.027734, 29.1579
2, 4, 75, 4, 12, 140, 322, 0.101354, 0.148639,34, 13, 21, 11, 5.41769, 7.40089, 12.3311, 0.024428, 30.019
2, 4, 75, 4, 13, 140, 333, 0.0864297, 0.131455,29, 11, 18, 9, 5.44973, 7.94279, 12.731, 0.023691, 30.9806
2, 4, 75, 4, 14, 140, 328, 0.0989213, 0.119773,34, 11, 23, 10, 5.4016, 7.47628, 12.5656, 0.025024, 30.2797
2, 4, 75, 5, 1, 132, 384, 0.14423, 0.224971,40, 20, 20, 15, 5.56607, 8.45712, 13.8082, 0.027098, 32.6932
2, 4, 75, 5, 2, 132, 381, 0.172587, 0.244591,47, 22, 25, 18, 5.57185, 8.41998, 13.7735, 0.028321, 32.642
2, 4, 75, 5, 3, 132, 392, 0.184191, 0.247814,48, 21, 27, 19, 5.84102, 8.77138, 14.1474, 0.02786, 33.7384
2, 4, 75, 5, 4, 132, 182, 0.12549, 0.40467,67, 28, 39, 13, 4.60523, 4.68975, 6.66507, 0.033335, 20.5814
2, 4, 75, 5, 5, 132, 182, 0.0634616, 0.080342,23, 7, 16, 7, 4.8051, 4.85561, 6.59772, 0.021747, 20.897
2, 4, 75, 5, 6, 132, 181, 0.138106, 0.332801,56, 21, 35, 15, 4.94834, 4.80746, 6.62238, 0.031276, 21.1282
2, 4, 75, 5, 7, 132, 228, 0.111004, 0.418172,60, 26, 34, 12, 5.21782, 5.67604, 8.30176, 0.032599, 23.9456
2, 4, 75, 5, 8, 132, 241, 0.121546, 0.403162,60, 26, 34, 13, 5.15111, 5.95777, 8.74588, 0.034171, 24.5952
2, 4, 75, 5, 9, 132, 257, 0.141894, 0.299781,46, 24, 22, 15, 5.132, 6.2146, 9.28948, 0.028356, 25.4022
2, 4, 75, 5, 10, 132, 270, 0.134004, 0.292171,49, 25, 24, 15, 5.28368, 6.4276, 9.80213, 0.027875, 26.279
2, 4, 75, 5, 11, 132, 309, 0.140623, 0.289767,50, 23, 27, 15, 5.38843, 7.32316, 11.1985, 0.029357, 28.7188
2, 4, 75, 5, 12, 132, 322, 0.106572, 0.193617,37, 18, 19, 12, 5.42284, 7.56953, 11.6073, 0.026632, 29.4328
2, 4, 75, 5, 13, 132, 333, 0.126468, 0.213554,43, 20, 23, 14, 5.49424, 7.62322, 12.0235, 0.025781, 29.9777
2, 4, 75, 5, 14, 132, 328, 0.157626, 0.225912,48, 24, 24, 17, 5.40492, 7.83223, 11.8668, 0.027709, 29.9373
2, 4, 75, 6, 1, 162, 384, 0.162417, 0.34871,56, 32, 24, 18, 5.57049, 8.52912, 17.0218, 0.031657, 35.9714
2, 4, 75, 6, 2, 162, 381, 0.218393, 0.392447,67, 36, 31, 24, 5.57558, 8.84921, 16.8439, 0.036686, 36.1614
2, 4, 75, 6, 3, 162, 392, 0.184704, 0.410212,70, 34, 36, 20, 5.68447, 8.73836, 17.342, 0.037899, 36.6177
2, 4, 75, 6, 4, 162, 182, 0.065252, 0.129454,34, 8, 26, 7, 4.58968, 4.88422, 8.12286, 0.027589, 22.2057
2, 4, 75, 6, 5, 162, 182, 0.0908747, 0.0992081,18, 10, 8, 10, 4.81536, 4.86189, 8.11294, 0.019308, 22.4259
2, 4, 75, 6, 6, 162, 181, 0.205346, 0.387241,60, 29, 31, 22, 4.9338, 4.83842, 8.13782, 0.034763, 22.6224
2, 4, 75, 6, 7, 162, 228, 0.226632, 0.630399,88, 45, 43, 24, 5.33877, 5.752, 10.1771, 0.041551, 26.0967
2, 4, 75, 6, 8, 162, 241, 0.173083, 0.612171,88, 40, 48, 18, 5.15819, 6.14389, 10.7461, 0.04653, 26.8303
2, 4, 75, 6, 9, 162, 257, 0.138202, 0.459097,65, 34, 31, 15, 5.11776, 6.18643, 11.4088, 0.035193, 27.4955
2, 4, 75, 6, 10, 162, 270, 0.154902, 0.466671,66, 38, 28, 17, 5.27076, 6.51316, 11.9942, 0.033736, 28.5381
2, 4, 75, 6, 11, 162, 309, 0.170855, 0.41962,63, 37, 26, 19, 5.41115, 7.56784, 13.7481, 0.03364, 31.5289
2, 4, 75, 6, 12, 162, 322, 0.172706, 0.45362,67, 39, 28, 19, 5.41667, 7.34282, 14.2578, 0.035379, 31.8438
2, 4, 75, 6, 13, 162, 333, 0.16294, 0.484588,73, 43, 30, 18, 5.45395, 7.60696, 14.7476, 0.035529, 32.6608
2, 4, 75, 6, 14, 162, 328, 0.209872, 0.470753,76, 47, 29, 23, 5.4795, 7.75355, 14.5357, 0.036406, 32.7051
2, 4, 75, 7, 1, 153, 384, 0.17053, 0.284102,44, 23, 21, 18, 5.74663, 8.5955, 16.0687, 0.032624, 35.3553
2, 4, 75, 7, 2, 153, 381, 0.233135, 0.351417,57, 30, 27, 25, 5.70134, 8.89659, 15.9389, 0.032999, 35.4693
2, 4, 75, 7, 3, 153, 392, 0.218216, 0.367377,62, 28, 34, 23, 5.76928, 8.67733, 16.3769, 0.03603, 35.7322
2, 4, 75, 7, 4, 153, 182, 0.0621209, 0.124182,33, 7, 26, 7, 4.73198, 5.05099, 7.67808, 0.027148, 22.1041
2, 4, 75, 7, 5, 153, 182, 0.0545219, 0.0629965,19, 6, 13, 6, 4.79863, 4.89497, 7.67103, 0.020751, 21.9929
2, 4, 75, 7, 6, 153, 181, 0.140575, 0.282933,51, 23, 28, 15, 4.92126, 4.82333, 7.73834, 0.029708, 22.1785
2, 4, 75, 7, 7, 153, 228, 0.142049, 0.336217,53, 23, 30, 15, 5.27189, 6.07111, 9.59169, 0.032979, 25.6724
2, 4, 75, 7, 8, 153, 241, 0.124314, 0.34671,60, 22, 38, 13, 5.18768, 5.91468, 10.1371, 0.033044, 26.0365
2, 4, 75, 7, 9, 153, 257, 0.107217, 0.305224,51, 21, 30, 12, 5.12112, 6.17602, 10.7783, 0.03072, 26.81
2, 4, 75, 7, 10, 153, 270, 0.152563, 0.321392,54, 27, 27, 17, 5.30484, 6.53032, 11.3193, 0.03099, 28.0742
2, 4, 75, 7, 11, 153, 309, 0.197084, 0.321082,59, 30, 29, 22, 5.36219, 7.1419, 12.8982, 0.033631, 30.2127
2, 4, 75, 7, 12, 153, 322, 0.164303, 0.27969,48, 26, 22, 18, 5.4875, 7.33452, 13.4826, 0.028436, 31.1366
2, 4, 75, 7, 13, 153, 333, 0.167146, 0.238204,48, 21, 27, 18, 5.45415, 7.9123, 13.9255, 0.028581, 32.1178
2, 4, 75, 7, 14, 153, 328, 0.217308, 0.341713,60, 28, 32, 23, 5.3853, 7.4788, 13.7945, 0.031472, 31.5045
2, 4, 75, 8, 1, 147, 384, 0.0725483, 0.183221,30, 8, 22, 8, 5.57912, 8.87132, 15.4098, 0.026186, 34.7051
2, 4, 75, 8, 2, 147, 381, 0.109802, 0.22172,38, 12, 26, 12, 5.60999, 8.41502, 15.3131, 0.027594, 34.1854
2, 4, 75, 8, 3, 147, 392, 0.0855633, 0.181998,34, 9, 25, 9, 5.65833, 8.82076, 15.6651, 0.028005, 34.9849
2, 4, 75, 8, 4, 147, 182, 0.069811, 0.170246,40, 10, 30, 8, 4.5958, 4.72466, 7.38464, 0.026737, 21.3102
2, 4, 75, 8, 5, 147, 182, 0.125779, 0.230272,33, 16, 17, 14, 4.78862, 4.79659, 7.35744, 0.027493, 21.5853
2, 4, 75, 8, 6, 147, 181, 0.0629475, 0.0974624,21, 9, 12, 7, 4.9328, 4.78352, 7.3352, 0.020185, 21.8025
2, 4, 75, 8, 7, 147, 228, 0.025732, 0.0610795,19, 4, 15, 3, 5.17761, 5.68894, 9.1833, 0.020059, 24.771
2, 4, 75, 8, 8, 147, 241, 0.0259526, 0.0352984,20, 3, 17, 3, 5.20894, 5.91455, 9.67422, 0.02295, 25.5122
2, 4, 75, 8, 9, 147, 257, 0.0168779, 0.0342903,15, 2, 13, 2, 5.12519, 6.23283, 10.3416, 0.019688, 26.466
2, 4, 75, 8, 10, 147, 270, 0.0352159, 0.0616367,21, 4, 17, 4, 5.27742, 6.47998, 10.8765, 0.022299, 27.4019
2, 4, 75, 8, 11, 147, 309, 0.0466527, 0.155655,35, 5, 30, 5, 5.37476, 7.53637, 12.4357, 0.028055, 30.1576
2, 4, 75, 8, 12, 147, 322, 0.0612005, 0.145633,32, 7, 25, 7, 5.40802, 7.38347, 12.9555, 0.026812, 30.5847
2, 4, 75, 8, 13, 147, 333, 0.0450688, 0.168543,32, 6, 26, 5, 5.59062, 7.98457, 13.3643, 0.030966, 31.7865
2, 4, 75, 8, 14, 147, 328, 0.0812946, 0.205031,38, 9, 29, 9, 5.64914, 7.6122, 13.1951, 0.028756, 31.4194
2, 4, 75, 9, 1, 106, 384, 0.0919167, 0.159951,29, 8, 21, 8, 5.68523, 8.93131, 11.1576, 0.025409, 30.7077
2, 4, 75, 9, 2, 106, 381, 0.139932, 0.186485,38, 14, 24, 14, 5.74111, 8.62922, 11.1578, 0.026126, 30.4378
2, 4, 75, 9, 3, 106, 392, 0.129767, 0.217462,42, 13, 29, 12, 5.74181, 9.27189, 11.4873, 0.028371, 31.3852
2, 4, 75, 9, 4, 106, 182, 0.0801812, 0.178005,35, 14, 21, 9, 4.77516, 5.11275, 5.34743, 0.024377, 19.9554
2, 4, 75, 9, 5, 106, 182, 0.0192662, 0.0192662,10, 2, 8, 2, 4.9677, 5.16532, 5.34698, 0.014068, 20.2055
2, 4, 75, 9, 6, 106, 181, 0.103412, 0.226961,42, 15, 27, 11, 5.07247, 5.14743, 5.42743, 0.027203, 20.4368
2, 4, 75, 9, 7, 106, 228, 0.0787477, 0.27394,41, 18, 23, 9, 5.37791, 5.78267, 6.68356, 0.028917, 22.697
2, 4, 75, 9, 8, 106, 241, 0.0701809, 0.282182,47, 17, 30, 8, 5.36073, 6.34571, 7.06107, 0.029302, 23.6199
2, 4, 75, 9, 9, 106, 257, 0.0622024, 0.152544,30, 11, 19, 7, 5.23906, 6.61104, 7.5437, 0.022223, 24.2735
2, 4, 75, 9, 10, 106, 270, 0.156656, 0.237463,40, 21, 19, 18, 5.38474, 6.76941, 7.92271, 0.026436, 24.9761
2, 4, 75, 9, 11, 106, 309, 0.122319, 0.203905,39, 16, 23, 13, 5.56102, 7.56796, 9.03585, 0.026271, 27.0323
2, 4, 75, 9, 12, 106, 322, 0.0917881, 0.137337,31, 11, 20, 10, 5.67223, 7.75429, 9.37396, 0.023717, 27.701
2, 4, 75, 9, 13, 106, 333, 0.0952274, 0.141682,37, 10, 27, 10, 5.62014, 8.09191, 9.73657, 0.027283, 28.3836
2, 4, 75, 9, 14, 106, 328, 0.137347, 0.173595,41, 13, 28, 13, 5.55106, 7.52105, 9.51608, 0.02839, 27.4344
2, 4, 75, 10, 1, 121, 384, 0.0963685, 0.150469,30, 9, 21, 9, 5.74919, 9.00288, 12.6817, 0.024983, 32.4399
2, 4, 75, 10, 2, 121, 381, 0.157686, 0.20787,42, 16, 26, 16, 5.73508, 8.91396, 12.6396, 0.029082, 32.2729
2, 4, 75, 10, 3, 121, 392, 0.162532, 0.212897,43, 16, 27, 16, 5.69991, 9.2276, 12.9879, 0.026947, 32.7898
2, 4, 75, 10, 4, 121, 182, 0.0899952, 0.226572,43, 16, 27, 10, 4.62166, 4.91173, 6.10892, 0.027048, 20.349
2, 4, 75, 10, 5, 121, 182, 0.0431961, 0.0514606,19, 5, 14, 5, 5.03452, 5.25435, 6.04644, 0.020816, 21.0885
2, 4, 75, 10, 6, 121, 181, 0.105385, 0.227863,50, 14, 36, 12, 5.10283, 4.80642, 6.08012, 0.03062, 20.7835
2, 4, 75, 10, 7, 121, 228, 0.0526851, 0.184711,38, 10, 28, 6, 5.38387, 6.02361, 7.64874, 0.029286, 23.8585
2, 4, 75, 10, 8, 121, 241, 0.0529273, 0.186393,44, 9, 35, 6, 5.37065, 6.31987, 8.04174, 0.029142, 24.5885
2, 4, 75, 10, 9, 121, 257, 0.0619274, 0.113624,30, 7, 23, 7, 5.34294, 6.51565, 8.55177, 0.026948, 25.1456
2, 4, 75, 10, 10, 121, 270, 0.0960648, 0.149353,45, 10, 35, 10, 5.47256, 6.85525, 9.00949, 0.029277, 26.233
2, 4, 75, 10, 11, 121, 309, 0.0928549, 0.175123,47, 9, 38, 9, 5.59841, 7.519, 10.3787, 0.031572, 28.4327
2, 4, 75, 10, 12, 121, 322, 0.0836158, 0.10064,35, 9, 26, 9, 5.62174, 7.83709, 10.7174, 0.024879, 29.1801
2, 4, 75, 10, 13, 121, 333, 0.0912574, 0.108589,34, 9, 25, 9, 5.76404, 7.98964, 11.0986, 0.025294, 29.8533
2, 4, 75, 10, 14, 121, 328, 0.114295, 0.114295,36, 11, 25, 11, 5.63991, 7.92328, 10.9022, 0.024488, 29.4025
2, 4, 75, 11, 1, 133, 384, 0.106203, 0.146837,26, 11, 15, 11, 5.75286, 8.61071, 13.9756, 0.02268, 33.3075
2, 4, 75, 11, 2, 133, 381, 0.182167, 0.192806,31, 19, 12, 19, 5.59916, 8.59117, 13.9026, 0.022954, 33.0538
2, 4, 75, 11, 3, 133, 392, 0.181573, 0.201412,33, 18, 15, 18, 5.73613, 9.12301, 14.2927, 0.0232, 34.0443
2, 4, 75, 11, 4, 133, 182, 0.11486, 0.240777,48, 15, 33, 13, 4.7087, 5.16262, 6.71421, 0.030279, 21.2551
2, 4, 75, 11, 5, 133, 182, 0.106, 0.158898,23, 13, 10, 12, 4.79921, 4.96897, 6.67184, 0.020335, 21.0822
2, 4, 75, 11, 6, 133, 181, 0.0800506, 0.115119,25, 10, 15, 9, 4.95497, 4.78622, 6.64748, 0.021918, 21.1484
2, 4, 75, 11, 7, 133, 228, 0.0782502, 0.0865835,17, 10, 7, 9, 5.1854, 6.04329, 8.30391, 0.01801, 24.262
2, 4, 75, 11, 8, 133, 241, 0.0802793, 0.0802793,22, 9, 13, 9, 5.19889, 5.88427, 8.78401, 0.019418, 24.5986
2, 4, 75, 11, 9, 133, 257, 0.0741867, 0.0741867,15, 8, 7, 8, 5.14058, 6.48884, 9.35985, 0.017099, 25.7306
2, 4, 75, 11, 10, 133, 270, 0.100383, 0.100383,24, 11, 13, 11, 5.28187, 6.48606, 9.86235, 0.019654, 26.3903
2, 4, 75, 11, 11, 133, 309, 0.0962432, 0.0962432,27, 10, 17, 10, 5.39454, 7.2874, 11.2644, 0.020966, 28.8253
2, 4, 75, 11, 12, 133, 322, 0.0933822, 0.104252,25, 10, 15, 10, 5.42567, 7.39528, 11.7287, 0.021412, 29.3703
2, 4, 75, 11, 13, 133, 333, 0.0975922, 0.116117,29, 10, 19, 10, 5.46623, 7.5505, 12.1321, 0.0229, 29.9785
2, 4, 75, 11, 14, 133, 328, 0.136626, 0.147043,31, 14, 17, 14, 5.43368, 7.88053, 11.9597, 0.022749, 30.1064
2, 4, 75, 12, 1, 161, 384, 0.113277, 0.24758,42, 12, 30, 11, 5.57772, 8.55153, 16.8748, 0.029773, 35.865
2, 4, 75, 12, 2, 161, 381, 0.197705, 0.264327,47, 20, 27, 20, 5.60061, 8.47985, 16.6807, 0.032965, 35.6476
2, 4, 75, 12, 3, 161, 392, 0.180919, 0.213932,40, 18, 22, 18, 5.68547, 8.74353, 17.2179, 0.027304, 36.526
2, 4, 75, 12, 4, 161, 182, 0.132736, 0.408819,73, 19, 54, 15, 4.60932, 4.83371, 8.09719, 0.040454, 22.1744
2, 4, 75, 12, 5, 161, 182, 0.136531, 0.335467,48, 19, 29, 15, 4.83286, 4.82497, 8.08214, 0.032123, 22.451
2, 4, 75, 12, 6, 161, 181, 0.142992, 0.230417,41, 19, 22, 16, 4.94352, 4.8005, 8.04565, 0.03092, 22.5017
2, 4, 75, 12, 7, 161, 228, 0.0703426, 0.132387,26, 9, 17, 8, 5.22057, 5.72228, 10.0376, 0.026346, 25.7535
2, 4, 75, 12, 8, 161, 241, 0.0982397, 0.135698,33, 11, 22, 11, 5.16348, 5.91326, 10.6338, 0.026562, 26.4511
2, 4, 75, 12, 9, 161, 257, 0.0926686, 0.166672,29, 11, 18, 10, 5.13478, 6.22075, 11.3523, 0.026897, 27.449
2, 4, 75, 12, 10, 161, 270, 0.104299, 0.193206,37, 12, 25, 11, 5.27823, 6.81003, 12.0055, 0.029272, 28.85
2, 4, 75, 12, 11, 161, 309, 0.129436, 0.237629,45, 15, 30, 14, 5.36226, 7.29191, 13.5855, 0.030785, 31.0408
2, 4, 75, 12, 12, 161, 322, 0.104219, 0.185206,38, 11, 27, 11, 5.42489, 7.36627, 14.1607, 0.031426, 31.7877
2, 4, 75, 12, 13, 161, 333, 0.106435, 0.205476,37, 12, 25, 11, 5.46198, 7.78958, 14.6519, 0.028971, 32.7612
2, 4, 75, 12, 14, 161, 328, 0.126868, 0.217447,38, 14, 24, 13, 5.43452, 7.86727, 14.4626, 0.028886, 32.6196
2, 4, 75, 13, 1, 289, 384, 0.131867, 0.166426,30, 15, 15, 14, 5.58372, 8.64393, 30.168, 0.032608, 49.2814
2, 4, 75, 13, 2, 289, 381, 0.196942, 0.240398,34, 22, 12, 21, 5.64086, 8.84381, 29.9491, 0.032974, 49.323
2, 4, 75, 13, 3, 289, 392, 0.164977, 0.217143,34, 18, 16, 17, 5.68185, 8.86917, 30.7935, 0.034903, 50.2517
2, 4, 75, 13, 4, 289, 182, 0.130857, 0.233617,38, 18, 20, 15, 4.61242, 5.14383, 14.552, 0.038891, 28.9495
2, 4, 75, 13, 5, 289, 182, 0.117141, 0.225451,32, 19, 13, 13, 4.98636, 5.2165, 14.467, 0.034698, 29.393
2, 4, 75, 13, 6, 289, 181, 0.104654, 0.166817,28, 16, 12, 12, 5.0125, 4.77443, 14.3526, 0.03111, 28.9417
2, 4, 75, 13, 7, 289, 228, 0.0961161, 0.138662,21, 12, 9, 11, 5.29817, 5.63621, 17.9945, 0.029823, 33.6768
2, 4, 75, 13, 8, 289, 241, 0.126468, 0.163045,28, 16, 12, 14, 5.18509, 5.95264, 19.0723, 0.031762, 34.9818
2, 4, 75, 13, 9, 289, 257, 0.118798, 0.135534,23, 15, 8, 13, 5.2948, 6.26926, 20.3245, 0.027589, 36.7247
2, 4, 75, 13, 10, 289, 270, 0.142885, 0.180067,26, 18, 8, 16, 5.28725, 6.53782, 21.3293, 0.032252, 37.9423
2, 4, 75, 13, 11, 289, 309, 0.156408, 0.187934,31, 17, 14, 17, 5.52671, 7.22791, 24.4132, 0.031988, 42.0481
2, 4, 75, 13, 12, 289, 322, 0.128839, 0.192142,29, 16, 13, 14, 5.4353, 7.4208, 25.3906, 0.033555, 43.1374
2, 4, 75, 13, 13, 289, 333, 0.14423, 0.181456,28, 16, 12, 16, 5.53652, 7.72884, 26.2694, 0.032443, 44.4385
2, 4, 75, 13, 14, 289, 328, 0.130366, 0.158355,29, 15, 14, 14, 5.46964, 7.56933, 25.8562, 0.032288, 43.812
2, 4, 75, 14, 1, 206, 384, 0.325502, 0.687679,112, 48, 64, 36, 5.57079, 8.65803, 21.7141, 0.054105, 40.829
2, 4, 75, 14, 2, 206, 381, 0.354725, 0.799723,120, 54, 66, 39, 5.56305, 8.57895, 21.4561, 0.057943, 40.4744
2, 4, 75, 14, 3, 206, 392, 0.260012, 0.609579,104, 40, 64, 29, 5.66354, 8.70175, 22.0438, 0.054035, 41.3063
2, 4, 75, 14, 4, 206, 182, 0.0666058, 0.174164,45, 10, 35, 7, 4.61856, 4.81816, 10.3052, 0.03342, 24.4506
2, 4, 75, 14, 5, 206, 182, 0.132472, 0.183641,33, 18, 15, 15, 4.79694, 5.07965, 10.2993, 0.027278, 24.8051
2, 4, 75, 14, 6, 206, 181, 0.160198, 0.351436,70, 19, 51, 18, 4.92718, 4.8318, 10.2641, 0.042683, 24.719
2, 4, 75, 14, 7, 206, 228, 0.27581, 0.762393,116, 44, 72, 30, 5.19348, 5.72237, 12.9173, 0.055764, 28.5861
2, 4, 75, 14, 8, 206, 241, 0.222071, 0.648699,109, 36, 73, 25, 5.18563, 5.90383, 13.6264, 0.054562, 29.4864
2, 4, 75, 14, 9, 206, 257, 0.248827, 0.798368,113, 40, 73, 28, 5.20977, 6.14638, 14.5159, 0.056239, 30.6997
2, 4, 75, 14, 10, 206, 270, 0.343461, 0.962519,135, 54, 81, 38, 5.2723, 6.69895, 15.2805, 0.064306, 32.0591
2, 4, 75, 14, 11, 206, 309, 0.252, 0.744658,108, 45, 63, 28, 5.41566, 7.14777, 17.4217, 0.052838, 34.8218
2, 4, 75, 14, 12, 206, 322, 0.334232, 0.858359,124, 60, 64, 37, 5.57659, 7.40354, 18.1736, 0.06363, 36.076
2, 4, 75, 14, 13, 206, 333, 0.282287, 0.902116,132, 53, 79, 31, 5.52905, 7.74102, 18.7974, 0.06156, 36.9974
2, 4, 75, 14, 14, 206, 328, 0.274235, 0.790627,117, 50, 67, 30, 5.62962, 7.48212, 18.5132, 0.056966, 36.4717
2, 4, 75, 15, 1, 339, 384, 0.195888, 0.541771,87, 35, 52, 22, 5.63727, 8.52929, 35.365, 0.057487, 54.4684
2, 4, 75, 15, 2, 339, 381, 0.256985, 0.558788,89, 41, 48, 29, 5.53709, 8.52057, 35.1448, 0.054912, 54.1024
2, 4, 75, 15, 3, 339, 392, 0.185026, 0.526901,93, 34, 59, 21, 5.74295, 8.97188, 36.1415, 0.058799, 55.7498
2, 4, 75, 15, 4, 339, 182, 0.0848626, 0.131422,33, 9, 24, 9, 4.61813, 4.70432, 16.8711, 0.03614, 30.8183
2, 4, 75, 15, 5, 339, 182, 0.109297, 0.137018,28, 12, 16, 12, 4.79725, 4.85803, 16.8514, 0.034698, 31.1442
2, 4, 75, 15, 6, 339, 181, 0.100169, 0.25244,55, 14, 41, 11, 5.01335, 4.82531, 16.7987, 0.044983, 31.4168
2, 4, 75, 15, 7, 339, 228, 0.12631, 0.530612,93, 17, 76, 14, 5.17798, 5.7351, 21.1057, 0.059115, 36.767
2, 4, 75, 15, 8, 339, 241, 0.180526, 0.499813,85, 25, 60, 20, 5.23215, 5.88517, 22.3165, 0.054326, 38.255
2, 4, 75, 15, 9, 339, 257, 0.124014, 0.43849,71, 18, 53, 14, 5.18053, 6.31234, 23.8116, 0.05362, 40.1913
2, 4, 75, 15, 10, 339, 270, 0.115962, 0.462806,77, 18, 59, 13, 5.35829, 6.65934, 24.9856, 0.059336, 41.8764
2, 4, 75, 15, 11, 339, 309, 0.156072, 0.501384,83, 22, 61, 18, 5.50287, 7.41387, 28.4938, 0.058514, 46.3501
2, 4, 75, 15, 12, 339, 322, 0.165707, 0.488407,80, 23, 57, 19, 5.56145, 7.43206, 29.7385, 0.055162, 47.6628
2, 4, 75, 15, 13, 339, 333, 0.114263, 0.403065,72, 20, 52, 13, 5.53376, 7.69995, 30.7583, 0.053203, 48.947
2, 4, 75, 15, 14, 339, 328, 0.235765, 0.59243,94, 37, 57, 27, 5.51773, 7.42991, 30.2779, 0.05898, 48.2071
