40, 1, 2, 215, 263, 227.294, 233.972,27, 26
40, 1, 3, 215, 198, 447.496, 467.769,47, 45
40, 1, 4, 215, 390, 19.0805, 37.3655,4, 2
40, 1, 5, 215, 391, 0, 0,0, 0
40, 1, 6, 215, 362, 14.9495, 14.9495,2, 2
40, 1, 7, 215, 288, 0, 0,0, 0
40, 1, 8, 215, 258, 0, 0,0, 0
40, 1, 9, 215, 307, 15.2257, 15.2257,2, 2
40, 1, 10, 215, 330, 13.5891, 13.5891,2, 2
40, 1, 11, 215, 346, 30.1353, 30.1353,4, 4
40, 1, 12, 215, 339, 25.0046, 25.0046,3, 3
40, 1, 13, 215, 369, 0, 0,0, 0
40, 1, 14, 215, 276, 33.5765, 40.3191,4, 3
40, 1, 15, 215, 244, 7.26502, 7.26502,1, 1
40, 1, 16, 215, 263, 49.985, 49.985,6, 6
40, 1, 17, 215, 253, 46.5859, 60.4722,8, 6
40, 1, 18, 215, 245, 24.8873, 24.8873,3, 3
40, 1, 19, 215, 282, 0, 0,0, 0
40, 1, 20, 215, 337, 0, 0,0, 0
40, 1, 21, 215, 228, 6.89006, 6.89006,1, 1
40, 1, 22, 215, 263, 0, 0,0, 0
40, 1, 23, 215, 331, 34.9003, 34.9003,4, 4
40, 1, 24, 215, 303, 43.374, 43.374,6, 6
40, 1, 25, 215, 336, 23.6304, 31.2962,4, 3
40, 1, 26, 215, 354, 7.51981, 7.51981,1, 1
40, 1, 27, 215, 284, 87.3202, 125.341,16, 11
40, 1, 28, 215, 301, 57.465, 57.465,7, 7
40, 1, 29, 215, 359, 0, 0,0, 0
40, 1, 30, 215, 305, 7.01069, 7.01069,1, 1
40, 1, 31, 215, 280, 70.0567, 117.189,15, 9
40, 1, 32, 215, 352, 61.2347, 61.2347,8, 8
40, 1, 33, 215, 342, 0, 0,0, 0
40, 1, 34, 215, 257, 22.1368, 22.1368,3, 3
40, 1, 35, 215, 293, 25.9991, 25.9991,3, 3
40, 1, 36, 215, 322, 6.74685, 6.74685,1, 1
40, 1, 37, 215, 356, 46.8442, 46.8442,5, 5
40, 1, 38, 215, 349, 13.9128, 13.9128,2, 2
40, 1, 39, 215, 314, 31.3954, 31.3954,4, 4
40, 1, 40, 215, 326, 0, 0,0, 0
40, 1, 41, 215, 292, 0, 0,0, 0
40, 1, 42, 215, 292, 6.76236, 6.76236,1, 1
40, 1, 43, 215, 326, 0, 0,0, 0
40, 1, 44, 215, 295, 14.54, 14.54,2, 2
40, 1, 45, 215, 345, 6.88802, 6.88802,1, 1
40, 1, 46, 215, 346, 0, 0,0, 0
40, 1, 47, 215, 318, 0, 0,0, 0
40, 2, 1, 263, 215, 227.107, 233.971,27, 26
40, 2, 3, 263, 198, 441.033, 494.187,53, 47
40, 2, 4, 263, 390, 41.4238, 64.4603,6, 4
40, 2, 5, 263, 391, 43.2279, 50.4565,6, 5
40, 2, 6, 263, 362, 9.31357, 16.9761,2, 1
40, 2, 7, 263, 288, 86.1868, 115.058,14, 10
40, 2, 8, 263, 258, 29.733, 29.733,4, 4
40, 2, 9, 263, 307, 0, 0,0, 0
40, 2, 10, 263, 330, 26.0513, 48.1487,4, 2
40, 2, 11, 263, 346, 0, 0,0, 0
40, 2, 12, 263, 339, 38.5899, 53.9804,7, 5
40, 2, 13, 263, 369, 27.0341, 27.0341,3, 3
40, 2, 14, 263, 276, 39.2185, 47.3625,5, 4
40, 2, 15, 263, 244, 48.9077, 70.5591,6, 4
40, 2, 16, 263, 263, 33.5575, 52.0246,5, 3
40, 2, 17, 263, 253, 81.2632, 102.952,8, 6
40, 2, 18, 263, 245, 78.5519, 94.7833,9, 7
40, 2, 19, 263, 282, 30.7563, 30.7563,4, 4
40, 2, 20, 263, 337, 68.2545, 89.2632,8, 6
40, 2, 21, 263, 228, 43.0457, 62.0705,7, 5
40, 2, 22, 263, 263, 109.023, 148.063,14, 10
40, 2, 23, 263, 331, 34.3529, 43.9547,5, 4
40, 2, 24, 263, 303, 7.33752, 7.33752,1, 1
40, 2, 25, 263, 336, 98.3892, 125.113,12, 9
40, 2, 26, 263, 354, 14.3331, 14.3331,2, 2
40, 2, 27, 263, 284, 157.641, 194.924,22, 18
40, 2, 28, 263, 301, 255.985, 318.022,32, 25
40, 2, 29, 263, 359, 50.7726, 67.1725,8, 6
40, 2, 30, 263, 305, 119.482, 140.965,17, 14
40, 2, 31, 263, 280, 207.779, 246.141,27, 22
40, 2, 32, 263, 352, 43.3945, 75.7054,7, 4
40, 2, 33, 263, 342, 25.1977, 25.1977,3, 3
40, 2, 34, 263, 257, 59.8244, 71.0925,7, 6
40, 2, 35, 263, 293, 37.3515, 47.4118,5, 4
40, 2, 36, 263, 322, 60.1174, 69.1187,8, 7
40, 2, 37, 263, 356, 34.692, 56.2388,5, 3
40, 2, 38, 263, 349, 45.5118, 71.0224,6, 4
40, 2, 39, 263, 314, 31.0269, 40.1571,4, 3
40, 2, 40, 263, 326, 14.6003, 14.6003,2, 2
40, 2, 41, 263, 292, 62.9093, 70.1091,8, 7
40, 2, 42, 263, 292, 56.4569, 56.4569,7, 7
40, 2, 43, 263, 326, 41.9791, 55.6228,7, 5
40, 2, 44, 263, 295, 45.95, 61.0423,7, 5
40, 2, 45, 263, 345, 0, 0,0, 0
40, 2, 46, 263, 346, 11.2054, 19.6353,2, 1
40, 2, 47, 263, 318, 23.2136, 40.2783,4, 2
40, 3, 1, 198, 215, 415.3, 467.767,47, 41
40, 3, 2, 198, 263, 433.35, 494.188,53, 46
40, 3, 4, 198, 390, 27.4071, 45.3514,4, 2
40, 3, 5, 198, 391, 7.44981, 7.44981,1, 1
40, 3, 6, 198, 362, 7.66252, 7.66252,1, 1
40, 3, 7, 198, 288, 31.3514, 31.3514,4, 4
40, 3, 8, 198, 258, 24.127, 37.7011,5, 3
40, 3, 9, 198, 307, 0, 0,0, 0
40, 3, 10, 198, 330, 22.1007, 52.5296,6, 2
40, 3, 11, 198, 346, 6.98132, 6.98132,1, 1
40, 3, 12, 198, 339, 27.7742, 27.7742,3, 3
40, 3, 13, 198, 369, 0, 0,0, 0
40, 3, 14, 198, 276, 16.1525, 24.1698,3, 2
40, 3, 15, 198, 244, 24.5537, 40.9266,4, 2
40, 3, 16, 198, 263, 50.3557, 74.6886,8, 5
40, 3, 17, 198, 253, 56.8232, 79.966,9, 6
40, 3, 18, 198, 245, 56.0756, 79.6387,9, 6
40, 3, 19, 198, 282, 0, 0,0, 0
40, 3, 20, 198, 337, 12.9765, 21.9833,2, 1
40, 3, 21, 198, 228, 12.9609, 28.8282,3, 1
40, 3, 22, 198, 263, 12.3446, 22.4011,2, 1
40, 3, 23, 198, 331, 14.5424, 30.7094,3, 1
40, 3, 24, 198, 303, 31.3975, 31.3975,2, 2
40, 3, 25, 198, 336, 36.5749, 52.4911,6, 4
40, 3, 26, 198, 354, 11.2591, 18.0651,2, 1
40, 3, 27, 198, 284, 87.5281, 97.1849,11, 10
40, 3, 28, 198, 301, 101.844, 126.88,15, 12
40, 3, 29, 198, 359, 17.5654, 24.532,3, 2
40, 3, 30, 198, 305, 30.7304, 30.7304,4, 4
40, 3, 31, 198, 280, 77.3725, 85.5549,11, 10
40, 3, 32, 198, 352, 78.7385, 128.813,13, 7
40, 3, 33, 198, 342, 10.0908, 10.0908,1, 1
40, 3, 34, 198, 257, 62.8941, 93.9305,9, 5
40, 3, 35, 198, 293, 27.3878, 42.5436,5, 3
40, 3, 36, 198, 322, 16.4706, 24.1391,3, 2
40, 3, 37, 198, 356, 60.5564, 77.2523,7, 5
40, 3, 38, 198, 349, 30.2583, 56.495,6, 3
40, 3, 39, 198, 314, 18.2444, 26.2771,3, 2
40, 3, 40, 198, 326, 0, 0,0, 0
40, 3, 41, 198, 292, 0, 0,0, 0
40, 3, 42, 198, 292, 12.2949, 12.2949,1, 1
40, 3, 43, 198, 326, 16.4747, 16.4747,2, 2
40, 3, 44, 198, 295, 24.9488, 24.9488,3, 3
40, 3, 45, 198, 345, 6.74779, 6.74779,1, 1
40, 3, 46, 198, 346, 8.15687, 15.3314,2, 1
40, 3, 47, 198, 318, 16.5846, 25.1266,3, 2
40, 4, 1, 390, 215, 30.478, 37.3661,4, 3
40, 4, 2, 390, 263, 43.7226, 64.4602,6, 4
40, 4, 3, 390, 198, 24.3167, 45.3513,4, 2
40, 4, 5, 390, 391, 6.76134, 6.76134,1, 1
40, 4, 6, 390, 362, 7.35889, 14.5526,2, 1
40, 4, 7, 390, 288, 22.9661, 44.4477,6, 3
40, 4, 8, 390, 258, 0, 0,0, 0
40, 4, 9, 390, 307, 0, 0,0, 0
40, 4, 10, 390, 330, 16.1475, 23.4578,3, 2
40, 4, 11, 390, 346, 0, 0,0, 0
40, 4, 12, 390, 339, 14.0552, 21.1314,3, 2
40, 4, 13, 390, 369, 0, 0,0, 0
40, 4, 14, 390, 276, 8.31105, 16.5213,2, 1
40, 4, 15, 390, 244, 9.06954, 16.4065,2, 1
40, 4, 16, 390, 263, 10.4454, 18.8913,2, 1
40, 4, 17, 390, 253, 10.8762, 19.7211,2, 1
40, 4, 18, 390, 245, 0, 0,0, 0
40, 4, 19, 390, 282, 6.87818, 6.87818,1, 1
40, 4, 20, 390, 337, 11.6195, 22.8644,2, 1
40, 4, 21, 390, 228, 8.1212, 14.8522,2, 1
40, 4, 22, 390, 263, 12.09, 21.9582,2, 1
40, 4, 23, 390, 331, 7.88895, 14.6375,2, 1
40, 4, 24, 390, 303, 0, 0,0, 0
40, 4, 25, 390, 336, 9.61166, 17.5107,2, 1
40, 4, 26, 390, 354, 7.11094, 7.11094,1, 1
40, 4, 27, 390, 284, 17.1564, 26.4574,3, 2
40, 4, 28, 390, 301, 26.5972, 42.7089,5, 3
40, 4, 29, 390, 359, 28.8197, 42.7927,6, 4
40, 4, 30, 390, 305, 14.4425, 21.5746,3, 2
40, 4, 31, 390, 280, 8.71272, 8.71272,1, 1
40, 4, 32, 390, 352, 31.0858, 49.5141,5, 3
40, 4, 33, 390, 342, 0, 0,0, 0
40, 4, 34, 390, 257, 15.8864, 15.8864,2, 2
40, 4, 35, 390, 293, 8.57108, 15.841,2, 1
40, 4, 36, 390, 322, 7.9509, 15.8445,2, 1
40, 4, 37, 390, 356, 21.1768, 38.0755,4, 2
40, 4, 38, 390, 349, 17.4676, 32.88,4, 2
40, 4, 39, 390, 314, 8.62652, 16.4186,2, 1
40, 4, 40, 390, 326, 13.7404, 13.7404,2, 2
40, 4, 41, 390, 292, 6.68091, 6.68091,1, 1
40, 4, 42, 390, 292, 7.75466, 7.75466,1, 1
40, 4, 43, 390, 326, 6.80652, 6.80652,1, 1
40, 4, 44, 390, 295, 7.64854, 14.8519,2, 1
40, 4, 45, 390, 345, 7.12407, 7.12407,1, 1
40, 4, 46, 390, 346, 7.97135, 15.8521,2, 1
40, 4, 47, 390, 318, 15.9799, 24.5276,3, 2
40, 5, 1, 391, 215, 0, 0,0, 0
40, 5, 2, 391, 263, 50.4565, 50.4565,6, 6
40, 5, 3, 391, 198, 7.44979, 7.44979,1, 1
40, 5, 4, 391, 390, 6.76141, 6.76141,1, 1
40, 5, 6, 391, 362, 281.211, 290.856,32, 31
40, 5, 7, 391, 288, 93.1468, 110.732,13, 11
40, 5, 8, 391, 258, 52.7575, 60.0971,7, 6
40, 5, 9, 391, 307, 8.11103, 8.11103,1, 1
40, 5, 10, 391, 330, 15.9, 15.9,2, 2
40, 5, 11, 391, 346, 51.7386, 51.7386,6, 6
40, 5, 12, 391, 339, 137.905, 160.562,15, 13
40, 5, 13, 391, 369, 81.293, 81.293,9, 9
40, 5, 14, 391, 276, 31.7823, 31.7823,4, 4
40, 5, 15, 391, 244, 46.3287, 53.4803,6, 5
40, 5, 16, 391, 263, 20.8969, 20.8969,3, 3
40, 5, 17, 391, 253, 38.9426, 38.9426,5, 5
40, 5, 18, 391, 245, 55.3872, 55.3872,7, 7
40, 5, 19, 391, 282, 30.7051, 30.7051,4, 4
40, 5, 20, 391, 337, 65.8875, 89.4707,10, 7
40, 5, 21, 391, 228, 66.5603, 66.5603,8, 8
40, 5, 22, 391, 263, 89.2278, 96.7489,12, 11
40, 5, 23, 391, 331, 23.8461, 23.8461,3, 3
40, 5, 24, 391, 303, 26.984, 26.984,3, 3
40, 5, 25, 391, 336, 65.8367, 73.5195,9, 8
40, 5, 26, 391, 354, 41.7015, 49.0548,6, 5
40, 5, 27, 391, 284, 10.449, 18.0673,2, 1
40, 5, 28, 391, 301, 45.6577, 59.8606,7, 5
40, 5, 29, 391, 359, 80.5652, 102.816,9, 7
40, 5, 30, 391, 305, 67.0816, 77.0288,9, 8
40, 5, 31, 391, 280, 41.1474, 41.1474,5, 5
40, 5, 32, 391, 352, 17.9365, 25.2204,3, 2
40, 5, 33, 391, 342, 33.1938, 40.9905,5, 4
40, 5, 34, 391, 257, 74.7076, 74.7076,9, 9
40, 5, 35, 391, 293, 6.6986, 6.6986,1, 1
40, 5, 36, 391, 322, 131.531, 147.89,16, 14
40, 5, 37, 391, 356, 33.5179, 41.0969,5, 4
40, 5, 38, 391, 349, 18.4748, 25.8975,3, 2
40, 5, 39, 391, 314, 45.0985, 45.0985,5, 5
40, 5, 40, 391, 326, 31.7019, 39.3173,5, 4
40, 5, 41, 391, 292, 59.2751, 73.3333,9, 7
40, 5, 42, 391, 292, 63.2491, 63.2491,7, 7
40, 5, 43, 391, 326, 50.1937, 59.1916,7, 6
40, 5, 44, 391, 295, 327.617, 362.954,36, 32
40, 5, 45, 391, 345, 48.4142, 48.4142,6, 6
40, 5, 46, 391, 346, 227.842, 245.17,27, 25
40, 5, 47, 391, 318, 71.8208, 79.2831,9, 8
40, 6, 1, 362, 215, 14.9495, 14.9495,2, 2
40, 6, 2, 362, 263, 16.9761, 16.9761,2, 2
40, 6, 3, 362, 198, 7.66252, 7.66252,1, 1
40, 6, 4, 362, 390, 14.5526, 14.5526,2, 2
40, 6, 5, 362, 391, 283.801, 290.857,32, 31
40, 6, 7, 362, 288, 62.1624, 62.1624,7, 7
40, 6, 8, 362, 258, 29.7478, 29.7478,4, 4
40, 6, 9, 362, 307, 267.809, 558.112,65, 29
40, 6, 10, 362, 330, 249.956, 430.151,49, 27
40, 6, 11, 362, 346, 253.428, 480.754,59, 29
40, 6, 12, 362, 339, 142.616, 245.593,27, 15
40, 6, 13, 362, 369, 49.8962, 71.5572,9, 6
40, 6, 14, 362, 276, 66.4041, 73.2822,9, 8
40, 6, 15, 362, 244, 33.5957, 33.5957,4, 4
40, 6, 16, 362, 263, 52.3825, 52.3825,7, 7
40, 6, 17, 362, 253, 17.6007, 17.6007,2, 2
40, 6, 18, 362, 245, 24.3756, 24.3756,3, 3
40, 6, 19, 362, 282, 0, 0,0, 0
40, 6, 20, 362, 337, 50.1716, 57.262,7, 6
40, 6, 21, 362, 228, 50.4052, 50.4052,6, 6
40, 6, 22, 362, 263, 137.557, 167.99,18, 14
40, 6, 23, 362, 331, 64.4171, 71.7697,8, 7
40, 6, 24, 362, 303, 83.0545, 91.9392,12, 11
40, 6, 25, 362, 336, 50.0506, 50.0506,6, 6
40, 6, 26, 362, 354, 17.8777, 17.8777,2, 2
40, 6, 27, 362, 284, 26.707, 26.707,3, 3
40, 6, 28, 362, 301, 53.5482, 53.5482,6, 6
40, 6, 29, 362, 359, 129.389, 194.057,23, 15
40, 6, 30, 362, 305, 24.1972, 24.1972,3, 3
40, 6, 31, 362, 280, 24.2261, 24.2261,3, 3
40, 6, 32, 362, 352, 108.384, 115.245,15, 14
40, 6, 33, 362, 342, 257.327, 506.97,63, 30
40, 6, 34, 362, 257, 94.9863, 110.156,13, 11
40, 6, 35, 362, 293, 130.333, 238.58,27, 13
40, 6, 36, 362, 322, 99.8685, 154.001,18, 11
40, 6, 37, 362, 356, 74.1672, 87.9322,11, 9
40, 6, 38, 362, 349, 316.9, 554.203,66, 35
40, 6, 39, 362, 314, 372.976, 688.427,76, 37
40, 6, 40, 362, 326, 30.1887, 30.1887,4, 4
40, 6, 41, 362, 292, 50.9636, 50.9636,7, 7
40, 6, 42, 362, 292, 39.855, 46.9731,6, 5
40, 6, 43, 362, 326, 247.757, 495.13,59, 27
40, 6, 44, 362, 295, 331.692, 357.635,39, 36
40, 6, 45, 362, 345, 681.413, 1044.79,114, 71
40, 6, 46, 362, 346, 510.658, 600.086,69, 59
40, 6, 47, 362, 318, 380.954, 560.945,60, 38
40, 7, 1, 288, 215, 0, 0,0, 0
40, 7, 2, 288, 263, 94.3654, 115.058,14, 11
40, 7, 3, 288, 198, 31.3514, 31.3514,4, 4
40, 7, 4, 288, 390, 29.9593, 44.4478,6, 4
40, 7, 5, 288, 391, 95.3332, 110.733,13, 11
40, 7, 6, 288, 362, 47.5685, 62.1624,7, 5
40, 7, 8, 288, 258, 221.503, 221.503,27, 27
40, 7, 9, 288, 307, 0, 0,0, 0
40, 7, 10, 288, 330, 8.10886, 8.10886,1, 1
40, 7, 11, 288, 346, 82.9635, 102.597,10, 8
40, 7, 12, 288, 339, 123.347, 139.057,13, 11
40, 7, 13, 288, 369, 22.9951, 22.9951,3, 3
40, 7, 14, 288, 276, 681.298, 734.463,72, 66
40, 7, 15, 288, 244, 533.022, 581.276,60, 54
40, 7, 16, 288, 263, 49.2339, 57.5445,7, 6
40, 7, 17, 288, 253, 58.6925, 66.3327,8, 7
40, 7, 18, 288, 245, 153.351, 175.338,20, 17
40, 7, 19, 288, 282, 61.5968, 68.3252,8, 7
40, 7, 20, 288, 337, 554.697, 627.773,66, 57
40, 7, 21, 288, 228, 83.9355, 91.9533,11, 10
40, 7, 22, 288, 263, 220.865, 242.915,27, 24
40, 7, 23, 288, 331, 119.391, 126.73,15, 14
40, 7, 24, 288, 303, 32.3405, 32.3405,4, 4
40, 7, 25, 288, 336, 739.571, 816.289,83, 74
40, 7, 26, 288, 354, 39.7241, 39.7241,5, 5
40, 7, 27, 288, 284, 39.2351, 39.2351,4, 4
40, 7, 28, 288, 301, 127.545, 146.071,16, 14
40, 7, 29, 288, 359, 56.4875, 63.3648,6, 5
40, 7, 30, 288, 305, 61.6151, 61.6151,6, 6
40, 7, 31, 288, 280, 68.5992, 97.0946,12, 8
40, 7, 32, 288, 352, 299.705, 327.746,38, 35
40, 7, 33, 288, 342, 31.054, 31.054,4, 4
40, 7, 34, 288, 257, 128.244, 135.471,14, 13
40, 7, 35, 288, 293, 77.7959, 77.7959,9, 9
40, 7, 36, 288, 322, 82.7174, 89.5776,10, 9
40, 7, 37, 288, 356, 335.296, 369.64,39, 35
40, 7, 38, 288, 349, 20.3533, 20.3533,2, 2
40, 7, 39, 288, 314, 7.97774, 7.97774,1, 1
40, 7, 40, 288, 326, 25.2833, 25.2833,3, 3
40, 7, 41, 288, 292, 36.9525, 47.0535,5, 4
40, 7, 42, 288, 292, 61.9875, 76.4229,9, 7
40, 7, 43, 288, 326, 91.7913, 111.861,11, 9
40, 7, 44, 288, 295, 52.3482, 68.7281,7, 5
40, 7, 45, 288, 345, 0, 0,0, 0
40, 7, 46, 288, 346, 75.7839, 83.594,10, 9
40, 7, 47, 288, 318, 47.6773, 47.6773,6, 6
40, 8, 1, 258, 215, 0, 0,0, 0
40, 8, 2, 258, 263, 29.7331, 29.7331,4, 4
40, 8, 3, 258, 198, 37.7011, 37.7011,5, 5
40, 8, 4, 258, 390, 0, 0,0, 0
40, 8, 5, 258, 391, 60.0972, 60.0972,7, 7
40, 8, 6, 258, 362, 29.7478, 29.7478,4, 4
40, 8, 7, 258, 288, 206.591, 221.503,27, 25
40, 8, 9, 258, 307, 0, 0,0, 0
40, 8, 10, 258, 330, 0, 0,0, 0
40, 8, 11, 258, 346, 46.6335, 46.6335,5, 5
40, 8, 12, 258, 339, 80.8021, 80.8021,9, 9
40, 8, 13, 258, 369, 116.551, 123.959,15, 14
40, 8, 14, 258, 276, 128.017, 134.833,16, 15
40, 8, 15, 258, 244, 318.206, 327.286,34, 33
40, 8, 16, 258, 263, 16.1413, 23.8922,3, 2
40, 8, 17, 258, 253, 43.0661, 43.0661,6, 6
40, 8, 18, 258, 245, 131.27, 145.64,16, 14
40, 8, 19, 258, 282, 295.576, 295.576,32, 32
40, 8, 20, 258, 337, 352.721, 374.921,41, 38
40, 8, 21, 258, 228, 226.014, 226.014,24, 24
40, 8, 22, 258, 263, 98.0729, 98.0729,11, 11
40, 8, 23, 258, 331, 25.1716, 25.1716,3, 3
40, 8, 24, 258, 303, 0, 0,0, 0
40, 8, 25, 258, 336, 137.08, 144.211,17, 16
40, 8, 26, 258, 354, 89.5733, 96.4126,13, 12
40, 8, 27, 258, 284, 39.5889, 39.5889,5, 5
40, 8, 28, 258, 301, 111.661, 111.661,13, 13
40, 8, 29, 258, 359, 85.1667, 85.1667,10, 10
40, 8, 30, 258, 305, 81.9168, 81.9168,9, 9
40, 8, 31, 258, 280, 50.9918, 57.7854,7, 6
40, 8, 32, 258, 352, 60.6105, 60.6105,8, 8
40, 8, 33, 258, 342, 39.4792, 39.4792,5, 5
40, 8, 34, 258, 257, 99.6117, 99.6117,10, 10
40, 8, 35, 258, 293, 18.2394, 18.2394,2, 2
40, 8, 36, 258, 322, 90.8378, 90.8378,10, 10
40, 8, 37, 258, 356, 56.3828, 56.3828,7, 7
40, 8, 38, 258, 349, 0, 0,0, 0
40, 8, 39, 258, 314, 13.9284, 13.9284,2, 2
40, 8, 40, 258, 326, 119.91, 127.772,14, 13
40, 8, 41, 258, 292, 72.3597, 72.3597,8, 8
40, 8, 42, 258, 292, 89.7843, 96.997,12, 11
40, 8, 43, 258, 326, 43.6302, 43.6302,5, 5
40, 8, 44, 258, 295, 24.5824, 24.5824,3, 3
40, 8, 45, 258, 345, 21.8064, 21.8064,3, 3
40, 8, 46, 258, 346, 28.4208, 28.4208,4, 4
40, 8, 47, 258, 318, 56.2451, 56.2451,7, 7
40, 9, 1, 307, 215, 7.85647, 15.2257,2, 1
40, 9, 2, 307, 263, 0, 0,0, 0
40, 9, 3, 307, 198, 0, 0,0, 0
40, 9, 4, 307, 390, 0, 0,0, 0
40, 9, 5, 307, 391, 8.11107, 8.11107,1, 1
40, 9, 6, 307, 362, 304.06, 558.11,65, 33
40, 9, 7, 307, 288, 0, 0,0, 0
40, 9, 8, 307, 258, 0, 0,0, 0
40, 9, 10, 307, 330, 1098.38, 1863.06,195, 98
40, 9, 11, 307, 346, 602.809, 1064.22,111, 54
40, 9, 12, 307, 339, 226.486, 328.37,34, 22
40, 9, 13, 307, 369, 15.4593, 15.4593,2, 2
40, 9, 14, 307, 276, 0, 0,0, 0
40, 9, 15, 307, 244, 0, 0,0, 0
40, 9, 16, 307, 263, 22.9519, 30.6582,4, 3
40, 9, 17, 307, 253, 0, 0,0, 0
40, 9, 18, 307, 245, 0, 0,0, 0
40, 9, 19, 307, 282, 0, 0,0, 0
40, 9, 20, 307, 337, 0, 0,0, 0
40, 9, 21, 307, 228, 0, 0,0, 0
40, 9, 22, 307, 263, 0, 0,0, 0
40, 9, 23, 307, 331, 36.5362, 36.5362,5, 5
40, 9, 24, 307, 303, 49.7351, 64.7996,8, 6
40, 9, 25, 307, 336, 0, 0,0, 0
40, 9, 26, 307, 354, 0, 0,0, 0
40, 9, 27, 307, 284, 8.24016, 8.24016,1, 1
40, 9, 28, 307, 301, 0, 0,0, 0
40, 9, 29, 307, 359, 71.7938, 103.654,12, 8
40, 9, 30, 307, 305, 0, 0,0, 0
40, 9, 31, 307, 280, 7.11212, 7.11212,1, 1
40, 9, 32, 307, 352, 22.6449, 22.6449,3, 3
40, 9, 33, 307, 342, 419.844, 839.373,98, 45
40, 9, 34, 307, 257, 0, 0,0, 0
40, 9, 35, 307, 293, 195.512, 295.698,38, 24
40, 9, 36, 307, 322, 52.8142, 80.9119,9, 6
40, 9, 37, 307, 356, 32.6203, 46.1458,6, 4
40, 9, 38, 307, 349, 619.594, 1285.02,153, 68
40, 9, 39, 307, 314, 552.121, 1050.7,116, 54
40, 9, 40, 307, 326, 0, 0,0, 0
40, 9, 41, 307, 292, 0, 0,0, 0
40, 9, 42, 307, 292, 23.1476, 30.0787,4, 3
40, 9, 43, 307, 326, 416.311, 835.847,96, 44
40, 9, 44, 307, 295, 0, 0,0, 0
40, 9, 45, 307, 345, 466.984, 881.481,106, 51
40, 9, 46, 307, 346, 37.8833, 57.4929,6, 4
40, 9, 47, 307, 318, 79.3599, 166.328,20, 9
40, 10, 1, 330, 215, 13.5892, 13.5892,2, 2
40, 10, 2, 330, 263, 26.6966, 48.1479,4, 2
40, 10, 3, 330, 198, 27.1236, 52.5297,6, 3
40, 10, 4, 330, 390, 16.3835, 23.4578,3, 2
40, 10, 5, 330, 391, 15.8999, 15.8999,2, 2
40, 10, 6, 330, 362, 215.811, 430.15,49, 23
40, 10, 7, 330, 288, 8.10886, 8.10886,1, 1
40, 10, 8, 330, 258, 0, 0,0, 0
40, 10, 9, 330, 307, 1089.03, 1863.05,195, 100
40, 10, 11, 330, 346, 957.944, 1472.01,159, 97
40, 10, 12, 330, 339, 460.362, 542.18,59, 49
40, 10, 13, 330, 369, 54.6949, 54.6949,7, 7
40, 10, 14, 330, 276, 28.6921, 36.5802,4, 3
40, 10, 15, 330, 244, 16.9969, 31.7656,2, 1
40, 10, 16, 330, 263, 56.2884, 69.1809,6, 5
40, 10, 17, 330, 253, 16.8293, 30.346,2, 1
40, 10, 18, 330, 245, 9.44624, 18.8803,2, 1
40, 10, 19, 330, 282, 0, 0,0, 0
40, 10, 20, 330, 337, 10.2697, 20.2204,2, 1
40, 10, 21, 330, 228, 24.3905, 36.8786,2, 1
40, 10, 22, 330, 263, 15.6419, 29.8592,2, 1
40, 10, 23, 330, 331, 64.0388, 86.1532,9, 7
40, 10, 24, 330, 303, 91.0884, 112.339,15, 12
40, 10, 25, 330, 336, 21.2978, 34.0957,2, 1
40, 10, 26, 330, 354, 9.1751, 9.1751,1, 1
40, 10, 27, 330, 284, 19.4262, 27.9837,3, 2
40, 10, 28, 330, 301, 59.6256, 88.0988,7, 5
40, 10, 29, 330, 359, 55.0505, 111.342,13, 6
40, 10, 30, 330, 305, 13.8431, 13.8431,2, 2
40, 10, 31, 330, 280, 0, 0,0, 0
40, 10, 32, 330, 352, 104.671, 125.564,12, 10
40, 10, 33, 330, 342, 364.141, 766.347,87, 36
40, 10, 34, 330, 257, 63.8343, 84.9215,9, 7
40, 10, 35, 330, 293, 320.382, 499.698,55, 34
40, 10, 36, 330, 322, 148.944, 171.112,18, 15
40, 10, 37, 330, 356, 54.1299, 79.6641,8, 5
40, 10, 38, 330, 349, 539.668, 1202.69,134, 54
40, 10, 39, 330, 314, 721.471, 1261.47,144, 76
40, 10, 40, 330, 326, 0, 0,0, 0
40, 10, 41, 330, 292, 10.8693, 10.8693,1, 1
40, 10, 42, 330, 292, 51.8457, 72.4933,10, 7
40, 10, 43, 330, 326, 399.683, 825.543,100, 45
40, 10, 44, 330, 295, 23.2517, 23.2517,3, 3
40, 10, 45, 330, 345, 321.208, 642.548,72, 33
40, 10, 46, 330, 346, 50.4702, 74.0919,9, 6
40, 10, 47, 330, 318, 116.802, 221.105,26, 13
40, 11, 1, 346, 215, 22.9537, 30.1353,4, 3
40, 11, 2, 346, 263, 0, 0,0, 0
40, 11, 3, 346, 198, 6.98131, 6.98131,1, 1
40, 11, 4, 346, 390, 0, 0,0, 0
40, 11, 5, 346, 391, 51.7387, 51.7387,6, 6
40, 11, 6, 346, 362, 290.763, 480.753,59, 34
40, 11, 7, 346, 288, 83.6145, 102.597,10, 8
40, 11, 8, 346, 258, 46.6335, 46.6335,5, 5
40, 11, 9, 346, 307, 684.149, 1064.23,111, 65
40, 11, 10, 346, 330, 979.977, 1472.02,159, 100
40, 11, 12, 346, 339, 875.929, 1042.58,102, 82
40, 11, 13, 346, 369, 250.7, 268.207,33, 31
40, 11, 14, 346, 276, 22.4529, 30.0059,4, 3
40, 11, 15, 346, 244, 61.408, 68.5649,7, 6
40, 11, 16, 346, 263, 32.1375, 38.9709,5, 4
40, 11, 17, 346, 253, 23.6127, 30.5999,4, 3
40, 11, 18, 346, 245, 45.6845, 54.6607,6, 5
40, 11, 19, 346, 282, 6.73515, 6.73515,1, 1
40, 11, 20, 346, 337, 53.9067, 53.9067,6, 6
40, 11, 21, 346, 228, 23.7335, 23.7335,3, 3
40, 11, 22, 346, 263, 17.7522, 17.7522,2, 2
40, 11, 23, 346, 331, 7.09912, 7.09912,1, 1
40, 11, 24, 346, 303, 32.3269, 60.2892,6, 3
40, 11, 25, 346, 336, 27.7554, 35.9205,3, 2
40, 11, 26, 346, 354, 7.22817, 7.22817,1, 1
40, 11, 27, 346, 284, 33.8034, 33.8034,4, 4
40, 11, 28, 346, 301, 61.8516, 70.3311,8, 7
40, 11, 29, 346, 359, 131.36, 185.457,20, 13
40, 11, 30, 346, 305, 21.9283, 21.9283,2, 2
40, 11, 31, 346, 280, 63.1908, 71.1892,8, 7
40, 11, 32, 346, 352, 44.9049, 51.9346,7, 6
40, 11, 33, 346, 342, 373.414, 554.633,67, 44
40, 11, 34, 346, 257, 172.121, 180.459,20, 19
40, 11, 35, 346, 293, 262.203, 404.047,46, 28
40, 11, 36, 346, 322, 335.702, 413.743,44, 35
40, 11, 37, 346, 356, 23.9666, 39.3275,5, 3
40, 11, 38, 346, 349, 410.446, 591.387,70, 48
40, 11, 39, 346, 314, 550.564, 862.234,100, 61
40, 11, 40, 346, 326, 28.6372, 28.6372,4, 4
40, 11, 41, 346, 292, 59.6211, 59.6211,7, 7
40, 11, 42, 346, 292, 134.943, 165.905,18, 14
40, 11, 43, 346, 326, 408.917, 561.901,65, 45
40, 11, 44, 346, 295, 46.2187, 46.2187,5, 5
40, 11, 45, 346, 345, 307.196, 497.497,62, 37
40, 11, 46, 346, 346, 134.23, 176.406,19, 14
40, 11, 47, 346, 318, 139.34, 231.014,29, 17
40, 12, 1, 339, 215, 17.3681, 25.0045,3, 2
40, 12, 2, 339, 263, 37.6025, 53.9804,7, 5
40, 12, 3, 339, 198, 19.3734, 27.774,3, 2
40, 12, 4, 339, 390, 14.3746, 27.7982,4, 2
40, 12, 5, 339, 391, 112.877, 160.562,15, 11
40, 12, 6, 339, 362, 146.557, 245.592,27, 16
40, 12, 7, 339, 288, 104.516, 139.06,13, 10
40, 12, 8, 339, 258, 52.2472, 80.803,9, 6
40, 12, 9, 339, 307, 242.504, 328.37,34, 24
40, 12, 10, 339, 330, 458.97, 542.181,59, 49
40, 12, 11, 339, 346, 877.79, 1042.58,102, 83
40, 12, 13, 339, 369, 529.496, 594.971,66, 58
40, 12, 14, 339, 276, 24.2849, 34.3332,4, 3
40, 12, 15, 339, 244, 93.5067, 123.682,12, 9
40, 12, 16, 339, 263, 51.8078, 68.1689,9, 7
40, 12, 17, 339, 253, 55.1216, 64.1206,8, 7
40, 12, 18, 339, 245, 75.9996, 85.7667,10, 9
40, 12, 19, 339, 282, 54.098, 63.2319,7, 6
40, 12, 20, 339, 337, 118.015, 138.276,15, 13
40, 12, 21, 339, 228, 53.1149, 53.1149,6, 6
40, 12, 22, 339, 263, 60.1513, 69.5122,7, 6
40, 12, 23, 339, 331, 23.3326, 30.6136,4, 3
40, 12, 24, 339, 303, 16.3521, 16.3521,2, 2
40, 12, 25, 339, 336, 87.179, 101.321,12, 10
40, 12, 26, 339, 354, 29.2488, 37.4276,4, 3
40, 12, 27, 339, 284, 51.3645, 66.4047,6, 5
40, 12, 28, 339, 301, 63.8139, 90.9196,10, 7
40, 12, 29, 339, 359, 134.081, 173.004,15, 13
40, 12, 30, 339, 305, 60.7788, 72.4666,8, 7
40, 12, 31, 339, 280, 16.7916, 16.7916,2, 2
40, 12, 32, 339, 352, 32.3289, 42.319,5, 4
40, 12, 33, 339, 342, 88.3852, 99.6585,10, 9
40, 12, 34, 339, 257, 216.576, 252.637,30, 25
40, 12, 35, 339, 293, 31.6702, 39.1154,5, 4
40, 12, 36, 339, 322, 381.997, 493.039,46, 36
40, 12, 37, 339, 356, 33.7828, 44.0588,5, 4
40, 12, 38, 339, 349, 47.6549, 70.6392,7, 5
40, 12, 39, 339, 314, 63.163, 72.5411,9, 8
40, 12, 40, 339, 326, 82.6034, 98.7526,12, 10
40, 12, 41, 339, 292, 164.786, 191.032,22, 19
40, 12, 42, 339, 292, 200.214, 223.06,24, 21
40, 12, 43, 339, 326, 88.5592, 102.204,11, 10
40, 12, 44, 339, 295, 97.7994, 124.441,12, 10
40, 12, 45, 339, 345, 87.9408, 126.877,14, 10
40, 12, 46, 339, 346, 148.496, 218.656,25, 17
40, 12, 47, 339, 318, 62.1017, 90.3377,9, 6
40, 13, 1, 369, 215, 0, 0,0, 0
40, 13, 2, 369, 263, 27.034, 27.034,3, 3
40, 13, 3, 369, 198, 0, 0,0, 0
40, 13, 4, 369, 390, 0, 0,0, 0
40, 13, 5, 369, 391, 81.2932, 81.2932,9, 9
40, 13, 6, 369, 362, 71.5569, 71.5569,9, 9
40, 13, 7, 369, 288, 22.995, 22.995,3, 3
40, 13, 8, 369, 258, 117.228, 123.96,15, 14
40, 13, 9, 369, 307, 15.4592, 15.4592,2, 2
40, 13, 10, 369, 330, 54.6952, 54.6952,7, 7
40, 13, 11, 369, 346, 261.275, 268.206,33, 32
40, 13, 12, 369, 339, 570.129, 594.97,66, 63
40, 13, 14, 369, 276, 16.5292, 16.5292,2, 2
40, 13, 15, 369, 244, 35.0116, 35.0116,4, 4
40, 13, 16, 369, 263, 0, 0,0, 0
40, 13, 17, 369, 253, 47.6844, 47.6844,6, 6
40, 13, 18, 369, 245, 51.6291, 51.6291,6, 6
40, 13, 19, 369, 282, 93.2506, 115.973,14, 11
40, 13, 20, 369, 337, 50.0438, 50.0438,6, 6
40, 13, 21, 369, 228, 78.2479, 85.1144,10, 9
40, 13, 22, 369, 263, 31.3828, 31.3828,4, 4
40, 13, 23, 369, 331, 0, 0,0, 0
40, 13, 24, 369, 303, 0, 0,0, 0
40, 13, 25, 369, 336, 59.8015, 59.8015,7, 7
40, 13, 26, 369, 354, 27.3815, 27.3815,3, 3
40, 13, 27, 369, 284, 23.2182, 23.2182,3, 3
40, 13, 28, 369, 301, 20.9854, 20.9854,2, 2
40, 13, 29, 369, 359, 82.3102, 82.3102,9, 9
40, 13, 30, 369, 305, 52.2876, 52.2876,6, 6
40, 13, 31, 369, 280, 40.5084, 40.5084,4, 4
40, 13, 32, 369, 352, 0, 0,0, 0
40, 13, 33, 369, 342, 60.2856, 60.2856,7, 7
40, 13, 34, 369, 257, 94.4821, 94.4821,11, 11
40, 13, 35, 369, 293, 0, 0,0, 0
40, 13, 36, 369, 322, 178.883, 185.627,20, 19
40, 13, 37, 369, 356, 0, 0,0, 0
40, 13, 38, 369, 349, 18.1356, 18.1356,2, 2
40, 13, 39, 369, 314, 7.74853, 7.74853,1, 1
40, 13, 40, 369, 326, 131.423, 145.739,17, 15
40, 13, 41, 369, 292, 92.2202, 98.8901,11, 10
40, 13, 42, 369, 292, 109.13, 117.01,13, 12
40, 13, 43, 369, 326, 50.8397, 50.8397,7, 7
40, 13, 44, 369, 295, 60.0494, 60.0494,4, 4
40, 13, 45, 369, 345, 27.9881, 27.9881,3, 3
40, 13, 46, 369, 346, 37.1321, 37.1321,4, 4
40, 13, 47, 369, 318, 6.68211, 6.68211,1, 1
40, 14, 1, 276, 215, 29.0474, 40.3194,4, 3
40, 14, 2, 276, 263, 47.3619, 47.3619,5, 5
40, 14, 3, 276, 198, 24.1698, 24.1698,3, 3
40, 14, 4, 276, 390, 16.5213, 16.5213,2, 2
40, 14, 5, 276, 391, 31.7824, 31.7824,4, 4
40, 14, 6, 276, 362, 51.9274, 73.2822,9, 6
40, 14, 7, 276, 288, 696.892, 734.464,72, 68
40, 14, 8, 276, 258, 134.833, 134.833,16, 16
40, 14, 9, 276, 307, 0, 0,0, 0
40, 14, 10, 276, 330, 28.7925, 36.5801,4, 3
40, 14, 11, 276, 346, 22.1563, 30.0059,4, 3
40, 14, 12, 276, 339, 34.3332, 34.3332,4, 4
40, 14, 13, 276, 369, 16.5292, 16.5292,2, 2
40, 14, 15, 276, 244, 454.182, 493.151,54, 49
40, 14, 16, 276, 263, 166.798, 173.507,20, 19
40, 14, 17, 276, 253, 187.902, 204.48,21, 19
40, 14, 18, 276, 245, 96.1612, 96.1612,12, 12
40, 14, 19, 276, 282, 36.9883, 36.9883,4, 4
40, 14, 20, 276, 337, 358.83, 397.346,46, 41
40, 14, 21, 276, 228, 32.2158, 32.2158,4, 4
40, 14, 22, 276, 263, 166.204, 211.601,24, 18
40, 14, 23, 276, 331, 178.1, 207.793,24, 20
40, 14, 24, 276, 303, 127.017, 142.031,17, 15
40, 14, 25, 276, 336, 578.934, 617.618,61, 56
40, 14, 26, 276, 354, 25.1038, 25.1038,3, 3
40, 14, 27, 276, 284, 32.9939, 32.9939,3, 3
40, 14, 28, 276, 301, 82.3997, 82.3997,8, 8
40, 14, 29, 276, 359, 28.0594, 34.8348,4, 3
40, 14, 30, 276, 305, 31.6622, 31.6622,4, 4
40, 14, 31, 276, 280, 26.8063, 26.8063,3, 3
40, 14, 32, 276, 352, 724.775, 867.105,82, 67
40, 14, 33, 276, 342, 0, 0,0, 0
40, 14, 34, 276, 257, 90.9357, 90.9357,10, 10
40, 14, 35, 276, 293, 89.4011, 89.4011,10, 10
40, 14, 36, 276, 322, 74.3996, 81.2797,10, 9
40, 14, 37, 276, 356, 657.045, 757.307,79, 67
40, 14, 38, 276, 349, 20.374, 20.374,2, 2
40, 14, 39, 276, 314, 47.4642, 61.2202,7, 5
40, 14, 40, 276, 326, 0, 0,0, 0
40, 14, 41, 276, 292, 17.818, 17.818,2, 2
40, 14, 42, 276, 292, 7.68105, 7.68105,1, 1
40, 14, 43, 276, 326, 17.8616, 25.3291,3, 2
40, 14, 44, 276, 295, 55.951, 55.951,7, 7
40, 14, 45, 276, 345, 38.2235, 45.0224,6, 5
40, 14, 46, 276, 346, 45.9731, 45.9731,5, 5
40, 14, 47, 276, 318, 87.299, 109.543,12, 9
40, 15, 1, 244, 215, 7.26506, 7.26506,1, 1
40, 15, 2, 244, 263, 70.5597, 70.5597,6, 6
40, 15, 3, 244, 198, 40.9264, 40.9264,4, 4
40, 15, 4, 244, 390, 16.4064, 16.4064,2, 2
40, 15, 5, 244, 391, 53.4804, 53.4804,6, 6
40, 15, 6, 244, 362, 33.5957, 33.5957,4, 4
40, 15, 7, 244, 288, 565.85, 581.277,60, 58
40, 15, 8, 244, 258, 319.955, 327.286,34, 33
40, 15, 9, 244, 307, 0, 0,0, 0
40, 15, 10, 244, 330, 31.7653, 31.7653,2, 2
40, 15, 11, 244, 346, 68.5649, 68.5649,7, 7
40, 15, 12, 244, 339, 123.68, 123.68,12, 12
40, 15, 13, 244, 369, 35.0111, 35.0111,4, 4
40, 15, 14, 244, 276, 471.259, 493.151,54, 51
40, 15, 16, 244, 263, 49.9078, 49.9078,5, 5
40, 15, 17, 244, 253, 69.5404, 69.5404,7, 7
40, 15, 18, 244, 245, 159.816, 159.816,17, 17
40, 15, 19, 244, 282, 122.531, 122.531,14, 14
40, 15, 20, 244, 337, 750.208, 820.736,85, 77
40, 15, 21, 244, 228, 204.858, 211.753,21, 20
40, 15, 22, 244, 263, 244.426, 244.426,25, 25
40, 15, 23, 244, 331, 60.442, 60.442,6, 6
40, 15, 24, 244, 303, 14.2293, 14.2293,2, 2
40, 15, 25, 244, 336, 505.182, 516.057,52, 51
40, 15, 26, 244, 354, 28.6169, 28.6169,4, 4
40, 15, 27, 244, 284, 10.2945, 10.2945,1, 1
40, 15, 28, 244, 301, 73.8496, 73.8496,7, 7
40, 15, 29, 244, 359, 39.2694, 39.2694,5, 5
40, 15, 30, 244, 305, 55.2258, 55.2258,5, 5
40, 15, 31, 244, 280, 48.6168, 48.6168,6, 6
40, 15, 32, 244, 352, 277.715, 301.393,33, 30
40, 15, 33, 244, 342, 75.5188, 75.5188,8, 8
40, 15, 34, 244, 257, 215.518, 222.609,24, 23
40, 15, 35, 244, 293, 57.7111, 57.7111,6, 6
40, 15, 36, 244, 322, 85.9897, 85.9897,10, 10
40, 15, 37, 244, 356, 180.479, 180.479,19, 19
40, 15, 38, 244, 349, 30.2409, 30.2409,2, 2
40, 15, 39, 244, 314, 19.3147, 19.3147,2, 2
40, 15, 40, 244, 326, 57.3793, 57.3793,6, 6
40, 15, 41, 244, 292, 65.1857, 65.1857,8, 8
40, 15, 42, 244, 292, 72.2363, 72.2363,8, 8
40, 15, 43, 244, 326, 46.7637, 46.7637,6, 6
40, 15, 44, 244, 295, 80.9147, 80.9147,10, 10
40, 15, 45, 244, 345, 8.16251, 8.16251,1, 1
40, 15, 46, 244, 346, 72.6706, 72.6706,8, 8
40, 15, 47, 244, 318, 72.7209, 79.4172,10, 9
40, 16, 1, 263, 215, 49.9849, 49.9849,6, 6
40, 16, 2, 263, 263, 37.3227, 52.0252,5, 3
40, 16, 3, 263, 198, 58.9056, 74.6899,8, 6
40, 16, 4, 263, 390, 18.8915, 18.8915,2, 2
40, 16, 5, 263, 391, 14.178, 20.8969,3, 2
40, 16, 6, 263, 362, 37.7873, 52.3823,7, 5
40, 16, 7, 263, 288, 50.0552, 57.5443,7, 6
40, 16, 8, 263, 258, 23.8923, 23.8923,3, 3
40, 16, 9, 263, 307, 22.7249, 30.6582,4, 3
40, 16, 10, 263, 330, 58.9244, 69.1812,6, 5
40, 16, 11, 263, 346, 38.9707, 38.9707,5, 5
40, 16, 12, 263, 339, 45.8046, 68.1689,9, 6
40, 16, 13, 263, 369, 0, 0,0, 0
40, 16, 14, 263, 276, 126.945, 173.506,20, 14
40, 16, 15, 263, 244, 34.5043, 49.9081,5, 3
40, 16, 17, 263, 253, 297.504, 327.655,35, 31
40, 16, 18, 263, 245, 138.037, 145.146,16, 15
40, 16, 19, 263, 282, 27.9769, 27.9769,3, 3
40, 16, 20, 263, 337, 11.9592, 19.573,2, 1
40, 16, 21, 263, 228, 14.0422, 20.7493,2, 1
40, 16, 22, 263, 263, 54.9538, 79.3249,8, 5
40, 16, 23, 263, 331, 39.4853, 48.2215,4, 3
40, 16, 24, 263, 303, 64.2441, 64.2441,8, 8
40, 16, 25, 263, 336, 62.8999, 69.8898,8, 7
40, 16, 26, 263, 354, 14.7052, 14.7052,2, 2
40, 16, 27, 263, 284, 60.7255, 78.9229,9, 7
40, 16, 28, 263, 301, 64.9587, 81.1234,7, 5
40, 16, 29, 263, 359, 16.0389, 31.1667,4, 2
40, 16, 30, 263, 305, 21.3809, 21.3809,3, 3
40, 16, 31, 263, 280, 41.2006, 48.8118,6, 5
40, 16, 32, 263, 352, 193.064, 279.375,29, 19
40, 16, 33, 263, 342, 0, 0,0, 0
40, 16, 34, 263, 257, 71.7062, 97.9301,11, 8
40, 16, 35, 263, 293, 117.273, 134.548,14, 12
40, 16, 36, 263, 322, 52.8686, 62.1258,7, 6
40, 16, 37, 263, 356, 164.69, 248.01,26, 16
40, 16, 38, 263, 349, 25.0269, 44.1975,4, 2
40, 16, 39, 263, 314, 103.673, 125.74,16, 13
40, 16, 40, 263, 326, 0, 0,0, 0
40, 16, 41, 263, 292, 0, 0,0, 0
40, 16, 42, 263, 292, 0, 0,0, 0
40, 16, 43, 263, 326, 7.87756, 7.87756,1, 1
40, 16, 44, 263, 295, 19.6081, 35.9338,4, 2
40, 16, 45, 263, 345, 28.9472, 36.3649,5, 4
40, 16, 46, 263, 346, 63.3861, 79.1712,9, 7
40, 16, 47, 263, 318, 55.8615, 86.538,10, 6
40, 17, 1, 253, 215, 46.09, 60.4722,8, 6
40, 17, 2, 253, 263, 102.951, 102.951,8, 8
40, 17, 3, 253, 198, 79.9661, 79.9661,9, 9
40, 17, 4, 253, 390, 19.7212, 19.7212,2, 2
40, 17, 5, 253, 391, 38.9426, 38.9426,5, 5
40, 17, 6, 253, 362, 17.6006, 17.6006,2, 2
40, 17, 7, 253, 288, 66.3328, 66.3328,8, 8
40, 17, 8, 253, 258, 43.0662, 43.0662,6, 6
40, 17, 9, 253, 307, 0, 0,0, 0
40, 17, 10, 253, 330, 30.347, 30.347,2, 2
40, 17, 11, 253, 346, 30.5998, 30.5998,4, 4
40, 17, 12, 253, 339, 64.1207, 64.1207,8, 8
40, 17, 13, 253, 369, 47.6844, 47.6844,6, 6
40, 17, 14, 253, 276, 194.47, 204.483,21, 20
40, 17, 15, 253, 244, 69.5412, 69.5412,7, 7
40, 17, 16, 253, 263, 311.721, 327.653,35, 33
40, 17, 18, 253, 245, 308.36, 335.611,36, 33
40, 17, 19, 253, 282, 150.058, 150.058,17, 17
40, 17, 20, 253, 337, 124.331, 124.331,14, 14
40, 17, 21, 253, 228, 28.747, 28.747,3, 3
40, 17, 22, 253, 263, 141.014, 179.004,17, 12
40, 17, 23, 253, 331, 55.985, 63.5548,6, 5
40, 17, 24, 253, 303, 33.4151, 40.6732,5, 4
40, 17, 25, 253, 336, 171.018, 199.219,20, 16
40, 17, 26, 253, 354, 16.8213, 16.8213,2, 2
40, 17, 27, 253, 284, 47.4429, 47.4429,5, 5
40, 17, 28, 253, 301, 125.038, 125.038,8, 8
40, 17, 29, 253, 359, 27.5439, 27.5439,3, 3
40, 17, 30, 253, 305, 53.5923, 53.5923,6, 6
40, 17, 31, 253, 280, 93.716, 100.55,12, 11
40, 17, 32, 253, 352, 131.832, 152.597,16, 13
40, 17, 33, 253, 342, 31.5877, 31.5877,4, 4
40, 17, 34, 253, 257, 172.211, 179.375,20, 19
40, 17, 35, 253, 293, 96.796, 96.796,9, 9
40, 17, 36, 253, 322, 74.7043, 74.7043,9, 9
40, 17, 37, 253, 356, 123.104, 130.107,14, 13
40, 17, 38, 253, 349, 29.6259, 29.6259,2, 2
40, 17, 39, 253, 314, 52.0631, 52.0631,5, 5
40, 17, 40, 253, 326, 15.7469, 15.7469,2, 2
40, 17, 41, 253, 292, 36.1085, 36.1085,4, 4
40, 17, 42, 253, 292, 24.5642, 24.5642,3, 3
40, 17, 43, 253, 326, 36.2562, 43.0697,6, 5
40, 17, 44, 253, 295, 48.8554, 55.5673,7, 6
40, 17, 45, 253, 345, 22.3988, 22.3988,3, 3
40, 17, 46, 253, 346, 40.6637, 40.6637,5, 5
40, 17, 47, 253, 318, 38.6931, 45.5304,5, 4
40, 18, 1, 245, 215, 16.8751, 24.8872,3, 2
40, 18, 2, 245, 263, 78.349, 94.7821,9, 7
40, 18, 3, 245, 198, 64.8986, 79.6387,9, 7
40, 18, 4, 245, 390, 0, 0,0, 0
40, 18, 5, 245, 391, 46.9961, 55.3872,7, 6
40, 18, 6, 245, 362, 24.3757, 24.3757,3, 3
40, 18, 7, 245, 288, 168.431, 175.338,20, 19
40, 18, 8, 245, 258, 145.639, 145.639,16, 16
40, 18, 9, 245, 307, 0, 0,0, 0
40, 18, 10, 245, 330, 18.8803, 18.8803,2, 2
40, 18, 11, 245, 346, 54.6606, 54.6606,6, 6
40, 18, 12, 245, 339, 85.7668, 85.7668,10, 10
40, 18, 13, 245, 369, 51.6292, 51.6292,6, 6
40, 18, 14, 245, 276, 74.9703, 96.1607,12, 9
40, 18, 15, 245, 244, 152.857, 159.816,17, 16
40, 18, 16, 245, 263, 130.272, 145.146,16, 14
40, 18, 17, 245, 253, 319.379, 335.612,36, 34
40, 18, 19, 245, 282, 376.201, 413.74,46, 41
40, 18, 20, 245, 337, 261.756, 313.493,32, 26
40, 18, 21, 245, 228, 77.5116, 86.2701,10, 9
40, 18, 22, 245, 263, 115.113, 130.569,15, 13
40, 18, 23, 245, 331, 36.9591, 36.9591,4, 4
40, 18, 24, 245, 303, 26.4657, 26.4657,3, 3
40, 18, 25, 245, 336, 140.702, 157.679,16, 14
40, 18, 26, 245, 354, 27.8456, 27.8456,3, 3
40, 18, 27, 245, 284, 55.2269, 55.2269,7, 7
40, 18, 28, 245, 301, 170.284, 191.394,23, 20
40, 18, 29, 245, 359, 35.2783, 35.2783,4, 4
40, 18, 30, 245, 305, 71.7262, 78.5807,10, 9
40, 18, 31, 245, 280, 96.9006, 114.69,11, 9
40, 18, 32, 245, 352, 46.1391, 46.1391,5, 5
40, 18, 33, 245, 342, 20.2376, 20.2376,2, 2
40, 18, 34, 245, 257, 189.355, 206.769,22, 20
40, 18, 35, 245, 293, 75.0358, 84.5992,10, 9
40, 18, 36, 245, 322, 138.09, 152.899,16, 14
40, 18, 37, 245, 356, 39.1753, 39.1753,5, 5
40, 18, 38, 245, 349, 18.2703, 18.2703,2, 2
40, 18, 39, 245, 314, 34.4049, 34.4049,5, 5
40, 18, 40, 245, 326, 35.5978, 35.5978,4, 4
40, 18, 41, 245, 292, 48.0812, 57.3743,7, 6
40, 18, 42, 245, 292, 163.614, 179.457,18, 16
40, 18, 43, 245, 326, 38.7202, 38.7202,5, 5
40, 18, 44, 245, 295, 67.5904, 77.287,9, 8
40, 18, 45, 245, 345, 0, 0,0, 0
40, 18, 46, 245, 346, 58.3481, 58.3481,7, 7
40, 18, 47, 245, 318, 23.3252, 23.3252,3, 3
40, 19, 1, 282, 215, 0, 0,0, 0
40, 19, 2, 282, 263, 30.7563, 30.7563,4, 4
40, 19, 3, 282, 198, 0, 0,0, 0
40, 19, 4, 282, 390, 6.87818, 6.87818,1, 1
40, 19, 5, 282, 391, 30.7052, 30.7052,4, 4
40, 19, 6, 282, 362, 0, 0,0, 0
40, 19, 7, 282, 288, 68.3253, 68.3253,8, 8
40, 19, 8, 282, 258, 281.887, 295.576,32, 30
40, 19, 9, 282, 307, 0, 0,0, 0
40, 19, 10, 282, 330, 0, 0,0, 0
40, 19, 11, 282, 346, 6.73515, 6.73515,1, 1
40, 19, 12, 282, 339, 63.2317, 63.2317,7, 7
40, 19, 13, 282, 369, 115.973, 115.973,14, 14
40, 19, 14, 282, 276, 36.9884, 36.9884,4, 4
40, 19, 15, 282, 244, 122.532, 122.532,14, 14
40, 19, 16, 282, 263, 27.9769, 27.9769,3, 3
40, 19, 17, 282, 253, 150.057, 150.057,17, 17
40, 19, 18, 282, 245, 413.74, 413.74,46, 46
40, 19, 20, 282, 337, 166.375, 166.375,20, 20
40, 19, 21, 282, 228, 72.8784, 72.8784,8, 8
40, 19, 22, 282, 263, 34.9453, 34.9453,4, 4
40, 19, 23, 282, 331, 19.0632, 19.0632,2, 2
40, 19, 24, 282, 303, 7.3657, 7.3657,1, 1
40, 19, 25, 282, 336, 87.4052, 94.5158,11, 10
40, 19, 26, 282, 354, 56.9356, 56.9356,7, 7
40, 19, 27, 282, 284, 47.4393, 47.4393,5, 5
40, 19, 28, 282, 301, 106.98, 106.98,13, 13
40, 19, 29, 282, 359, 73.0775, 81.2061,10, 9
40, 19, 30, 282, 305, 179.394, 204.5,24, 21
40, 19, 31, 282, 280, 58.6841, 58.6841,6, 6
40, 19, 32, 282, 352, 14.8879, 14.8879,2, 2
40, 19, 33, 282, 342, 45.5272, 45.5272,5, 5
40, 19, 34, 282, 257, 74.633, 74.633,9, 9
40, 19, 35, 282, 293, 15.3975, 15.3975,2, 2
40, 19, 36, 282, 322, 100.381, 107.72,13, 12
40, 19, 37, 282, 356, 22.4917, 22.4917,3, 3
40, 19, 38, 282, 349, 0, 0,0, 0
40, 19, 39, 282, 314, 6.95702, 6.95702,1, 1
40, 19, 40, 282, 326, 129.245, 136.114,15, 14
40, 19, 41, 282, 292, 96.9512, 96.9512,11, 11
40, 19, 42, 282, 292, 140.277, 140.277,16, 16
40, 19, 43, 282, 326, 51.4508, 51.4508,6, 6
40, 19, 44, 282, 295, 39.6113, 46.8722,5, 4
40, 19, 45, 282, 345, 7.30445, 7.30445,1, 1
40, 19, 46, 282, 346, 17.4884, 17.4884,2, 2
40, 19, 47, 282, 318, 27.8632, 27.8632,3, 3
40, 20, 1, 337, 215, 0, 0,0, 0
40, 20, 2, 337, 263, 89.2625, 89.2625,8, 8
40, 20, 3, 337, 198, 21.983, 21.983,2, 2
40, 20, 4, 337, 390, 22.8645, 22.8645,2, 2
40, 20, 5, 337, 391, 73.7396, 89.4708,10, 8
40, 20, 6, 337, 362, 57.2614, 57.2614,7, 7
40, 20, 7, 337, 288, 589.506, 627.772,66, 61
40, 20, 8, 337, 258, 341.131, 374.923,41, 37
40, 20, 9, 337, 307, 0, 0,0, 0
40, 20, 10, 337, 330, 20.2204, 20.2204,2, 2
40, 20, 11, 337, 346, 45.2958, 53.9069,6, 5
40, 20, 12, 337, 339, 120.35, 138.276,15, 13
40, 20, 13, 337, 369, 43.1114, 50.0438,6, 5
40, 20, 14, 337, 276, 375.842, 397.348,46, 43
40, 20, 15, 337, 244, 735.103, 820.736,85, 75
40, 20, 16, 337, 263, 19.573, 19.573,2, 2
40, 20, 17, 337, 253, 114.893, 124.331,14, 13
40, 20, 18, 337, 245, 253.77, 313.492,32, 25
40, 20, 19, 337, 282, 159.653, 166.375,20, 19
40, 20, 21, 337, 228, 168.976, 177.583,20, 19
40, 20, 22, 337, 263, 193.44, 207.319,21, 19
40, 20, 23, 337, 331, 84.57, 99.0255,12, 10
40, 20, 24, 337, 303, 44.5534, 44.5534,6, 6
40, 20, 25, 337, 336, 828.037, 939.044,93, 79
40, 20, 26, 337, 354, 23.7082, 23.7082,3, 3
40, 20, 27, 337, 284, 36.0849, 44.4044,4, 3
40, 20, 28, 337, 301, 110.518, 119.865,12, 11
40, 20, 29, 337, 359, 93.8422, 93.8422,10, 10
40, 20, 30, 337, 305, 77.2524, 77.2524,9, 9
40, 20, 31, 337, 280, 77.2388, 87.4892,9, 8
40, 20, 32, 337, 352, 380.426, 412.324,47, 43
40, 20, 33, 337, 342, 55.4929, 74.2819,8, 6
40, 20, 34, 337, 257, 162.327, 213.822,24, 18
40, 20, 35, 337, 293, 40.9314, 40.9314,5, 5
40, 20, 36, 337, 322, 159.84, 184.288,19, 17
40, 20, 37, 337, 356, 343.939, 392.356,43, 37
40, 20, 38, 337, 349, 32.2799, 32.2799,3, 3
40, 20, 39, 337, 314, 20.4029, 20.4029,2, 2
40, 20, 40, 337, 326, 36.2512, 43.124,5, 4
40, 20, 41, 337, 292, 58.7395, 78.9016,9, 7
40, 20, 42, 337, 292, 97.6074, 112.402,13, 11
40, 20, 43, 337, 326, 16.5376, 16.5376,2, 2
40, 20, 44, 337, 295, 77.2281, 77.2281,8, 8
40, 20, 45, 337, 345, 8.7444, 8.7444,1, 1
40, 20, 46, 337, 346, 67.6262, 67.6262,8, 8
40, 20, 47, 337, 318, 48.2864, 48.2864,5, 5
40, 21, 1, 228, 215, 6.89, 6.89,1, 1
40, 21, 2, 228, 263, 62.0709, 62.0709,7, 7
40, 21, 3, 228, 198, 28.8283, 28.8283,3, 3
40, 21, 4, 228, 390, 14.8523, 14.8523,2, 2
40, 21, 5, 228, 391, 59.8749, 66.56,8, 7
40, 21, 6, 228, 362, 50.4051, 50.4051,6, 6
40, 21, 7, 228, 288, 91.9531, 91.9531,11, 11
40, 21, 8, 228, 258, 205.615, 226.014,24, 21
40, 21, 9, 228, 307, 0, 0,0, 0
40, 21, 10, 228, 330, 36.879, 36.879,2, 2
40, 21, 11, 228, 346, 23.7335, 23.7335,3, 3
40, 21, 12, 228, 339, 53.1149, 53.1149,6, 6
40, 21, 13, 228, 369, 77.9287, 85.1145,10, 9
40, 21, 14, 228, 276, 24.7518, 32.2159,4, 3
40, 21, 15, 228, 244, 202.446, 211.753,21, 20
40, 21, 16, 228, 263, 20.7489, 20.7489,2, 2
40, 21, 17, 228, 253, 28.7472, 28.7472,3, 3
40, 21, 18, 228, 245, 79.453, 86.2694,10, 9
40, 21, 19, 228, 282, 65.853, 72.8784,8, 7
40, 21, 20, 228, 337, 177.583, 177.583,20, 20
40, 21, 22, 228, 263, 503.363, 518.88,54, 52
40, 21, 23, 228, 331, 139.881, 147.52,17, 16
40, 21, 24, 228, 303, 46.4425, 46.4425,6, 6
40, 21, 25, 228, 336, 130.588, 130.588,13, 13
40, 21, 26, 228, 354, 163.444, 196.053,23, 19
40, 21, 27, 228, 284, 33.172, 33.172,3, 3
40, 21, 28, 228, 301, 76.7272, 76.7272,7, 7
40, 21, 29, 228, 359, 44.8018, 44.8018,6, 6
40, 21, 30, 228, 305, 78.9053, 78.9053,8, 8
40, 21, 31, 228, 280, 45.3674, 45.3674,5, 5
40, 21, 32, 228, 352, 56.691, 56.691,4, 4
40, 21, 33, 228, 342, 17.2758, 24.9117,3, 2
40, 21, 34, 228, 257, 155.223, 161.93,16, 15
40, 21, 35, 228, 293, 19.4219, 19.4219,1, 1
40, 21, 36, 228, 322, 73.8311, 82.7384,10, 9
40, 21, 37, 228, 356, 25.3809, 25.3809,2, 2
40, 21, 38, 228, 349, 24.1243, 24.1243,2, 2
40, 21, 39, 228, 314, 11.3632, 11.3632,1, 1
40, 21, 40, 228, 326, 62.206, 62.206,6, 6
40, 21, 41, 228, 292, 55.0301, 55.0301,6, 6
40, 21, 42, 228, 292, 72.5587, 79.8988,10, 9
40, 21, 43, 228, 326, 32.0004, 32.0004,4, 4
40, 21, 44, 228, 295, 151.91, 172.53,19, 16
40, 21, 45, 228, 345, 8.03108, 8.03108,1, 1
40, 21, 46, 228, 346, 99.7899, 106.99,11, 10
40, 21, 47, 228, 318, 53.5882, 53.5882,5, 5
40, 22, 1, 263, 215, 0, 0,0, 0
40, 22, 2, 263, 263, 133.513, 148.062,14, 12
40, 22, 3, 263, 198, 22.4015, 22.4015,2, 2
40, 22, 4, 263, 390, 21.9587, 21.9587,2, 2
40, 22, 5, 263, 391, 82.1562, 96.7488,12, 10
40, 22, 6, 263, 362, 109.037, 167.991,18, 11
40, 22, 7, 263, 288, 229.292, 242.915,27, 25
40, 22, 8, 263, 258, 89.6727, 98.0736,11, 10
40, 22, 9, 263, 307, 0, 0,0, 0
40, 22, 10, 263, 330, 29.8591, 29.8591,2, 2
40, 22, 11, 263, 346, 17.7523, 17.7523,2, 2
40, 22, 12, 263, 339, 69.5122, 69.5122,7, 7
40, 22, 13, 263, 369, 31.3828, 31.3828,4, 4
40, 22, 14, 263, 276, 166.349, 211.604,24, 18
40, 22, 15, 263, 244, 244.426, 244.426,25, 25
40, 22, 16, 263, 263, 64.8847, 79.3244,8, 6
40, 22, 17, 263, 253, 129.901, 179.003,17, 11
40, 22, 18, 263, 245, 123.772, 130.569,15, 14
40, 22, 19, 263, 282, 34.9451, 34.9451,4, 4
40, 22, 20, 263, 337, 193.27, 207.32,21, 19
40, 22, 21, 263, 228, 455.193, 518.879,54, 46
40, 22, 23, 263, 331, 315.418, 366.655,43, 36
40, 22, 24, 263, 303, 99.1275, 149.452,17, 11
40, 22, 25, 263, 336, 264.637, 286.747,30, 27
40, 22, 26, 263, 354, 73.9377, 73.9377,9, 9
40, 22, 27, 263, 284, 35.0616, 46.2733,4, 3
40, 22, 28, 263, 301, 125.752, 125.752,10, 10
40, 22, 29, 263, 359, 37.3449, 37.3449,4, 4
40, 22, 30, 263, 305, 58.5491, 76.156,8, 6
40, 22, 31, 263, 280, 58.2944, 73.5326,9, 7
40, 22, 32, 263, 352, 57.0025, 71.5021,7, 5
40, 22, 33, 263, 342, 24.7654, 24.7654,3, 3
40, 22, 34, 263, 257, 198.8, 265.842,29, 21
40, 22, 35, 263, 293, 50.2767, 57.7907,6, 5
40, 22, 36, 263, 322, 79.6125, 86.3635,10, 9
40, 22, 37, 263, 356, 63.188, 63.188,7, 7
40, 22, 38, 263, 349, 32.1269, 32.1269,2, 2
40, 22, 39, 263, 314, 67.3222, 90.4667,8, 5
40, 22, 40, 263, 326, 28.3039, 28.3039,4, 4
40, 22, 41, 263, 292, 47.6865, 47.6865,6, 6
40, 22, 42, 263, 292, 75.0624, 90.4275,10, 8
40, 22, 43, 263, 326, 49.884, 49.884,6, 6
40, 22, 44, 263, 295, 154.201, 208.847,25, 18
40, 22, 45, 263, 345, 59.162, 99.5779,12, 7
40, 22, 46, 263, 346, 158.753, 174.337,20, 18
40, 22, 47, 263, 318, 210.937, 304.424,32, 21
40, 23, 1, 331, 215, 34.9002, 34.9002,4, 4
40, 23, 2, 331, 263, 43.9545, 43.9545,5, 5
40, 23, 3, 331, 198, 30.7095, 30.7095,3, 3
40, 23, 4, 331, 390, 14.6375, 14.6375,2, 2
40, 23, 5, 331, 391, 23.8461, 23.8461,3, 3
40, 23, 6, 331, 362, 64.4171, 71.7699,8, 7
40, 23, 7, 331, 288, 117.642, 126.731,15, 14
40, 23, 8, 331, 258, 18.4536, 25.1713,3, 2
40, 23, 9, 331, 307, 29.3101, 36.5361,5, 4
40, 23, 10, 331, 330, 79.3644, 86.1528,9, 8
40, 23, 11, 331, 346, 7.09905, 7.09905,1, 1
40, 23, 12, 331, 339, 30.6136, 30.6136,4, 4
40, 23, 13, 331, 369, 0, 0,0, 0
40, 23, 14, 331, 276, 184.513, 207.794,24, 21
40, 23, 15, 331, 244, 53.615, 60.4418,6, 5
40, 23, 16, 331, 263, 41.2745, 48.2204,4, 3
40, 23, 17, 331, 253, 63.5539, 63.5539,6, 6
40, 23, 18, 331, 245, 36.9589, 36.9589,4, 4
40, 23, 19, 331, 282, 19.0632, 19.0632,2, 2
40, 23, 20, 331, 337, 99.0255, 99.0255,12, 12
40, 23, 21, 331, 228, 124.835, 147.521,17, 14
40, 23, 22, 331, 263, 342.669, 366.655,43, 40
40, 23, 24, 331, 303, 610.44, 705.332,77, 65
40, 23, 25, 331, 336, 113.292, 120.769,13, 12
40, 23, 26, 331, 354, 29.9732, 29.9732,4, 4
40, 23, 27, 331, 284, 10.0316, 10.0316,1, 1
40, 23, 28, 331, 301, 41.2119, 41.2119,3, 3
40, 23, 29, 331, 359, 22.2324, 22.2324,3, 3
40, 23, 30, 331, 305, 9.28686, 9.28686,1, 1
40, 23, 31, 331, 280, 0, 0,0, 0
40, 23, 32, 331, 352, 214.973, 281.403,32, 23
40, 23, 33, 331, 342, 0, 0,0, 0
40, 23, 34, 331, 257, 54.1176, 54.1176,6, 6
40, 23, 35, 331, 293, 142.586, 181.21,17, 13
40, 23, 36, 331, 322, 31.0565, 31.0565,4, 4
40, 23, 37, 331, 356, 204.064, 241.501,28, 23
40, 23, 38, 331, 349, 24.4473, 24.4473,2, 2
40, 23, 39, 331, 314, 54.5574, 76.7363,8, 5
40, 23, 40, 331, 326, 0, 0,0, 0
40, 23, 41, 331, 292, 8.36486, 8.36486,1, 1
40, 23, 42, 331, 292, 22.3843, 22.3843,3, 3
40, 23, 43, 331, 326, 0, 0,0, 0
40, 23, 44, 331, 295, 45.5187, 45.5187,6, 6
40, 23, 45, 331, 345, 76.2826, 90.1492,12, 10
40, 23, 46, 331, 346, 38.3068, 38.3068,5, 5
40, 23, 47, 331, 318, 179.271, 210.347,24, 20
40, 24, 1, 303, 215, 36.2794, 43.374,6, 5
40, 24, 2, 303, 263, 7.33752, 7.33752,1, 1
40, 24, 3, 303, 198, 15.9418, 31.3994,2, 1
40, 24, 4, 303, 390, 0, 0,0, 0
40, 24, 5, 303, 391, 26.9841, 26.9841,3, 3
40, 24, 6, 303, 362, 77.9603, 91.939,12, 10
40, 24, 7, 303, 288, 32.3406, 32.3406,4, 4
40, 24, 8, 303, 258, 0, 0,0, 0
40, 24, 9, 303, 307, 57.9727, 64.7996,8, 7
40, 24, 10, 303, 330, 104.578, 112.339,15, 14
40, 24, 11, 303, 346, 60.2891, 60.2891,6, 6
40, 24, 12, 303, 339, 8.42814, 16.3521,2, 1
40, 24, 13, 303, 369, 0, 0,0, 0
40, 24, 14, 303, 276, 125.295, 142.031,17, 15
40, 24, 15, 303, 244, 7.33076, 14.2294,2, 1
40, 24, 16, 303, 263, 64.2441, 64.2441,8, 8
40, 24, 17, 303, 253, 40.6732, 40.6732,5, 5
40, 24, 18, 303, 245, 17.3727, 26.4657,3, 2
40, 24, 19, 303, 282, 7.36575, 7.36575,1, 1
40, 24, 20, 303, 337, 44.5534, 44.5534,6, 6
40, 24, 21, 303, 228, 38.5204, 46.4426,6, 5
40, 24, 22, 303, 263, 124.204, 149.452,17, 14
40, 24, 23, 303, 331, 590.627, 705.332,77, 63
40, 24, 25, 303, 336, 52.309, 65.9285,7, 5
40, 24, 26, 303, 354, 9.41704, 17.885,2, 1
40, 24, 27, 303, 284, 14.2012, 14.2012,2, 2
40, 24, 28, 303, 301, 7.08174, 13.7558,2, 1
40, 24, 29, 303, 359, 0, 0,0, 0
40, 24, 30, 303, 305, 0, 0,0, 0
40, 24, 31, 303, 280, 0, 0,0, 0
40, 24, 32, 303, 352, 177.679, 247.484,28, 20
40, 24, 33, 303, 342, 37.8735, 37.8735,5, 5
40, 24, 34, 303, 257, 67.5464, 94.0668,10, 7
40, 24, 35, 303, 293, 143.427, 165.466,18, 15
40, 24, 36, 303, 322, 15.7146, 15.7146,2, 2
40, 24, 37, 303, 356, 164.336, 197.237,24, 20
40, 24, 38, 303, 349, 34.0433, 34.0433,4, 4
40, 24, 39, 303, 314, 91.9786, 100.351,11, 10
40, 24, 40, 303, 326, 0, 0,0, 0
40, 24, 41, 303, 292, 0, 0,0, 0
40, 24, 42, 303, 292, 15.3782, 23.6292,3, 2
40, 24, 43, 303, 326, 36.4086, 36.4086,5, 5
40, 24, 44, 303, 295, 32.7525, 47.3417,6, 4
40, 24, 45, 303, 345, 111.627, 111.627,13, 13
40, 24, 46, 303, 346, 24.2639, 24.2639,3, 3
40, 24, 47, 303, 318, 134.009, 144.655,18, 17
40, 25, 1, 336, 215, 24.4333, 31.296,4, 3
40, 25, 2, 336, 263, 103.713, 125.112,12, 9
40, 25, 3, 336, 198, 52.4911, 52.4911,6, 6
40, 25, 4, 336, 390, 17.5107, 17.5107,2, 2
40, 25, 5, 336, 391, 56.9303, 73.5191,9, 7
40, 25, 6, 336, 362, 50.0506, 50.0506,6, 6
40, 25, 7, 336, 288, 748.347, 816.288,83, 75
40, 25, 8, 336, 258, 136.959, 144.211,17, 16
40, 25, 9, 336, 307, 0, 0,0, 0
40, 25, 10, 336, 330, 34.0956, 34.0956,2, 2
40, 25, 11, 336, 346, 35.9205, 35.9205,3, 3
40, 25, 12, 336, 339, 92.4876, 101.321,12, 11
40, 25, 13, 336, 369, 59.8017, 59.8017,7, 7
40, 25, 14, 336, 276, 584.464, 617.619,61, 57
40, 25, 15, 336, 244, 461.095, 516.058,52, 46
40, 25, 16, 336, 263, 62.5919, 69.8883,8, 7
40, 25, 17, 336, 253, 176.489, 199.22,20, 17
40, 25, 18, 336, 245, 140.777, 157.68,16, 14
40, 25, 19, 336, 282, 86.5876, 94.5158,11, 10
40, 25, 20, 336, 337, 872.948, 939.056,93, 86
40, 25, 21, 336, 228, 130.587, 130.587,13, 13
40, 25, 22, 336, 263, 248.766, 286.745,30, 25
40, 25, 23, 336, 331, 98.6712, 120.768,13, 10
40, 25, 24, 336, 303, 54.3905, 65.9287,7, 6
40, 25, 26, 336, 354, 30.2008, 30.2008,4, 4
40, 25, 27, 336, 284, 61.3284, 61.3284,7, 7
40, 25, 28, 336, 301, 165.372, 194.34,18, 15
40, 25, 29, 336, 359, 71.3712, 71.3712,8, 8
40, 25, 30, 336, 305, 47.6758, 54.4041,7, 6
40, 25, 31, 336, 280, 121.061, 135.004,15, 13
40, 25, 32, 336, 352, 614.521, 649.094,67, 63
40, 25, 33, 336, 342, 24.8346, 24.8346,3, 3
40, 25, 34, 336, 257, 167.203, 192.368,20, 17
40, 25, 35, 336, 293, 106.948, 125.253,13, 11
40, 25, 36, 336, 322, 116.962, 126.14,15, 14
40, 25, 37, 336, 356, 545.778, 598.413,59, 53
40, 25, 38, 336, 349, 24.5656, 24.5656,2, 2
40, 25, 39, 336, 314, 63.8272, 78.386,9, 7
40, 25, 40, 336, 326, 37.1971, 37.1971,5, 5
40, 25, 41, 336, 292, 43.7769, 56.1803,5, 4
40, 25, 42, 336, 292, 83.8514, 108.44,13, 10
40, 25, 43, 336, 326, 26.1095, 26.1095,3, 3
40, 25, 44, 336, 295, 59.437, 75.7148,9, 7
40, 25, 45, 336, 345, 15.2783, 15.2783,2, 2
40, 25, 46, 336, 346, 53.1546, 53.1546,7, 7
40, 25, 47, 336, 318, 37.7417, 37.7417,4, 4
40, 26, 1, 354, 215, 7.51976, 7.51976,1, 1
40, 26, 2, 354, 263, 14.3332, 14.3332,2, 2
40, 26, 3, 354, 198, 18.0651, 18.0651,2, 2
40, 26, 4, 354, 390, 7.11094, 7.11094,1, 1
40, 26, 5, 354, 391, 49.0547, 49.0547,6, 6
40, 26, 6, 354, 362, 17.8777, 17.8777,2, 2
40, 26, 7, 354, 288, 39.724, 39.724,5, 5
40, 26, 8, 354, 258, 74.9656, 96.4127,13, 10
40, 26, 9, 354, 307, 0, 0,0, 0
40, 26, 10, 354, 330, 9.17512, 9.17512,1, 1
40, 26, 11, 354, 346, 7.22817, 7.22817,1, 1
40, 26, 12, 354, 339, 37.4274, 37.4274,4, 4
40, 26, 13, 354, 369, 19.1681, 27.3816,3, 2
40, 26, 14, 354, 276, 25.1039, 25.1039,3, 3
40, 26, 15, 354, 244, 28.6169, 28.6169,4, 4
40, 26, 16, 354, 263, 14.7053, 14.7053,2, 2
40, 26, 17, 354, 253, 16.8213, 16.8213,2, 2
40, 26, 18, 354, 245, 27.8455, 27.8455,3, 3
40, 26, 19, 354, 282, 49.8145, 56.9356,7, 6
40, 26, 20, 354, 337, 23.7082, 23.7082,3, 3
40, 26, 21, 354, 228, 164.007, 196.054,23, 19
40, 26, 22, 354, 263, 66.0498, 73.9379,9, 8
40, 26, 23, 354, 331, 29.9732, 29.9732,4, 4
40, 26, 24, 354, 303, 17.8851, 17.8851,2, 2
40, 26, 25, 354, 336, 23.0823, 30.2009,4, 3
40, 26, 27, 354, 284, 7.23522, 7.23522,1, 1
40, 26, 28, 354, 301, 28.2892, 28.2892,4, 4
40, 26, 29, 354, 359, 30.2843, 30.2843,4, 4
40, 26, 30, 354, 305, 23.8147, 23.8147,3, 3
40, 26, 31, 354, 280, 15.1309, 22.0342,3, 2
40, 26, 32, 354, 352, 27.7772, 27.7772,3, 3
40, 26, 33, 354, 342, 13.5146, 13.5146,2, 2
40, 26, 34, 354, 257, 48.2024, 61.977,7, 5
40, 26, 35, 354, 293, 22.6866, 22.6866,3, 3
40, 26, 36, 354, 322, 24.591, 31.4335,4, 3
40, 26, 37, 354, 356, 17.6481, 17.6481,2, 2
40, 26, 38, 354, 349, 8.19891, 8.19891,1, 1
40, 26, 39, 354, 314, 0, 0,0, 0
40, 26, 40, 354, 326, 22.4164, 22.4164,3, 3
40, 26, 41, 354, 292, 45.1353, 45.1353,6, 6
40, 26, 42, 354, 292, 24.6274, 24.6274,3, 3
40, 26, 43, 354, 326, 10.7875, 10.7875,1, 1
40, 26, 44, 354, 295, 69.6552, 76.9533,9, 8
40, 26, 45, 354, 345, 6.68615, 6.68615,1, 1
40, 26, 46, 354, 346, 79.5675, 79.5675,10, 10
40, 26, 47, 354, 318, 45.3082, 52.0785,6, 5
40, 27, 1, 284, 215, 88.7037, 125.341,16, 11
40, 27, 2, 284, 263, 170.14, 194.924,22, 19
40, 27, 3, 284, 198, 82.4068, 97.1849,11, 9
40, 27, 4, 284, 390, 26.4574, 26.4574,3, 3
40, 27, 5, 284, 391, 18.0673, 18.0673,2, 2
40, 27, 6, 284, 362, 26.707, 26.707,3, 3
40, 27, 7, 284, 288, 39.2352, 39.2352,4, 4
40, 27, 8, 284, 258, 39.5889, 39.5889,5, 5
40, 27, 9, 284, 307, 8.24015, 8.24015,1, 1
40, 27, 10, 284, 330, 27.9837, 27.9837,3, 3
40, 27, 11, 284, 346, 33.8034, 33.8034,4, 4
40, 27, 12, 284, 339, 66.4055, 66.4055,6, 6
40, 27, 13, 284, 369, 23.2183, 23.2183,3, 3
40, 27, 14, 284, 276, 32.994, 32.994,3, 3
40, 27, 15, 284, 244, 10.2946, 10.2946,1, 1
40, 27, 16, 284, 263, 71.1376, 78.923,9, 8
40, 27, 17, 284, 253, 47.4432, 47.4432,5, 5
40, 27, 18, 284, 245, 48.2215, 55.2267,7, 6
40, 27, 19, 284, 282, 47.4393, 47.4393,5, 5
40, 27, 20, 284, 337, 44.4055, 44.4055,4, 4
40, 27, 21, 284, 228, 33.172, 33.172,3, 3
40, 27, 22, 284, 263, 46.2725, 46.2725,4, 4
40, 27, 23, 284, 331, 10.0318, 10.0318,1, 1
40, 27, 24, 284, 303, 14.2012, 14.2012,2, 2
40, 27, 25, 284, 336, 53.8878, 61.3285,7, 6
40, 27, 26, 284, 354, 7.23522, 7.23522,1, 1
40, 27, 28, 284, 301, 804.881, 858.344,83, 77
40, 27, 29, 284, 359, 49.6404, 49.6404,5, 5
40, 27, 30, 284, 305, 181.177, 192.762,20, 19
40, 27, 31, 284, 280, 710.986, 834.023,83, 70
40, 27, 32, 284, 352, 38.0873, 38.0873,4, 4
40, 27, 33, 284, 342, 35.0582, 35.0582,4, 4
40, 27, 34, 284, 257, 57.038, 57.038,6, 6
40, 27, 35, 284, 293, 18.4063, 18.4063,2, 2
40, 27, 36, 284, 322, 35.8433, 35.8433,3, 3
40, 27, 37, 284, 356, 29.6402, 29.6402,3, 3
40, 27, 38, 284, 349, 47.4034, 61.7495,5, 3
40, 27, 39, 284, 314, 42.5979, 49.672,6, 5
40, 27, 40, 284, 326, 7.6038, 7.6038,1, 1
40, 27, 41, 284, 292, 48.5241, 48.5241,6, 6
40, 27, 42, 284, 292, 26.5757, 26.5757,3, 3
40, 27, 43, 284, 326, 75.3145, 75.3145,9, 9
40, 27, 44, 284, 295, 20.6521, 20.6521,2, 2
40, 27, 45, 284, 345, 0, 0,0, 0
40, 27, 46, 284, 346, 27.2026, 27.2026,3, 3
40, 27, 47, 284, 318, 22.0676, 22.0676,2, 2
40, 28, 1, 301, 215, 57.4649, 57.4649,7, 7
40, 28, 2, 301, 263, 253.21, 318.022,32, 26
40, 28, 3, 301, 198, 99.937, 126.879,15, 12
40, 28, 4, 301, 390, 25.8331, 42.7091,5, 3
40, 28, 5, 301, 391, 51.895, 59.861,7, 6
40, 28, 6, 301, 362, 43.8829, 53.5485,6, 5
40, 28, 7, 301, 288, 131.193, 146.072,16, 14
40, 28, 8, 301, 258, 86.4183, 111.661,13, 10
40, 28, 9, 301, 307, 0, 0,0, 0
40, 28, 10, 301, 330, 59.6268, 88.0994,7, 5
40, 28, 11, 301, 346, 70.3312, 70.3312,8, 8
40, 28, 12, 301, 339, 73.0775, 90.9196,10, 8
40, 28, 13, 301, 369, 20.9855, 20.9855,2, 2
40, 28, 14, 301, 276, 71.2278, 82.3996,8, 7
40, 28, 15, 301, 244, 58.7563, 73.8497,7, 6
40, 28, 16, 301, 263, 48.2475, 81.1225,7, 4
40, 28, 17, 301, 253, 86.0617, 125.038,8, 6
40, 28, 18, 301, 245, 143.824, 191.394,23, 17
40, 28, 19, 301, 282, 92.0229, 106.98,13, 11
40, 28, 20, 301, 337, 98.3285, 119.865,12, 10
40, 28, 21, 301, 228, 57.3823, 76.7275,7, 5
40, 28, 22, 301, 263, 83.2082, 125.753,10, 7
40, 28, 23, 301, 331, 26.5802, 41.2124,3, 2
40, 28, 24, 301, 303, 13.7558, 13.7558,2, 2
40, 28, 25, 301, 336, 171.727, 194.341,18, 16
40, 28, 26, 301, 354, 28.2891, 28.2891,4, 4
40, 28, 27, 301, 284, 766.777, 858.345,83, 73
40, 28, 29, 301, 359, 79.6354, 99.2164,11, 9
40, 28, 30, 301, 305, 272.823, 296.048,31, 29
40, 28, 31, 301, 280, 850.064, 951.882,94, 81
40, 28, 32, 301, 352, 45.5638, 76.013,7, 4
40, 28, 33, 301, 342, 72.6089, 72.6089,8, 8
40, 28, 34, 301, 257, 65.4836, 83.6157,9, 7
40, 28, 35, 301, 293, 68.1057, 85.3699,7, 6
40, 28, 36, 301, 322, 112.971, 148.494,15, 11
40, 28, 37, 301, 356, 48.851, 69.4559,7, 5
40, 28, 38, 301, 349, 43.224, 72.0516,5, 3
40, 28, 39, 301, 314, 23.6424, 45.9444,2, 1
40, 28, 40, 301, 326, 14.6012, 14.6012,2, 2
40, 28, 41, 301, 292, 65.2817, 65.2817,7, 7
40, 28, 42, 301, 292, 90.891, 112.101,14, 11
40, 28, 43, 301, 326, 93.3985, 101.419,13, 12
40, 28, 44, 301, 295, 45.0605, 53.2537,6, 5
40, 28, 45, 301, 345, 0, 0,0, 0
40, 28, 46, 301, 346, 38.6168, 50.0911,5, 4
40, 28, 47, 301, 318, 45.6924, 69.9199,6, 4
40, 29, 1, 359, 215, 0, 0,0, 0
40, 29, 2, 359, 263, 49.8132, 67.1726,8, 6
40, 29, 3, 359, 198, 16.1009, 24.5323,3, 2
40, 29, 4, 359, 390, 28.8197, 42.7928,6, 4
40, 29, 5, 359, 391, 78.3413, 102.817,9, 7
40, 29, 6, 359, 362, 128.843, 194.057,23, 15
40, 29, 7, 359, 288, 49.9429, 63.3643,6, 5
40, 29, 8, 359, 258, 68.3239, 85.167,10, 8
40, 29, 9, 359, 307, 79.7169, 103.654,12, 9
40, 29, 10, 359, 330, 62.6963, 111.343,13, 7
40, 29, 11, 359, 346, 137.377, 185.456,20, 14
40, 29, 12, 359, 339, 117.692, 173.005,15, 11
40, 29, 13, 359, 369, 82.31, 82.31,9, 9
40, 29, 14, 359, 276, 25.6968, 34.8351,4, 3
40, 29, 15, 359, 244, 23.4515, 39.2695,5, 3
40, 29, 16, 359, 263, 16.2191, 31.1667,4, 2
40, 29, 17, 359, 253, 18.6543, 27.544,3, 2
40, 29, 18, 359, 245, 35.2782, 35.2782,4, 4
40, 29, 19, 359, 282, 73.8596, 81.2057,10, 9
40, 29, 20, 359, 337, 56.3061, 93.8423,10, 6
40, 29, 21, 359, 228, 37.7073, 44.8019,6, 5
40, 29, 22, 359, 263, 28.0011, 37.345,4, 3
40, 29, 23, 359, 331, 15.3137, 22.2324,3, 2
40, 29, 24, 359, 303, 0, 0,0, 0
40, 29, 25, 359, 336, 48.2727, 71.3709,8, 5
40, 29, 26, 359, 354, 16.1603, 30.2844,4, 2
40, 29, 27, 359, 284, 35.7688, 49.6403,5, 4
40, 29, 28, 359, 301, 79.2754, 99.217,11, 9
40, 29, 30, 359, 305, 141.142, 155.178,17, 16
40, 29, 31, 359, 280, 45.0183, 59.6768,7, 5
40, 29, 32, 359, 352, 17.66, 26.9154,3, 2
40, 29, 33, 359, 342, 672.284, 792.606,83, 68
40, 29, 34, 359, 257, 64.5958, 80.1726,10, 8
40, 29, 35, 359, 293, 16.8308, 31.1997,4, 2
40, 29, 36, 359, 322, 79.506, 95.5659,10, 9
40, 29, 37, 359, 356, 18.2576, 27.4732,3, 2
40, 29, 38, 359, 349, 294.545, 380.622,46, 35
40, 29, 39, 359, 314, 72.3002, 118.317,14, 8
40, 29, 40, 359, 326, 204.873, 220.211,24, 22
40, 29, 41, 359, 292, 227.787, 248.254,27, 25
40, 29, 42, 359, 292, 236.72, 300.416,32, 24
40, 29, 43, 359, 326, 172.364, 212.093,25, 20
40, 29, 44, 359, 295, 56.3934, 71.5793,7, 6
40, 29, 45, 359, 345, 54.4068, 69.7067,9, 7
40, 29, 46, 359, 346, 27.8215, 46.2163,5, 3
40, 29, 47, 359, 318, 60.6169, 87.8115,10, 7
40, 30, 1, 305, 215, 7.01068, 7.01068,1, 1
40, 30, 2, 305, 263, 131.831, 140.965,17, 16
40, 30, 3, 305, 198, 30.7304, 30.7304,4, 4
40, 30, 4, 305, 390, 21.5746, 21.5746,3, 3
40, 30, 5, 305, 391, 77.0289, 77.0289,9, 9
40, 30, 6, 305, 362, 24.1972, 24.1972,3, 3
40, 30, 7, 305, 288, 61.6151, 61.6151,6, 6
40, 30, 8, 305, 258, 81.917, 81.917,9, 9
40, 30, 9, 305, 307, 0, 0,0, 0
40, 30, 10, 305, 330, 13.843, 13.843,2, 2
40, 30, 11, 305, 346, 21.9282, 21.9282,2, 2
40, 30, 12, 305, 339, 72.4664, 72.4664,8, 8
40, 30, 13, 305, 369, 43.5081, 52.2876,6, 5
40, 30, 14, 305, 276, 24.6785, 31.662,4, 3
40, 30, 15, 305, 244, 55.2242, 55.2242,5, 5
40, 30, 16, 305, 263, 21.3809, 21.3809,3, 3
40, 30, 17, 305, 253, 45.373, 53.5923,6, 5
40, 30, 18, 305, 245, 78.5806, 78.5806,10, 10
40, 30, 19, 305, 282, 196.326, 204.5,24, 23
40, 30, 20, 305, 337, 77.2524, 77.2524,9, 9
40, 30, 21, 305, 228, 69.6578, 78.9049,8, 7
40, 30, 22, 305, 263, 65.3736, 76.1557,8, 7
40, 30, 23, 305, 331, 9.28672, 9.28672,1, 1
40, 30, 24, 305, 303, 0, 0,0, 0
40, 30, 25, 305, 336, 47.0918, 54.4042,7, 6
40, 30, 26, 305, 354, 23.8146, 23.8146,3, 3
40, 30, 27, 305, 284, 169.7, 192.76,20, 17
40, 30, 28, 305, 301, 267.411, 296.048,31, 28
40, 30, 29, 305, 359, 141.474, 155.178,17, 15
40, 30, 31, 305, 280, 325.25, 340.776,36, 34
40, 30, 32, 305, 352, 9.42793, 9.42793,1, 1
40, 30, 33, 305, 342, 84.6243, 84.6243,11, 11
40, 30, 34, 305, 257, 44.3265, 52.3648,7, 6
40, 30, 35, 305, 293, 0, 0,0, 0
40, 30, 36, 305, 322, 55.0455, 62.792,8, 7
40, 30, 37, 305, 356, 23.2723, 23.2723,3, 3
40, 30, 38, 305, 349, 44.0067, 44.0067,5, 5
40, 30, 39, 305, 314, 15.3472, 15.3472,2, 2
40, 30, 40, 305, 326, 126.047, 141.056,16, 14
40, 30, 41, 305, 292, 111.627, 119.493,13, 12
40, 30, 42, 305, 292, 98.8213, 98.8213,13, 13
40, 30, 43, 305, 326, 59.1602, 59.1602,7, 7
40, 30, 44, 305, 295, 55.9492, 64.9559,7, 6
40, 30, 45, 305, 345, 0, 0,0, 0
40, 30, 46, 305, 346, 45.8316, 52.5366,7, 6
40, 30, 47, 305, 318, 30.2351, 30.2351,4, 4
40, 31, 1, 280, 215, 91.7868, 117.189,15, 12
40, 31, 2, 280, 263, 206.319, 246.14,27, 22
40, 31, 3, 280, 198, 71.7613, 85.5549,11, 9
40, 31, 4, 280, 390, 8.71272, 8.71272,1, 1
40, 31, 5, 280, 391, 31.8774, 41.1473,5, 4
40, 31, 6, 280, 362, 24.2261, 24.2261,3, 3
40, 31, 7, 280, 288, 89.0157, 97.0945,12, 11
40, 31, 8, 280, 258, 57.7854, 57.7854,7, 7
40, 31, 9, 280, 307, 7.11205, 7.11205,1, 1
40, 31, 10, 280, 330, 0, 0,0, 0
40, 31, 11, 280, 346, 71.1893, 71.1893,8, 8
40, 31, 12, 280, 339, 16.7917, 16.7917,2, 2
40, 31, 13, 280, 369, 40.5084, 40.5084,4, 4
40, 31, 14, 280, 276, 26.8063, 26.8063,3, 3
40, 31, 15, 280, 244, 40.5203, 48.6169,6, 5
40, 31, 16, 280, 263, 41.5544, 48.8118,6, 5
40, 31, 17, 280, 253, 93.7167, 100.551,12, 11
40, 31, 18, 280, 245, 96.8989, 114.689,11, 9
40, 31, 19, 280, 282, 58.684, 58.684,6, 6
40, 31, 20, 280, 337, 76.8364, 87.489,9, 8
40, 31, 21, 280, 228, 36.8104, 45.3675,5, 4
40, 31, 22, 280, 263, 58.2943, 73.5326,9, 7
40, 31, 23, 280, 331, 0, 0,0, 0
40, 31, 24, 280, 303, 0, 0,0, 0
40, 31, 25, 280, 336, 120.782, 135.004,15, 13
40, 31, 26, 280, 354, 22.0342, 22.0342,3, 3
40, 31, 27, 280, 284, 762.416, 834.022,83, 74
40, 31, 28, 280, 301, 865.884, 951.88,94, 84
40, 31, 29, 280, 359, 59.6769, 59.6769,7, 7
40, 31, 30, 280, 305, 312.905, 340.777,36, 33
40, 31, 32, 280, 352, 0, 0,0, 0
40, 31, 33, 280, 342, 69.8262, 69.8262,8, 8
40, 31, 34, 280, 257, 72.0362, 72.0362,9, 9
40, 31, 35, 280, 293, 7.43203, 7.43203,1, 1
40, 31, 36, 280, 322, 60.7344, 60.7344,7, 7
40, 31, 37, 280, 356, 14.1108, 14.1108,2, 2
40, 31, 38, 280, 349, 20.9653, 20.9653,3, 3
40, 31, 39, 280, 314, 29.074, 29.074,4, 4
40, 31, 40, 280, 326, 45.7858, 45.7858,5, 5
40, 31, 41, 280, 292, 32.7306, 32.7306,4, 4
40, 31, 42, 280, 292, 83.5158, 98.1346,11, 9
40, 31, 43, 280, 326, 79.5666, 79.5666,10, 10
40, 31, 44, 280, 295, 26.797, 36.9346,3, 2
40, 31, 45, 280, 345, 0, 0,0, 0
40, 31, 46, 280, 346, 22.6975, 22.6975,3, 3
40, 31, 47, 280, 318, 42.6024, 42.6024,5, 5
40, 32, 1, 352, 215, 46.0203, 61.2347,8, 6
40, 32, 2, 352, 263, 35.9492, 75.7071,7, 3
40, 32, 3, 352, 198, 83.1038, 128.814,13, 8
40, 32, 4, 352, 390, 23.227, 49.5145,5, 2
40, 32, 5, 352, 391, 25.2206, 25.2206,3, 3
40, 32, 6, 352, 362, 58.6928, 115.245,15, 7
40, 32, 7, 352, 288, 291.853, 327.746,38, 34
40, 32, 8, 352, 258, 60.6105, 60.6105,8, 8
40, 32, 9, 352, 307, 22.6447, 22.6447,3, 3
40, 32, 10, 352, 330, 53.5323, 125.566,12, 4
40, 32, 11, 352, 346, 30.3008, 51.9346,7, 4
40, 32, 12, 352, 339, 42.3194, 42.3194,5, 5
40, 32, 13, 352, 369, 0, 0,0, 0
40, 32, 14, 352, 276, 696.92, 867.105,82, 65
40, 32, 15, 352, 244, 255.261, 301.395,33, 28
40, 32, 16, 352, 263, 217.685, 279.376,29, 22
40, 32, 17, 352, 253, 132.686, 152.598,16, 14
40, 32, 18, 352, 245, 36.3645, 46.1391,5, 4
40, 32, 19, 352, 282, 14.8879, 14.8879,2, 2
40, 32, 20, 352, 337, 347.022, 412.324,47, 39
40, 32, 21, 352, 228, 37.8826, 56.6914,4, 3
40, 32, 22, 352, 263, 51.0024, 71.5022,7, 5
40, 32, 23, 352, 331, 174.156, 281.406,32, 19
40, 32, 24, 352, 303, 158.294, 247.485,28, 17
40, 32, 25, 352, 336, 550.906, 649.096,67, 56
40, 32, 26, 352, 354, 19.4867, 27.7772,3, 2
40, 32, 27, 352, 284, 21.533, 38.0875,4, 2
40, 32, 28, 352, 301, 37.3288, 76.0135,7, 3
40, 32, 29, 352, 359, 19.7599, 26.9153,3, 2
40, 32, 30, 352, 305, 9.42786, 9.42786,1, 1
40, 32, 31, 352, 280, 0, 0,0, 0
40, 32, 33, 352, 342, 0, 0,0, 0
40, 32, 34, 352, 257, 82.9408, 105.029,11, 9
40, 32, 35, 352, 293, 147.452, 175.105,19, 16
40, 32, 36, 352, 322, 42.2222, 70.4129,9, 5
40, 32, 37, 352, 356, 7361.16, 7882.12,280, 229
40, 32, 38, 352, 349, 24.6288, 61.4009,6, 2
40, 32, 39, 352, 314, 34.7574, 52.044,6, 4
40, 32, 40, 352, 326, 0, 0,0, 0
40, 32, 41, 352, 292, 0, 0,0, 0
40, 32, 42, 352, 292, 14.9971, 21.8057,3, 2
40, 32, 43, 352, 326, 12.2986, 12.2986,1, 1
40, 32, 44, 352, 295, 47.8188, 58.0584,6, 5
40, 32, 45, 352, 345, 70.9752, 101.159,13, 9
40, 32, 46, 352, 346, 67.2154, 88.5859,12, 9
40, 32, 47, 352, 318, 59.4789, 107.403,13, 7
40, 33, 1, 342, 215, 0, 0,0, 0
40, 33, 2, 342, 263, 17.1169, 25.1973,3, 2
40, 33, 3, 342, 198, 10.0908, 10.0908,1, 1
40, 33, 4, 342, 390, 0, 0,0, 0
40, 33, 5, 342, 391, 33.9501, 40.9908,5, 4
40, 33, 6, 342, 362, 222.435, 506.97,63, 26
40, 33, 7, 342, 288, 31.0539, 31.0539,4, 4
40, 33, 8, 342, 258, 39.4791, 39.4791,5, 5
40, 33, 9, 342, 307, 379.731, 839.374,98, 41
40, 33, 10, 342, 330, 363.201, 766.348,87, 37
40, 33, 11, 342, 346, 272.546, 554.633,67, 31
40, 33, 12, 342, 339, 91.9917, 99.6592,10, 9
40, 33, 13, 342, 369, 53.5488, 60.2858,7, 6
40, 33, 14, 342, 276, 0, 0,0, 0
40, 33, 15, 342, 244, 68.4319, 75.5188,8, 7
40, 33, 16, 342, 263, 0, 0,0, 0
40, 33, 17, 342, 253, 24.6782, 31.5875,4, 3
40, 33, 18, 342, 245, 20.2375, 20.2375,2, 2
40, 33, 19, 342, 282, 38.6143, 45.5271,5, 4
40, 33, 20, 342, 337, 74.2811, 74.2811,8, 8
40, 33, 21, 342, 228, 24.9118, 24.9118,3, 3
40, 33, 22, 342, 263, 24.7654, 24.7654,3, 3
40, 33, 23, 342, 331, 0, 0,0, 0
40, 33, 24, 342, 303, 23.1153, 37.8736,5, 3
40, 33, 25, 342, 336, 24.8346, 24.8346,3, 3
40, 33, 26, 342, 354, 13.5146, 13.5146,2, 2
40, 33, 27, 342, 284, 35.0582, 35.0582,4, 4
40, 33, 28, 342, 301, 62.4445, 72.6084,8, 7
40, 33, 29, 342, 359, 630.927, 792.61,83, 63
40, 33, 30, 342, 305, 77.3984, 84.624,11, 10
40, 33, 31, 342, 280, 69.8262, 69.8262,8, 8
40, 33, 32, 342, 352, 0, 0,0, 0
40, 33, 34, 342, 257, 77.6199, 77.6199,8, 8
40, 33, 35, 342, 293, 102.994, 161.309,21, 13
40, 33, 36, 342, 322, 82.9034, 97.628,11, 9
40, 33, 37, 342, 356, 0, 0,0, 0
40, 33, 38, 342, 349, 1025.28, 1771.68,198, 104
40, 33, 39, 342, 314, 399.773, 755.156,84, 40
40, 33, 40, 342, 326, 70.3537, 70.3537,8, 8
40, 33, 41, 342, 292, 145.172, 162.915,19, 17
40, 33, 42, 342, 292, 232.461, 263.124,30, 26
40, 33, 43, 342, 326, 664.159, 1247.53,139, 66
40, 33, 44, 342, 295, 8.02079, 8.02079,1, 1
40, 33, 45, 342, 345, 304.001, 605.956,73, 34
40, 33, 46, 342, 346, 26.209, 26.209,3, 3
40, 33, 47, 342, 318, 101.172, 233.745,29, 12
40, 34, 1, 257, 215, 15.3129, 22.1367,3, 2
40, 34, 2, 257, 263, 71.0922, 71.0922,7, 7
40, 34, 3, 257, 198, 77.1374, 93.9297,9, 7
40, 34, 4, 257, 390, 15.8864, 15.8864,2, 2
40, 34, 5, 257, 391, 74.7075, 74.7075,9, 9
40, 34, 6, 257, 362, 94.9863, 110.156,13, 11
40, 34, 7, 257, 288, 135.472, 135.472,14, 14
40, 34, 8, 257, 258, 99.6113, 99.6113,10, 10
40, 34, 9, 257, 307, 0, 0,0, 0
40, 34, 10, 257, 330, 60.7066, 84.9214,9, 6
40, 34, 11, 257, 346, 180.461, 180.461,20, 20
40, 34, 12, 257, 339, 231.092, 252.638,30, 27
40, 34, 13, 257, 369, 94.4823, 94.4823,11, 11
40, 34, 14, 257, 276, 83.4634, 90.9352,10, 9
40, 34, 15, 257, 244, 188.667, 222.608,24, 20
40, 34, 16, 257, 263, 72.3058, 97.93,11, 8
40, 34, 17, 257, 253, 154.974, 179.375,20, 17
40, 34, 18, 257, 245, 189.129, 206.769,22, 20
40, 34, 19, 257, 282, 66.1508, 74.6332,9, 8
40, 34, 20, 257, 337, 213.823, 213.823,24, 24
40, 34, 21, 257, 228, 151.424, 161.931,16, 15
40, 34, 22, 257, 263, 219.834, 265.842,29, 23
40, 34, 23, 257, 331, 37.7599, 54.1175,6, 4
40, 34, 24, 257, 303, 65.2668, 94.0666,10, 6
40, 34, 25, 257, 336, 177.135, 192.368,20, 18
40, 34, 26, 257, 354, 52.1158, 61.9772,7, 6
40, 34, 27, 257, 284, 57.0376, 57.0376,6, 6
40, 34, 28, 257, 301, 69.1513, 83.6155,9, 7
40, 34, 29, 257, 359, 80.1726, 80.1726,10, 10
40, 34, 30, 257, 305, 52.3649, 52.3649,7, 7
40, 34, 31, 257, 280, 72.0361, 72.0361,9, 9
40, 34, 32, 257, 352, 77.7578, 105.029,11, 8
40, 34, 33, 257, 342, 77.6199, 77.6199,8, 8
40, 34, 35, 257, 293, 210.116, 254.575,30, 24
40, 34, 36, 257, 322, 418.021, 490.053,57, 48
40, 34, 37, 257, 356, 72.2307, 79.898,10, 9
40, 34, 38, 257, 349, 44.8747, 53.0737,5, 4
40, 34, 39, 257, 314, 203.377, 227.777,27, 24
40, 34, 40, 257, 326, 65.044, 65.044,7, 7
40, 34, 41, 257, 292, 96.2956, 96.2956,12, 12
40, 34, 42, 257, 292, 124.598, 134.327,14, 13
40, 34, 43, 257, 326, 55.7796, 55.7796,6, 6
40, 34, 44, 257, 295, 153.646, 179.482,21, 18
40, 34, 45, 257, 345, 43.0154, 51.334,6, 5
40, 34, 46, 257, 346, 138.103, 145.849,17, 16
40, 34, 47, 257, 318, 88.1465, 112.487,13, 10
40, 35, 1, 293, 215, 25.9992, 25.9992,3, 3
40, 35, 2, 293, 263, 47.4118, 47.4118,5, 5
40, 35, 3, 293, 198, 42.5432, 42.5432,5, 5
40, 35, 4, 293, 390, 15.8409, 15.8409,2, 2
40, 35, 5, 293, 391, 6.69863, 6.69863,1, 1
40, 35, 6, 293, 362, 192.47, 238.582,27, 21
40, 35, 7, 293, 288, 77.7958, 77.7958,9, 9
40, 35, 8, 293, 258, 18.2394, 18.2394,2, 2
40, 35, 9, 293, 307, 222.802, 295.698,38, 28
40, 35, 10, 293, 330, 359.042, 499.7,55, 38
40, 35, 11, 293, 346, 258.878, 404.046,46, 28
40, 35, 12, 293, 339, 32.0403, 39.1153,5, 4
40, 35, 13, 293, 369, 0, 0,0, 0
40, 35, 14, 293, 276, 89.4015, 89.4015,10, 10
40, 35, 15, 293, 244, 50.8663, 57.7104,6, 5
40, 35, 16, 293, 263, 134.547, 134.547,14, 14
40, 35, 17, 293, 253, 86.1089, 96.7957,9, 8
40, 35, 18, 293, 245, 84.599, 84.599,10, 10
40, 35, 19, 293, 282, 15.3975, 15.3975,2, 2
40, 35, 20, 293, 337, 40.9314, 40.9314,5, 5
40, 35, 21, 293, 228, 19.4208, 19.4208,1, 1
40, 35, 22, 293, 263, 57.7909, 57.7909,6, 6
40, 35, 23, 293, 331, 158.787, 181.213,17, 14
40, 35, 24, 293, 303, 115.495, 165.466,18, 12
40, 35, 25, 293, 336, 110.649, 125.248,13, 11
40, 35, 26, 293, 354, 22.6867, 22.6867,3, 3
40, 35, 27, 293, 284, 18.4061, 18.4061,2, 2
40, 35, 28, 293, 301, 85.3696, 85.3696,7, 7
40, 35, 29, 293, 359, 31.1996, 31.1996,4, 4
40, 35, 30, 293, 305, 0, 0,0, 0
40, 35, 31, 293, 280, 7.43204, 7.43204,1, 1
40, 35, 32, 293, 352, 165.416, 175.105,19, 18
40, 35, 33, 293, 342, 133.431, 161.308,21, 17
40, 35, 34, 293, 257, 233.929, 254.574,30, 27
40, 35, 36, 293, 322, 102.48, 132.152,16, 12
40, 35, 37, 293, 356, 75.8414, 83.4511,8, 7
40, 35, 38, 293, 349, 272.172, 362.562,40, 28
40, 35, 39, 293, 314, 501.208, 659.969,71, 51
40, 35, 40, 293, 326, 0, 0,0, 0
40, 35, 41, 293, 292, 13.6756, 13.6756,2, 2
40, 35, 42, 293, 292, 16.283, 16.283,2, 2
40, 35, 43, 293, 326, 229.169, 349.552,41, 25
40, 35, 44, 293, 295, 28.9873, 28.9873,4, 4
40, 35, 45, 293, 345, 231.797, 294.761,33, 25
40, 35, 46, 293, 346, 56.1083, 63.1396,8, 7
40, 35, 47, 293, 318, 136.668, 185.151,21, 15
40, 36, 1, 322, 215, 6.74689, 6.74689,1, 1
40, 36, 2, 322, 263, 69.1186, 69.1186,8, 8
40, 36, 3, 322, 198, 24.1391, 24.1391,3, 3
40, 36, 4, 322, 390, 15.8445, 15.8445,2, 2
40, 36, 5, 322, 391, 138.878, 147.89,16, 15
40, 36, 6, 322, 362, 123.991, 154.001,18, 14
40, 36, 7, 322, 288, 89.5776, 89.5776,10, 10
40, 36, 8, 322, 258, 65.8428, 90.8379,10, 7
40, 36, 9, 322, 307, 61.1371, 80.9122,9, 7
40, 36, 10, 322, 330, 143.6, 171.112,18, 15
40, 36, 11, 322, 346, 373.042, 413.743,44, 40
40, 36, 12, 322, 339, 396.516, 493.04,46, 35
40, 36, 13, 322, 369, 178.882, 185.627,20, 19
40, 36, 14, 322, 276, 74.3998, 81.2798,10, 9
40, 36, 15, 322, 244, 79.3198, 85.9898,10, 9
40, 36, 16, 322, 263, 62.1257, 62.1257,7, 7
40, 36, 17, 322, 253, 74.7038, 74.7038,9, 9
40, 36, 18, 322, 245, 143.873, 152.899,16, 15
40, 36, 19, 322, 282, 99.3515, 107.72,13, 12
40, 36, 20, 322, 337, 168.952, 184.288,19, 17
40, 36, 21, 322, 228, 72.2736, 82.7385,10, 9
40, 36, 22, 322, 263, 86.364, 86.364,10, 10
40, 36, 23, 322, 331, 31.0568, 31.0568,4, 4
40, 36, 24, 322, 303, 15.7146, 15.7146,2, 2
40, 36, 25, 322, 336, 117.212, 126.139,15, 14
40, 36, 26, 322, 354, 31.4335, 31.4335,4, 4
40, 36, 27, 322, 284, 35.8433, 35.8433,3, 3
40, 36, 28, 322, 301, 132.829, 148.495,15, 13
40, 36, 29, 322, 359, 88.6239, 95.5664,10, 9
40, 36, 30, 322, 305, 55.1948, 62.7922,8, 7
40, 36, 31, 322, 280, 60.7344, 60.7344,7, 7
40, 36, 32, 322, 352, 63.6735, 70.4128,9, 8
40, 36, 33, 322, 342, 97.628, 97.628,11, 11
40, 36, 34, 322, 257, 480.837, 490.053,57, 56
40, 36, 35, 322, 293, 111.451, 132.152,16, 13
40, 36, 37, 322, 356, 59.0285, 65.7157,8, 7
40, 36, 38, 322, 349, 29.2893, 29.2893,2, 2
40, 36, 39, 322, 314, 297.53, 320.717,33, 30
40, 36, 40, 322, 326, 61.0887, 76.5061,9, 7
40, 36, 41, 322, 292, 165.461, 181.059,21, 19
40, 36, 42, 322, 292, 141.059, 163.297,20, 17
40, 36, 43, 322, 326, 73.9721, 73.9721,9, 9
40, 36, 44, 322, 295, 100.794, 100.794,11, 11
40, 36, 45, 322, 345, 109.633, 144.22,17, 13
40, 36, 46, 322, 346, 129.765, 151.217,18, 15
40, 36, 47, 322, 318, 75.5537, 82.673,9, 8
40, 37, 1, 356, 215, 46.8444, 46.8444,5, 5
40, 37, 2, 356, 263, 39.7084, 56.2394,5, 3
40, 37, 3, 356, 198, 68.6474, 77.2521,7, 6
40, 37, 4, 356, 390, 21.1767, 38.0755,4, 2
40, 37, 5, 356, 391, 41.0968, 41.0968,5, 5
40, 37, 6, 356, 362, 64.7766, 87.9323,11, 8
40, 37, 7, 356, 288, 351.317, 369.641,39, 37
40, 37, 8, 356, 258, 48.4841, 56.3828,7, 6
40, 37, 9, 356, 307, 37.3782, 46.1461,6, 5
40, 37, 10, 356, 330, 65.5142, 79.664,8, 6
40, 37, 11, 356, 346, 39.3276, 39.3276,5, 5
40, 37, 12, 356, 339, 37.3429, 44.0584,5, 4
40, 37, 13, 356, 369, 0, 0,0, 0
40, 37, 14, 356, 276, 642.298, 757.307,79, 66
40, 37, 15, 356, 244, 180.479, 180.479,19, 19
40, 37, 16, 356, 263, 168.932, 248.011,26, 17
40, 37, 17, 356, 253, 106.63, 130.107,14, 11
40, 37, 18, 356, 245, 39.1752, 39.1752,5, 5
40, 37, 19, 356, 282, 22.4917, 22.4917,3, 3
40, 37, 20, 356, 337, 329.659, 392.355,43, 35
40, 37, 21, 356, 228, 25.3805, 25.3805,2, 2
40, 37, 22, 356, 263, 54.7871, 63.1881,7, 6
40, 37, 23, 356, 331, 211.219, 241.502,28, 24
40, 37, 24, 356, 303, 165.86, 197.237,24, 20
40, 37, 25, 356, 336, 555.5, 598.414,59, 54
40, 37, 26, 356, 354, 17.648, 17.648,2, 2
40, 37, 27, 356, 284, 20.0942, 29.6401,3, 2
40, 37, 28, 356, 301, 53.6384, 69.4573,7, 5
40, 37, 29, 356, 359, 20.124, 27.4728,3, 2
40, 37, 30, 356, 305, 23.2725, 23.2725,3, 3
40, 37, 31, 356, 280, 14.1108, 14.1108,2, 2
40, 37, 32, 356, 352, 7370.4, 7881.32,280, 229
40, 37, 33, 356, 342, 0, 0,0, 0
40, 37, 34, 356, 257, 79.8979, 79.8979,10, 10
40, 37, 35, 356, 293, 83.4503, 83.4503,8, 8
40, 37, 36, 356, 322, 57.8428, 65.7158,8, 7
40, 37, 38, 356, 349, 23.5165, 40.5876,4, 2
40, 37, 39, 356, 314, 33.6243, 41.3278,5, 4
40, 37, 40, 356, 326, 0, 0,0, 0
40, 37, 41, 356, 292, 0, 0,0, 0
40, 37, 42, 356, 292, 0, 0,0, 0
40, 37, 43, 356, 326, 14.048, 14.048,1, 1
40, 37, 44, 356, 295, 39.7756, 59.5919,6, 4
40, 37, 45, 356, 345, 24.285, 31.6937,4, 3
40, 37, 46, 356, 346, 45.013, 59.8297,8, 6
40, 37, 47, 356, 318, 73.9859, 98.2359,11, 8
40, 38, 1, 349, 215, 13.9128, 13.9128,2, 2
40, 38, 2, 349, 263, 47.2412, 71.0223,6, 4
40, 38, 3, 349, 198, 37.8705, 56.4946,6, 4
40, 38, 4, 349, 390, 17.1115, 32.8799,4, 2
40, 38, 5, 349, 391, 18.094, 25.8974,3, 2
40, 38, 6, 349, 362, 234.796, 554.202,66, 25
40, 38, 7, 349, 288, 12.3089, 20.3531,2, 1
40, 38, 8, 349, 258, 0, 0,0, 0
40, 38, 9, 349, 307, 455.193, 1285.02,153, 50
40, 38, 10, 349, 330, 476.147, 1202.7,134, 46
40, 38, 11, 349, 346, 248.877, 591.388,70, 27
40, 38, 12, 349, 339, 45.7767, 70.6392,7, 4
40, 38, 13, 349, 369, 18.1356, 18.1356,2, 2
40, 38, 14, 349, 276, 11.5357, 20.3741,2, 1
40, 38, 15, 349, 244, 18.624, 30.2398,2, 1
40, 38, 16, 349, 263, 24.059, 44.1971,4, 2
40, 38, 17, 349, 253, 15.4812, 29.6257,2, 1
40, 38, 18, 349, 245, 10.3872, 18.2702,2, 1
40, 38, 19, 349, 282, 0, 0,0, 0
40, 38, 20, 349, 337, 20.712, 32.2798,3, 2
40, 38, 21, 349, 228, 15.5428, 24.1256,2, 1
40, 38, 22, 349, 263, 17.8186, 32.1269,2, 1
40, 38, 23, 349, 331, 13.742, 24.4475,2, 1
40, 38, 24, 349, 303, 25.1841, 34.0433,4, 3
40, 38, 25, 349, 336, 15.0039, 24.5656,2, 1
40, 38, 26, 349, 354, 8.19882, 8.19882,1, 1
40, 38, 27, 349, 284, 49.6991, 61.7503,5, 4
40, 38, 28, 349, 301, 43.2239, 72.0514,5, 3
40, 38, 29, 349, 359, 237.101, 380.622,46, 27
40, 38, 30, 349, 305, 29.5596, 44.0067,5, 3
40, 38, 31, 349, 280, 20.9652, 20.9652,3, 3
40, 38, 32, 349, 352, 36.4625, 61.4004,6, 3
40, 38, 33, 349, 342, 872.399, 1771.68,198, 86
40, 38, 34, 349, 257, 43.0408, 53.0742,5, 4
40, 38, 35, 349, 293, 201.726, 362.562,40, 21
40, 38, 36, 349, 322, 19.0255, 29.2881,2, 1
40, 38, 37, 349, 356, 23.5174, 40.5887,4, 2
40, 38, 39, 349, 314, 474.316, 1044.25,117, 48
40, 38, 40, 349, 326, 0, 0,0, 0
40, 38, 41, 349, 292, 47.6644, 64.4435,8, 6
40, 38, 42, 349, 292, 95.1333, 157.512,19, 11
40, 38, 43, 349, 326, 558.216, 1376.31,159, 58
40, 38, 44, 349, 295, 10.4176, 18.3387,2, 1
40, 38, 45, 349, 345, 295.036, 790.333,94, 32
40, 38, 46, 349, 346, 10.8653, 20.0928,2, 1
40, 38, 47, 349, 318, 99.2379, 219.274,28, 12
40, 39, 1, 314, 215, 31.3956, 31.3956,4, 4
40, 39, 2, 314, 263, 33.4431, 40.1564,4, 3
40, 39, 3, 314, 198, 26.2772, 26.2772,3, 3
40, 39, 4, 314, 390, 16.4186, 16.4186,2, 2
40, 39, 5, 314, 391, 45.0988, 45.0988,5, 5
40, 39, 6, 314, 362, 357.862, 688.427,76, 35
40, 39, 7, 314, 288, 7.97772, 7.97772,1, 1
40, 39, 8, 314, 258, 13.9284, 13.9284,2, 2
40, 39, 9, 314, 307, 569.966, 1050.7,116, 58
40, 39, 10, 314, 330, 759.783, 1261.47,144, 81
40, 39, 11, 314, 346, 510.617, 862.234,100, 54
40, 39, 12, 314, 339, 65.3504, 72.5411,9, 8
40, 39, 13, 314, 369, 7.7486, 7.7486,1, 1
40, 39, 14, 314, 276, 53.1299, 61.2202,7, 6
40, 39, 15, 314, 244, 19.3147, 19.3147,2, 2
40, 39, 16, 314, 263, 112.222, 125.739,16, 14
40, 39, 17, 314, 253, 52.0646, 52.0646,5, 5
40, 39, 18, 314, 245, 34.4049, 34.4049,5, 5
40, 39, 19, 314, 282, 6.957, 6.957,1, 1
40, 39, 20, 314, 337, 20.4021, 20.4021,2, 2
40, 39, 21, 314, 228, 11.3631, 11.3631,1, 1
40, 39, 22, 314, 263, 82.2429, 90.467,8, 7
40, 39, 23, 314, 331, 63.0507, 76.736,8, 6
40, 39, 24, 314, 303, 92.8261, 100.352,11, 10
40, 39, 25, 314, 336, 71.2848, 78.386,9, 8
40, 39, 26, 314, 354, 0, 0,0, 0
40, 39, 27, 314, 284, 49.672, 49.672,6, 6
40, 39, 28, 314, 301, 45.9429, 45.9429,2, 2
40, 39, 29, 314, 359, 52.4167, 118.317,14, 6
40, 39, 30, 314, 305, 15.3472, 15.3472,2, 2
40, 39, 31, 314, 280, 22.2205, 29.074,4, 3
40, 39, 32, 314, 352, 52.0438, 52.0438,6, 6
40, 39, 33, 314, 342, 430.49, 755.156,84, 44
40, 39, 34, 314, 257, 212.62, 227.777,27, 25
40, 39, 35, 314, 293, 456.443, 659.967,71, 46
40, 39, 36, 314, 322, 312.95, 320.717,33, 32
40, 39, 37, 314, 356, 34.3561, 41.3278,5, 4
40, 39, 38, 314, 349, 605.491, 1044.25,117, 62
40, 39, 40, 314, 326, 0, 0,0, 0
40, 39, 41, 314, 292, 24.2084, 24.2084,3, 3
40, 39, 42, 314, 292, 37.396, 45.0773,5, 4
40, 39, 43, 314, 326, 443.151, 757.622,87, 47
40, 39, 44, 314, 295, 41.3161, 48.3978,6, 5
40, 39, 45, 314, 345, 455.987, 840.489,97, 49
40, 39, 46, 314, 346, 61.1158, 68.1099,8, 7
40, 39, 47, 314, 318, 186.391, 327.051,37, 20
40, 40, 1, 326, 215, 0, 0,0, 0
40, 40, 2, 326, 263, 7.39695, 14.6003,2, 1
40, 40, 3, 326, 198, 0, 0,0, 0
40, 40, 4, 326, 390, 13.7404, 13.7404,2, 2
40, 40, 5, 326, 391, 39.3173, 39.3173,5, 5
40, 40, 6, 326, 362, 30.1887, 30.1887,4, 4
40, 40, 7, 326, 288, 25.2833, 25.2833,3, 3
40, 40, 8, 326, 258, 109.095, 127.772,14, 12
40, 40, 9, 326, 307, 0, 0,0, 0
40, 40, 10, 326, 330, 0, 0,0, 0
40, 40, 11, 326, 346, 28.6371, 28.6371,4, 4
40, 40, 12, 326, 339, 98.7524, 98.7524,12, 12
40, 40, 13, 326, 369, 123.118, 145.738,17, 14
40, 40, 14, 326, 276, 0, 0,0, 0
40, 40, 15, 326, 244, 49.6054, 57.3792,6, 5
40, 40, 16, 326, 263, 0, 0,0, 0
40, 40, 17, 326, 253, 8.31122, 15.747,2, 1
40, 40, 18, 326, 245, 35.5978, 35.5978,4, 4
40, 40, 19, 326, 282, 129.407, 136.114,15, 14
40, 40, 20, 326, 337, 32.6606, 43.1236,5, 4
40, 40, 21, 326, 228, 52.826, 62.2061,6, 5
40, 40, 22, 326, 263, 28.3039, 28.3039,4, 4
40, 40, 23, 326, 331, 0, 0,0, 0
40, 40, 24, 326, 303, 0, 0,0, 0
40, 40, 25, 326, 336, 29.8031, 37.1971,5, 4
40, 40, 26, 326, 354, 22.4164, 22.4164,3, 3
40, 40, 27, 326, 284, 7.6038, 7.6038,1, 1
40, 40, 28, 326, 301, 14.6012, 14.6012,2, 2
40, 40, 29, 326, 359, 197.844, 220.212,24, 21
40, 40, 30, 326, 305, 118.814, 141.056,16, 13
40, 40, 31, 326, 280, 38.7622, 45.7859,5, 4
40, 40, 32, 326, 352, 0, 0,0, 0
40, 40, 33, 326, 342, 70.3537, 70.3537,8, 8
40, 40, 34, 326, 257, 52.9441, 65.044,7, 6
40, 40, 35, 326, 293, 0, 0,0, 0
40, 40, 36, 326, 322, 67.8533, 76.5061,9, 8
40, 40, 37, 326, 356, 0, 0,0, 0
40, 40, 38, 326, 349, 0, 0,0, 0
40, 40, 39, 326, 314, 0, 0,0, 0
40, 40, 41, 326, 292, 794.313, 905.72,90, 76
40, 40, 42, 326, 292, 507.408, 524.911,55, 53
40, 40, 43, 326, 326, 181.365, 181.365,21, 21
40, 40, 44, 326, 295, 42.1121, 42.1121,5, 5
40, 40, 45, 326, 345, 0, 0,0, 0
40, 40, 46, 326, 346, 30.3944, 30.3944,3, 3
40, 40, 47, 326, 318, 35.8905, 35.8905,4, 4
40, 41, 1, 292, 215, 0, 0,0, 0
40, 41, 2, 292, 263, 70.1083, 70.1083,8, 8
40, 41, 3, 292, 198, 0, 0,0, 0
40, 41, 4, 292, 390, 6.68091, 6.68091,1, 1
40, 41, 5, 292, 391, 73.3332, 73.3332,9, 9
40, 41, 6, 292, 362, 50.9635, 50.9635,7, 7
40, 41, 7, 292, 288, 47.0535, 47.0535,5, 5
40, 41, 8, 292, 258, 61.8972, 72.3599,8, 7
40, 41, 9, 292, 307, 0, 0,0, 0
40, 41, 10, 292, 330, 10.8693, 10.8693,1, 1
40, 41, 11, 292, 346, 59.6211, 59.6211,7, 7
40, 41, 12, 292, 339, 184.062, 191.032,22, 21
40, 41, 13, 292, 369, 91.3486, 98.8912,11, 10
40, 41, 14, 292, 276, 17.8181, 17.8181,2, 2
40, 41, 15, 292, 244, 65.1858, 65.1858,8, 8
40, 41, 16, 292, 263, 0, 0,0, 0
40, 41, 17, 292, 253, 36.1086, 36.1086,4, 4
40, 41, 18, 292, 245, 57.3744, 57.3744,7, 7
40, 41, 19, 292, 282, 96.9514, 96.9514,11, 11
40, 41, 20, 292, 337, 78.9019, 78.9019,9, 9
40, 41, 21, 292, 228, 55.0302, 55.0302,6, 6
40, 41, 22, 292, 263, 47.6864, 47.6864,6, 6
40, 41, 23, 292, 331, 8.36479, 8.36479,1, 1
40, 41, 24, 292, 303, 0, 0,0, 0
40, 41, 25, 292, 336, 56.1805, 56.1805,5, 5
40, 41, 26, 292, 354, 45.1353, 45.1353,6, 6
40, 41, 27, 292, 284, 40.7598, 48.524,6, 5
40, 41, 28, 292, 301, 65.2813, 65.2813,7, 7
40, 41, 29, 292, 359, 234.225, 248.254,27, 25
40, 41, 30, 292, 305, 119.494, 119.494,13, 13
40, 41, 31, 292, 280, 32.7306, 32.7306,4, 4
40, 41, 32, 292, 352, 0, 0,0, 0
40, 41, 33, 292, 342, 156.051, 162.915,19, 18
40, 41, 34, 292, 257, 96.2958, 96.2958,12, 12
40, 41, 35, 292, 293, 13.6756, 13.6756,2, 2
40, 41, 36, 292, 322, 173.982, 181.058,21, 20
40, 41, 37, 292, 356, 0, 0,0, 0
40, 41, 38, 292, 349, 64.4432, 64.4432,8, 8
40, 41, 39, 292, 314, 24.2083, 24.2083,3, 3
40, 41, 40, 292, 326, 825.326, 905.721,90, 81
40, 41, 42, 292, 292, 689.883, 718.79,72, 68
40, 41, 43, 292, 326, 368.067, 384.178,41, 39
40, 41, 44, 292, 295, 57.8076, 57.8076,6, 6
40, 41, 45, 292, 345, 0, 0,0, 0
40, 41, 46, 292, 346, 16.2152, 16.2152,2, 2
40, 41, 47, 292, 318, 0, 0,0, 0
40, 42, 1, 292, 215, 6.7623, 6.7623,1, 1
40, 42, 2, 292, 263, 56.4568, 56.4568,7, 7
40, 42, 3, 292, 198, 12.2949, 12.2949,1, 1
40, 42, 4, 292, 390, 7.75463, 7.75463,1, 1
40, 42, 5, 292, 391, 55.9132, 63.2493,7, 6
40, 42, 6, 292, 362, 46.9731, 46.9731,6, 6
40, 42, 7, 292, 288, 69.2213, 76.423,9, 8
40, 42, 8, 292, 258, 89.5758, 96.9969,12, 11
40, 42, 9, 292, 307, 30.0784, 30.0784,4, 4
40, 42, 10, 292, 330, 72.4934, 72.4934,10, 10
40, 42, 11, 292, 346, 165.905, 165.905,18, 18
40, 42, 12, 292, 339, 201.296, 223.059,24, 21
40, 42, 13, 292, 369, 109.896, 117.007,13, 12
40, 42, 14, 292, 276, 7.68105, 7.68105,1, 1
40, 42, 15, 292, 244, 72.2363, 72.2363,8, 8
40, 42, 16, 292, 263, 0, 0,0, 0
40, 42, 17, 292, 253, 24.5642, 24.5642,3, 3
40, 42, 18, 292, 245, 172.338, 179.456,18, 17
40, 42, 19, 292, 282, 133.53, 140.276,16, 15
40, 42, 20, 292, 337, 105.376, 112.403,13, 12
40, 42, 21, 292, 228, 79.8988, 79.8988,10, 10
40, 42, 22, 292, 263, 90.4275, 90.4275,10, 10
40, 42, 23, 292, 331, 15.2153, 22.3842,3, 2
40, 42, 24, 292, 303, 23.6291, 23.6291,3, 3
40, 42, 25, 292, 336, 101.095, 108.44,13, 12
40, 42, 26, 292, 354, 24.6273, 24.6273,3, 3
40, 42, 27, 292, 284, 19.1659, 26.5757,3, 2
40, 42, 28, 292, 301, 97.5328, 112.102,14, 12
40, 42, 29, 292, 359, 267.761, 300.415,32, 28
40, 42, 30, 292, 305, 98.8213, 98.8213,13, 13
40, 42, 31, 292, 280, 90.1676, 98.1345,11, 10
40, 42, 32, 292, 352, 21.8057, 21.8057,3, 3
40, 42, 33, 292, 342, 248.389, 263.124,30, 28
40, 42, 34, 292, 257, 134.327, 134.327,14, 14
40, 42, 35, 292, 293, 16.283, 16.283,2, 2
40, 42, 36, 292, 322, 156.245, 163.297,20, 19
40, 42, 37, 292, 356, 0, 0,0, 0
40, 42, 38, 292, 349, 136.272, 157.512,19, 16
40, 42, 39, 292, 314, 45.0773, 45.0773,5, 5
40, 42, 40, 292, 326, 493.467, 524.911,55, 51
40, 42, 41, 292, 292, 663.39, 718.788,72, 65
40, 42, 43, 292, 326, 676.439, 701.735,75, 72
40, 42, 44, 292, 295, 57.4617, 57.4617,6, 6
40, 42, 45, 292, 345, 0, 0,0, 0
40, 42, 46, 292, 346, 89.7196, 89.7196,10, 10
40, 42, 47, 292, 318, 82.319, 82.319,9, 9
40, 43, 1, 326, 215, 0, 0,0, 0
40, 43, 2, 326, 263, 41.0863, 55.6229,7, 5
40, 43, 3, 326, 198, 16.4748, 16.4748,2, 2
40, 43, 4, 326, 390, 6.80655, 6.80655,1, 1
40, 43, 5, 326, 391, 59.1919, 59.1919,7, 7
40, 43, 6, 326, 362, 235.392, 495.13,59, 26
40, 43, 7, 326, 288, 104.366, 111.862,11, 10
40, 43, 8, 326, 258, 36.4214, 43.6303,5, 4
40, 43, 9, 326, 307, 401.512, 835.846,96, 42
40, 43, 10, 326, 330, 468.623, 825.544,100, 53
40, 43, 11, 326, 346, 293.308, 561.901,65, 31
40, 43, 12, 326, 339, 87.4957, 102.205,11, 9
40, 43, 13, 326, 369, 50.8399, 50.8399,7, 7
40, 43, 14, 326, 276, 25.3292, 25.3292,3, 3
40, 43, 15, 326, 244, 39.357, 46.7637,6, 5
40, 43, 16, 326, 263, 7.87758, 7.87758,1, 1
40, 43, 17, 326, 253, 43.07, 43.07,6, 6
40, 43, 18, 326, 245, 31.2631, 38.7202,5, 4
40, 43, 19, 326, 282, 44.5751, 51.4508,6, 5
40, 43, 20, 326, 337, 16.5375, 16.5375,2, 2
40, 43, 21, 326, 228, 25.3017, 32.0005,4, 3
40, 43, 22, 326, 263, 42.9954, 49.8844,6, 5
40, 43, 23, 326, 331, 0, 0,0, 0
40, 43, 24, 326, 303, 29.2988, 36.4085,5, 4
40, 43, 25, 326, 336, 26.1094, 26.1094,3, 3
40, 43, 26, 326, 354, 10.7875, 10.7875,1, 1
40, 43, 27, 326, 284, 68.1383, 75.3145,9, 8
40, 43, 28, 326, 301, 87.3123, 101.419,13, 11
40, 43, 29, 326, 359, 189.971, 212.094,25, 22
40, 43, 30, 326, 305, 45.3399, 59.1602,7, 5
40, 43, 31, 326, 280, 64.8758, 79.5666,10, 8
40, 43, 32, 326, 352, 12.2986, 12.2986,1, 1
40, 43, 33, 326, 342, 659.293, 1247.53,139, 66
40, 43, 34, 326, 257, 47.9187, 55.7796,6, 5
40, 43, 35, 326, 293, 180.47, 349.552,41, 20
40, 43, 36, 326, 322, 66.5891, 73.9722,9, 8
40, 43, 37, 326, 356, 14.0482, 14.0482,1, 1
40, 43, 38, 326, 349, 748.026, 1376.31,159, 79
40, 43, 39, 326, 314, 444.651, 757.622,87, 47
40, 43, 40, 326, 326, 174.681, 181.365,21, 20
40, 43, 41, 326, 292, 341.326, 384.178,41, 36
40, 43, 42, 326, 292, 559.585, 701.735,75, 59
40, 43, 44, 326, 295, 44.552, 44.552,5, 5
40, 43, 45, 326, 345, 262.803, 510.788,62, 29
40, 43, 46, 326, 346, 92.1443, 108.955,12, 10
40, 43, 47, 326, 318, 120.761, 244.551,28, 13
40, 44, 1, 295, 215, 14.54, 14.54,2, 2
40, 44, 2, 295, 263, 61.0422, 61.0422,7, 7
40, 44, 3, 295, 198, 24.9488, 24.9488,3, 3
40, 44, 4, 295, 390, 14.8518, 14.8518,2, 2
40, 44, 5, 295, 391, 331.359, 362.953,36, 32
40, 44, 6, 295, 362, 310.831, 357.635,39, 34
40, 44, 7, 295, 288, 68.7285, 68.7285,7, 7
40, 44, 8, 295, 258, 24.5826, 24.5826,3, 3
40, 44, 9, 295, 307, 0, 0,0, 0
40, 44, 10, 295, 330, 23.2516, 23.2516,3, 3
40, 44, 11, 295, 346, 39.2517, 46.2196,5, 4
40, 44, 12, 295, 339, 124.44, 124.44,12, 12
40, 44, 13, 295, 369, 60.0463, 60.0463,4, 4
40, 44, 14, 295, 276, 55.9507, 55.9507,7, 7
40, 44, 15, 295, 244, 80.9146, 80.9146,10, 10
40, 44, 16, 295, 263, 35.9339, 35.9339,4, 4
40, 44, 17, 295, 253, 55.5673, 55.5673,7, 7
40, 44, 18, 295, 245, 77.2872, 77.2872,9, 9
40, 44, 19, 295, 282, 46.8727, 46.8727,5, 5
40, 44, 20, 295, 337, 77.2284, 77.2284,8, 8
40, 44, 21, 295, 228, 165.457, 172.531,19, 18
40, 44, 22, 295, 263, 169.312, 208.847,25, 20
40, 44, 23, 295, 331, 45.5187, 45.5187,6, 6
40, 44, 24, 295, 303, 47.3416, 47.3416,6, 6
40, 44, 25, 295, 336, 75.7151, 75.7151,9, 9
40, 44, 26, 295, 354, 69.2859, 76.9533,9, 8
40, 44, 27, 295, 284, 20.6519, 20.6519,2, 2
40, 44, 28, 295, 301, 53.2535, 53.2535,6, 6
40, 44, 29, 295, 359, 71.5788, 71.5788,7, 7
40, 44, 30, 295, 305, 64.9559, 64.9559,7, 7
40, 44, 31, 295, 280, 36.9343, 36.9343,3, 3
40, 44, 32, 295, 352, 49.0594, 58.0591,6, 5
40, 44, 33, 295, 342, 8.02068, 8.02068,1, 1
40, 44, 34, 295, 257, 168.354, 179.482,21, 20
40, 44, 35, 295, 293, 28.9874, 28.9874,4, 4
40, 44, 36, 295, 322, 100.794, 100.794,11, 11
40, 44, 37, 295, 356, 43.1528, 59.5914,6, 4
40, 44, 38, 295, 349, 18.3388, 18.3388,2, 2
40, 44, 39, 295, 314, 41.3161, 48.3978,6, 5
40, 44, 40, 295, 326, 42.1122, 42.1122,5, 5
40, 44, 41, 295, 292, 57.8084, 57.8084,6, 6
40, 44, 42, 295, 292, 57.4617, 57.4617,6, 6
40, 44, 43, 295, 326, 44.5518, 44.5518,5, 5
40, 44, 45, 295, 345, 218.737, 241.902,28, 25
40, 44, 46, 295, 346, 714.073, 777.572,76, 68
40, 44, 47, 295, 318, 172.261, 219.089,23, 17
40, 45, 1, 345, 215, 6.88799, 6.88799,1, 1
40, 45, 2, 345, 263, 0, 0,0, 0
40, 45, 3, 345, 198, 6.74786, 6.74786,1, 1
40, 45, 4, 345, 390, 7.12405, 7.12405,1, 1
40, 45, 5, 345, 391, 48.4143, 48.4143,6, 6
40, 45, 6, 345, 362, 599.871, 1044.79,114, 60
40, 45, 7, 345, 288, 0, 0,0, 0
40, 45, 8, 345, 258, 14.3384, 21.8064,3, 2
40, 45, 9, 345, 307, 447.022, 881.482,106, 50
40, 45, 10, 345, 330, 382.932, 642.549,72, 41
40, 45, 11, 345, 346, 295.94, 497.497,62, 36
40, 45, 12, 345, 339, 60.877, 126.877,14, 6
40, 45, 13, 345, 369, 27.988, 27.988,3, 3
40, 45, 14, 345, 276, 38.1132, 45.0224,6, 5
40, 45, 15, 345, 244, 8.16257, 8.16257,1, 1
40, 45, 16, 345, 263, 36.365, 36.365,5, 5
40, 45, 17, 345, 253, 22.3989, 22.3989,3, 3
40, 45, 18, 345, 245, 0, 0,0, 0
40, 45, 19, 345, 282, 7.30439, 7.30439,1, 1
40, 45, 20, 345, 337, 8.7444, 8.7444,1, 1
40, 45, 21, 345, 228, 8.03111, 8.03111,1, 1
40, 45, 22, 345, 263, 77.8465, 99.5779,12, 9
40, 45, 23, 345, 331, 82.4635, 90.1491,12, 11
40, 45, 24, 345, 303, 84.6377, 111.627,13, 10
40, 45, 25, 345, 336, 15.2784, 15.2784,2, 2
40, 45, 26, 345, 354, 6.68613, 6.68613,1, 1
40, 45, 27, 345, 284, 0, 0,0, 0
40, 45, 28, 345, 301, 0, 0,0, 0
40, 45, 29, 345, 359, 38.3111, 69.7067,9, 5
40, 45, 30, 345, 305, 0, 0,0, 0
40, 45, 31, 345, 280, 0, 0,0, 0
40, 45, 32, 345, 352, 86.7074, 101.159,13, 11
40, 45, 33, 345, 342, 322.439, 605.957,73, 38
40, 45, 34, 345, 257, 44.1802, 51.3342,6, 5
40, 45, 35, 345, 293, 192.338, 294.762,33, 21
40, 45, 36, 345, 322, 87.1195, 144.219,17, 10
40, 45, 37, 345, 356, 24.2307, 31.6937,4, 3
40, 45, 38, 345, 349, 385.028, 790.333,94, 44
40, 45, 39, 345, 314, 445.878, 840.487,97, 48
40, 45, 40, 345, 326, 0, 0,0, 0
40, 45, 41, 345, 292, 0, 0,0, 0
40, 45, 42, 345, 292, 0, 0,0, 0
40, 45, 43, 345, 326, 217.37, 510.788,62, 24
40, 45, 44, 345, 295, 231.374, 241.902,28, 27
40, 45, 46, 345, 346, 464.239, 590.902,60, 46
40, 45, 47, 345, 318, 312.853, 511.091,57, 33
40, 46, 1, 346, 215, 0, 0,0, 0
40, 46, 2, 346, 263, 19.6355, 19.6355,2, 2
40, 46, 3, 346, 198, 15.3314, 15.3314,2, 2
40, 46, 4, 346, 390, 15.8521, 15.8521,2, 2
40, 46, 5, 346, 391, 205.921, 245.171,27, 22
40, 46, 6, 346, 362, 528.741, 600.086,69, 59
40, 46, 7, 346, 288, 74.4238, 83.594,10, 9
40, 46, 8, 346, 258, 28.4208, 28.4208,4, 4
40, 46, 9, 346, 307, 50.5737, 57.4936,6, 5
40, 46, 10, 346, 330, 66.9889, 74.092,9, 8
40, 46, 11, 346, 346, 169.014, 176.406,19, 18
40, 46, 12, 346, 339, 153.39, 218.657,25, 17
40, 46, 13, 346, 369, 37.132, 37.132,4, 4
40, 46, 14, 346, 276, 45.9733, 45.9733,5, 5
40, 46, 15, 346, 244, 64.9672, 72.6705,8, 7
40, 46, 16, 346, 263, 79.1718, 79.1718,9, 9
40, 46, 17, 346, 253, 40.6639, 40.6639,5, 5
40, 46, 18, 346, 245, 58.3481, 58.3481,7, 7
40, 46, 19, 346, 282, 17.4883, 17.4883,2, 2
40, 46, 20, 346, 337, 67.6263, 67.6263,8, 8
40, 46, 21, 346, 228, 100.303, 106.99,11, 10
40, 46, 22, 346, 263, 151.158, 174.338,20, 17
40, 46, 23, 346, 331, 38.3068, 38.3068,5, 5
40, 46, 24, 346, 303, 24.264, 24.264,3, 3
40, 46, 25, 346, 336, 53.1546, 53.1546,7, 7
40, 46, 26, 346, 354, 64.5957, 79.5675,10, 8
40, 46, 27, 346, 284, 20.4754, 27.2026,3, 2
40, 46, 28, 346, 301, 50.091, 50.091,5, 5
40, 46, 29, 346, 359, 28.7904, 46.2157,5, 3
40, 46, 30, 346, 305, 44.9122, 52.5365,7, 6
40, 46, 31, 346, 280, 22.6975, 22.6975,3, 3
40, 46, 32, 346, 352, 74.6453, 88.5858,12, 10
40, 46, 33, 346, 342, 26.209, 26.209,3, 3
40, 46, 34, 346, 257, 145.848, 145.848,17, 17
40, 46, 35, 346, 293, 63.1399, 63.1399,8, 8
40, 46, 36, 346, 322, 127.8, 151.217,18, 15
40, 46, 37, 346, 356, 52.1416, 59.8297,8, 7
40, 46, 38, 346, 349, 20.0933, 20.0933,2, 2
40, 46, 39, 346, 314, 68.1099, 68.1099,8, 8
40, 46, 40, 346, 326, 30.3943, 30.3943,3, 3
40, 46, 41, 346, 292, 16.2152, 16.2152,2, 2
40, 46, 42, 346, 292, 82.9357, 89.7194,10, 9
40, 46, 43, 346, 326, 99.9833, 108.955,12, 11
40, 46, 44, 346, 295, 682.467, 777.573,76, 65
40, 46, 45, 346, 345, 536.195, 590.902,60, 53
40, 46, 47, 346, 318, 288.129, 311.592,33, 30
40, 47, 1, 318, 215, 0, 0,0, 0
40, 47, 2, 318, 263, 24.8966, 40.2778,4, 2
40, 47, 3, 318, 198, 17.6995, 25.1266,3, 2
40, 47, 4, 318, 390, 17.7026, 24.5276,3, 2
40, 47, 5, 318, 391, 70.2607, 79.2832,9, 8
40, 47, 6, 318, 362, 429.133, 560.945,60, 45
40, 47, 7, 318, 288, 39.9359, 47.6773,6, 5
40, 47, 8, 318, 258, 56.2453, 56.2453,7, 7
40, 47, 9, 318, 307, 123.275, 166.328,20, 14
40, 47, 10, 318, 330, 185.468, 221.105,26, 21
40, 47, 11, 318, 346, 169.907, 231.014,29, 21
40, 47, 12, 318, 339, 72.6063, 90.3373,9, 7
40, 47, 13, 318, 369, 6.68214, 6.68214,1, 1
40, 47, 14, 318, 276, 87.0852, 109.543,12, 10
40, 47, 15, 318, 244, 72.7186, 79.4173,10, 9
40, 47, 16, 318, 263, 58.1337, 86.5373,10, 6
40, 47, 17, 318, 253, 30.0222, 45.5296,5, 3
40, 47, 18, 318, 245, 15.8209, 23.3252,3, 2
40, 47, 19, 318, 282, 27.8632, 27.8632,3, 3
40, 47, 20, 318, 337, 37.186, 48.2856,5, 4
40, 47, 21, 318, 228, 53.5882, 53.5882,5, 5
40, 47, 22, 318, 263, 211.914, 304.426,32, 21
40, 47, 23, 318, 331, 165.071, 210.347,24, 18
40, 47, 24, 318, 303, 119.354, 144.655,18, 15
40, 47, 25, 318, 336, 30.3734, 37.7417,4, 3
40, 47, 26, 318, 354, 45.3918, 52.0786,6, 5
40, 47, 27, 318, 284, 11.3529, 22.0676,2, 1
40, 47, 28, 318, 301, 51.0858, 69.9202,6, 4
40, 47, 29, 318, 359, 62.0672, 87.8109,10, 7
40, 47, 30, 318, 305, 23.2752, 30.2351,4, 3
40, 47, 31, 318, 280, 42.6025, 42.6025,5, 5
40, 47, 32, 318, 352, 84.1843, 107.402,13, 10
40, 47, 33, 318, 342, 165.988, 233.745,29, 20
40, 47, 34, 318, 257, 85.2315, 112.488,13, 10
40, 47, 35, 318, 293, 144.135, 185.15,21, 16
40, 47, 36, 318, 322, 70.2596, 82.673,9, 8
40, 47, 37, 318, 356, 82.8875, 98.2359,11, 9
40, 47, 38, 318, 349, 180.471, 219.274,28, 23
40, 47, 39, 318, 314, 237.296, 327.051,37, 26
40, 47, 40, 318, 326, 35.8905, 35.8905,4, 4
40, 47, 41, 318, 292, 0, 0,0, 0
40, 47, 42, 318, 292, 63.8632, 82.3191,9, 7
40, 47, 43, 318, 326, 175.692, 244.551,28, 20
40, 47, 44, 318, 295, 163.054, 219.087,23, 17
40, 47, 45, 318, 345, 350.2, 511.093,57, 37
40, 47, 46, 318, 346, 242.273, 311.592,33, 25
