24, 1, 2, 490, 474, 377.441, 393.347,45, 43
24, 1, 3, 490, 401, 970.815, 1061.01,110, 99
24, 1, 4, 490, 689, 33.701, 59.8343,7, 4
24, 1, 5, 490, 732, 30.9078, 37.9155,5, 4
24, 1, 6, 490, 640, 35.7008, 35.7008,5, 5
24, 1, 7, 490, 543, 26.9671, 26.9671,3, 3
24, 1, 8, 490, 565, 0, 0,0, 0
24, 1, 9, 490, 537, 15.2256, 15.2256,2, 2
24, 1, 10, 490, 576, 20.626, 20.626,3, 3
24, 1, 11, 490, 614, 37.5205, 37.5205,5, 5
24, 1, 12, 490, 596, 31.6956, 38.5638,5, 4
24, 1, 13, 490, 701, 22.7692, 29.6288,4, 3
24, 1, 14, 490, 584, 111.512, 128.226,14, 12
24, 1, 15, 490, 513, 7.26511, 7.26511,1, 1
24, 1, 16, 490, 580, 155.991, 163.855,20, 19
24, 1, 17, 490, 534, 128.475, 142.361,17, 15
24, 1, 18, 490, 496, 66.685, 66.685,8, 8
24, 1, 19, 490, 546, 6.69207, 6.69207,1, 1
24, 1, 20, 490, 604, 22.3478, 22.3478,3, 3
24, 1, 21, 490, 473, 6.89002, 6.89002,1, 1
24, 1, 22, 490, 517, 24.2497, 31.6094,4, 3
24, 1, 23, 490, 704, 72.2213, 79.8788,10, 9
24, 1, 24, 490, 611, 67.3032, 82.673,11, 9
24, 1, 25, 490, 631, 99.7642, 121.612,15, 12
24, 1, 26, 490, 700, 43.6852, 50.553,7, 6
24, 1, 27, 490, 511, 145.881, 197.639,26, 19
24, 1, 28, 490, 558, 131.884, 139.117,17, 16
24, 1, 29, 490, 668, 0, 0,0, 0
24, 1, 30, 490, 636, 30.5403, 38.4092,5, 4
24, 1, 31, 490, 500, 107.751, 172.65,22, 14
24, 1, 32, 490, 699, 108.38, 116.703,15, 14
24, 1, 33, 490, 592, 0, 0,0, 0
24, 1, 34, 490, 512, 37.315, 37.315,5, 5
24, 1, 35, 490, 541, 49.2908, 56.1184,7, 6
24, 1, 36, 490, 572, 13.6439, 13.6439,2, 2
24, 1, 37, 490, 728, 102.478, 129.934,15, 12
24, 1, 38, 490, 628, 65.6304, 65.6304,9, 9
24, 1, 39, 490, 567, 38.6439, 38.6439,5, 5
24, 1, 40, 490, 576, 7.54864, 7.54864,1, 1
24, 1, 41, 490, 516, 7.56857, 7.56857,1, 1
24, 1, 42, 490, 551, 6.76233, 6.76233,1, 1
24, 1, 43, 490, 526, 14.272, 14.272,2, 2
24, 1, 44, 490, 546, 30.5138, 30.5138,4, 4
24, 1, 45, 490, 615, 13.5755, 13.5755,2, 2
24, 1, 46, 490, 613, 7.44293, 7.44293,1, 1
24, 1, 47, 490, 628, 60.0923, 81.6094,10, 7
24, 2, 1, 474, 490, 378.264, 393.347,45, 43
24, 2, 3, 474, 401, 799.259, 879.686,94, 85
24, 2, 4, 474, 689, 71.5864, 101.441,11, 8
24, 2, 5, 474, 732, 67.1112, 74.3397,9, 8
24, 2, 6, 474, 640, 45.1988, 76.6833,9, 5
24, 2, 7, 474, 543, 150.453, 186.556,23, 18
24, 2, 8, 474, 565, 147.319, 184.25,22, 17
24, 2, 9, 474, 537, 0, 0,0, 0
24, 2, 10, 474, 576, 33.5758, 55.673,5, 3
24, 2, 11, 474, 614, 54.2215, 76.2982,9, 6
24, 2, 12, 474, 596, 93.8364, 146.275,17, 10
24, 2, 13, 474, 701, 71.6177, 79.6188,8, 7
24, 2, 14, 474, 584, 74.7696, 82.9134,9, 8
24, 2, 15, 474, 513, 134.748, 156.4,16, 14
24, 2, 16, 474, 580, 65.5162, 91.0107,10, 7
24, 2, 17, 474, 534, 142.728, 172.87,16, 13
24, 2, 18, 474, 496, 151.404, 182.19,19, 15
24, 2, 19, 474, 546, 115.129, 125.287,15, 14
24, 2, 20, 474, 604, 105.798, 133.608,14, 11
24, 2, 21, 474, 473, 89.5368, 132.724,15, 10
24, 2, 22, 474, 517, 138.778, 184.724,18, 13
24, 2, 23, 474, 704, 41.2704, 58.3694,7, 5
24, 2, 24, 474, 611, 7.33759, 7.33759,1, 1
24, 2, 25, 474, 631, 174.773, 215.632,22, 17
24, 2, 26, 474, 700, 101.886, 101.886,12, 12
24, 2, 27, 474, 511, 262.42, 306.947,36, 31
24, 2, 28, 474, 558, 398.173, 500.324,52, 40
24, 2, 29, 474, 668, 104.522, 129.811,16, 13
24, 2, 30, 474, 636, 233.449, 261.685,31, 27
24, 2, 31, 474, 500, 361.129, 429.15,49, 40
24, 2, 32, 474, 699, 70.2927, 117.188,12, 7
24, 2, 33, 474, 592, 95.8378, 120.026,14, 11
24, 2, 34, 474, 512, 133.892, 170.232,18, 14
24, 2, 35, 474, 541, 41.6098, 58.5711,6, 4
24, 2, 36, 474, 572, 116.344, 133.305,14, 12
24, 2, 37, 474, 728, 52.2801, 73.8268,7, 5
24, 2, 38, 474, 628, 53.683, 79.193,7, 5
24, 2, 39, 474, 567, 66.651, 75.7811,8, 7
24, 2, 40, 474, 576, 48.378, 64.0624,7, 5
24, 2, 41, 474, 516, 120.299, 150.199,17, 13
24, 2, 42, 474, 551, 92.5012, 100.275,12, 11
24, 2, 43, 474, 526, 93.8796, 107.523,13, 11
24, 2, 44, 474, 546, 52.7004, 67.7927,8, 6
24, 2, 45, 474, 615, 7.30548, 7.30548,1, 1
24, 2, 46, 474, 613, 68.2158, 84.8287,10, 8
24, 2, 47, 474, 628, 79.4554, 111.803,12, 8
24, 3, 1, 401, 490, 905.79, 1061,110, 91
24, 3, 2, 401, 474, 756.133, 879.685,94, 79
24, 3, 4, 401, 689, 49.996, 97.7431,11, 5
24, 3, 5, 401, 732, 14.3938, 14.3938,2, 2
24, 3, 6, 401, 640, 46.0649, 75.3895,10, 6
24, 3, 7, 401, 543, 45.6649, 53.083,7, 6
24, 3, 8, 401, 565, 37.9592, 58.3033,8, 5
24, 3, 9, 401, 537, 26.4843, 26.4843,3, 3
24, 3, 10, 401, 576, 50.5105, 80.9393,10, 6
24, 3, 11, 401, 614, 29.6622, 29.6622,4, 4
24, 3, 12, 401, 596, 49.4527, 49.4527,6, 6
24, 3, 13, 401, 701, 0, 0,0, 0
24, 3, 14, 401, 584, 38.0767, 46.0939,5, 4
24, 3, 15, 401, 513, 54.4864, 79.3227,9, 6
24, 3, 16, 401, 580, 97.4507, 121.784,14, 11
24, 3, 17, 401, 534, 100.152, 123.295,15, 12
24, 3, 18, 401, 496, 110.422, 133.985,15, 12
24, 3, 19, 401, 546, 14.3886, 21.1684,3, 2
24, 3, 20, 401, 604, 44.2026, 53.2094,6, 5
24, 3, 21, 401, 473, 34.7951, 50.6623,6, 4
24, 3, 22, 401, 517, 12.3449, 22.4016,2, 1
24, 3, 23, 401, 704, 53.9383, 78.3718,9, 6
24, 3, 24, 401, 611, 60.6446, 60.6446,6, 6
24, 3, 25, 401, 631, 65.7093, 81.6255,10, 8
24, 3, 26, 401, 700, 33.2865, 56.0925,7, 4
24, 3, 27, 401, 511, 173.535, 183.192,21, 20
24, 3, 28, 401, 558, 184.82, 216.591,26, 22
24, 3, 29, 401, 668, 26.2774, 33.244,4, 3
24, 3, 30, 401, 636, 86.4264, 107.948,14, 11
24, 3, 31, 401, 500, 142.389, 150.572,19, 18
24, 3, 32, 401, 699, 147.109, 197.184,22, 16
24, 3, 33, 401, 592, 16.9609, 16.9609,2, 2
24, 3, 34, 401, 512, 62.8927, 93.9293,9, 5
24, 3, 35, 401, 541, 27.3875, 42.5432,5, 3
24, 3, 36, 401, 572, 16.4706, 24.1391,3, 2
24, 3, 37, 401, 728, 95.2253, 111.921,11, 9
24, 3, 38, 401, 628, 55.0405, 81.2772,9, 6
24, 3, 39, 401, 567, 52.2629, 60.2956,7, 6
24, 3, 40, 401, 576, 0, 0,0, 0
24, 3, 41, 401, 516, 0, 0,0, 0
24, 3, 42, 401, 551, 12.2949, 12.2949,1, 1
24, 3, 43, 401, 526, 23.1771, 23.1771,3, 3
24, 3, 44, 401, 546, 32.8214, 32.8214,4, 4
24, 3, 45, 401, 615, 13.7697, 13.7697,2, 2
24, 3, 46, 401, 613, 40.3999, 84.5471,11, 5
24, 3, 47, 401, 628, 23.5966, 32.1388,4, 3
24, 4, 1, 689, 490, 52.9457, 59.8338,7, 6
24, 4, 2, 689, 474, 73.402, 101.441,11, 8
24, 4, 3, 689, 401, 47.8008, 97.7429,11, 5
24, 4, 5, 689, 732, 39.454, 106.161,14, 5
24, 4, 6, 689, 640, 80.7936, 168.196,19, 9
24, 4, 7, 689, 543, 92.9094, 231.78,28, 10
24, 4, 8, 689, 565, 89.1483, 329.889,43, 11
24, 4, 9, 689, 537, 32.6179, 64.1919,8, 4
24, 4, 10, 689, 576, 48.413, 75.1676,8, 5
24, 4, 11, 689, 614, 31.2331, 67.9887,7, 3
24, 4, 12, 689, 596, 90.1687, 185.728,16, 7
24, 4, 13, 689, 701, 62.7793, 124.328,16, 8
24, 4, 14, 689, 584, 45.1254, 60.3984,8, 6
24, 4, 15, 689, 513, 70.8897, 113.372,15, 9
24, 4, 16, 689, 580, 31.8955, 47.4516,6, 4
24, 4, 17, 689, 534, 46.2421, 107.052,13, 5
24, 4, 18, 689, 496, 63.986, 140.586,18, 8
24, 4, 19, 689, 546, 68.7629, 253.113,32, 8
24, 4, 20, 689, 604, 48.3909, 94.7727,12, 6
24, 4, 21, 689, 473, 34.4055, 110.467,14, 4
24, 4, 22, 689, 517, 33.2754, 43.1439,5, 4
24, 4, 23, 689, 704, 15.8408, 29.6028,4, 2
24, 4, 24, 689, 611, 7.42319, 7.42319,1, 1
24, 4, 25, 689, 631, 87.9523, 164.932,21, 11
24, 4, 26, 689, 700, 133.706, 467.386,59, 16
24, 4, 27, 689, 511, 27.3906, 36.6915,4, 3
24, 4, 28, 689, 558, 66.1903, 117.302,15, 8
24, 4, 29, 689, 668, 36.2647, 50.2377,7, 5
24, 4, 30, 689, 636, 58.615, 189.773,24, 7
24, 4, 31, 689, 500, 23.1045, 23.1045,3, 3
24, 4, 32, 689, 699, 31.0852, 49.5133,5, 3
24, 4, 33, 689, 592, 0, 0,0, 0
24, 4, 34, 689, 512, 41.8556, 67.9009,8, 5
24, 4, 35, 689, 541, 33.6658, 48.6965,6, 4
24, 4, 36, 689, 572, 49.7597, 111.563,10, 4
24, 4, 37, 689, 728, 27.8563, 44.755,5, 3
24, 4, 38, 689, 628, 17.4677, 32.8799,4, 2
24, 4, 39, 689, 567, 23.3596, 31.1516,4, 3
24, 4, 40, 689, 576, 51.7755, 111.713,15, 7
24, 4, 41, 689, 516, 52.473, 59.2207,6, 5
24, 4, 42, 689, 551, 42.1454, 64.0604,8, 5
24, 4, 43, 689, 526, 22.1397, 22.1397,3, 3
24, 4, 44, 689, 546, 28.2814, 35.4847,5, 4
24, 4, 45, 689, 615, 67.2215, 118.06,13, 7
24, 4, 46, 689, 613, 59.5852, 134.863,17, 7
24, 4, 47, 689, 628, 46.8599, 62.8909,8, 6
24, 5, 1, 732, 490, 23.4315, 37.9155,5, 3
24, 5, 2, 732, 474, 66.0153, 74.3397,9, 8
24, 5, 3, 732, 401, 14.3937, 14.3937,2, 2
24, 5, 4, 732, 689, 92.5919, 106.16,14, 12
24, 5, 6, 732, 640, 582.61, 708.021,81, 65
24, 5, 7, 732, 543, 139.942, 178.81,22, 17
24, 5, 8, 732, 565, 130.81, 180.19,22, 15
24, 5, 9, 732, 537, 51.6896, 65.7897,9, 7
24, 5, 10, 732, 576, 61.0958, 61.0958,8, 8
24, 5, 11, 732, 614, 116.707, 132.235,16, 14
24, 5, 12, 732, 596, 228.537, 273.69,29, 24
24, 5, 13, 732, 701, 222.529, 305.294,36, 25
24, 5, 14, 732, 584, 67.0341, 67.0341,9, 9
24, 5, 15, 732, 513, 79.3388, 95.2834,11, 9
24, 5, 16, 732, 580, 50.3969, 57.1504,8, 7
24, 5, 17, 732, 534, 60.1319, 60.1319,8, 8
24, 5, 18, 732, 496, 90.4305, 106.726,13, 11
24, 5, 19, 732, 546, 102.733, 102.733,13, 13
24, 5, 20, 732, 604, 123.945, 172.349,20, 14
24, 5, 21, 732, 473, 133.117, 133.117,16, 16
24, 5, 22, 732, 517, 108.876, 138.718,17, 13
24, 5, 23, 732, 704, 35.6091, 54.9108,6, 4
24, 5, 24, 732, 611, 57.3109, 77.7048,10, 7
24, 5, 25, 732, 631, 94.821, 117.43,15, 12
24, 5, 26, 732, 700, 186.377, 208.622,25, 22
24, 5, 27, 732, 511, 17.6992, 25.3175,3, 2
24, 5, 28, 732, 558, 76.9975, 105.064,12, 8
24, 5, 29, 732, 668, 149.264, 185.437,19, 15
24, 5, 30, 732, 636, 112.055, 136.995,16, 13
24, 5, 31, 732, 500, 88.4281, 104.544,13, 11
24, 5, 32, 732, 699, 47.5418, 54.8257,7, 6
24, 5, 33, 732, 592, 98.0229, 120.977,15, 12
24, 5, 34, 732, 512, 180.851, 213.193,25, 21
24, 5, 35, 732, 541, 43.3861, 58.445,8, 6
24, 5, 36, 732, 572, 202.86, 226.138,25, 22
24, 5, 37, 732, 728, 63.7787, 71.3576,9, 8
24, 5, 38, 732, 628, 59.8213, 81.2673,10, 7
24, 5, 39, 732, 567, 74.5523, 88.3725,11, 9
24, 5, 40, 732, 576, 128.789, 150.445,19, 16
24, 5, 41, 732, 516, 139.179, 175.424,22, 17
24, 5, 42, 732, 551, 141.004, 174.736,20, 16
24, 5, 43, 732, 526, 92.4537, 101.452,12, 11
24, 5, 44, 732, 546, 543.071, 652.661,69, 56
24, 5, 45, 732, 615, 125.359, 132.283,16, 15
24, 5, 46, 732, 613, 347.7, 378.629,43, 39
24, 5, 47, 732, 628, 165.424, 208.75,26, 20
24, 6, 1, 640, 490, 35.7008, 35.7008,5, 5
24, 6, 2, 640, 474, 67.142, 76.6833,9, 8
24, 6, 3, 640, 401, 52.4903, 75.3895,10, 7
24, 6, 4, 640, 689, 60.9518, 168.197,19, 7
24, 6, 5, 640, 732, 634.93, 708.022,81, 71
24, 6, 7, 640, 543, 136.604, 144.594,14, 13
24, 6, 8, 640, 565, 135.561, 149.466,17, 15
24, 6, 9, 640, 537, 471.407, 843.79,100, 53
24, 6, 10, 640, 576, 510.454, 761.868,89, 57
24, 6, 11, 640, 614, 521.547, 852.884,101, 57
24, 6, 12, 640, 596, 301.262, 522.221,56, 31
24, 6, 13, 640, 701, 203.01, 394.927,45, 22
24, 6, 14, 640, 584, 82.198, 96.4589,12, 10
24, 6, 15, 640, 513, 77.9513, 92.5709,11, 9
24, 6, 16, 640, 580, 87.5634, 87.5634,12, 12
24, 6, 17, 640, 534, 48.3533, 48.3533,6, 6
24, 6, 18, 640, 496, 64.4686, 71.9202,9, 8
24, 6, 19, 640, 546, 38.2384, 45.6384,5, 4
24, 6, 20, 640, 604, 146.459, 167.652,20, 17
24, 6, 21, 640, 473, 113.572, 120.689,14, 13
24, 6, 22, 640, 517, 181.367, 211.801,23, 19
24, 6, 23, 640, 704, 132.186, 156.487,18, 15
24, 6, 24, 640, 611, 176.101, 193.33,23, 21
24, 6, 25, 640, 631, 140.571, 147.686,15, 14
24, 6, 26, 640, 700, 72.7688, 80.0689,9, 8
24, 6, 27, 640, 511, 44.1241, 44.1241,5, 5
24, 6, 28, 640, 558, 119.892, 134.752,13, 11
24, 6, 29, 640, 668, 197.785, 291.346,35, 23
24, 6, 30, 640, 636, 54.6892, 54.6892,7, 7
24, 6, 31, 640, 500, 103.361, 118.718,14, 12
24, 6, 32, 640, 699, 145.058, 151.919,20, 19
24, 6, 33, 640, 592, 399.58, 728.805,91, 47
24, 6, 34, 640, 512, 212.971, 298.779,34, 23
24, 6, 35, 640, 541, 246.374, 383.984,44, 26
24, 6, 36, 640, 572, 229.426, 325.699,37, 25
24, 6, 37, 640, 728, 88.3248, 102.09,13, 11
24, 6, 38, 640, 628, 409.022, 715.025,86, 46
24, 6, 39, 640, 567, 505.208, 865.403,96, 51
24, 6, 40, 640, 576, 108.98, 124.028,15, 13
24, 6, 41, 640, 516, 134, 149.288,18, 16
24, 6, 42, 640, 551, 118.172, 145.858,18, 14
24, 6, 43, 640, 526, 320.174, 606.913,73, 36
24, 6, 44, 640, 546, 601.224, 706.79,78, 65
24, 6, 45, 640, 615, 1019.58, 1522.71,168, 106
24, 6, 46, 640, 613, 899.502, 1182.03,134, 100
24, 6, 47, 640, 628, 671.461, 939.605,101, 68
24, 7, 1, 543, 490, 26.9671, 26.9671,3, 3
24, 7, 2, 543, 474, 151.941, 186.556,23, 18
24, 7, 3, 543, 401, 53.0829, 53.0829,7, 7
24, 7, 4, 543, 689, 146.91, 231.781,28, 17
24, 7, 5, 543, 732, 142.138, 178.81,22, 17
24, 7, 6, 543, 640, 109.437, 144.594,14, 10
24, 7, 8, 543, 565, 498.517, 599.429,71, 59
24, 7, 9, 543, 537, 7.97434, 22.777,3, 1
24, 7, 10, 543, 576, 30.1923, 30.1923,4, 4
24, 7, 11, 543, 614, 180.11, 216.586,22, 18
24, 7, 12, 543, 596, 162.384, 188.168,18, 15
24, 7, 13, 543, 701, 68.7785, 77.2312,10, 9
24, 7, 14, 543, 584, 1157.9, 1280.31,130, 116
24, 7, 15, 543, 513, 1078.54, 1176.32,125, 112
24, 7, 16, 543, 580, 131.185, 146.333,18, 16
24, 7, 17, 543, 534, 258.534, 310.754,35, 28
24, 7, 18, 543, 496, 381.068, 424.477,50, 44
24, 7, 19, 543, 546, 196.453, 273.652,33, 23
24, 7, 20, 543, 604, 931.588, 1052.99,109, 94
24, 7, 21, 543, 473, 183.347, 231.737,28, 22
24, 7, 22, 543, 517, 357.363, 393.336,45, 40
24, 7, 23, 543, 704, 281.552, 316.964,39, 34
24, 7, 24, 543, 611, 127.9, 127.9,16, 16
24, 7, 25, 543, 631, 1382.23, 1502.24,151, 136
24, 7, 26, 543, 700, 162.261, 258.159,30, 18
24, 7, 27, 543, 511, 107.98, 135,15, 12
24, 7, 28, 543, 558, 273.876, 361.618,39, 29
24, 7, 29, 543, 668, 56.4869, 63.3642,6, 5
24, 7, 30, 543, 636, 116.469, 150.685,16, 12
24, 7, 31, 543, 500, 161.509, 222.838,26, 18
24, 7, 32, 543, 699, 618.04, 660.014,76, 71
24, 7, 33, 543, 592, 74.8528, 93.8018,11, 9
24, 7, 34, 543, 512, 253.597, 272.524,29, 27
24, 7, 35, 543, 541, 122.553, 122.553,15, 15
24, 7, 36, 543, 572, 191.166, 212.32,24, 21
24, 7, 37, 543, 728, 629.605, 663.949,73, 69
24, 7, 38, 543, 628, 28.1133, 28.1133,3, 3
24, 7, 39, 543, 567, 44.9181, 44.9181,6, 6
24, 7, 40, 543, 576, 86.7761, 110.823,13, 10
24, 7, 41, 543, 516, 89.5615, 114.287,13, 10
24, 7, 42, 543, 551, 76.2639, 90.6994,11, 9
24, 7, 43, 543, 526, 121.402, 141.472,15, 13
24, 7, 44, 543, 546, 60.6978, 77.0779,8, 6
24, 7, 45, 543, 615, 31.5944, 31.5944,4, 4
24, 7, 46, 543, 613, 181.193, 217.014,24, 20
24, 7, 47, 543, 628, 129.681, 140.265,16, 15
24, 8, 1, 565, 490, 0, 0,0, 0
24, 8, 2, 565, 474, 116.971, 184.251,22, 13
24, 8, 3, 565, 401, 37.7324, 58.3033,8, 5
24, 8, 4, 565, 689, 92.9595, 329.889,43, 11
24, 8, 5, 565, 732, 111.648, 180.19,22, 13
24, 8, 6, 565, 640, 125.329, 149.466,17, 15
24, 8, 7, 565, 543, 417.59, 599.429,71, 49
24, 8, 9, 565, 537, 0, 0,0, 0
24, 8, 10, 565, 576, 22.0737, 22.0737,3, 3
24, 8, 11, 565, 614, 120.076, 164.519,18, 13
24, 8, 12, 565, 596, 198.711, 254.564,27, 21
24, 8, 13, 565, 701, 449.705, 686.284,82, 50
24, 8, 14, 565, 584, 227.049, 247.74,31, 28
24, 8, 15, 565, 513, 815.655, 969.834,103, 85
24, 8, 16, 565, 580, 57.5109, 79.8864,10, 7
24, 8, 17, 565, 534, 111.897, 141.679,19, 15
24, 8, 18, 565, 496, 245.035, 322.153,37, 27
24, 8, 19, 565, 546, 700.69, 994.042,109, 73
24, 8, 20, 565, 604, 748.604, 880.751,98, 81
24, 8, 21, 565, 473, 459.336, 532.828,59, 50
24, 8, 22, 565, 517, 210.174, 241.404,27, 23
24, 8, 23, 565, 704, 65.1222, 65.1222,8, 8
24, 8, 24, 565, 611, 31.4207, 31.4207,4, 4
24, 8, 25, 565, 631, 385.437, 491.313,55, 42
24, 8, 26, 565, 700, 313.885, 654.947,78, 35
24, 8, 27, 565, 511, 53.6603, 60.5282,8, 7
24, 8, 28, 565, 558, 206.624, 301.961,36, 24
24, 8, 29, 565, 668, 127.016, 163.779,20, 15
24, 8, 30, 565, 636, 223.166, 363.174,38, 22
24, 8, 31, 565, 500, 127.765, 166.268,20, 15
24, 8, 32, 565, 699, 162.852, 162.852,21, 21
24, 8, 33, 565, 592, 104.058, 147.434,17, 12
24, 8, 34, 565, 512, 192.753, 211.604,22, 20
24, 8, 35, 565, 541, 56.9354, 56.9354,7, 7
24, 8, 36, 565, 572, 147.984, 162.15,19, 17
24, 8, 37, 565, 728, 136.326, 151.098,19, 17
24, 8, 38, 565, 628, 20.5658, 20.5658,3, 3
24, 8, 39, 565, 567, 31.6494, 31.6494,4, 4
24, 8, 40, 565, 576, 261.851, 372.827,41, 27
24, 8, 41, 565, 516, 188.897, 271.4,30, 20
24, 8, 42, 565, 551, 151.523, 175.508,21, 18
24, 8, 43, 565, 526, 60.0204, 67.4178,8, 7
24, 8, 44, 565, 546, 60.9239, 78.1568,9, 7
24, 8, 45, 565, 615, 35.503, 35.503,5, 5
24, 8, 46, 565, 613, 79.782, 103.037,13, 10
24, 8, 47, 565, 628, 107.789, 135.94,16, 13
24, 9, 1, 537, 490, 7.85638, 15.2256,2, 1
24, 9, 2, 537, 474, 0, 0,0, 0
24, 9, 3, 537, 401, 17.7258, 26.4843,3, 2
24, 9, 4, 537, 689, 40.9175, 64.1919,8, 5
24, 9, 5, 537, 732, 65.7898, 65.7898,9, 9
24, 9, 6, 537, 640, 458.749, 843.788,100, 51
24, 9, 7, 537, 543, 22.777, 22.777,3, 3
24, 9, 8, 537, 565, 0, 0,0, 0
24, 9, 10, 537, 576, 1564.47, 2703.95,286, 145
24, 9, 11, 537, 614, 794.717, 1414.85,148, 73
24, 9, 12, 537, 596, 295.47, 437.968,47, 30
24, 9, 13, 537, 701, 78.7521, 124.634,16, 10
24, 9, 14, 537, 584, 6.79737, 6.79737,1, 1
24, 9, 15, 537, 513, 0, 0,0, 0
24, 9, 16, 537, 580, 59.0223, 94.3636,13, 8
24, 9, 17, 537, 534, 17.2397, 17.2397,2, 2
24, 9, 18, 537, 496, 0, 0,0, 0
24, 9, 19, 537, 546, 7.49122, 7.49122,1, 1
24, 9, 20, 537, 604, 6.73533, 6.73533,1, 1
24, 9, 21, 537, 473, 0, 0,0, 0
24, 9, 22, 537, 517, 0, 0,0, 0
24, 9, 23, 537, 704, 107.789, 226.476,24, 12
24, 9, 24, 537, 611, 159.479, 368.046,44, 18
24, 9, 25, 537, 631, 7.08393, 7.08393,1, 1
24, 9, 26, 537, 700, 14.7328, 14.7328,2, 2
24, 9, 27, 537, 511, 46.8324, 53.539,7, 6
24, 9, 28, 537, 558, 23.589, 23.589,3, 3
24, 9, 29, 537, 668, 149.184, 188.057,23, 18
24, 9, 30, 537, 636, 0, 0,0, 0
24, 9, 31, 537, 500, 21.422, 21.422,3, 3
24, 9, 32, 537, 699, 51.0669, 66.0492,8, 6
24, 9, 33, 537, 592, 527.085, 1076.72,128, 58
24, 9, 34, 537, 512, 15.1434, 15.1434,2, 2
24, 9, 35, 537, 541, 344.818, 565.259,69, 40
24, 9, 36, 537, 572, 141.261, 183.192,21, 16
24, 9, 37, 537, 728, 47.6932, 67.9467,9, 6
24, 9, 38, 537, 628, 763.168, 1641.03,197, 85
24, 9, 39, 537, 567, 816.51, 1451.83,163, 84
24, 9, 40, 537, 576, 23.4688, 37.7404,5, 3
24, 9, 41, 537, 516, 29.2201, 29.2201,4, 4
24, 9, 42, 537, 551, 102.983, 116.711,15, 13
24, 9, 43, 537, 526, 533.908, 1065.61,121, 56
24, 9, 44, 537, 546, 16.3214, 16.3214,2, 2
24, 9, 45, 537, 615, 610.718, 1153.64,135, 66
24, 9, 46, 537, 613, 125.887, 203.723,24, 15
24, 9, 47, 537, 628, 197.514, 404.919,47, 22
24, 10, 1, 576, 490, 20.6259, 20.6259,3, 3
24, 10, 2, 576, 474, 34.2217, 55.673,5, 3
24, 10, 3, 576, 401, 55.5329, 80.939,10, 7
24, 10, 4, 576, 689, 68.0941, 75.1684,8, 7
24, 10, 5, 576, 732, 61.0958, 61.0958,8, 8
24, 10, 6, 576, 640, 381.599, 761.868,89, 42
24, 10, 7, 576, 543, 30.1924, 30.1924,4, 4
24, 10, 8, 576, 565, 14.5717, 22.0736,3, 2
24, 10, 9, 576, 537, 1557.95, 2703.94,286, 147
24, 10, 11, 576, 614, 1479.86, 2216.79,241, 151
24, 10, 12, 576, 596, 742.386, 853.69,95, 81
24, 10, 13, 576, 701, 218.49, 239.7,30, 27
24, 10, 14, 576, 584, 51.538, 59.4261,7, 6
24, 10, 15, 576, 513, 54.0209, 68.7896,7, 6
24, 10, 16, 576, 580, 134.702, 161.251,17, 14
24, 10, 17, 576, 534, 66.1337, 79.6503,7, 6
24, 10, 18, 576, 496, 44.2436, 53.6777,6, 5
24, 10, 19, 576, 546, 15.2601, 15.2601,2, 2
24, 10, 20, 576, 604, 43.0283, 52.979,6, 5
24, 10, 21, 576, 473, 33.5947, 46.0827,3, 2
24, 10, 22, 576, 517, 22.7138, 36.9311,3, 2
24, 10, 23, 576, 704, 133.042, 276.776,30, 14
24, 10, 24, 576, 611, 239.39, 446.959,54, 27
24, 10, 25, 576, 631, 45.6527, 58.4506,5, 4
24, 10, 26, 576, 700, 16.5502, 16.5502,2, 2
24, 10, 27, 576, 511, 41.6049, 50.1625,6, 5
24, 10, 28, 576, 558, 89.5688, 118.042,11, 9
24, 10, 29, 576, 668, 109.513, 188.613,23, 13
24, 10, 30, 576, 636, 26.1838, 26.1838,3, 3
24, 10, 31, 576, 500, 17.3306, 17.3306,2, 2
24, 10, 32, 576, 699, 141.791, 169.93,17, 14
24, 10, 33, 576, 592, 588.964, 1065.67,123, 62
24, 10, 34, 576, 512, 112.173, 133.261,15, 13
24, 10, 35, 576, 541, 478.657, 732.304,82, 52
24, 10, 36, 576, 572, 294.36, 331.035,36, 31
24, 10, 37, 576, 728, 77.1922, 102.726,10, 7
24, 10, 38, 576, 628, 763.851, 1532.09,173, 79
24, 10, 39, 576, 567, 1099.11, 1809.34,207, 118
24, 10, 40, 576, 576, 54.8296, 54.8296,7, 7
24, 10, 41, 576, 516, 102.16, 115.864,13, 11
24, 10, 42, 576, 551, 153.713, 188.826,24, 19
24, 10, 43, 576, 526, 571.765, 1081.97,132, 66
24, 10, 44, 576, 546, 46.2331, 46.2331,6, 6
24, 10, 45, 576, 615, 454.889, 910.537,101, 46
24, 10, 46, 576, 613, 171.628, 245.518,29, 20
24, 10, 47, 576, 628, 216.072, 442.854,54, 25
24, 11, 1, 614, 490, 30.3388, 37.5204,5, 4
24, 11, 2, 614, 474, 52.4312, 76.2982,9, 6
24, 11, 3, 614, 401, 29.6622, 29.6622,4, 4
24, 11, 4, 614, 689, 41.5798, 67.9896,7, 4
24, 11, 5, 614, 732, 132.235, 132.235,16, 16
24, 11, 6, 614, 640, 503.039, 852.884,101, 56
24, 11, 7, 614, 543, 166.472, 216.586,22, 16
24, 11, 8, 614, 565, 138.854, 164.518,18, 15
24, 11, 9, 614, 537, 930.666, 1414.85,148, 89
24, 11, 10, 614, 576, 1541.74, 2216.8,241, 158
24, 11, 12, 614, 596, 1327.45, 1602.31,162, 129
24, 11, 13, 614, 701, 541.521, 607.501,74, 66
24, 11, 14, 614, 584, 54.7106, 62.2636,8, 7
24, 11, 15, 614, 513, 166.403, 181.093,20, 18
24, 11, 16, 614, 580, 54.9284, 69.0038,9, 7
24, 11, 17, 614, 534, 81.7704, 95.6532,12, 10
24, 11, 18, 614, 496, 118.183, 153.304,18, 14
24, 11, 19, 614, 546, 51.5624, 68.7746,8, 6
24, 11, 20, 614, 604, 117.106, 126.308,14, 13
24, 11, 21, 614, 473, 111.489, 137.709,16, 13
24, 11, 22, 614, 517, 67.7307, 74.5632,8, 7
24, 11, 23, 614, 704, 58.0425, 71.4314,9, 7
24, 11, 24, 614, 611, 111.464, 169.094,20, 13
24, 11, 25, 614, 631, 110.121, 154.969,15, 10
24, 11, 26, 614, 700, 46.299, 53.5568,7, 6
24, 11, 27, 614, 511, 62.7823, 62.7823,7, 7
24, 11, 28, 614, 558, 135.867, 176.194,19, 14
24, 11, 29, 614, 668, 246.132, 345.027,40, 27
24, 11, 30, 614, 636, 53.1418, 67.4874,8, 6
24, 11, 31, 614, 500, 147.239, 172.693,20, 17
24, 11, 32, 614, 699, 83.9685, 90.9981,11, 10
24, 11, 33, 614, 592, 629.894, 954.166,109, 69
24, 11, 34, 614, 512, 362.981, 434.511,46, 37
24, 11, 35, 614, 541, 426.501, 606.399,70, 47
24, 11, 36, 614, 572, 516.698, 629.738,68, 55
24, 11, 37, 614, 728, 48.2048, 77.8095,10, 6
24, 11, 38, 614, 628, 526.409, 798.513,96, 62
24, 11, 39, 614, 567, 778.085, 1221.7,142, 86
24, 11, 40, 614, 576, 140.11, 165.371,20, 17
24, 11, 41, 614, 516, 195.331, 275.854,31, 21
24, 11, 42, 614, 551, 345.41, 469.679,53, 37
24, 11, 43, 614, 526, 565.921, 787.233,92, 63
24, 11, 44, 614, 546, 164.707, 164.707,19, 19
24, 11, 45, 614, 615, 439.132, 700.798,86, 52
24, 11, 46, 614, 613, 281.717, 388.314,45, 32
24, 11, 47, 614, 628, 322.87, 477.144,55, 36
24, 12, 1, 596, 490, 30.9273, 38.5638,5, 4
24, 12, 2, 596, 474, 101, 146.275,17, 11
24, 12, 3, 596, 401, 41.0524, 49.453,6, 5
24, 12, 4, 596, 689, 76.9927, 179.066,15, 6
24, 12, 5, 596, 732, 212.519, 273.69,29, 23
24, 12, 6, 596, 640, 288.74, 522.22,56, 30
24, 12, 7, 596, 543, 135.19, 188.163,18, 13
24, 12, 8, 596, 565, 193.857, 254.562,27, 21
24, 12, 9, 596, 537, 315.109, 437.967,47, 32
24, 12, 10, 596, 576, 718.604, 853.69,95, 79
24, 12, 11, 596, 614, 1348.8, 1602.31,162, 132
24, 12, 13, 596, 701, 987.379, 1175.32,132, 108
24, 12, 14, 596, 584, 38.9471, 55.6953,7, 5
24, 12, 15, 596, 513, 167.941, 206.035,21, 17
24, 12, 16, 596, 580, 81.4694, 111.703,15, 11
24, 12, 17, 596, 534, 85.1437, 94.1427,12, 11
24, 12, 18, 596, 496, 149.211, 166.379,21, 19
24, 12, 19, 596, 546, 120.145, 151.241,18, 14
24, 12, 20, 596, 604, 161.082, 188.35,21, 18
24, 12, 21, 596, 473, 130.445, 154.903,17, 14
24, 12, 22, 596, 517, 110.381, 119.742,12, 11
24, 12, 23, 596, 704, 45.2671, 52.5481,7, 6
24, 12, 24, 596, 611, 16.352, 16.352,2, 2
24, 12, 25, 596, 631, 143.9, 183.078,21, 16
24, 12, 26, 596, 700, 100.898, 116.834,14, 12
24, 12, 27, 596, 511, 74.3696, 89.41,9, 8
24, 12, 28, 596, 558, 128.768, 181.089,18, 12
24, 12, 29, 596, 668, 214.352, 260.885,25, 22
24, 12, 30, 596, 636, 112.888, 124.576,14, 13
24, 12, 31, 596, 500, 74.6606, 88.2848,11, 9
24, 12, 32, 596, 699, 76.0706, 102.263,12, 9
24, 12, 33, 596, 592, 178.114, 223.578,23, 18
24, 12, 34, 596, 512, 390.086, 475.474,53, 42
24, 12, 35, 596, 541, 96.1825, 103.628,13, 12
24, 12, 36, 596, 572, 685.86, 895.675,88, 66
24, 12, 37, 596, 728, 49.1485, 59.4243,7, 6
24, 12, 38, 596, 628, 69.3529, 92.3376,10, 8
24, 12, 39, 596, 567, 163.851, 194.047,23, 19
24, 12, 40, 596, 576, 197.876, 229.635,27, 23
24, 12, 41, 596, 516, 337.008, 430.43,50, 38
24, 12, 42, 596, 551, 383.744, 460.265,52, 42
24, 12, 43, 596, 526, 186.094, 221.189,24, 20
24, 12, 44, 596, 546, 223.284, 277.853,30, 24
24, 12, 45, 596, 615, 147.359, 240.587,26, 16
24, 12, 46, 596, 613, 280.81, 473.018,55, 32
24, 12, 47, 596, 628, 188.58, 294.483,33, 20
24, 13, 1, 701, 490, 29.6288, 29.6288,4, 4
24, 13, 2, 701, 474, 67.4454, 79.6188,8, 7
24, 13, 3, 701, 401, 0, 0,0, 0
24, 13, 4, 701, 689, 57.2975, 124.328,16, 7
24, 13, 5, 701, 732, 230.59, 305.294,36, 26
24, 13, 6, 701, 640, 211.27, 394.927,45, 23
24, 13, 7, 701, 543, 77.2314, 77.2314,10, 10
24, 13, 8, 701, 565, 447.258, 686.284,82, 51
24, 13, 9, 701, 537, 78.9743, 124.634,16, 10
24, 13, 10, 701, 576, 200.85, 239.701,30, 25
24, 13, 11, 701, 614, 539.672, 607.502,74, 65
24, 13, 12, 701, 596, 1008.28, 1175.32,132, 111
24, 13, 14, 701, 584, 36.9606, 36.9606,5, 5
24, 13, 15, 701, 513, 95.2589, 110.107,13, 11
24, 13, 16, 701, 580, 15.1592, 15.1592,2, 2
24, 13, 17, 701, 534, 61.1557, 61.1557,8, 8
24, 13, 18, 701, 496, 86.5182, 93.5692,11, 10
24, 13, 19, 701, 546, 203.138, 243.227,30, 25
24, 13, 20, 701, 604, 92.0863, 98.9844,12, 11
24, 13, 21, 701, 473, 168.147, 182.632,22, 20
24, 13, 22, 701, 517, 54.2072, 66.8022,7, 6
24, 13, 23, 701, 704, 15.6501, 37.0149,5, 2
24, 13, 24, 701, 611, 8.1822, 8.1822,1, 1
24, 13, 25, 701, 631, 124.599, 131.375,16, 15
24, 13, 26, 701, 700, 137.259, 173.617,21, 16
24, 13, 27, 701, 511, 30.6998, 30.6998,4, 4
24, 13, 28, 701, 558, 100.564, 116.021,12, 10
24, 13, 29, 701, 668, 207.197, 251.765,30, 24
24, 13, 30, 701, 636, 134.336, 155.652,17, 15
24, 13, 31, 701, 500, 90.0323, 100.801,10, 9
24, 13, 32, 701, 699, 29.8635, 44.497,6, 4
24, 13, 33, 701, 592, 154.532, 184.901,21, 17
24, 13, 34, 701, 512, 221.761, 256.975,29, 25
24, 13, 35, 701, 541, 30.2674, 30.2674,4, 4
24, 13, 36, 701, 572, 379.055, 429.585,49, 42
24, 13, 37, 701, 728, 0, 0,0, 0
24, 13, 38, 701, 628, 40.4572, 54.5646,7, 5
24, 13, 39, 701, 567, 71.2111, 85.1397,11, 9
24, 13, 40, 701, 576, 373.925, 463.642,48, 38
24, 13, 41, 701, 516, 303.501, 394.771,43, 32
24, 13, 42, 701, 551, 270.114, 339.565,38, 29
24, 13, 43, 701, 526, 69.3652, 69.3652,9, 9
24, 13, 44, 701, 546, 145.619, 205.676,20, 13
24, 13, 45, 701, 615, 84.2987, 122.723,14, 9
24, 13, 46, 701, 613, 188.741, 306.307,35, 21
24, 13, 47, 701, 628, 73.9627, 141.802,16, 8
24, 14, 1, 584, 490, 108.768, 128.226,14, 12
24, 14, 2, 584, 474, 82.9132, 82.9132,9, 9
24, 14, 3, 584, 401, 46.0938, 46.0938,5, 5
24, 14, 4, 584, 689, 60.3982, 60.3982,8, 8
24, 14, 5, 584, 732, 60.0687, 67.034,9, 8
24, 14, 6, 584, 640, 75.1041, 96.4589,12, 9
24, 14, 7, 584, 543, 1218.32, 1280.31,130, 123
24, 14, 8, 584, 565, 247.74, 247.74,31, 31
24, 14, 9, 584, 537, 6.79738, 6.79738,1, 1
24, 14, 10, 584, 576, 51.6384, 59.4261,7, 6
24, 14, 11, 584, 614, 54.414, 62.2636,8, 7
24, 14, 12, 584, 596, 55.6952, 55.6952,7, 7
24, 14, 13, 584, 701, 36.9607, 36.9607,5, 5
24, 14, 15, 584, 513, 754.741, 801.596,91, 85
24, 14, 16, 584, 580, 283.438, 298.796,35, 33
24, 14, 17, 584, 534, 386.45, 403.028,44, 42
24, 14, 18, 584, 496, 228.409, 236.855,28, 27
24, 14, 19, 584, 546, 91.7967, 91.7967,11, 11
24, 14, 20, 584, 604, 724.385, 776.917,88, 81
24, 14, 21, 584, 473, 81.626, 81.626,10, 10
24, 14, 22, 584, 517, 247.349, 300.122,34, 27
24, 14, 23, 584, 704, 416.685, 446.378,50, 46
24, 14, 24, 584, 611, 293.908, 322.61,39, 35
24, 14, 25, 584, 631, 1111.52, 1192.9,118, 107
24, 14, 26, 584, 700, 58.5357, 58.5357,7, 7
24, 14, 27, 584, 511, 113.742, 128.22,13, 11
24, 14, 28, 584, 558, 136.594, 136.594,14, 14
24, 14, 29, 584, 668, 28.0594, 34.8348,4, 3
24, 14, 30, 584, 636, 39.0768, 39.0768,5, 5
24, 14, 31, 584, 500, 46.8356, 46.8356,5, 5
24, 14, 32, 584, 699, 1328.67, 1508.54,149, 129
24, 14, 33, 584, 592, 7.30024, 7.30024,1, 1
24, 14, 34, 584, 512, 151.329, 151.329,18, 18
24, 14, 35, 584, 541, 154.632, 154.632,18, 18
24, 14, 36, 584, 572, 93.6853, 100.565,12, 11
24, 14, 37, 584, 728, 1181.86, 1334.9,142, 123
24, 14, 38, 584, 628, 20.374, 20.374,2, 2
24, 14, 39, 584, 567, 109.91, 123.666,15, 13
24, 14, 40, 584, 576, 7.52057, 7.52057,1, 1
24, 14, 41, 584, 516, 26.4237, 26.4237,3, 3
24, 14, 42, 584, 551, 60.5109, 60.5109,8, 8
24, 14, 43, 584, 526, 31.9344, 39.4018,5, 4
24, 14, 44, 584, 546, 101.802, 101.802,13, 13
24, 14, 45, 584, 615, 67.9822, 74.7811,10, 9
24, 14, 46, 584, 613, 123.545, 123.545,14, 14
24, 14, 47, 584, 628, 192.463, 214.707,25, 22
24, 15, 1, 513, 490, 7.26497, 7.26497,1, 1
24, 15, 2, 513, 474, 142.312, 156.398,16, 14
24, 15, 3, 513, 401, 79.3225, 79.3225,9, 9
24, 15, 4, 513, 689, 91.5887, 113.372,15, 12
24, 15, 5, 513, 732, 95.2829, 95.2829,11, 11
24, 15, 6, 513, 640, 69.1888, 92.571,11, 8
24, 15, 7, 513, 543, 1092.73, 1176.33,125, 114
24, 15, 8, 513, 565, 881.818, 969.835,103, 92
24, 15, 9, 513, 537, 0, 0,0, 0
24, 15, 10, 513, 576, 68.7888, 68.7888,7, 7
24, 15, 11, 513, 614, 166.778, 181.092,20, 18
24, 15, 12, 513, 596, 191.048, 206.036,21, 19
24, 15, 13, 513, 701, 110.107, 110.107,13, 13
24, 15, 14, 513, 584, 773.02, 801.596,91, 87
24, 15, 16, 513, 580, 120.822, 120.822,14, 14
24, 15, 17, 513, 534, 236.372, 265.778,31, 27
24, 15, 18, 513, 496, 446.181, 479.37,48, 44
24, 15, 19, 513, 546, 288.159, 317.461,38, 34
24, 15, 20, 513, 604, 1513.73, 1634.85,167, 153
24, 15, 21, 513, 473, 389.629, 420.111,43, 39
24, 15, 22, 513, 517, 414.069, 431.194,47, 45
24, 15, 23, 513, 704, 190.778, 190.778,23, 23
24, 15, 24, 513, 611, 84.0675, 84.0675,11, 11
24, 15, 25, 513, 631, 921.969, 982.061,102, 95
24, 15, 26, 513, 700, 134.638, 148.185,19, 17
24, 15, 27, 513, 511, 80.338, 80.338,9, 9
24, 15, 28, 513, 558, 189.448, 220.833,23, 19
24, 15, 29, 513, 668, 61.3019, 61.3019,8, 8
24, 15, 30, 513, 636, 143.694, 158.542,17, 15
24, 15, 31, 513, 500, 149.806, 161.617,19, 18
24, 15, 32, 513, 699, 466.685, 505.939,58, 53
24, 15, 33, 513, 592, 141.906, 149.114,17, 16
24, 15, 34, 513, 512, 348.329, 362.902,40, 38
24, 15, 35, 513, 541, 103.315, 103.315,12, 12
24, 15, 36, 513, 572, 167.396, 167.396,18, 18
24, 15, 37, 513, 728, 313.308, 313.308,34, 34
24, 15, 38, 513, 628, 44.0938, 50.918,5, 4
24, 15, 39, 513, 567, 43.2499, 50.944,6, 5
24, 15, 40, 513, 576, 87.3954, 87.3954,9, 9
24, 15, 41, 513, 516, 118.426, 133.386,17, 15
24, 15, 42, 513, 551, 151.891, 151.891,17, 17
24, 15, 43, 513, 526, 66.1858, 66.1858,8, 8
24, 15, 44, 513, 546, 112.412, 119.14,15, 14
24, 15, 45, 513, 615, 23.1437, 23.1437,3, 3
24, 15, 46, 513, 613, 107.327, 107.327,12, 12
24, 15, 47, 513, 628, 127.827, 159.142,20, 16
24, 16, 1, 580, 490, 156.767, 163.855,20, 19
24, 16, 2, 580, 474, 76.309, 91.0113,10, 8
24, 16, 3, 580, 401, 99.0965, 121.783,14, 11
24, 16, 4, 580, 689, 47.4519, 47.4519,6, 6
24, 16, 5, 580, 732, 50.4316, 57.1504,8, 7
24, 16, 6, 580, 640, 72.9684, 87.5634,12, 10
24, 16, 7, 580, 543, 132.006, 146.333,18, 16
24, 16, 8, 580, 565, 79.8862, 79.8862,10, 10
24, 16, 9, 580, 537, 65.8815, 94.3637,13, 9
24, 16, 10, 580, 576, 106.139, 161.252,17, 11
24, 16, 11, 580, 614, 62.3307, 69.0039,9, 8
24, 16, 12, 580, 596, 82.5106, 111.703,15, 11
24, 16, 13, 580, 701, 15.1591, 15.1591,2, 2
24, 16, 14, 580, 584, 252.235, 298.795,35, 29
24, 16, 15, 580, 513, 105.42, 120.824,14, 12
24, 16, 17, 580, 534, 740.001, 863.725,95, 79
24, 16, 18, 580, 496, 311.205, 326.07,38, 36
24, 16, 19, 580, 546, 101.595, 101.595,13, 13
24, 16, 20, 580, 604, 129.288, 144.305,17, 15
24, 16, 21, 580, 473, 14.0421, 20.749,2, 1
24, 16, 22, 580, 517, 61.9237, 86.2946,9, 6
24, 16, 23, 580, 704, 112.951, 121.688,13, 12
24, 16, 24, 580, 611, 164.515, 180.296,23, 21
24, 16, 25, 580, 631, 136.863, 143.853,17, 16
24, 16, 26, 580, 700, 35.9872, 35.9872,5, 5
24, 16, 27, 580, 511, 121.145, 153.355,19, 15
24, 16, 28, 580, 558, 124.959, 148.322,16, 13
24, 16, 29, 580, 668, 29.5845, 44.7124,6, 4
24, 16, 30, 580, 636, 43.2432, 43.2432,6, 6
24, 16, 31, 580, 500, 109.202, 116.813,15, 14
24, 16, 32, 580, 699, 396.08, 511.592,57, 43
24, 16, 33, 580, 592, 7.34689, 7.34689,1, 1
24, 16, 34, 580, 512, 108.581, 134.805,16, 13
24, 16, 35, 580, 541, 228.533, 282.58,33, 26
24, 16, 36, 580, 572, 82.5485, 91.8056,11, 10
24, 16, 37, 580, 728, 329.95, 441.99,51, 37
24, 16, 38, 580, 628, 69.0933, 88.2638,10, 8
24, 16, 39, 580, 567, 178.324, 207.306,26, 22
24, 16, 40, 580, 576, 6.94666, 6.94666,1, 1
24, 16, 41, 580, 516, 7.05884, 7.05884,1, 1
24, 16, 42, 580, 551, 13.9883, 13.9883,2, 2
24, 16, 43, 580, 526, 7.87754, 7.87754,1, 1
24, 16, 44, 580, 546, 26.4021, 42.7278,5, 3
24, 16, 45, 580, 615, 59.2612, 66.679,9, 8
24, 16, 46, 580, 613, 87.2082, 110.282,13, 10
24, 16, 47, 580, 628, 90.504, 134.803,16, 10
24, 17, 1, 534, 490, 127.979, 142.361,17, 15
24, 17, 2, 534, 474, 165.839, 172.87,16, 15
24, 17, 3, 534, 401, 123.295, 123.295,15, 15
24, 17, 4, 534, 689, 91.9672, 107.051,13, 11
24, 17, 5, 534, 732, 60.132, 60.132,8, 8
24, 17, 6, 534, 640, 48.3532, 48.3532,6, 6
24, 17, 7, 534, 543, 282.057, 310.755,35, 31
24, 17, 8, 534, 565, 127.708, 141.679,19, 17
24, 17, 9, 534, 537, 9.93274, 17.2399,2, 1
24, 17, 10, 534, 576, 79.6507, 79.6507,7, 7
24, 17, 11, 534, 614, 95.6531, 95.6531,12, 12
24, 17, 12, 534, 596, 86.8224, 94.1427,12, 11
24, 17, 13, 534, 701, 54.3579, 61.1555,8, 7
24, 17, 14, 534, 584, 393.016, 403.029,44, 43
24, 17, 15, 534, 513, 258.555, 265.778,31, 30
24, 17, 16, 534, 580, 804.844, 863.724,95, 88
24, 17, 18, 534, 496, 714.504, 773.192,84, 77
24, 17, 19, 534, 546, 294.044, 315.731,39, 36
24, 17, 20, 534, 604, 254.782, 254.782,29, 29
24, 17, 21, 534, 473, 87.2335, 102.377,12, 10
24, 17, 22, 534, 517, 243.783, 281.772,29, 24
24, 17, 23, 534, 704, 177.069, 184.639,21, 20
24, 17, 24, 534, 611, 80.2346, 94.7974,12, 10
24, 17, 25, 534, 631, 483.753, 518.643,57, 52
24, 17, 26, 534, 700, 91.3123, 91.3123,12, 12
24, 17, 27, 534, 511, 147.577, 157.232,17, 16
24, 17, 28, 534, 558, 262.124, 294.605,28, 24
24, 17, 29, 534, 668, 27.5438, 27.5438,3, 3
24, 17, 30, 534, 636, 143.196, 150.697,17, 16
24, 17, 31, 534, 500, 178.362, 199.471,24, 21
24, 17, 32, 534, 699, 277.978, 298.743,33, 30
24, 17, 33, 534, 592, 47.2261, 47.2261,6, 6
24, 17, 34, 534, 512, 244.758, 268.881,31, 28
24, 17, 35, 534, 541, 206.389, 223.062,24, 22
24, 17, 36, 534, 572, 122.781, 129.533,15, 14
24, 17, 37, 534, 728, 256.523, 270.577,31, 29
24, 17, 38, 534, 628, 46.1995, 46.1995,4, 4
24, 17, 39, 534, 567, 109.296, 109.296,12, 12
24, 17, 40, 534, 576, 45.3176, 45.3176,6, 6
24, 17, 41, 534, 516, 56.6247, 56.6247,6, 6
24, 17, 42, 534, 551, 56.2001, 56.2001,7, 7
24, 17, 43, 534, 526, 55.6297, 62.4432,8, 7
24, 17, 44, 534, 546, 79.5498, 86.2617,11, 10
24, 17, 45, 534, 615, 50.8603, 50.8603,7, 7
24, 17, 46, 534, 613, 67.4808, 67.4808,8, 8
24, 17, 47, 534, 628, 71.1562, 77.9935,9, 8
24, 18, 1, 496, 490, 58.6728, 66.6849,8, 7
24, 18, 2, 496, 474, 165.757, 182.19,19, 17
24, 18, 3, 496, 401, 119.245, 133.985,15, 13
24, 18, 4, 496, 689, 105.301, 140.586,18, 13
24, 18, 5, 496, 732, 81.1087, 106.726,13, 10
24, 18, 6, 496, 640, 64.8282, 71.9202,9, 8
24, 18, 7, 496, 543, 380.461, 424.475,50, 44
24, 18, 8, 496, 565, 278.013, 322.153,37, 31
24, 18, 9, 496, 537, 0, 0,0, 0
24, 18, 10, 496, 576, 44.834, 53.6777,6, 5
24, 18, 11, 496, 614, 146.466, 153.304,18, 17
24, 18, 12, 496, 596, 145.861, 166.379,21, 18
24, 18, 13, 496, 701, 85.1808, 93.57,11, 10
24, 18, 14, 496, 584, 208.586, 236.855,28, 24
24, 18, 15, 496, 513, 432.495, 479.365,48, 42
24, 18, 16, 496, 580, 311.197, 326.07,38, 36
24, 18, 17, 496, 534, 716.369, 773.193,84, 77
24, 18, 19, 496, 546, 574.737, 640.726,75, 66
24, 18, 20, 496, 604, 523.283, 612.413,67, 56
24, 18, 21, 496, 473, 146.913, 177.841,22, 18
24, 18, 22, 496, 517, 168.797, 184.253,22, 20
24, 18, 23, 496, 704, 71.8951, 71.8951,9, 9
24, 18, 24, 496, 611, 80.1077, 80.1077,10, 10
24, 18, 25, 496, 631, 295.15, 312.127,36, 34
24, 18, 26, 496, 700, 127.669, 188.141,21, 13
24, 18, 27, 496, 511, 163.697, 191.434,24, 20
24, 18, 28, 496, 558, 276.273, 311.058,38, 33
24, 18, 29, 496, 668, 105.932, 105.932,13, 13
24, 18, 30, 496, 636, 235.819, 265.569,33, 29
24, 18, 31, 496, 500, 180.368, 218.928,24, 19
24, 18, 32, 496, 699, 104.327, 119.774,14, 12
24, 18, 33, 496, 592, 70.1981, 77.2302,9, 8
24, 18, 34, 496, 512, 331.753, 372.356,42, 37
24, 18, 35, 496, 541, 140.829, 157.745,19, 17
24, 18, 36, 496, 572, 160.861, 175.67,18, 16
24, 18, 37, 496, 728, 84.7483, 84.7483,11, 11
24, 18, 38, 496, 628, 40.1048, 40.1048,5, 5
24, 18, 39, 496, 567, 107.876, 107.876,14, 14
24, 18, 40, 496, 576, 113.459, 120.377,15, 14
24, 18, 41, 496, 516, 120.15, 137.008,17, 15
24, 18, 42, 496, 551, 212.488, 245.708,25, 21
24, 18, 43, 496, 526, 49.1372, 49.1372,6, 6
24, 18, 44, 496, 546, 75.5131, 92.4331,11, 9
24, 18, 45, 496, 615, 9.04668, 9.04668,1, 1
24, 18, 46, 496, 613, 111.858, 111.858,13, 13
24, 18, 47, 496, 628, 92.2438, 107.07,12, 10
24, 19, 1, 546, 490, 6.69206, 6.69206,1, 1
24, 19, 2, 546, 474, 104.785, 125.287,15, 12
24, 19, 3, 546, 401, 21.1684, 21.1684,3, 3
24, 19, 4, 546, 689, 97.2059, 253.114,32, 11
24, 19, 5, 546, 732, 70.4741, 102.733,13, 9
24, 19, 6, 546, 640, 38.9454, 45.6383,5, 4
24, 19, 7, 546, 543, 171.73, 273.653,33, 20
24, 19, 8, 546, 565, 688.916, 994.046,109, 72
24, 19, 9, 546, 537, 7.49113, 7.49113,1, 1
24, 19, 10, 546, 576, 15.2601, 15.2601,2, 2
24, 19, 11, 546, 614, 60.42, 68.7746,8, 7
24, 19, 12, 546, 596, 144.521, 151.241,18, 17
24, 19, 13, 546, 701, 214.41, 243.228,30, 26
24, 19, 14, 546, 584, 83.8399, 91.7968,11, 10
24, 19, 15, 546, 513, 288.981, 317.462,38, 34
24, 19, 16, 546, 580, 94.3609, 101.595,13, 12
24, 19, 17, 546, 534, 272.843, 315.73,39, 33
24, 19, 18, 546, 496, 575.48, 640.726,75, 66
24, 19, 20, 546, 604, 326.271, 389.705,47, 39
24, 19, 21, 546, 473, 174.087, 215.111,24, 19
24, 19, 22, 546, 517, 83.4322, 105.956,12, 9
24, 19, 23, 546, 704, 25.7809, 25.7809,3, 3
24, 19, 24, 546, 611, 14.1189, 14.1189,2, 2
24, 19, 25, 546, 631, 172.172, 238.432,29, 20
24, 19, 26, 546, 700, 243.679, 619.877,75, 27
24, 19, 27, 546, 511, 78.1337, 92.3282,11, 9
24, 19, 28, 546, 558, 182.855, 276.339,33, 21
24, 19, 29, 546, 668, 130.119, 153.348,19, 16
24, 19, 30, 546, 636, 329.836, 515.612,61, 38
24, 19, 31, 546, 500, 137.319, 167.354,19, 15
24, 19, 32, 546, 699, 37.6289, 37.6289,5, 5
24, 19, 33, 546, 592, 112.872, 122.066,14, 13
24, 19, 34, 546, 512, 173.401, 197.655,24, 21
24, 19, 35, 546, 541, 47.7166, 47.7166,6, 6
24, 19, 36, 546, 572, 142.078, 171.245,20, 16
24, 19, 37, 546, 728, 37.396, 37.396,5, 5
24, 19, 38, 546, 628, 0, 0,0, 0
24, 19, 39, 546, 567, 14.0544, 14.0544,2, 2
24, 19, 40, 546, 576, 279.433, 430.558,51, 31
24, 19, 41, 546, 516, 182.319, 213.591,24, 20
24, 19, 42, 546, 551, 206.549, 222.261,26, 24
24, 19, 43, 546, 526, 91.6813, 91.6813,11, 11
24, 19, 44, 546, 546, 73.5229, 80.7838,9, 8
24, 19, 45, 546, 615, 22.9066, 22.9066,3, 3
24, 19, 46, 546, 613, 64.2115, 64.2115,8, 8
24, 19, 47, 546, 628, 60.8166, 83.2777,10, 7
24, 20, 1, 604, 490, 22.3479, 22.3479,3, 3
24, 20, 2, 604, 474, 126.921, 133.608,14, 13
24, 20, 3, 604, 401, 53.2099, 53.2099,6, 6
24, 20, 4, 604, 689, 80.801, 94.7727,12, 10
24, 20, 5, 604, 732, 156.618, 172.349,20, 18
24, 20, 6, 604, 640, 146.317, 167.652,20, 17
24, 20, 7, 604, 543, 997.68, 1052.99,109, 102
24, 20, 8, 604, 565, 799.866, 880.749,98, 88
24, 20, 9, 604, 537, 6.73524, 6.73524,1, 1
24, 20, 10, 604, 576, 52.9791, 52.9791,6, 6
24, 20, 11, 604, 614, 117.696, 126.308,14, 13
24, 20, 12, 604, 596, 163.361, 188.35,21, 18
24, 20, 13, 604, 701, 92.052, 98.9843,12, 11
24, 20, 14, 604, 584, 724.471, 776.918,88, 81
24, 20, 15, 604, 513, 1493.27, 1634.85,167, 151
24, 20, 16, 604, 580, 128.245, 144.305,17, 15
24, 20, 17, 604, 534, 245.343, 254.782,29, 28
24, 20, 18, 604, 496, 524.336, 612.412,67, 56
24, 20, 19, 604, 546, 361.19, 389.705,47, 43
24, 20, 21, 604, 473, 324.817, 333.424,38, 37
24, 20, 22, 604, 517, 354.733, 368.611,40, 38
24, 20, 23, 604, 704, 237.132, 260.087,31, 28
24, 20, 24, 604, 611, 107.604, 107.604,14, 14
24, 20, 25, 604, 631, 1337.08, 1482.24,147, 129
24, 20, 26, 604, 700, 190.937, 197.687,24, 23
24, 20, 27, 604, 511, 109.196, 124.349,13, 11
24, 20, 28, 604, 558, 203.778, 220.049,24, 22
24, 20, 29, 604, 668, 134.18, 134.18,15, 15
24, 20, 30, 604, 636, 191.398, 212.473,25, 22
24, 20, 31, 604, 500, 147.945, 158.195,18, 17
24, 20, 32, 604, 699, 640.251, 688.196,79, 73
24, 20, 33, 604, 592, 95.1667, 113.956,13, 11
24, 20, 34, 604, 512, 280.318, 331.813,36, 30
24, 20, 35, 604, 541, 79.3122, 79.3122,10, 10
24, 20, 36, 604, 572, 215.693, 240.141,25, 23
24, 20, 37, 604, 728, 563.304, 639.315,70, 61
24, 20, 38, 604, 628, 40.3749, 40.3749,4, 4
24, 20, 39, 604, 567, 48.507, 48.507,6, 6
24, 20, 40, 604, 576, 120.599, 127.472,16, 15
24, 20, 41, 604, 516, 113.877, 140.811,17, 14
24, 20, 42, 604, 551, 129.537, 144.332,17, 15
24, 20, 43, 604, 526, 43.9443, 43.9443,5, 5
24, 20, 44, 604, 546, 97.1785, 97.1785,10, 10
24, 20, 45, 604, 615, 50.2822, 57.6748,7, 6
24, 20, 46, 604, 613, 130.058, 136.851,17, 16
24, 20, 47, 604, 628, 140.52, 147.217,17, 16
24, 21, 1, 473, 490, 6.89004, 6.89004,1, 1
24, 21, 2, 473, 474, 118.14, 132.724,15, 13
24, 21, 3, 473, 401, 50.6623, 50.6623,6, 6
24, 21, 4, 473, 689, 95.9622, 110.467,14, 12
24, 21, 5, 473, 732, 119.305, 133.118,16, 14
24, 21, 6, 473, 640, 105.3, 120.689,14, 12
24, 21, 7, 473, 543, 201.034, 231.737,28, 24
24, 21, 8, 473, 565, 462.703, 532.828,59, 50
24, 21, 9, 473, 537, 0, 0,0, 0
24, 21, 10, 473, 576, 46.0836, 46.0836,3, 3
24, 21, 11, 473, 614, 116.672, 137.708,16, 13
24, 21, 12, 473, 596, 126.509, 154.903,17, 14
24, 21, 13, 473, 701, 152.742, 182.632,22, 18
24, 21, 14, 473, 584, 74.162, 81.6261,10, 9
24, 21, 15, 473, 513, 358.183, 420.111,43, 36
24, 21, 16, 473, 580, 20.749, 20.749,2, 2
24, 21, 17, 473, 534, 86.7974, 102.377,12, 10
24, 21, 18, 473, 496, 149.556, 177.841,22, 18
24, 21, 19, 473, 546, 183.253, 215.111,24, 20
24, 21, 20, 473, 604, 306.55, 333.425,38, 35
24, 21, 22, 473, 517, 806.728, 885.147,97, 88
24, 21, 23, 473, 704, 249.557, 264.243,32, 30
24, 21, 24, 473, 611, 93.4686, 93.4686,12, 12
24, 21, 25, 473, 631, 228.03, 269.576,29, 24
24, 21, 26, 473, 700, 357.015, 389.625,48, 44
24, 21, 27, 473, 511, 31.1444, 31.1444,3, 3
24, 21, 28, 473, 558, 141.399, 168.421,17, 14
24, 21, 29, 473, 668, 74.216, 74.216,10, 10
24, 21, 30, 473, 636, 171.646, 189.834,21, 19
24, 21, 31, 473, 500, 95.9089, 127.257,14, 10
24, 21, 32, 473, 699, 70.5399, 70.5399,6, 6
24, 21, 33, 473, 592, 59.3029, 90.2542,10, 6
24, 21, 34, 473, 512, 234.704, 271.895,29, 24
24, 21, 35, 473, 541, 37.3571, 37.3571,3, 3
24, 21, 36, 473, 572, 166.999, 186.599,21, 19
24, 21, 37, 473, 728, 47.7223, 47.7223,5, 5
24, 21, 38, 473, 628, 38.6341, 38.6341,4, 4
24, 21, 39, 473, 567, 29.1215, 29.1215,3, 3
24, 21, 40, 473, 576, 106.771, 128.419,13, 10
24, 21, 41, 473, 516, 136.288, 160.651,18, 15
24, 21, 42, 473, 551, 137.267, 174.587,19, 15
24, 21, 43, 473, 526, 48.9905, 56.9771,7, 6
24, 21, 44, 473, 546, 235.695, 292.545,34, 26
24, 21, 45, 473, 615, 24.346, 39.236,5, 3
24, 21, 46, 473, 613, 161.086, 168.286,19, 18
24, 21, 47, 473, 628, 144.011, 159.201,17, 15
24, 22, 1, 517, 490, 31.6094, 31.6094,4, 4
24, 22, 2, 517, 474, 170.173, 184.722,18, 16
24, 22, 3, 517, 401, 22.4015, 22.4015,2, 2
24, 22, 4, 517, 689, 43.1439, 43.1439,5, 5
24, 22, 5, 517, 732, 124.125, 138.718,17, 15
24, 22, 6, 517, 640, 152.847, 211.801,23, 16
24, 22, 7, 517, 543, 365, 393.336,45, 41
24, 22, 8, 517, 565, 226.268, 241.405,27, 25
24, 22, 9, 517, 537, 0, 0,0, 0
24, 22, 10, 517, 576, 36.9309, 36.9309,3, 3
24, 22, 11, 517, 614, 67.2132, 74.5633,8, 7
24, 22, 12, 517, 596, 119.743, 119.743,12, 12
24, 22, 13, 517, 701, 66.8022, 66.8022,7, 7
24, 22, 14, 517, 584, 254.869, 300.123,34, 28
24, 22, 15, 517, 513, 414.711, 431.194,47, 45
24, 22, 16, 517, 580, 71.8542, 86.2938,9, 7
24, 22, 17, 517, 534, 232.665, 281.767,29, 23
24, 22, 18, 517, 496, 163.195, 184.252,22, 19
24, 22, 19, 517, 546, 105.956, 105.956,12, 12
24, 22, 20, 517, 604, 326.13, 368.611,40, 34
24, 22, 21, 517, 473, 789.296, 885.147,97, 85
24, 22, 23, 517, 704, 605.158, 656.396,75, 68
24, 22, 24, 517, 611, 229.961, 280.285,33, 27
24, 22, 25, 517, 631, 446.844, 500.528,53, 46
24, 22, 26, 517, 700, 169.96, 169.96,21, 21
24, 22, 27, 517, 511, 51.3921, 62.6836,6, 5
24, 22, 28, 517, 558, 205.956, 222.841,22, 20
24, 22, 29, 517, 668, 62.3263, 62.3263,7, 7
24, 22, 30, 517, 636, 88.8912, 113.758,12, 9
24, 22, 31, 517, 500, 116.253, 153.116,18, 13
24, 22, 32, 517, 699, 95.4809, 109.98,12, 10
24, 22, 33, 517, 592, 78.2846, 85.4375,10, 9
24, 22, 34, 517, 512, 284.49, 359.78,37, 28
24, 22, 35, 517, 541, 96.6152, 104.129,11, 10
24, 22, 36, 517, 572, 136.797, 168.204,19, 15
24, 22, 37, 517, 728, 117.123, 117.123,14, 14
24, 22, 38, 517, 628, 41.697, 41.697,3, 3
24, 22, 39, 517, 567, 102.251, 125.395,12, 9
24, 22, 40, 517, 576, 65.5908, 79.6514,10, 8
24, 22, 41, 517, 516, 98.7489, 98.7489,12, 12
24, 22, 42, 517, 551, 98.3472, 120.611,13, 10
24, 22, 43, 517, 526, 62.5362, 62.5362,7, 7
24, 22, 44, 517, 546, 216.964, 286.312,34, 25
24, 22, 45, 517, 615, 87.7535, 128.169,15, 10
24, 22, 46, 517, 613, 244.551, 277.373,33, 29
24, 22, 47, 517, 628, 385.178, 507.244,55, 40
24, 23, 1, 704, 490, 79.8786, 79.8786,10, 10
24, 23, 2, 704, 474, 58.3691, 58.3691,7, 7
24, 23, 3, 704, 401, 78.3714, 78.3714,9, 9
24, 23, 4, 704, 689, 29.6027, 29.6027,4, 4
24, 23, 5, 704, 732, 54.9108, 54.9108,6, 6
24, 23, 6, 704, 640, 114.231, 156.487,18, 13
24, 23, 7, 704, 543, 278.118, 316.964,39, 34
24, 23, 8, 704, 565, 58.4049, 65.1226,8, 7
24, 23, 9, 704, 537, 141.839, 226.476,24, 15
24, 23, 10, 704, 576, 176.854, 276.776,30, 18
24, 23, 11, 704, 614, 48.4247, 71.4314,9, 6
24, 23, 12, 704, 596, 52.5481, 52.5481,7, 7
24, 23, 13, 704, 701, 37.0148, 37.0148,5, 5
24, 23, 14, 704, 584, 423.098, 446.378,50, 47
24, 23, 15, 704, 513, 169.619, 190.779,23, 20
24, 23, 16, 704, 580, 107.739, 121.687,13, 11
24, 23, 17, 704, 534, 177.302, 184.639,21, 20
24, 23, 18, 704, 496, 71.8948, 71.8948,9, 9
24, 23, 19, 704, 546, 25.781, 25.781,3, 3
24, 23, 20, 704, 604, 253.341, 260.087,31, 30
24, 23, 21, 704, 473, 241.555, 264.241,32, 29
24, 23, 22, 704, 517, 617.96, 656.396,75, 70
24, 23, 24, 704, 611, 1406.89, 1700.6,178, 142
24, 23, 25, 704, 631, 274.942, 303.339,34, 30
24, 23, 26, 704, 700, 74.8838, 82.5156,11, 10
24, 23, 27, 704, 511, 16.8079, 16.8079,2, 2
24, 23, 28, 704, 558, 54.7003, 61.4424,6, 5
24, 23, 29, 704, 668, 37.8497, 37.8497,5, 5
24, 23, 30, 704, 636, 9.28691, 9.28691,1, 1
24, 23, 31, 704, 500, 21.2257, 21.2257,3, 3
24, 23, 32, 704, 699, 449.309, 538.5,62, 50
24, 23, 33, 704, 592, 46.8254, 53.6842,7, 6
24, 23, 34, 704, 512, 113.209, 113.209,14, 14
24, 23, 35, 704, 541, 213.46, 281.592,27, 20
24, 23, 36, 704, 572, 79.5883, 86.6097,11, 10
24, 23, 37, 704, 728, 427.169, 472.041,56, 50
24, 23, 38, 704, 628, 70.3543, 70.3543,8, 8
24, 23, 39, 704, 567, 124.759, 173.219,19, 13
24, 23, 40, 704, 576, 23.4188, 23.4188,3, 3
24, 23, 41, 704, 516, 21.8235, 21.8235,3, 3
24, 23, 42, 704, 551, 59.2394, 65.9592,9, 8
24, 23, 43, 704, 526, 39.4421, 39.4421,5, 5
24, 23, 44, 704, 546, 101.696, 110.542,14, 13
24, 23, 45, 704, 615, 176.491, 212.3,25, 21
24, 23, 46, 704, 613, 146.694, 161.179,19, 17
24, 23, 47, 704, 628, 397.501, 475.069,54, 44
24, 24, 1, 611, 490, 75.5787, 82.6733,11, 10
24, 24, 2, 611, 474, 7.33752, 7.33752,1, 1
24, 24, 3, 611, 401, 37.6839, 60.6453,6, 4
24, 24, 4, 611, 689, 7.42321, 7.42321,1, 1
24, 24, 5, 611, 732, 49.6552, 77.7048,10, 6
24, 24, 6, 611, 640, 136.295, 193.33,23, 16
24, 24, 7, 611, 543, 118.972, 127.9,16, 15
24, 24, 8, 611, 565, 24.1328, 31.4208,4, 3
24, 24, 9, 611, 537, 180.332, 368.046,44, 21
24, 24, 10, 611, 576, 248.889, 446.961,54, 30
24, 24, 11, 611, 614, 130.116, 169.094,20, 15
24, 24, 12, 611, 596, 8.42814, 16.3521,2, 1
24, 24, 13, 611, 701, 8.18224, 8.18224,1, 1
24, 24, 14, 611, 584, 291.854, 322.61,39, 35
24, 24, 15, 611, 513, 69.8857, 84.0675,11, 9
24, 24, 16, 611, 580, 172.915, 180.296,23, 22
24, 24, 17, 611, 534, 94.7978, 94.7978,12, 12
24, 24, 18, 611, 496, 71.0149, 80.1078,10, 9
24, 24, 19, 611, 546, 14.1189, 14.1189,2, 2
24, 24, 20, 611, 604, 99.6234, 107.603,14, 13
24, 24, 21, 611, 473, 85.5465, 93.4686,12, 11
24, 24, 22, 611, 517, 248.338, 280.285,33, 29
24, 24, 23, 611, 704, 1346.89, 1700.6,178, 135
24, 24, 25, 611, 631, 209.411, 239.02,28, 24
24, 24, 26, 611, 700, 32.2609, 40.7289,5, 4
24, 24, 27, 611, 511, 29.6873, 29.6873,4, 4
24, 24, 28, 611, 558, 21.893, 42.517,6, 3
24, 24, 29, 611, 668, 0, 0,0, 0
24, 24, 30, 611, 636, 17.711, 17.711,2, 2
24, 24, 31, 611, 500, 14.2452, 14.2452,2, 2
24, 24, 32, 611, 699, 303.683, 396.623,47, 36
24, 24, 33, 611, 592, 60.2302, 60.2302,8, 8
24, 24, 34, 611, 512, 103.208, 137.023,16, 12
24, 24, 35, 611, 541, 226.28, 281.036,29, 23
24, 24, 36, 611, 572, 68.6593, 75.3511,10, 9
24, 24, 37, 611, 728, 321.643, 382.501,47, 39
24, 24, 38, 611, 628, 91.3681, 91.3681,11, 11
24, 24, 39, 611, 567, 207.713, 274.111,31, 23
24, 24, 40, 611, 576, 0, 0,0, 0
24, 24, 41, 611, 516, 0, 0,0, 0
24, 24, 42, 611, 551, 15.3782, 23.6292,3, 2
24, 24, 43, 611, 526, 64.1224, 64.1224,9, 9
24, 24, 44, 611, 546, 54.3996, 68.9888,9, 7
24, 24, 45, 611, 615, 242.098, 278.606,33, 29
24, 24, 46, 611, 613, 96.0367, 124.843,16, 12
24, 24, 47, 611, 628, 293.258, 377.64,44, 34
24, 25, 1, 631, 490, 107.103, 121.612,15, 13
24, 25, 2, 631, 474, 172.678, 215.633,22, 16
24, 25, 3, 631, 401, 81.6252, 81.6252,10, 10
24, 25, 4, 631, 689, 135.364, 164.932,21, 17
24, 25, 5, 631, 732, 100.842, 117.431,15, 13
24, 25, 6, 631, 640, 123.387, 147.686,15, 13
24, 25, 7, 631, 543, 1380.97, 1502.24,151, 136
24, 25, 8, 631, 565, 408.329, 491.313,55, 45
24, 25, 9, 631, 537, 7.08392, 7.08392,1, 1
24, 25, 10, 631, 576, 58.4527, 58.4527,5, 5
24, 25, 11, 631, 614, 117.703, 154.969,15, 11
24, 25, 12, 631, 596, 153.578, 183.077,21, 18
24, 25, 13, 631, 701, 121.948, 131.375,16, 15
24, 25, 14, 631, 584, 1129.93, 1192.9,118, 110
24, 25, 15, 631, 513, 884.978, 982.06,102, 91
24, 25, 16, 631, 580, 121.796, 143.853,17, 14
24, 25, 17, 631, 534, 466.886, 518.644,57, 50
24, 25, 18, 631, 496, 281.113, 312.128,36, 32
24, 25, 19, 631, 546, 186.79, 238.431,29, 22
24, 25, 20, 631, 604, 1360, 1482.24,147, 133
24, 25, 21, 631, 473, 218.401, 269.576,29, 23
24, 25, 22, 631, 517, 440.638, 500.529,53, 45
24, 25, 23, 631, 704, 281.244, 303.341,34, 31
24, 25, 24, 631, 611, 204.56, 239.02,28, 24
24, 25, 26, 631, 700, 173.484, 187.827,24, 22
24, 25, 27, 631, 511, 117.976, 117.976,14, 14
24, 25, 28, 631, 558, 273.662, 316.942,32, 27
24, 25, 29, 631, 668, 99.3982, 99.3982,12, 12
24, 25, 30, 631, 636, 124.824, 145.305,19, 16
24, 25, 31, 631, 500, 209.975, 241.403,27, 23
24, 25, 32, 631, 699, 1136.45, 1250.25,134, 120
24, 25, 33, 631, 592, 79.868, 117.354,13, 9
24, 25, 34, 631, 512, 268.311, 335.175,36, 28
24, 25, 35, 631, 541, 149.086, 175.384,19, 16
24, 25, 36, 631, 572, 189.904, 212.673,26, 23
24, 25, 37, 631, 728, 1022.47, 1126.1,119, 106
24, 25, 38, 631, 628, 50.3859, 50.3859,5, 5
24, 25, 39, 631, 567, 89.7188, 104.278,12, 10
24, 25, 40, 631, 576, 107.849, 125.273,15, 13
24, 25, 41, 631, 516, 113.713, 150.43,16, 12
24, 25, 42, 631, 551, 114.69, 148.318,18, 14
24, 25, 43, 631, 526, 72.2, 86.5165,11, 9
24, 25, 44, 631, 546, 145.521, 161.799,19, 17
24, 25, 45, 631, 615, 55.3766, 55.3766,7, 7
24, 25, 46, 631, 613, 124.835, 142.509,17, 15
24, 25, 47, 631, 628, 139.836, 183.571,17, 13
24, 26, 1, 700, 490, 36.491, 50.5529,7, 5
24, 26, 2, 700, 474, 87.8304, 101.886,12, 10
24, 26, 3, 700, 401, 56.0925, 56.0925,7, 7
24, 26, 4, 700, 689, 151.138, 467.386,59, 18
24, 26, 5, 700, 732, 155.45, 208.622,25, 19
24, 26, 6, 700, 640, 71.5579, 80.069,9, 8
24, 26, 7, 700, 543, 115.56, 258.159,30, 13
24, 26, 8, 700, 565, 263.382, 654.947,78, 29
24, 26, 9, 700, 537, 7.9031, 14.7328,2, 1
24, 26, 10, 700, 576, 16.5502, 16.5502,2, 2
24, 26, 11, 700, 614, 45.9685, 53.5568,7, 6
24, 26, 12, 700, 596, 100.807, 116.834,14, 12
24, 26, 13, 700, 701, 136.707, 173.617,21, 16
24, 26, 14, 700, 584, 58.5356, 58.5356,7, 7
24, 26, 15, 700, 513, 113.704, 148.185,19, 14
24, 26, 16, 700, 580, 28.9887, 35.9873,5, 4
24, 26, 17, 700, 534, 48.1595, 91.3123,12, 6
24, 26, 18, 700, 496, 108.211, 188.141,21, 11
24, 26, 19, 700, 546, 228.657, 619.875,75, 26
24, 26, 20, 700, 604, 139.99, 197.687,24, 17
24, 26, 21, 700, 473, 297.597, 389.625,48, 36
24, 26, 22, 700, 517, 162.073, 169.961,21, 20
24, 26, 23, 700, 704, 82.5157, 82.5157,11, 11
24, 26, 24, 700, 611, 40.729, 40.729,5, 5
24, 26, 25, 700, 631, 142.679, 187.827,24, 18
24, 26, 27, 700, 511, 36.6635, 36.6635,5, 5
24, 26, 28, 700, 558, 98.9139, 135.359,18, 13
24, 26, 29, 700, 668, 60.5612, 60.5612,8, 8
24, 26, 30, 700, 636, 94.2559, 259.685,29, 10
24, 26, 31, 700, 500, 65.4614, 86.7129,11, 8
24, 26, 32, 700, 699, 107.244, 114.336,15, 14
24, 26, 33, 700, 592, 34.981, 34.981,5, 5
24, 26, 34, 700, 512, 114.809, 135.787,16, 13
24, 26, 35, 700, 541, 30.2641, 38.5742,5, 4
24, 26, 36, 700, 572, 71.5189, 78.3615,10, 9
24, 26, 37, 700, 728, 61.1943, 61.1943,8, 8
24, 26, 38, 700, 628, 38.6836, 46.4653,6, 5
24, 26, 39, 700, 567, 7.46152, 7.46152,1, 1
24, 26, 40, 700, 576, 98.9219, 210.054,26, 12
24, 26, 41, 700, 516, 97.6376, 127.317,16, 12
24, 26, 42, 700, 551, 47.8202, 47.8202,6, 6
24, 26, 43, 700, 526, 25.3336, 25.3336,3, 3
24, 26, 44, 700, 546, 144.389, 160.645,19, 17
24, 26, 45, 700, 615, 31.9475, 31.9475,4, 4
24, 26, 46, 700, 613, 125.582, 133.033,17, 16
24, 26, 47, 700, 628, 120.436, 141.38,17, 14
24, 27, 1, 511, 490, 154.258, 197.639,26, 20
24, 27, 2, 511, 474, 261.526, 306.947,36, 30
24, 27, 3, 511, 401, 161.702, 183.192,21, 18
24, 27, 4, 511, 689, 36.6916, 36.6916,4, 4
24, 27, 5, 511, 732, 25.3175, 25.3175,3, 3
24, 27, 6, 511, 640, 35.5426, 44.1236,5, 4
24, 27, 7, 511, 543, 110.271, 134.999,15, 12
24, 27, 8, 511, 565, 60.5282, 60.5282,8, 8
24, 27, 9, 511, 537, 53.539, 53.539,7, 7
24, 27, 10, 511, 576, 50.1625, 50.1625,6, 6
24, 27, 11, 511, 614, 62.7823, 62.7823,7, 7
24, 27, 12, 511, 596, 89.4094, 89.4094,9, 9
24, 27, 13, 511, 701, 30.6999, 30.6999,4, 4
24, 27, 14, 511, 584, 103.245, 128.22,13, 10
24, 27, 15, 511, 513, 70.569, 80.3382,9, 8
24, 27, 16, 511, 580, 131.37, 153.355,19, 16
24, 27, 17, 511, 534, 147.163, 157.233,17, 16
24, 27, 18, 511, 496, 148.834, 191.434,24, 18
24, 27, 19, 511, 546, 85.571, 92.3274,11, 10
24, 27, 20, 511, 604, 108.778, 124.348,13, 11
24, 27, 21, 511, 473, 31.1442, 31.1442,3, 3
24, 27, 22, 511, 517, 54.9044, 62.6839,6, 5
24, 27, 23, 511, 704, 16.8078, 16.8078,2, 2
24, 27, 24, 511, 611, 29.6873, 29.6873,4, 4
24, 27, 25, 511, 631, 110.536, 117.976,14, 13
24, 27, 26, 511, 700, 36.6636, 36.6636,5, 5
24, 27, 28, 511, 558, 1505.01, 1672.68,164, 145
24, 27, 29, 511, 668, 102.263, 115.849,14, 12
24, 27, 30, 511, 636, 434.269, 454.039,52, 50
24, 27, 31, 511, 500, 1259.93, 1477.81,149, 125
24, 27, 32, 511, 699, 69.1633, 77.5401,9, 8
24, 27, 33, 511, 592, 72.2672, 72.2672,9, 9
24, 27, 34, 511, 512, 79.9576, 93.6069,11, 9
24, 27, 35, 511, 541, 53.3357, 53.3357,6, 6
24, 27, 36, 511, 572, 77.4137, 85.4654,9, 8
24, 27, 37, 511, 728, 74.2532, 83.788,10, 9
24, 27, 38, 511, 628, 62.7137, 77.0598,7, 5
24, 27, 39, 511, 567, 93.4355, 100.51,12, 11
24, 27, 40, 511, 576, 15.4577, 15.4577,2, 2
24, 27, 41, 511, 516, 69.5996, 69.5996,9, 9
24, 27, 42, 511, 551, 82.6705, 82.6705,10, 10
24, 27, 43, 511, 526, 108.316, 108.316,13, 13
24, 27, 44, 511, 546, 20.6215, 20.6215,2, 2
24, 27, 45, 511, 615, 14.6441, 14.6441,2, 2
24, 27, 46, 511, 613, 38.958, 46.3387,5, 4
24, 27, 47, 511, 628, 30.5445, 30.5445,3, 3
24, 28, 1, 558, 490, 116.317, 139.117,17, 14
24, 28, 2, 558, 474, 403.143, 500.324,52, 42
24, 28, 3, 558, 401, 182.937, 216.591,26, 22
24, 28, 4, 558, 689, 85.679, 117.303,15, 11
24, 28, 5, 558, 732, 77.8171, 105.064,12, 9
24, 28, 6, 558, 640, 105.391, 134.752,13, 10
24, 28, 7, 558, 543, 268.482, 361.619,39, 28
24, 28, 8, 558, 565, 230.764, 301.961,36, 27
24, 28, 9, 558, 537, 15.384, 23.5893,3, 2
24, 28, 10, 558, 576, 75.5814, 118.042,11, 7
24, 28, 11, 558, 614, 152.76, 176.195,19, 16
24, 28, 12, 558, 596, 138.601, 181.09,18, 13
24, 28, 13, 558, 701, 81.5629, 116.023,12, 8
24, 28, 14, 558, 584, 110.774, 136.595,14, 11
24, 28, 15, 558, 513, 158.031, 220.835,23, 17
24, 28, 16, 558, 580, 101.428, 148.321,16, 11
24, 28, 17, 558, 534, 210.059, 294.605,28, 20
24, 28, 18, 558, 496, 233.753, 311.058,38, 28
24, 28, 19, 558, 546, 230.321, 276.339,33, 27
24, 28, 20, 558, 604, 176.304, 220.049,24, 19
24, 28, 21, 558, 473, 108.174, 168.42,17, 10
24, 28, 22, 558, 517, 146.433, 222.843,22, 15
24, 28, 23, 558, 704, 46.8106, 61.4427,6, 5
24, 28, 24, 558, 611, 42.5169, 42.5169,6, 6
24, 28, 25, 558, 631, 255.278, 316.944,32, 25
24, 28, 26, 558, 700, 120.966, 135.359,18, 16
24, 28, 27, 558, 511, 1483.34, 1672.68,164, 142
24, 28, 29, 558, 668, 134.509, 161.193,19, 16
24, 28, 30, 558, 636, 742.03, 883.559,97, 80
24, 28, 31, 558, 500, 1574.59, 1851.68,178, 144
24, 28, 32, 558, 699, 53.3691, 83.8182,8, 5
24, 28, 33, 558, 592, 172.369, 203.273,22, 18
24, 28, 34, 558, 512, 141.454, 207.354,21, 13
24, 28, 35, 558, 541, 82.7871, 108.101,10, 8
24, 28, 36, 558, 572, 141.687, 209.491,21, 13
24, 28, 37, 558, 728, 57.7649, 86.7607,9, 6
24, 28, 38, 558, 628, 81.0628, 109.89,10, 8
24, 28, 39, 558, 567, 40.9361, 70.0676,5, 3
24, 28, 40, 558, 576, 87.5008, 121.283,13, 9
24, 28, 41, 558, 516, 165.756, 191.881,20, 17
24, 28, 42, 558, 551, 149.442, 204.939,24, 17
24, 28, 43, 558, 526, 141.351, 156.342,20, 18
24, 28, 44, 558, 546, 51.9226, 60.1159,7, 6
24, 28, 45, 558, 615, 6.95227, 6.95227,1, 1
24, 28, 46, 558, 613, 76.025, 110.903,12, 8
24, 28, 47, 558, 628, 99.5603, 167.749,17, 9
24, 29, 1, 668, 490, 0, 0,0, 0
24, 29, 2, 668, 474, 105.645, 129.811,16, 13
24, 29, 3, 668, 401, 24.8126, 33.2438,4, 3
24, 29, 4, 668, 689, 36.2647, 50.2377,7, 5
24, 29, 5, 668, 732, 146.723, 185.437,19, 15
24, 29, 6, 668, 640, 196.94, 291.346,35, 23
24, 29, 7, 668, 543, 49.9434, 63.3649,6, 5
24, 29, 8, 668, 565, 146.935, 163.778,20, 18
24, 29, 9, 668, 537, 133.009, 188.058,23, 16
24, 29, 10, 668, 576, 124.605, 188.613,23, 15
24, 29, 11, 668, 614, 251, 345.027,40, 28
24, 29, 12, 668, 596, 187.226, 260.887,25, 19
24, 29, 13, 668, 701, 200.198, 251.765,30, 23
24, 29, 14, 668, 584, 25.6966, 34.8349,4, 3
24, 29, 15, 668, 513, 45.4839, 61.3018,8, 6
24, 29, 16, 668, 580, 29.7647, 44.7124,6, 4
24, 29, 17, 668, 534, 18.6544, 27.5439,3, 2
24, 29, 18, 668, 496, 105.932, 105.932,13, 13
24, 29, 19, 668, 546, 139.17, 153.348,19, 17
24, 29, 20, 668, 604, 96.644, 134.18,15, 11
24, 29, 21, 668, 473, 67.1215, 74.2161,10, 9
24, 29, 22, 668, 517, 52.9824, 62.3267,7, 6
24, 29, 23, 668, 704, 23.7605, 37.8497,5, 3
24, 29, 24, 668, 611, 0, 0,0, 0
24, 29, 25, 668, 631, 76.3004, 99.3986,12, 9
24, 29, 26, 668, 700, 46.4371, 60.5612,8, 6
24, 29, 27, 668, 511, 101.978, 115.85,14, 13
24, 29, 28, 668, 558, 134.256, 161.193,19, 16
24, 29, 30, 668, 636, 255.018, 283.008,32, 29
24, 29, 31, 668, 500, 80.2278, 94.8862,12, 10
24, 29, 32, 668, 699, 17.6598, 26.9152,3, 2
24, 29, 33, 668, 592, 1393.97, 1731.09,188, 146
24, 29, 34, 668, 512, 113.367, 136.791,17, 14
24, 29, 35, 668, 541, 46.1753, 60.5442,8, 6
24, 29, 36, 668, 572, 147.991, 164.051,17, 16
24, 29, 37, 668, 728, 24.9257, 34.1414,4, 3
24, 29, 38, 668, 628, 642.832, 857.997,102, 74
24, 29, 39, 668, 567, 183.396, 254.125,30, 21
24, 29, 40, 668, 576, 470.455, 536.636,60, 52
24, 29, 41, 668, 516, 473.995, 555.242,60, 52
24, 29, 42, 668, 551, 558.077, 804.466,90, 60
24, 29, 43, 668, 526, 341.999, 442.311,52, 39
24, 29, 44, 668, 546, 93.2504, 108.436,12, 11
24, 29, 45, 668, 615, 84.5324, 120.295,16, 11
24, 29, 46, 668, 613, 67.9641, 100.915,12, 8
24, 29, 47, 668, 628, 130.139, 164.081,20, 16
24, 30, 1, 636, 490, 31.3643, 38.4092,5, 4
24, 30, 2, 636, 474, 245.798, 261.685,31, 29
24, 30, 3, 636, 401, 107.948, 107.948,14, 14
24, 30, 4, 636, 689, 105.589, 189.773,24, 13
24, 30, 5, 636, 732, 121.19, 136.995,16, 14
24, 30, 6, 636, 640, 47.4986, 54.6891,7, 6
24, 30, 7, 636, 543, 124.948, 150.685,16, 13
24, 30, 8, 636, 565, 266.725, 363.172,38, 27
24, 30, 9, 636, 537, 0, 0,0, 0
24, 30, 10, 636, 576, 26.1838, 26.1838,3, 3
24, 30, 11, 636, 614, 60.5542, 67.4875,8, 7
24, 30, 12, 636, 596, 117.58, 124.576,14, 13
24, 30, 13, 636, 701, 121.675, 155.652,17, 13
24, 30, 14, 636, 584, 32.0933, 39.0769,5, 4
24, 30, 15, 636, 513, 132.736, 158.543,17, 14
24, 30, 16, 636, 580, 36.3635, 43.2431,6, 5
24, 30, 17, 636, 534, 128.152, 150.698,17, 14
24, 30, 18, 636, 496, 202.604, 265.569,33, 25
24, 30, 19, 636, 546, 405.392, 515.612,61, 47
24, 30, 20, 636, 604, 177.85, 212.473,25, 21
24, 30, 21, 636, 473, 141.837, 189.834,21, 15
24, 30, 22, 636, 517, 95.7158, 113.758,12, 10
24, 30, 23, 636, 704, 9.28681, 9.28681,1, 1
24, 30, 24, 636, 611, 17.7108, 17.7108,2, 2
24, 30, 25, 636, 631, 100.007, 145.305,19, 13
24, 30, 26, 636, 700, 176.795, 259.686,29, 18
24, 30, 27, 636, 511, 423.502, 454.042,52, 48
24, 30, 28, 636, 558, 741.712, 883.559,97, 79
24, 30, 29, 636, 668, 244.458, 283.008,32, 27
24, 30, 31, 636, 500, 717.194, 763.769,84, 78
24, 30, 32, 636, 699, 16.3786, 16.3786,2, 2
24, 30, 33, 636, 592, 152.301, 167.146,20, 18
24, 30, 34, 636, 512, 117.032, 139.714,17, 14
24, 30, 35, 636, 541, 8.45296, 8.45296,1, 1
24, 30, 36, 636, 572, 129.41, 144.285,18, 16
24, 30, 37, 636, 728, 39.298, 39.298,5, 5
24, 30, 38, 636, 628, 97.0601, 97.0601,12, 12
24, 30, 39, 636, 567, 22.2349, 22.2349,3, 3
24, 30, 40, 636, 576, 262.736, 344.783,41, 30
24, 30, 41, 636, 516, 204.074, 234.897,27, 23
24, 30, 42, 636, 551, 192.216, 221.722,27, 23
24, 30, 43, 636, 526, 106.616, 113.77,14, 13
24, 30, 44, 636, 546, 55.9494, 64.9561,7, 6
24, 30, 45, 636, 615, 0, 0,0, 0
24, 30, 46, 636, 613, 53.4677, 74.8815,10, 7
24, 30, 47, 636, 628, 37.5702, 37.5702,5, 5
24, 31, 1, 500, 490, 147.248, 172.65,22, 19
24, 31, 2, 500, 474, 374.238, 429.149,49, 42
24, 31, 3, 500, 401, 129.266, 150.572,19, 16
24, 31, 4, 500, 689, 23.1045, 23.1045,3, 3
24, 31, 5, 500, 732, 79.7373, 104.544,13, 10
24, 31, 6, 500, 640, 84.5686, 118.718,14, 10
24, 31, 7, 500, 543, 177.196, 222.837,26, 20
24, 31, 8, 500, 565, 152.343, 166.268,20, 18
24, 31, 9, 500, 537, 21.4219, 21.4219,3, 3
24, 31, 10, 500, 576, 8.92218, 17.3306,2, 1
24, 31, 11, 500, 614, 146.338, 172.694,20, 17
24, 31, 12, 500, 596, 74.0861, 88.2848,11, 9
24, 31, 13, 500, 701, 85.0224, 100.801,10, 8
24, 31, 14, 500, 584, 46.8357, 46.8357,5, 5
24, 31, 15, 500, 513, 126.171, 161.617,19, 15
24, 31, 16, 500, 580, 102.603, 116.813,15, 13
24, 31, 17, 500, 534, 172.172, 199.471,24, 20
24, 31, 18, 500, 496, 192.6, 218.928,24, 21
24, 31, 19, 500, 546, 145.874, 167.354,19, 16
24, 31, 20, 500, 604, 131.311, 158.195,18, 15
24, 31, 21, 500, 473, 84.2575, 127.256,14, 9
24, 31, 22, 500, 517, 108.638, 153.116,18, 12
24, 31, 23, 500, 704, 21.2257, 21.2257,3, 3
24, 31, 24, 500, 611, 14.2453, 14.2453,2, 2
24, 31, 25, 500, 631, 195.936, 241.403,27, 21
24, 31, 26, 500, 700, 73.3649, 86.7128,11, 9
24, 31, 27, 500, 511, 1306.28, 1477.81,149, 128
24, 31, 28, 500, 558, 1609.32, 1851.68,178, 150
24, 31, 29, 500, 668, 88.1596, 94.8862,12, 11
24, 31, 30, 500, 636, 688.286, 763.769,84, 75
24, 31, 32, 500, 699, 0, 0,0, 0
24, 31, 33, 500, 592, 138.422, 154.165,18, 16
24, 31, 34, 500, 512, 144.238, 185.887,21, 16
24, 31, 35, 500, 541, 24.8503, 32.0371,4, 3
24, 31, 36, 500, 572, 125.975, 143.944,16, 14
24, 31, 37, 500, 728, 56.0163, 56.0163,7, 7
24, 31, 38, 500, 628, 50.8544, 50.8544,7, 7
24, 31, 39, 500, 567, 67.7857, 67.7857,9, 9
24, 31, 40, 500, 576, 135.858, 161.597,16, 13
24, 31, 41, 500, 516, 68.7955, 87.3648,9, 7
24, 31, 42, 500, 551, 151.438, 193.242,21, 16
24, 31, 43, 500, 526, 127.148, 134.84,16, 15
24, 31, 44, 500, 546, 34.1092, 44.2467,4, 3
24, 31, 45, 500, 615, 7.33625, 7.33625,1, 1
24, 31, 46, 500, 613, 72.2133, 87.6489,11, 9
24, 31, 47, 500, 628, 74.3789, 108.255,12, 8
24, 32, 1, 699, 490, 101.489, 116.703,15, 13
24, 32, 2, 699, 474, 77.4288, 117.187,12, 8
24, 32, 3, 699, 401, 130.166, 197.185,22, 14
24, 32, 4, 699, 689, 23.2267, 49.5139,5, 2
24, 32, 5, 699, 732, 47.9536, 54.8257,7, 6
24, 32, 6, 699, 640, 95.3667, 151.919,20, 12
24, 32, 7, 699, 543, 616.916, 660.015,76, 71
24, 32, 8, 699, 565, 155.811, 162.852,21, 20
24, 32, 9, 699, 537, 49.113, 66.0489,8, 6
24, 32, 10, 699, 576, 90.9694, 169.934,17, 8
24, 32, 11, 699, 614, 58.8976, 90.9985,11, 7
24, 32, 12, 699, 596, 79.3028, 102.263,12, 9
24, 32, 13, 699, 701, 37.4191, 44.497,6, 5
24, 32, 14, 699, 584, 1300.85, 1508.53,149, 127
24, 32, 15, 699, 513, 453.117, 505.941,58, 52
24, 32, 16, 699, 580, 428.819, 511.59,57, 47
24, 32, 17, 699, 534, 271.666, 298.742,33, 30
24, 32, 18, 699, 496, 103.08, 119.774,14, 12
24, 32, 19, 699, 546, 37.6286, 37.6286,5, 5
24, 32, 20, 699, 604, 606.381, 688.195,79, 69
24, 32, 21, 699, 473, 51.7294, 70.5394,6, 5
24, 32, 22, 699, 517, 89.4812, 109.981,12, 10
24, 32, 23, 699, 704, 416.333, 538.497,62, 47
24, 32, 24, 699, 611, 285.13, 396.623,47, 33
24, 32, 25, 699, 631, 1067.29, 1250.25,134, 112
24, 32, 26, 699, 700, 77.9207, 114.336,15, 10
24, 32, 27, 699, 511, 60.986, 77.5403,9, 7
24, 32, 28, 699, 558, 45.1347, 83.8191,8, 4
24, 32, 29, 699, 668, 19.7601, 26.9155,3, 2
24, 32, 30, 699, 636, 16.3789, 16.3789,2, 2
24, 32, 31, 699, 500, 0, 0,0, 0
24, 32, 33, 699, 592, 9.64293, 9.64293,1, 1
24, 32, 34, 699, 512, 116.189, 138.277,15, 13
24, 32, 35, 699, 541, 232.204, 267.504,31, 27
24, 32, 36, 699, 572, 42.223, 70.4136,9, 5
24, 32, 37, 699, 728, 11307.8, 12092.7,481, 401
24, 32, 38, 699, 628, 71.0351, 122.32,14, 8
24, 32, 39, 699, 567, 71.4844, 88.7711,11, 9
24, 32, 40, 699, 576, 23.9241, 30.7988,4, 3
24, 32, 41, 699, 516, 7.86872, 7.86872,1, 1
24, 32, 42, 699, 551, 48.6051, 55.4137,7, 6
24, 32, 43, 699, 526, 26.3264, 26.3264,3, 3
24, 32, 44, 699, 546, 76.5356, 86.7753,10, 9
24, 32, 45, 699, 615, 99.3439, 137.098,18, 13
24, 32, 46, 699, 613, 90.0265, 118.629,16, 12
24, 32, 47, 699, 628, 120.711, 168.635,21, 15
24, 33, 1, 592, 490, 0, 0,0, 0
24, 33, 2, 592, 474, 88.7073, 120.026,14, 10
24, 33, 3, 592, 401, 16.9608, 16.9608,2, 2
24, 33, 4, 592, 689, 0, 0,0, 0
24, 33, 5, 592, 732, 98.8693, 120.977,15, 12
24, 33, 6, 592, 640, 332.273, 728.806,91, 39
24, 33, 7, 592, 543, 74.6605, 93.8016,11, 9
24, 33, 8, 592, 565, 111.802, 147.433,17, 13
24, 33, 9, 592, 537, 485.109, 1076.72,128, 53
24, 33, 10, 592, 576, 533.449, 1065.67,123, 56
24, 33, 11, 592, 614, 472.236, 954.166,109, 49
24, 33, 12, 592, 596, 188.75, 223.578,23, 19
24, 33, 13, 592, 701, 149.938, 184.902,21, 17
24, 33, 14, 592, 584, 7.30025, 7.30025,1, 1
24, 33, 15, 592, 513, 127.103, 149.113,17, 14
24, 33, 16, 592, 580, 7.34688, 7.34688,1, 1
24, 33, 17, 592, 534, 40.3167, 47.2261,6, 5
24, 33, 18, 592, 496, 61.2216, 77.23,9, 7
24, 33, 19, 592, 546, 99.0129, 122.066,14, 11
24, 33, 20, 592, 604, 106.657, 113.956,13, 12
24, 33, 21, 592, 473, 63.7281, 90.2539,10, 7
24, 33, 22, 592, 517, 78.2845, 85.4373,10, 9
24, 33, 23, 592, 704, 40.0471, 53.6841,7, 5
24, 33, 24, 592, 611, 45.472, 60.2304,8, 6
24, 33, 25, 592, 631, 86.9087, 117.354,13, 10
24, 33, 26, 592, 700, 27.9835, 34.981,5, 4
24, 33, 27, 592, 511, 72.2675, 72.2675,9, 9
24, 33, 28, 592, 558, 174.257, 203.273,22, 19
24, 33, 29, 592, 668, 1313.8, 1731.09,188, 135
24, 33, 30, 592, 636, 159.92, 167.146,20, 19
24, 33, 31, 592, 500, 138.422, 154.165,18, 16
24, 33, 32, 592, 699, 9.64304, 9.64304,1, 1
24, 33, 34, 592, 512, 137.995, 160.403,17, 14
24, 33, 35, 592, 541, 207.5, 359.605,46, 26
24, 33, 36, 592, 572, 147.652, 178.339,21, 17
24, 33, 37, 592, 728, 9.82822, 9.82822,1, 1
24, 33, 38, 592, 628, 1595.66, 2913.21,335, 167
24, 33, 39, 592, 567, 578.207, 1103.72,127, 60
24, 33, 40, 592, 576, 171.835, 180.317,21, 20
24, 33, 41, 592, 516, 334.306, 399.577,43, 36
24, 33, 42, 592, 551, 589.627, 821.174,93, 65
24, 33, 43, 592, 526, 1023.73, 2050.46,230, 102
24, 33, 44, 592, 546, 61.9963, 61.9963,7, 7
24, 33, 45, 592, 615, 371.53, 750.276,91, 42
24, 33, 46, 592, 613, 80.2802, 87.5412,11, 10
24, 33, 47, 592, 628, 198.004, 410.268,50, 23
24, 34, 1, 512, 490, 30.4912, 37.3148,5, 4
24, 34, 2, 512, 474, 155.78, 170.232,18, 16
24, 34, 3, 512, 401, 77.1388, 93.9309,9, 7
24, 34, 4, 512, 689, 50.7216, 67.9011,8, 6
24, 34, 5, 512, 732, 177.712, 213.193,25, 21
24, 34, 6, 512, 640, 252.098, 298.779,34, 28
24, 34, 7, 512, 543, 265.459, 272.524,29, 28
24, 34, 8, 512, 565, 204.28, 211.604,22, 21
24, 34, 9, 512, 537, 15.1434, 15.1434,2, 2
24, 34, 10, 512, 576, 101.911, 133.26,15, 11
24, 34, 11, 512, 614, 393.882, 434.512,46, 41
24, 34, 12, 512, 596, 414.731, 475.474,53, 45
24, 34, 13, 512, 701, 223.331, 256.975,29, 25
24, 34, 14, 512, 584, 143.857, 151.329,18, 17
24, 34, 15, 512, 513, 312.925, 362.903,40, 34
24, 34, 16, 512, 580, 109.181, 134.805,16, 13
24, 34, 17, 512, 534, 229.185, 268.881,31, 26
24, 34, 18, 512, 496, 339.657, 372.356,42, 38
24, 34, 19, 512, 546, 167.208, 197.655,24, 20
24, 34, 20, 512, 604, 324.243, 331.814,36, 35
24, 34, 21, 512, 473, 234.28, 271.894,29, 25
24, 34, 22, 512, 517, 295.618, 359.784,37, 29
24, 34, 23, 512, 704, 96.8521, 113.209,14, 12
24, 34, 24, 512, 611, 108.222, 137.022,16, 12
24, 34, 25, 512, 631, 297.946, 335.175,36, 31
24, 34, 26, 512, 700, 118.759, 135.787,16, 14
24, 34, 27, 512, 511, 86.8979, 93.6069,11, 10
24, 34, 28, 512, 558, 159.892, 207.353,21, 15
24, 34, 29, 512, 668, 128.466, 136.791,17, 16
24, 34, 30, 512, 636, 132.636, 139.713,17, 16
24, 34, 31, 512, 500, 150.434, 185.887,21, 17
24, 34, 32, 512, 699, 111.005, 138.277,15, 12
24, 34, 33, 512, 592, 138.552, 160.403,17, 14
24, 34, 35, 512, 541, 483.45, 527.909,61, 55
24, 34, 36, 512, 572, 597.282, 740.439,87, 69
24, 34, 37, 512, 728, 119.919, 127.586,16, 15
24, 34, 38, 512, 628, 44.8753, 53.0742,5, 4
24, 34, 39, 512, 567, 298.118, 329.313,39, 35
24, 34, 40, 512, 576, 164.979, 195.873,22, 18
24, 34, 41, 512, 516, 177.582, 207.463,24, 20
24, 34, 42, 512, 551, 204.944, 253.792,28, 22
24, 34, 43, 512, 526, 117.618, 117.618,13, 13
24, 34, 44, 512, 546, 245.901, 280.552,32, 28
24, 34, 45, 512, 615, 99.0717, 123.024,14, 11
24, 34, 46, 512, 613, 242.994, 257.843,30, 28
24, 34, 47, 512, 628, 185.863, 241.911,26, 19
24, 35, 1, 541, 490, 56.1185, 56.1185,7, 7
24, 35, 2, 541, 474, 58.5713, 58.5713,6, 6
24, 35, 3, 541, 401, 42.5432, 42.5432,5, 5
24, 35, 4, 541, 689, 40.5129, 48.6965,6, 5
24, 35, 5, 541, 732, 58.4452, 58.4452,8, 8
24, 35, 6, 541, 640, 302.875, 383.985,44, 33
24, 35, 7, 541, 543, 115.855, 122.553,15, 14
24, 35, 8, 541, 565, 56.9354, 56.9354,7, 7
24, 35, 9, 541, 537, 442.06, 565.259,69, 52
24, 35, 10, 541, 576, 575.757, 732.306,82, 63
24, 35, 11, 541, 614, 418.163, 606.398,70, 46
24, 35, 12, 541, 596, 96.5527, 103.628,13, 12
24, 35, 13, 541, 701, 30.2674, 30.2674,4, 4
24, 35, 14, 541, 584, 154.632, 154.632,18, 18
24, 35, 15, 541, 513, 96.471, 103.315,12, 11
24, 35, 16, 541, 580, 269.026, 282.577,33, 31
24, 35, 17, 541, 534, 205.627, 223.06,24, 22
24, 35, 18, 541, 496, 157.745, 157.745,19, 19
24, 35, 19, 541, 546, 47.7166, 47.7166,6, 6
24, 35, 20, 541, 604, 72.0478, 79.3123,10, 9
24, 35, 21, 541, 473, 37.3569, 37.3569,3, 3
24, 35, 22, 541, 517, 104.13, 104.13,11, 11
24, 35, 23, 541, 704, 259.171, 281.597,27, 24
24, 35, 24, 541, 611, 231.065, 281.036,29, 23
24, 35, 25, 541, 631, 160.785, 175.384,19, 17
24, 35, 26, 541, 700, 38.5743, 38.5743,5, 5
24, 35, 27, 541, 511, 37.7958, 53.336,6, 4
24, 35, 28, 541, 558, 108.099, 108.099,10, 10
24, 35, 29, 541, 668, 60.5442, 60.5442,8, 8
24, 35, 30, 541, 636, 8.45311, 8.45311,1, 1
24, 35, 31, 541, 500, 32.0371, 32.0371,4, 4
24, 35, 32, 541, 699, 236.018, 267.504,31, 27
24, 35, 33, 541, 592, 302.909, 359.604,46, 38
24, 35, 34, 541, 512, 480.773, 527.911,61, 55
24, 35, 36, 541, 572, 186.594, 252.05,32, 23
24, 35, 37, 541, 728, 138.129, 160.866,18, 15
24, 35, 38, 541, 628, 518.828, 684.357,79, 57
24, 35, 39, 541, 567, 875.564, 1090.18,118, 91
24, 35, 40, 541, 576, 14.7979, 14.7979,2, 2
24, 35, 41, 541, 516, 20.9352, 20.9352,3, 3
24, 35, 42, 541, 551, 110.942, 131.537,16, 13
24, 35, 43, 541, 526, 366.123, 528.107,61, 40
24, 35, 44, 541, 546, 71.0045, 71.0045,9, 9
24, 35, 45, 541, 615, 422.676, 528.103,60, 47
24, 35, 46, 541, 613, 111.576, 125.384,16, 14
24, 35, 47, 541, 628, 245.961, 324.281,35, 25
24, 36, 1, 572, 490, 13.644, 13.644,2, 2
24, 36, 2, 572, 474, 120.861, 133.305,14, 13
24, 36, 3, 572, 401, 24.1391, 24.1391,3, 3
24, 36, 4, 572, 689, 62.4812, 111.564,10, 5
24, 36, 5, 572, 732, 209.597, 226.138,25, 23
24, 36, 6, 572, 640, 229.088, 325.699,37, 25
24, 36, 7, 572, 543, 204.878, 212.32,24, 23
24, 36, 8, 572, 565, 137.155, 162.15,19, 16
24, 36, 9, 572, 537, 147.949, 183.192,21, 17
24, 36, 10, 572, 576, 285.863, 331.035,36, 31
24, 36, 11, 572, 614, 547.234, 629.738,68, 59
24, 36, 12, 572, 596, 722.736, 895.676,88, 68
24, 36, 13, 572, 701, 378.287, 429.584,49, 42
24, 36, 14, 572, 584, 86.6143, 100.566,12, 10
24, 36, 15, 572, 513, 160.726, 167.396,18, 17
24, 36, 16, 572, 580, 84.6011, 91.8056,11, 10
24, 36, 17, 572, 534, 121.045, 129.533,15, 14
24, 36, 18, 572, 496, 166.644, 175.67,18, 17
24, 36, 19, 572, 546, 162.876, 171.245,20, 19
24, 36, 20, 572, 604, 203.847, 240.141,25, 20
24, 36, 21, 572, 473, 168.439, 186.6,21, 19
24, 36, 22, 572, 517, 142.802, 168.204,19, 16
24, 36, 23, 572, 704, 72.7803, 86.6098,11, 9
24, 36, 24, 572, 611, 60.885, 75.3512,10, 8
24, 36, 25, 572, 631, 203.745, 212.673,26, 25
24, 36, 26, 572, 700, 63.3842, 78.3614,10, 8
24, 36, 27, 572, 511, 78.3384, 85.4663,9, 8
24, 36, 28, 572, 558, 193.825, 209.491,21, 19
24, 36, 29, 572, 668, 157.108, 164.051,17, 16
24, 36, 30, 572, 636, 128.255, 144.285,18, 16
24, 36, 31, 572, 500, 134.521, 143.944,16, 15
24, 36, 32, 572, 699, 63.6735, 70.4128,9, 8
24, 36, 33, 572, 592, 161.514, 178.339,21, 19
24, 36, 34, 572, 512, 674.507, 740.439,87, 79
24, 36, 35, 572, 541, 195.686, 252.05,32, 24
24, 36, 37, 572, 728, 73.2698, 79.9569,10, 9
24, 36, 38, 572, 628, 43.758, 43.758,3, 3
24, 36, 39, 572, 567, 543.416, 602.896,64, 58
24, 36, 40, 572, 576, 175.325, 219.291,26, 20
24, 36, 41, 572, 516, 284.931, 339.577,40, 33
24, 36, 42, 572, 551, 295.718, 356.274,40, 32
24, 36, 43, 572, 526, 94.6386, 94.6386,11, 11
24, 36, 44, 572, 546, 176.788, 183.702,22, 21
24, 36, 45, 572, 615, 179.639, 274.538,31, 20
24, 36, 46, 572, 613, 255.758, 318.358,37, 29
24, 36, 47, 572, 628, 188.797, 254.145,29, 21
24, 37, 1, 728, 490, 129.933, 129.933,15, 15
24, 37, 2, 728, 474, 57.2954, 73.8264,7, 5
24, 37, 3, 728, 401, 95.8402, 111.922,11, 9
24, 37, 4, 728, 689, 27.8563, 44.755,5, 3
24, 37, 5, 728, 732, 71.3577, 71.3577,9, 9
24, 37, 6, 728, 640, 72.1319, 102.09,13, 9
24, 37, 7, 728, 543, 620.711, 663.95,73, 68
24, 37, 8, 728, 565, 118.417, 151.098,19, 15
24, 37, 9, 728, 537, 52.1321, 67.947,9, 7
24, 37, 10, 728, 576, 88.5765, 102.726,10, 8
24, 37, 11, 728, 614, 77.8094, 77.8094,10, 10
24, 37, 12, 728, 596, 52.7088, 59.4243,7, 6
24, 37, 13, 728, 701, 0, 0,0, 0
24, 37, 14, 728, 584, 1162.17, 1334.9,142, 122
24, 37, 15, 728, 513, 302.423, 313.31,34, 33
24, 37, 16, 728, 580, 355.476, 441.988,51, 41
24, 37, 17, 728, 534, 225.381, 270.577,31, 25
24, 37, 18, 728, 496, 77.1924, 84.7483,11, 10
24, 37, 19, 728, 546, 37.396, 37.396,5, 5
24, 37, 20, 728, 604, 555.133, 639.316,70, 60
24, 37, 21, 728, 473, 47.7218, 47.7218,5, 5
24, 37, 22, 728, 517, 108.722, 117.123,14, 13
24, 37, 23, 728, 704, 417.8, 472.041,56, 49
24, 37, 24, 728, 611, 343.671, 382.501,47, 42
24, 37, 25, 728, 631, 1032.04, 1126.1,119, 107
24, 37, 26, 728, 700, 54.1585, 61.1943,8, 7
24, 37, 27, 728, 511, 67.5614, 83.7876,10, 8
24, 37, 28, 728, 558, 70.9415, 86.7604,9, 7
24, 37, 29, 728, 668, 26.7924, 34.1413,4, 3
24, 37, 30, 728, 636, 39.298, 39.298,5, 5
24, 37, 31, 728, 500, 47.1143, 56.0161,7, 6
24, 37, 32, 728, 699, 11304.1, 12096.6,481, 401
24, 37, 33, 728, 592, 9.8282, 9.8282,1, 1
24, 37, 34, 728, 512, 127.586, 127.586,16, 16
24, 37, 35, 728, 541, 145.181, 160.865,18, 16
24, 37, 36, 728, 572, 72.0841, 79.957,10, 9
24, 37, 38, 728, 628, 52.8972, 77.0142,9, 6
24, 37, 39, 728, 567, 95.3659, 110.97,14, 12
24, 37, 40, 728, 576, 10.0247, 10.0247,1, 1
24, 37, 41, 728, 516, 7.06014, 7.06014,1, 1
24, 37, 42, 728, 551, 20.5138, 20.5138,2, 2
24, 37, 43, 728, 526, 49.2043, 49.2043,6, 6
24, 37, 44, 728, 546, 53.7327, 73.549,8, 6
24, 37, 45, 728, 615, 62.1845, 91.3784,12, 8
24, 37, 46, 728, 613, 90.8689, 120.111,16, 12
24, 37, 47, 728, 628, 150.934, 175.184,20, 17
24, 38, 1, 628, 490, 36.6149, 65.6305,9, 5
24, 38, 2, 628, 474, 55.4118, 79.1928,7, 5
24, 38, 3, 628, 401, 62.6535, 81.2776,9, 7
24, 38, 4, 628, 689, 17.1115, 32.88,4, 2
24, 38, 5, 628, 732, 51.4132, 81.2673,10, 6
24, 38, 6, 628, 640, 293.513, 715.025,86, 32
24, 38, 7, 628, 543, 20.0693, 28.1134,3, 2
24, 38, 8, 628, 565, 20.5658, 20.5658,3, 3
24, 38, 9, 628, 537, 574.259, 1641.03,197, 64
24, 38, 10, 628, 576, 658.97, 1532.09,173, 66
24, 38, 11, 628, 614, 345.019, 798.513,96, 39
24, 38, 12, 628, 596, 53.1296, 92.3375,10, 5
24, 38, 13, 628, 701, 40.2069, 54.5646,7, 5
24, 38, 14, 628, 584, 11.5357, 20.374,2, 1
24, 38, 15, 628, 513, 39.3035, 50.9196,5, 4
24, 38, 16, 628, 580, 54.3064, 88.2635,10, 6
24, 38, 17, 628, 534, 32.0548, 46.1994,4, 3
24, 38, 18, 628, 496, 32.2218, 40.1047,5, 4
24, 38, 19, 628, 546, 0, 0,0, 0
24, 38, 20, 628, 604, 28.807, 40.3748,4, 3
24, 38, 21, 628, 473, 30.0498, 38.6325,4, 3
24, 38, 22, 628, 517, 27.3891, 41.6968,3, 2
24, 38, 23, 628, 704, 37.1087, 70.3545,8, 4
24, 38, 24, 628, 611, 66.212, 91.3681,11, 8
24, 38, 25, 628, 631, 40.8244, 50.3861,5, 4
24, 38, 26, 628, 700, 25.5471, 46.4653,6, 3
24, 38, 27, 628, 511, 65.0065, 77.0579,7, 6
24, 38, 28, 628, 558, 81.0627, 109.89,10, 8
24, 38, 29, 628, 668, 541.559, 857.997,102, 61
24, 38, 30, 628, 636, 68.4773, 97.0601,12, 8
24, 38, 31, 628, 500, 50.8544, 50.8544,7, 7
24, 38, 32, 628, 699, 67.9772, 122.319,14, 7
24, 38, 33, 628, 592, 1316.4, 2913.21,335, 133
24, 38, 34, 628, 512, 43.0413, 53.0747,5, 4
24, 38, 35, 628, 541, 322.026, 684.356,79, 34
24, 38, 36, 628, 572, 33.4953, 43.7577,3, 2
24, 38, 37, 628, 728, 46.0608, 77.0143,9, 5
24, 38, 39, 628, 567, 593.894, 1415.89,162, 61
24, 38, 40, 628, 576, 54.0141, 61.3199,8, 7
24, 38, 41, 628, 516, 92.131, 116.153,15, 12
24, 38, 42, 628, 551, 220.682, 372.105,47, 27
24, 38, 43, 628, 526, 823.801, 2145.53,247, 85
24, 38, 44, 628, 546, 34.5045, 42.4256,5, 4
24, 38, 45, 628, 615, 414.402, 1070.72,128, 45
24, 38, 46, 628, 613, 41.5611, 64.7479,8, 5
24, 38, 47, 628, 628, 154.37, 377.344,47, 18
24, 39, 1, 567, 490, 38.6439, 38.6439,5, 5
24, 39, 2, 567, 474, 69.0682, 75.7815,8, 7
24, 39, 3, 567, 401, 60.2955, 60.2955,7, 7
24, 39, 4, 567, 689, 31.1515, 31.1515,4, 4
24, 39, 5, 567, 732, 81.4055, 88.3723,11, 10
24, 39, 6, 567, 640, 490.48, 865.403,96, 49
24, 39, 7, 567, 543, 37.8471, 44.918,6, 5
24, 39, 8, 567, 565, 31.6493, 31.6493,4, 4
24, 39, 9, 567, 537, 853.68, 1451.83,163, 90
24, 39, 10, 567, 576, 1153.71, 1809.34,207, 124
24, 39, 11, 567, 614, 752.777, 1221.7,142, 81
24, 39, 12, 567, 596, 173.009, 194.046,23, 20
24, 39, 13, 567, 701, 85.1397, 85.1397,11, 11
24, 39, 14, 567, 584, 108.684, 123.665,15, 13
24, 39, 15, 567, 513, 50.9439, 50.9439,6, 6
24, 39, 16, 567, 580, 184.909, 207.305,26, 23
24, 39, 17, 567, 534, 101.296, 109.294,12, 11
24, 39, 18, 567, 496, 100.224, 107.875,14, 13
24, 39, 19, 567, 546, 14.0544, 14.0544,2, 2
24, 39, 20, 567, 604, 48.5078, 48.5078,6, 6
24, 39, 21, 567, 473, 29.1213, 29.1213,3, 3
24, 39, 22, 567, 517, 117.172, 125.396,12, 11
24, 39, 23, 567, 704, 141.472, 173.219,19, 15
24, 39, 24, 567, 611, 244.602, 274.111,31, 27
24, 39, 25, 567, 631, 97.1764, 104.278,12, 11
24, 39, 26, 567, 700, 7.46149, 7.46149,1, 1
24, 39, 27, 567, 511, 92.0227, 100.51,12, 11
24, 39, 28, 567, 558, 70.0684, 70.0684,5, 5
24, 39, 29, 567, 668, 166.789, 254.124,30, 19
24, 39, 30, 567, 636, 15.3472, 22.2349,3, 2
24, 39, 31, 567, 500, 46.694, 67.7857,9, 6
24, 39, 32, 567, 699, 88.7709, 88.7709,11, 11
24, 39, 33, 567, 592, 605.289, 1103.72,127, 64
24, 39, 34, 567, 512, 314.155, 329.313,39, 37
24, 39, 35, 567, 541, 799.557, 1090.18,118, 82
24, 39, 36, 567, 572, 587.627, 602.895,64, 62
24, 39, 37, 567, 728, 96.0002, 110.97,14, 12
24, 39, 38, 567, 628, 792.224, 1415.89,162, 83
24, 39, 40, 567, 576, 53.2036, 66.7137,9, 7
24, 39, 41, 567, 516, 90.1608, 111.454,14, 11
24, 39, 42, 567, 551, 158.177, 196.996,23, 18
24, 39, 43, 567, 526, 620.817, 1074.54,124, 66
24, 39, 44, 567, 546, 72.6521, 79.7338,10, 9
24, 39, 45, 567, 615, 679.132, 1115.81,131, 76
24, 39, 46, 567, 613, 141.085, 162.261,20, 17
24, 39, 47, 567, 628, 363.355, 570.373,65, 39
24, 40, 1, 576, 490, 7.54868, 7.54868,1, 1
24, 40, 2, 576, 474, 39.3761, 64.0622,7, 4
24, 40, 3, 576, 401, 0, 0,0, 0
24, 40, 4, 576, 689, 84.026, 111.712,15, 11
24, 40, 5, 576, 732, 122.268, 150.445,19, 15
24, 40, 6, 576, 640, 93.9067, 124.028,15, 11
24, 40, 7, 576, 543, 85.7708, 110.823,13, 10
24, 40, 8, 576, 565, 272.996, 372.826,41, 29
24, 40, 9, 576, 537, 29.8185, 37.7404,5, 4
24, 40, 10, 576, 576, 40.1088, 54.8297,7, 5
24, 40, 11, 576, 614, 140.102, 165.37,20, 17
24, 40, 12, 576, 596, 207.295, 229.635,27, 24
24, 40, 13, 576, 701, 352.7, 463.64,48, 35
24, 40, 14, 576, 584, 7.52059, 7.52059,1, 1
24, 40, 15, 576, 513, 79.6219, 87.3957,9, 8
24, 40, 16, 576, 580, 6.94668, 6.94668,1, 1
24, 40, 17, 576, 534, 37.8818, 45.3175,6, 5
24, 40, 18, 576, 496, 98.066, 120.377,15, 12
24, 40, 19, 576, 546, 329.956, 430.557,51, 37
24, 40, 20, 576, 604, 87.975, 127.472,16, 11
24, 40, 21, 576, 473, 100.374, 128.419,13, 10
24, 40, 22, 576, 517, 63.435, 79.6514,10, 8
24, 40, 23, 576, 704, 15.2718, 23.4188,3, 2
24, 40, 24, 576, 611, 0, 0,0, 0
24, 40, 25, 576, 631, 79.5431, 125.272,15, 9
24, 40, 26, 576, 700, 128.646, 210.054,26, 15
24, 40, 27, 576, 511, 15.4577, 15.4577,2, 2
24, 40, 28, 576, 558, 92.744, 121.282,13, 10
24, 40, 29, 576, 668, 460.054, 536.637,60, 50
24, 40, 30, 576, 636, 284.712, 344.782,41, 33
24, 40, 31, 576, 500, 120.562, 161.597,16, 11
24, 40, 32, 576, 699, 24.1317, 30.7987,4, 3
24, 40, 33, 576, 592, 161.888, 180.317,21, 19
24, 40, 34, 576, 512, 158.551, 195.873,22, 18
24, 40, 35, 576, 541, 7.80705, 14.7978,2, 1
24, 40, 36, 576, 572, 180.509, 219.291,26, 21
24, 40, 37, 576, 728, 10.0247, 10.0247,1, 1
24, 40, 38, 576, 628, 54.131, 61.32,8, 7
24, 40, 39, 576, 567, 52.6597, 66.7137,9, 7
24, 40, 41, 576, 516, 1483.11, 1758.65,179, 145
24, 40, 42, 576, 551, 847.384, 933.686,103, 92
24, 40, 43, 576, 526, 327.844, 327.844,39, 39
24, 40, 44, 576, 546, 96.4397, 118.07,15, 12
24, 40, 45, 576, 615, 32.0828, 47.7499,6, 4
24, 40, 46, 576, 613, 114.543, 154.291,17, 12
24, 40, 47, 576, 628, 77.8351, 111.167,12, 8
24, 41, 1, 516, 490, 7.56858, 7.56858,1, 1
24, 41, 2, 516, 474, 131.456, 150.199,17, 15
24, 41, 3, 516, 401, 0, 0,0, 0
24, 41, 4, 516, 689, 37.7761, 59.2201,6, 4
24, 41, 5, 516, 732, 160.891, 175.424,22, 20
24, 41, 6, 516, 640, 108.659, 149.288,18, 13
24, 41, 7, 516, 543, 89.6193, 114.287,13, 10
24, 41, 8, 516, 565, 215.166, 271.4,30, 24
24, 41, 9, 516, 537, 15.5464, 29.22,4, 2
24, 41, 10, 516, 576, 73.6246, 115.864,13, 8
24, 41, 11, 516, 614, 169.41, 275.854,31, 18
24, 41, 12, 516, 596, 333.57, 430.43,50, 37
24, 41, 13, 516, 701, 272.318, 394.771,43, 29
24, 41, 14, 516, 584, 26.4237, 26.4237,3, 3
24, 41, 15, 516, 513, 110.497, 133.386,17, 14
24, 41, 16, 516, 580, 7.05885, 7.05885,1, 1
24, 41, 17, 516, 534, 56.6248, 56.6248,6, 6
24, 41, 18, 516, 496, 122.401, 137.008,17, 15
24, 41, 19, 516, 546, 173.813, 213.591,24, 19
24, 41, 20, 516, 604, 118.746, 140.811,17, 14
24, 41, 21, 516, 473, 119.74, 160.652,18, 13
24, 41, 22, 516, 517, 89.2259, 98.7484,12, 11
24, 41, 23, 516, 704, 21.8235, 21.8235,3, 3
24, 41, 24, 516, 611, 0, 0,0, 0
24, 41, 25, 516, 631, 114.376, 150.43,16, 12
24, 41, 26, 516, 700, 119.383, 127.317,16, 15
24, 41, 27, 516, 511, 61.8352, 69.5994,9, 8
24, 41, 28, 516, 558, 153.154, 191.88,20, 16
24, 41, 29, 516, 668, 456.625, 555.242,60, 49
24, 41, 30, 516, 636, 209.382, 234.897,27, 24
24, 41, 31, 516, 500, 60.4678, 87.365,9, 6
24, 41, 32, 516, 699, 7.86863, 7.86863,1, 1
24, 41, 33, 516, 592, 343.688, 399.577,43, 37
24, 41, 34, 516, 512, 165.755, 207.463,24, 19
24, 41, 35, 516, 541, 20.9351, 20.9351,3, 3
24, 41, 36, 516, 572, 261.19, 339.577,40, 30
24, 41, 37, 516, 728, 7.06012, 7.06012,1, 1
24, 41, 38, 516, 628, 116.153, 116.153,15, 15
24, 41, 39, 516, 567, 79.2526, 111.454,14, 10
24, 41, 40, 516, 576, 1461.29, 1758.65,179, 144
24, 41, 42, 516, 551, 1091.25, 1317.74,130, 106
24, 41, 43, 516, 526, 569.86, 607.895,67, 62
24, 41, 44, 516, 546, 148.661, 164.706,19, 17
24, 41, 45, 516, 615, 43.9943, 92.4607,11, 5
24, 41, 46, 516, 613, 89.4883, 136.266,16, 10
24, 41, 47, 516, 628, 64.1769, 113.124,13, 7
24, 42, 1, 551, 490, 6.76234, 6.76234,1, 1
24, 42, 2, 551, 474, 92.0227, 100.275,12, 11
24, 42, 3, 551, 401, 12.2949, 12.2949,1, 1
24, 42, 4, 551, 689, 42.6042, 64.0601,8, 5
24, 42, 5, 551, 732, 137.643, 174.735,20, 15
24, 42, 6, 551, 640, 106.813, 145.858,18, 13
24, 42, 7, 551, 543, 83.4977, 90.6994,11, 10
24, 42, 8, 551, 565, 153.697, 175.508,21, 18
24, 42, 9, 551, 537, 99.3972, 116.711,15, 13
24, 42, 10, 551, 576, 175.123, 188.826,24, 22
24, 42, 11, 551, 614, 405.851, 469.679,53, 45
24, 42, 12, 551, 596, 393.048, 460.267,52, 43
24, 42, 13, 551, 701, 291.713, 339.565,38, 32
24, 42, 14, 551, 584, 53.6777, 60.5108,8, 7
24, 42, 15, 551, 513, 145.117, 151.892,17, 16
24, 42, 16, 551, 580, 13.9882, 13.9882,2, 2
24, 42, 17, 551, 534, 56.2003, 56.2003,7, 7
24, 42, 18, 551, 496, 231.173, 245.71,25, 23
24, 42, 19, 551, 546, 198.921, 222.262,26, 23
24, 42, 20, 551, 604, 129.902, 144.331,17, 15
24, 42, 21, 551, 473, 157.139, 174.588,19, 17
24, 42, 22, 551, 517, 113.712, 120.611,13, 12
24, 42, 23, 551, 704, 44.0332, 65.9594,9, 6
24, 42, 24, 551, 611, 23.6292, 23.6292,3, 3
24, 42, 25, 551, 631, 133.519, 148.318,18, 16
24, 42, 26, 551, 700, 47.8203, 47.8203,6, 6
24, 42, 27, 551, 511, 75.2607, 82.6705,10, 9
24, 42, 28, 551, 558, 171.525, 204.939,24, 20
24, 42, 29, 551, 668, 585.83, 804.466,90, 63
24, 42, 30, 551, 636, 198.153, 221.722,27, 24
24, 42, 31, 551, 500, 165.473, 193.243,21, 18
24, 42, 32, 551, 699, 48.6064, 55.4136,7, 6
24, 42, 33, 551, 592, 579.491, 821.175,93, 63
24, 42, 34, 551, 512, 216.28, 253.791,28, 23
24, 42, 35, 551, 541, 98.8886, 131.538,16, 12
24, 42, 36, 551, 572, 309.031, 356.272,40, 34
24, 42, 37, 551, 728, 20.5137, 20.5137,2, 2
24, 42, 38, 551, 628, 298.876, 372.106,47, 37
24, 42, 39, 551, 567, 181.286, 196.996,23, 21
24, 42, 40, 551, 576, 862.745, 933.68,103, 94
24, 42, 41, 551, 516, 1153.78, 1317.73,130, 111
24, 42, 43, 551, 526, 1138.7, 1473.93,160, 120
24, 42, 44, 551, 546, 172.698, 180.901,21, 20
24, 42, 45, 551, 615, 92.7758, 109.674,14, 12
24, 42, 46, 551, 613, 157.967, 179.9,21, 18
24, 42, 47, 551, 628, 176.036, 216.446,25, 20
24, 43, 1, 526, 490, 14.272, 14.272,2, 2
24, 43, 2, 526, 474, 86.2586, 107.523,13, 10
24, 43, 3, 526, 401, 23.1772, 23.1772,3, 3
24, 43, 4, 526, 689, 22.1397, 22.1397,3, 3
24, 43, 5, 526, 732, 101.452, 101.452,12, 12
24, 43, 6, 526, 640, 295.777, 606.914,73, 33
24, 43, 7, 526, 543, 133.976, 141.471,15, 14
24, 43, 8, 526, 565, 60.2088, 67.4178,8, 7
24, 43, 9, 526, 537, 543.944, 1065.61,121, 56
24, 43, 10, 526, 576, 634.854, 1081.97,132, 73
24, 43, 11, 526, 614, 445.419, 787.234,92, 48
24, 43, 12, 526, 596, 184.44, 221.189,24, 19
24, 43, 13, 526, 701, 69.3656, 69.3656,9, 9
24, 43, 14, 526, 584, 39.4019, 39.4019,5, 5
24, 43, 15, 526, 513, 58.7786, 66.1853,8, 7
24, 43, 16, 526, 580, 7.87758, 7.87758,1, 1
24, 43, 17, 526, 534, 62.4432, 62.4432,8, 8
24, 43, 18, 526, 496, 41.68, 49.1372,6, 5
24, 43, 19, 526, 546, 84.8056, 91.6813,11, 10
24, 43, 20, 526, 604, 43.9443, 43.9443,5, 5
24, 43, 21, 526, 473, 50.2788, 56.9775,7, 6
24, 43, 22, 526, 517, 55.6474, 62.5364,7, 6
24, 43, 23, 526, 704, 31.1994, 39.4422,5, 4
24, 43, 24, 526, 611, 57.0126, 64.1224,9, 8
24, 43, 25, 526, 631, 86.5167, 86.5167,11, 11
24, 43, 26, 526, 700, 25.3337, 25.3337,3, 3
24, 43, 27, 526, 511, 101.139, 108.315,13, 12
24, 43, 28, 526, 558, 142.235, 156.342,20, 18
24, 43, 29, 526, 668, 333.07, 442.311,52, 38
24, 43, 30, 526, 636, 99.9504, 113.771,14, 12
24, 43, 31, 526, 500, 120.149, 134.84,16, 14
24, 43, 32, 526, 699, 26.3266, 26.3266,3, 3
24, 43, 33, 526, 592, 1113.65, 2050.46,230, 113
24, 43, 34, 526, 512, 109.757, 117.618,13, 12
24, 43, 35, 526, 541, 344.863, 528.107,61, 38
24, 43, 36, 526, 572, 87.2556, 94.6388,11, 10
24, 43, 37, 526, 728, 49.2044, 49.2044,6, 6
24, 43, 38, 526, 628, 1162.36, 2145.53,247, 121
24, 43, 39, 526, 567, 617.102, 1074.55,124, 66
24, 43, 40, 526, 576, 298.586, 327.843,39, 35
24, 43, 41, 526, 516, 537.308, 607.895,67, 58
24, 43, 42, 526, 551, 1110.11, 1473.93,160, 117
24, 43, 44, 526, 546, 68.8582, 68.8582,8, 8
24, 43, 45, 526, 615, 353.431, 638.316,78, 40
24, 43, 46, 526, 613, 108.09, 124.901,14, 12
24, 43, 47, 526, 628, 237.369, 396.803,44, 24
24, 44, 1, 546, 490, 30.5137, 30.5137,4, 4
24, 44, 2, 546, 474, 67.7925, 67.7925,8, 8
24, 44, 3, 546, 401, 32.8214, 32.8214,4, 4
24, 44, 4, 546, 689, 28.6899, 35.4848,5, 4
24, 44, 5, 546, 732, 563.453, 652.66,69, 58
24, 44, 6, 546, 640, 584.111, 706.789,78, 64
24, 44, 7, 546, 543, 77.0772, 77.0772,8, 8
24, 44, 8, 546, 565, 69.451, 78.1564,9, 8
24, 44, 9, 546, 537, 16.3215, 16.3215,2, 2
24, 44, 10, 546, 576, 46.2331, 46.2331,6, 6
24, 44, 11, 546, 614, 148.89, 164.707,19, 17
24, 44, 12, 546, 596, 256.379, 277.852,30, 27
24, 44, 13, 546, 701, 177.425, 205.669,20, 17
24, 44, 14, 546, 584, 101.802, 101.802,13, 13
24, 44, 15, 546, 513, 112.425, 119.14,15, 14
24, 44, 16, 546, 580, 42.7279, 42.7279,5, 5
24, 44, 17, 546, 534, 86.2617, 86.2617,11, 11
24, 44, 18, 546, 496, 92.4331, 92.4331,11, 11
24, 44, 19, 546, 546, 80.7839, 80.7839,9, 9
24, 44, 20, 546, 604, 97.1786, 97.1786,10, 10
24, 44, 21, 546, 473, 275.458, 292.545,34, 32
24, 44, 22, 546, 517, 246.776, 286.311,34, 29
24, 44, 23, 546, 704, 88.942, 110.542,14, 11
24, 44, 24, 546, 611, 68.9884, 68.9884,9, 9
24, 44, 25, 546, 631, 154.757, 161.798,19, 18
24, 44, 26, 546, 700, 143.951, 160.644,19, 17
24, 44, 27, 546, 511, 20.6215, 20.6215,2, 2
24, 44, 28, 546, 558, 60.1157, 60.1157,7, 7
24, 44, 29, 546, 668, 101.304, 108.436,12, 11
24, 44, 30, 546, 636, 64.9561, 64.9561,7, 7
24, 44, 31, 546, 500, 44.2465, 44.2465,4, 4
24, 44, 32, 546, 699, 70.6077, 86.7743,10, 8
24, 44, 33, 546, 592, 61.996, 61.996,7, 7
24, 44, 34, 546, 512, 262.739, 280.552,32, 30
24, 44, 35, 546, 541, 63.4807, 71.0045,9, 8
24, 44, 36, 546, 572, 183.702, 183.702,22, 22
24, 44, 37, 546, 728, 57.1102, 73.5489,8, 6
24, 44, 38, 546, 628, 42.4256, 42.4256,5, 5
24, 44, 39, 546, 567, 72.6523, 79.734,10, 9
24, 44, 40, 546, 576, 96.318, 118.07,15, 12
24, 44, 41, 546, 516, 142.139, 164.706,19, 16
24, 44, 42, 546, 551, 156.768, 180.9,21, 18
24, 44, 43, 546, 526, 68.8581, 68.8581,8, 8
24, 44, 45, 546, 615, 448.043, 516.372,60, 51
24, 44, 46, 546, 613, 1227.58, 1347.73,138, 123
24, 44, 47, 546, 628, 271.16, 361.059,38, 27
24, 45, 1, 615, 490, 13.5755, 13.5755,2, 2
24, 45, 2, 615, 474, 7.3055, 7.3055,1, 1
24, 45, 3, 615, 401, 13.7698, 13.7698,2, 2
24, 45, 4, 615, 689, 57.7314, 118.06,13, 5
24, 45, 5, 615, 732, 125.609, 132.284,16, 15
24, 45, 6, 615, 640, 957.275, 1522.72,168, 98
24, 45, 7, 615, 543, 31.5944, 31.5944,4, 4
24, 45, 8, 615, 565, 28.0351, 35.503,5, 4
24, 45, 9, 615, 537, 640.661, 1153.64,135, 69
24, 45, 10, 615, 576, 603.723, 910.539,101, 64
24, 45, 11, 615, 614, 435.604, 700.799,86, 52
24, 45, 12, 615, 596, 151.042, 240.587,26, 15
24, 45, 13, 615, 701, 91.6684, 122.722,14, 10
24, 45, 14, 615, 584, 67.872, 74.7812,10, 9
24, 45, 15, 615, 513, 23.1437, 23.1437,3, 3
24, 45, 16, 615, 580, 66.679, 66.679,9, 9
24, 45, 17, 615, 534, 43.9352, 50.8603,7, 6
24, 45, 18, 615, 496, 9.04659, 9.04659,1, 1
24, 45, 19, 615, 546, 22.9066, 22.9066,3, 3
24, 45, 20, 615, 604, 49.6217, 57.6749,7, 6
24, 45, 21, 615, 473, 39.236, 39.236,5, 5
24, 45, 22, 615, 517, 106.438, 128.17,15, 12
24, 45, 23, 615, 704, 190.65, 212.301,25, 22
24, 45, 24, 615, 611, 236.992, 278.606,33, 28
24, 45, 25, 615, 631, 55.3766, 55.3766,7, 7
24, 45, 26, 615, 700, 31.9475, 31.9475,4, 4
24, 45, 27, 615, 511, 14.6442, 14.6442,2, 2
24, 45, 28, 615, 558, 6.95229, 6.95229,1, 1
24, 45, 29, 615, 668, 81.4337, 120.295,16, 11
24, 45, 30, 615, 636, 0, 0,0, 0
24, 45, 31, 615, 500, 7.33619, 7.33619,1, 1
24, 45, 32, 615, 699, 115.813, 137.098,18, 15
24, 45, 33, 615, 592, 412.948, 750.277,91, 49
24, 45, 34, 615, 512, 115.87, 123.024,14, 13
24, 45, 35, 615, 541, 409.661, 528.104,60, 46
24, 45, 36, 615, 572, 188.557, 274.537,31, 21
24, 45, 37, 615, 728, 83.9153, 91.3784,12, 11
24, 45, 38, 615, 628, 558, 1070.72,128, 64
24, 45, 39, 615, 567, 680.395, 1115.81,131, 77
24, 45, 40, 615, 576, 47.7497, 47.7497,6, 6
24, 45, 41, 615, 516, 75.8046, 92.4605,11, 9
24, 45, 42, 615, 551, 95.2336, 109.674,14, 12
24, 45, 43, 615, 526, 312.728, 638.316,78, 36
24, 45, 44, 615, 546, 457.142, 516.372,60, 53
24, 45, 46, 615, 613, 886.261, 1103.64,116, 91
24, 45, 47, 615, 628, 523.187, 738.628,83, 57
24, 46, 1, 613, 490, 7.44287, 7.44287,1, 1
24, 46, 2, 613, 474, 84.8283, 84.8283,10, 10
24, 46, 3, 613, 401, 40.4041, 84.5471,11, 5
24, 46, 4, 613, 689, 72.6686, 134.863,17, 9
24, 46, 5, 613, 732, 318.611, 378.627,43, 35
24, 46, 6, 613, 640, 911.272, 1182.03,134, 100
24, 46, 7, 613, 543, 193.867, 217.014,24, 21
24, 46, 8, 613, 565, 103.037, 103.037,13, 13
24, 46, 9, 613, 537, 153.516, 203.723,24, 17
24, 46, 10, 613, 576, 186.474, 245.518,29, 21
24, 46, 11, 613, 614, 341.886, 388.315,45, 39
24, 46, 12, 613, 596, 277.596, 473.017,55, 31
24, 46, 13, 613, 701, 200.36, 306.307,35, 22
24, 46, 14, 613, 584, 123.545, 123.545,14, 14
24, 46, 15, 613, 513, 99.6238, 107.327,12, 11
24, 46, 16, 613, 580, 110.282, 110.282,13, 13
24, 46, 17, 613, 534, 67.4807, 67.4807,8, 8
24, 46, 18, 613, 496, 111.858, 111.858,13, 13
24, 46, 19, 613, 546, 64.2112, 64.2112,8, 8
24, 46, 20, 613, 604, 136.852, 136.852,17, 17
24, 46, 21, 613, 473, 161.599, 168.286,19, 18
24, 46, 22, 613, 517, 229.814, 277.374,33, 27
24, 46, 23, 613, 704, 161.18, 161.18,19, 19
24, 46, 24, 613, 611, 124.843, 124.843,16, 16
24, 46, 25, 613, 631, 135.471, 142.509,17, 16
24, 46, 26, 613, 700, 118.061, 133.033,17, 15
24, 46, 27, 613, 511, 39.6116, 46.3388,5, 4
24, 46, 28, 613, 558, 110.903, 110.903,12, 12
24, 46, 29, 613, 668, 83.4899, 100.915,12, 10
24, 46, 30, 613, 636, 67.2573, 74.8817,10, 9
24, 46, 31, 613, 500, 87.6487, 87.6487,11, 11
24, 46, 32, 613, 699, 104.689, 118.629,16, 14
24, 46, 33, 613, 592, 87.5411, 87.5411,11, 11
24, 46, 34, 613, 512, 236.266, 257.843,30, 27
24, 46, 35, 613, 541, 125.384, 125.384,16, 16
24, 46, 36, 613, 572, 263.948, 318.358,37, 30
24, 46, 37, 613, 728, 112.423, 120.111,16, 15
24, 46, 38, 613, 628, 64.7477, 64.7477,8, 8
24, 46, 39, 613, 567, 141.17, 162.261,20, 17
24, 46, 40, 613, 576, 129.802, 154.292,17, 14
24, 46, 41, 613, 516, 129.084, 136.267,16, 15
24, 46, 42, 613, 551, 173.116, 179.9,21, 20
24, 46, 43, 613, 526, 115.928, 124.9,14, 13
24, 46, 44, 613, 546, 1160.49, 1347.73,138, 116
24, 46, 45, 613, 615, 912.181, 1103.64,116, 92
24, 46, 47, 613, 628, 546.019, 637.62,67, 57
24, 47, 1, 628, 490, 50.478, 81.6095,10, 6
24, 47, 2, 628, 474, 79.551, 111.803,12, 8
24, 47, 3, 628, 401, 24.7115, 32.1387,4, 3
24, 47, 4, 628, 689, 48.4149, 62.8908,8, 6
24, 47, 5, 628, 732, 177.659, 208.75,26, 22
24, 47, 6, 628, 640, 670.431, 939.604,101, 70
24, 47, 7, 628, 543, 116.607, 140.265,16, 13
24, 47, 8, 628, 565, 121.27, 135.939,16, 14
24, 47, 9, 628, 537, 346.864, 404.922,47, 39
24, 47, 10, 628, 576, 379.121, 442.854,54, 45
24, 47, 11, 628, 614, 359.848, 477.144,55, 41
24, 47, 12, 628, 596, 213.499, 294.483,33, 23
24, 47, 13, 628, 701, 82.028, 141.802,16, 9
24, 47, 14, 628, 584, 184.178, 214.707,25, 22
24, 47, 15, 628, 513, 152.442, 159.141,20, 19
24, 47, 16, 628, 580, 99.5632, 134.803,16, 11
24, 47, 17, 628, 534, 62.4859, 77.9934,9, 7
24, 47, 18, 628, 496, 80.5436, 107.07,12, 9
24, 47, 19, 628, 546, 68.3574, 83.2776,10, 8
24, 47, 20, 628, 604, 125.164, 147.217,17, 15
24, 47, 21, 628, 473, 147.719, 159.201,17, 16
24, 47, 22, 628, 517, 387.695, 507.245,55, 41
24, 47, 23, 628, 704, 378.442, 475.068,54, 42
24, 47, 24, 628, 611, 307.544, 377.641,44, 36
24, 47, 25, 628, 631, 143.386, 183.572,17, 13
24, 47, 26, 628, 700, 112.8, 141.38,17, 13
24, 47, 27, 628, 511, 19.8293, 30.544,3, 2
24, 47, 28, 628, 558, 116.356, 167.749,17, 11
24, 47, 29, 628, 668, 124.279, 164.081,20, 15
24, 47, 30, 628, 636, 30.6102, 37.5702,5, 4
24, 47, 31, 628, 500, 81.3473, 108.255,12, 9
24, 47, 32, 628, 699, 131.5, 168.635,21, 16
24, 47, 33, 628, 592, 318.362, 410.268,50, 38
24, 47, 34, 628, 512, 176.863, 241.911,26, 19
24, 47, 35, 628, 541, 257.12, 324.282,35, 27
24, 47, 36, 628, 572, 186.956, 254.145,29, 21
24, 47, 37, 628, 728, 149.994, 175.184,20, 17
24, 47, 38, 628, 628, 301.291, 377.345,47, 37
24, 47, 39, 628, 567, 434.106, 570.374,65, 48
24, 47, 40, 628, 576, 83.4947, 111.167,12, 9
24, 47, 41, 628, 516, 87.0221, 113.124,13, 10
24, 47, 42, 628, 551, 179.321, 216.446,25, 21
24, 47, 43, 628, 526, 302.573, 396.803,44, 33
24, 47, 44, 628, 546, 275.981, 361.059,38, 29
24, 47, 45, 628, 615, 501.556, 738.631,83, 54
24, 47, 46, 628, 613, 482.406, 637.613,67, 50
