22, 1, 2, 559, 535, 398.89, 425.831,48, 45
22, 1, 3, 559, 458, 1027.39, 1159.31,120, 104
22, 1, 4, 559, 754, 54.9829, 81.116,10, 7
22, 1, 5, 559, 788, 30.9079, 37.9156,5, 4
22, 1, 6, 559, 694, 42.7007, 42.7007,6, 6
22, 1, 7, 559, 611, 49.8411, 49.8411,6, 6
22, 1, 8, 559, 634, 0, 0,0, 0
22, 1, 9, 559, 568, 15.2257, 15.2257,2, 2
22, 1, 10, 559, 644, 35.1802, 35.1802,5, 5
22, 1, 11, 559, 676, 44.3335, 51.1322,7, 6
22, 1, 12, 559, 648, 31.6956, 45.4985,6, 4
22, 1, 13, 559, 782, 22.7692, 36.4258,5, 3
22, 1, 14, 559, 654, 111.511, 128.225,14, 12
22, 1, 15, 559, 571, 14.6626, 14.6626,2, 2
22, 1, 16, 559, 645, 190.147, 198.012,24, 23
22, 1, 17, 559, 596, 158.27, 172.156,21, 19
22, 1, 18, 559, 555, 73.8558, 87.867,11, 9
22, 1, 19, 559, 599, 6.69205, 6.69205,1, 1
22, 1, 20, 559, 660, 22.348, 22.348,3, 3
22, 1, 21, 559, 541, 6.89006, 6.89006,1, 1
22, 1, 22, 559, 566, 24.2498, 31.6095,4, 3
22, 1, 23, 559, 781, 72.2212, 79.8789,10, 9
22, 1, 24, 559, 680, 99.2062, 123.607,16, 13
22, 1, 25, 559, 696, 115.877, 137.725,17, 14
22, 1, 26, 559, 766, 53.9278, 91.9117,12, 7
22, 1, 27, 559, 563, 157.443, 216.814,28, 20
22, 1, 28, 559, 622, 131.884, 139.117,17, 16
22, 1, 29, 559, 710, 0, 0,0, 0
22, 1, 30, 559, 707, 30.5402, 38.4091,5, 4
22, 1, 31, 559, 563, 130.969, 227.135,29, 17
22, 1, 32, 559, 770, 133.506, 148.789,19, 17
22, 1, 33, 559, 655, 14.1266, 14.1266,2, 2
22, 1, 34, 559, 556, 37.3151, 37.3151,5, 5
22, 1, 35, 559, 590, 57.5307, 64.3582,8, 7
22, 1, 36, 559, 631, 21.4123, 21.4123,3, 3
22, 1, 37, 559, 794, 125.965, 153.42,17, 14
22, 1, 38, 559, 680, 78.826, 108.821,14, 10
22, 1, 39, 559, 626, 38.6439, 38.6439,5, 5
22, 1, 40, 559, 630, 7.54859, 7.54859,1, 1
22, 1, 41, 559, 566, 7.56857, 7.56857,1, 1
22, 1, 42, 559, 596, 6.76236, 6.76236,1, 1
22, 1, 43, 559, 570, 31.8061, 38.7252,5, 4
22, 1, 44, 559, 602, 30.5137, 30.5137,4, 4
22, 1, 45, 559, 676, 13.5755, 13.5755,2, 2
22, 1, 46, 559, 679, 23.251, 30.8007,4, 3
22, 1, 47, 559, 704, 60.6587, 99.1068,12, 7
22, 2, 1, 535, 559, 410.749, 425.832,48, 46
22, 2, 3, 535, 458, 893.452, 981.927,105, 95
22, 2, 4, 535, 754, 87.4307, 117.285,13, 10
22, 2, 5, 535, 788, 67.1112, 74.3398,9, 8
22, 2, 6, 535, 694, 45.1989, 76.6832,9, 5
22, 2, 7, 535, 611, 206.523, 251.473,31, 25
22, 2, 8, 535, 634, 154.972, 199.149,24, 18
22, 2, 9, 535, 568, 0, 0,0, 0
22, 2, 10, 535, 644, 33.5764, 55.6737,5, 3
22, 2, 11, 535, 676, 46.6796, 68.7563,8, 5
22, 2, 12, 535, 648, 93.8365, 146.275,17, 10
22, 2, 13, 535, 782, 78.7648, 86.766,9, 8
22, 2, 14, 535, 654, 81.4879, 89.6318,10, 9
22, 2, 15, 535, 571, 150.744, 179.21,19, 16
22, 2, 16, 535, 645, 65.5161, 91.0106,10, 7
22, 2, 17, 535, 596, 156.519, 186.661,18, 15
22, 2, 18, 535, 555, 187.543, 225.34,25, 20
22, 2, 19, 535, 599, 122.691, 146.706,18, 15
22, 2, 20, 535, 660, 148.395, 182.97,20, 16
22, 2, 21, 535, 541, 119.567, 176.29,21, 14
22, 2, 22, 535, 566, 169.229, 215.175,22, 17
22, 2, 23, 535, 781, 48.4065, 65.5054,8, 6
22, 2, 24, 535, 680, 14.4626, 14.4626,2, 2
22, 2, 25, 535, 696, 181.683, 229.46,24, 18
22, 2, 26, 535, 766, 101.888, 108.743,13, 12
22, 2, 27, 535, 563, 269.26, 320.764,38, 32
22, 2, 28, 535, 622, 459.662, 576.07,62, 48
22, 2, 29, 535, 710, 104.523, 129.811,16, 13
22, 2, 30, 535, 707, 233.449, 261.685,31, 27
22, 2, 31, 535, 563, 417.693, 485.713,55, 46
22, 2, 32, 535, 770, 70.2922, 117.186,12, 7
22, 2, 33, 535, 655, 95.8375, 120.026,14, 11
22, 2, 34, 535, 556, 134.189, 177.233,19, 14
22, 2, 35, 535, 590, 41.6098, 58.5712,6, 4
22, 2, 36, 535, 631, 116.344, 133.305,14, 12
22, 2, 37, 535, 794, 52.2789, 73.8256,7, 5
22, 2, 38, 535, 680, 53.6838, 79.1945,7, 5
22, 2, 39, 535, 626, 66.6515, 75.7817,8, 7
22, 2, 40, 535, 630, 58.4206, 81.4708,9, 6
22, 2, 41, 535, 566, 128.32, 158.221,18, 14
22, 2, 42, 535, 596, 92.5012, 100.275,12, 11
22, 2, 43, 535, 570, 116.298, 129.942,16, 14
22, 2, 44, 535, 602, 52.7005, 67.7928,8, 6
22, 2, 45, 535, 676, 7.30548, 7.30548,1, 1
22, 2, 46, 535, 679, 75.7487, 92.3615,11, 9
22, 2, 47, 535, 704, 79.4561, 111.804,12, 8
22, 3, 1, 458, 559, 988.543, 1159.31,120, 99
22, 3, 2, 458, 535, 841.449, 981.927,105, 88
22, 3, 4, 458, 754, 68.2268, 134.204,15, 7
22, 3, 5, 458, 788, 29.7102, 45.0267,6, 4
22, 3, 6, 458, 694, 46.065, 75.3895,10, 6
22, 3, 7, 458, 611, 53.4455, 75.2946,10, 7
22, 3, 8, 458, 634, 37.959, 58.303,8, 5
22, 3, 9, 458, 568, 26.4843, 26.4843,3, 3
22, 3, 10, 458, 644, 57.1842, 87.6132,11, 7
22, 3, 11, 458, 676, 29.6623, 29.6623,4, 4
22, 3, 12, 458, 648, 49.4531, 49.4531,6, 6
22, 3, 13, 458, 782, 7.04842, 14.0968,2, 1
22, 3, 14, 458, 654, 38.0766, 46.0939,5, 4
22, 3, 15, 458, 571, 62.5303, 103.03,12, 7
22, 3, 16, 458, 645, 118.409, 149.861,18, 14
22, 3, 17, 458, 596, 115.208, 138.35,17, 14
22, 3, 18, 458, 555, 133.085, 156.648,18, 15
22, 3, 19, 458, 599, 22.2204, 43.3054,6, 3
22, 3, 20, 458, 660, 66.9905, 75.9974,9, 8
22, 3, 21, 458, 541, 34.7953, 50.6626,6, 4
22, 3, 22, 458, 566, 12.3446, 22.4011,2, 1
22, 3, 23, 458, 781, 53.938, 78.3715,9, 6
22, 3, 24, 458, 680, 67.9303, 67.9303,7, 7
22, 3, 25, 458, 696, 65.7098, 81.626,10, 8
22, 3, 26, 458, 766, 33.2862, 56.0923,7, 4
22, 3, 27, 458, 563, 187.396, 197.053,23, 22
22, 3, 28, 458, 622, 203.922, 242.433,29, 24
22, 3, 29, 458, 710, 33.5062, 40.4727,5, 4
22, 3, 30, 458, 707, 85.8302, 107.351,14, 11
22, 3, 31, 458, 563, 157.11, 172.445,22, 20
22, 3, 32, 458, 770, 162.331, 212.406,24, 18
22, 3, 33, 458, 655, 16.9608, 16.9608,2, 2
22, 3, 34, 458, 556, 62.8941, 93.9305,9, 5
22, 3, 35, 458, 590, 27.3878, 42.5436,5, 3
22, 3, 36, 458, 631, 16.4706, 24.1391,3, 2
22, 3, 37, 458, 794, 101.911, 118.607,12, 10
22, 3, 38, 458, 680, 61.7309, 87.9676,10, 7
22, 3, 39, 458, 626, 61.0389, 69.0717,8, 7
22, 3, 40, 458, 630, 0, 0,0, 0
22, 3, 41, 458, 566, 0, 0,0, 0
22, 3, 42, 458, 596, 12.2949, 12.2949,1, 1
22, 3, 43, 458, 570, 29.9585, 29.9585,4, 4
22, 3, 44, 458, 602, 32.8215, 32.8215,4, 4
22, 3, 45, 458, 676, 13.7697, 13.7697,2, 2
22, 3, 46, 458, 679, 48.0911, 92.2383,12, 6
22, 3, 47, 458, 704, 23.5967, 32.1387,4, 3
22, 4, 1, 754, 559, 60.587, 81.1165,10, 7
22, 4, 2, 754, 535, 73.4016, 117.285,13, 8
22, 4, 3, 754, 458, 66.8653, 134.204,15, 7
22, 4, 5, 754, 788, 48.1685, 146.516,19, 6
22, 4, 6, 754, 694, 87.7846, 175.187,20, 10
22, 4, 7, 754, 611, 110.172, 317.647,39, 12
22, 4, 8, 754, 634, 113.502, 464.874,61, 14
22, 4, 9, 754, 568, 32.618, 64.1919,8, 4
22, 4, 10, 754, 644, 48.4133, 75.1684,8, 5
22, 4, 11, 754, 676, 55.701, 153.894,18, 6
22, 4, 12, 754, 648, 90.1739, 179.066,15, 7
22, 4, 13, 754, 782, 86.8254, 195.321,25, 11
22, 4, 14, 754, 654, 59.7384, 75.0113,10, 8
22, 4, 15, 754, 571, 78.0841, 158.633,21, 10
22, 4, 16, 754, 645, 31.8957, 47.4517,6, 4
22, 4, 17, 754, 596, 46.2417, 113.986,14, 5
22, 4, 18, 754, 555, 98.8956, 246.795,31, 12
22, 4, 19, 754, 599, 77.9537, 329.506,42, 9
22, 4, 20, 754, 660, 55.7813, 117.231,15, 7
22, 4, 21, 754, 541, 68.6148, 243.089,31, 8
22, 4, 22, 754, 566, 60.4105, 227.391,26, 6
22, 4, 23, 754, 781, 31.0085, 51.9109,7, 4
22, 4, 24, 754, 680, 7.42316, 7.42316,1, 1
22, 4, 25, 754, 696, 89.8476, 201.228,25, 11
22, 4, 26, 754, 766, 165.303, 709.189,88, 19
22, 4, 27, 754, 563, 42.7327, 52.0337,6, 5
22, 4, 28, 754, 622, 73.6481, 138.472,18, 9
22, 4, 29, 754, 710, 44.6578, 58.6308,8, 6
22, 4, 30, 754, 707, 58.6149, 219.232,28, 7
22, 4, 31, 754, 563, 23.1045, 23.1045,3, 3
22, 4, 32, 754, 770, 31.0858, 49.5141,5, 3
22, 4, 33, 754, 655, 7.57851, 7.57851,1, 1
22, 4, 34, 754, 556, 48.6257, 74.6712,9, 6
22, 4, 35, 754, 590, 33.666, 48.6967,6, 4
22, 4, 36, 754, 631, 57.7986, 119.601,11, 5
22, 4, 37, 754, 794, 27.8563, 44.755,5, 3
22, 4, 38, 754, 680, 26.3402, 41.7526,5, 3
22, 4, 39, 754, 626, 34.602, 42.3941,5, 4
22, 4, 40, 754, 630, 58.8803, 118.817,16, 8
22, 4, 41, 754, 566, 52.4727, 74.0433,8, 5
22, 4, 42, 754, 596, 48.9711, 70.8862,9, 6
22, 4, 43, 754, 570, 22.1397, 22.1397,3, 3
22, 4, 44, 754, 602, 35.4126, 42.616,6, 5
22, 4, 45, 754, 676, 74.465, 125.304,14, 8
22, 4, 46, 754, 679, 59.5846, 134.862,17, 7
22, 4, 47, 754, 704, 60.8494, 76.8803,10, 8
22, 5, 1, 788, 559, 23.4315, 37.9155,5, 3
22, 5, 2, 788, 535, 66.0153, 74.3397,9, 8
22, 5, 3, 788, 458, 30.9112, 45.0267,6, 4
22, 5, 4, 788, 754, 118.358, 146.516,19, 15
22, 5, 6, 788, 694, 610.105, 735.517,84, 68
22, 5, 7, 788, 611, 152.419, 222.582,27, 18
22, 5, 8, 788, 634, 160.088, 230.285,29, 19
22, 5, 9, 788, 568, 60.6398, 74.7399,10, 8
22, 5, 10, 788, 644, 76.2502, 89.8834,12, 10
22, 5, 11, 788, 676, 146.21, 161.738,20, 18
22, 5, 12, 788, 648, 262.126, 315.711,34, 28
22, 5, 13, 788, 782, 255.854, 355.541,42, 29
22, 5, 14, 788, 654, 67.0341, 67.0341,9, 9
22, 5, 15, 788, 571, 102.578, 137.449,15, 11
22, 5, 16, 788, 645, 50.3969, 57.1504,8, 7
22, 5, 17, 788, 596, 60.1319, 60.1319,8, 8
22, 5, 18, 788, 555, 100.379, 116.674,14, 12
22, 5, 19, 788, 599, 112.917, 121.084,15, 14
22, 5, 20, 788, 660, 132.087, 187.267,22, 15
22, 5, 21, 788, 541, 189.458, 238.033,28, 22
22, 5, 22, 788, 566, 139.807, 186.432,23, 17
22, 5, 23, 788, 781, 42.6995, 62.0011,7, 5
22, 5, 24, 788, 680, 57.3109, 77.7048,10, 7
22, 5, 25, 788, 696, 121.66, 144.269,18, 15
22, 5, 26, 788, 766, 210.095, 268.638,32, 24
22, 5, 27, 788, 563, 17.6992, 25.3175,3, 2
22, 5, 28, 788, 622, 95.4906, 154.033,17, 10
22, 5, 29, 788, 710, 164.857, 201.03,21, 17
22, 5, 30, 788, 707, 127.801, 175.785,21, 15
22, 5, 31, 788, 563, 99.6632, 139.075,17, 12
22, 5, 32, 788, 770, 55.2892, 62.5732,8, 7
22, 5, 33, 788, 655, 98.0229, 120.977,15, 12
22, 5, 34, 788, 556, 202.347, 251.005,30, 24
22, 5, 35, 788, 590, 58.1226, 73.1815,10, 8
22, 5, 36, 788, 631, 218.594, 249.016,28, 24
22, 5, 37, 788, 794, 63.7787, 71.3576,9, 8
22, 5, 38, 788, 680, 59.8213, 81.2673,10, 7
22, 5, 39, 788, 626, 82.5399, 111.338,14, 10
22, 5, 40, 788, 630, 146.43, 191.048,24, 18
22, 5, 41, 788, 566, 161.992, 211.942,27, 20
22, 5, 42, 788, 596, 147.672, 191.738,22, 17
22, 5, 43, 788, 570, 110.48, 135.244,16, 13
22, 5, 44, 788, 602, 558.084, 667.675,71, 58
22, 5, 45, 788, 676, 125.359, 132.283,16, 15
22, 5, 46, 788, 679, 364.759, 395.687,45, 41
22, 5, 47, 788, 704, 190.331, 233.658,29, 23
22, 6, 1, 694, 559, 42.7007, 42.7007,6, 6
22, 6, 2, 694, 535, 67.142, 76.6833,9, 8
22, 6, 3, 694, 458, 52.4903, 75.3895,10, 7
22, 6, 4, 694, 754, 67.9419, 175.188,20, 8
22, 6, 5, 694, 788, 655.392, 735.517,84, 73
22, 6, 7, 694, 611, 145.539, 153.529,15, 14
22, 6, 8, 694, 634, 144.189, 158.093,18, 16
22, 6, 9, 694, 568, 482.806, 855.188,101, 54
22, 6, 10, 694, 644, 561.21, 819.426,95, 62
22, 6, 11, 694, 676, 587.92, 919.256,107, 63
22, 6, 12, 694, 648, 332.306, 553.266,60, 35
22, 6, 13, 694, 782, 266.455, 496.246,57, 29
22, 6, 14, 694, 654, 82.198, 96.4589,12, 10
22, 6, 15, 694, 571, 98.0626, 112.682,13, 11
22, 6, 16, 694, 645, 87.5634, 87.5634,12, 12
22, 6, 17, 694, 596, 48.3533, 48.3533,6, 6
22, 6, 18, 694, 555, 79.5869, 87.0384,11, 10
22, 6, 19, 694, 599, 46.063, 61.2107,7, 5
22, 6, 20, 694, 660, 146.459, 167.652,20, 17
22, 6, 21, 694, 541, 121.05, 128.168,15, 14
22, 6, 22, 694, 566, 193.163, 223.596,24, 20
22, 6, 23, 694, 781, 155.176, 186.658,22, 18
22, 6, 24, 694, 680, 209.332, 226.561,26, 24
22, 6, 25, 694, 696, 148.439, 155.554,16, 15
22, 6, 26, 694, 766, 107.747, 121.75,14, 12
22, 6, 27, 694, 563, 44.1241, 44.1241,5, 5
22, 6, 28, 694, 622, 119.892, 134.752,13, 11
22, 6, 29, 694, 710, 204.953, 298.513,36, 24
22, 6, 30, 694, 707, 54.6892, 54.6892,7, 7
22, 6, 31, 694, 563, 124.254, 139.611,17, 15
22, 6, 32, 694, 770, 158.863, 172.883,23, 21
22, 6, 33, 694, 655, 406.259, 735.484,92, 48
22, 6, 34, 694, 556, 220.515, 313.451,36, 24
22, 6, 35, 694, 590, 285.625, 429.993,50, 31
22, 6, 36, 694, 631, 248.081, 344.354,39, 27
22, 6, 37, 694, 794, 88.3248, 109.065,14, 11
22, 6, 38, 694, 680, 446.392, 752.395,91, 51
22, 6, 39, 694, 626, 529.554, 889.749,99, 54
22, 6, 40, 694, 630, 120.248, 135.296,16, 14
22, 6, 41, 694, 566, 152.265, 174.869,21, 18
22, 6, 42, 694, 596, 141.15, 168.837,21, 17
22, 6, 43, 694, 570, 344.626, 631.365,76, 39
22, 6, 44, 694, 602, 683.54, 796.398,88, 74
22, 6, 45, 694, 676, 1101.18, 1611.85,179, 116
22, 6, 46, 694, 679, 1049.84, 1343.45,154, 119
22, 6, 47, 694, 704, 805.069, 1087.23,116, 81
22, 7, 1, 611, 559, 42.7064, 49.841,6, 5
22, 7, 2, 611, 535, 193.263, 251.473,31, 23
22, 7, 3, 611, 458, 53.735, 75.2951,10, 7
22, 7, 4, 611, 754, 171.756, 317.647,39, 20
22, 7, 5, 611, 788, 171.034, 222.582,27, 20
22, 7, 6, 611, 694, 118.372, 153.529,15, 11
22, 7, 8, 611, 634, 588.384, 748.984,89, 69
22, 7, 9, 611, 568, 7.97434, 22.777,3, 1
22, 7, 10, 611, 644, 39.3382, 39.3382,5, 5
22, 7, 11, 611, 676, 195.493, 239.381,25, 20
22, 7, 12, 611, 648, 181.098, 206.882,20, 17
22, 7, 13, 611, 782, 75.6876, 84.1404,11, 10
22, 7, 14, 611, 654, 1216.13, 1346.09,139, 124
22, 7, 15, 611, 571, 1205.31, 1325.71,141, 125
22, 7, 16, 611, 645, 131.185, 146.333,18, 16
22, 7, 17, 611, 596, 327.126, 418.389,45, 33
22, 7, 18, 611, 555, 449.644, 515.016,61, 52
22, 7, 19, 611, 599, 227.473, 327.306,40, 27
22, 7, 20, 611, 660, 1057.21, 1187.19,124, 108
22, 7, 21, 611, 541, 224.97, 314.613,37, 26
22, 7, 22, 611, 566, 434.824, 525.936,61, 49
22, 7, 23, 611, 781, 326.974, 369.14,46, 40
22, 7, 24, 611, 680, 145.545, 153.777,19, 18
22, 7, 25, 611, 696, 1547.16, 1705,171, 152
22, 7, 26, 611, 766, 200.87, 348.176,42, 23
22, 7, 27, 611, 563, 107.98, 135,15, 12
22, 7, 28, 611, 622, 293.16, 388.506,42, 31
22, 7, 29, 611, 710, 71.3887, 78.266,8, 7
22, 7, 30, 611, 707, 173.012, 207.229,23, 19
22, 7, 31, 611, 563, 176.912, 260.335,31, 20
22, 7, 32, 611, 770, 640.365, 682.339,79, 74
22, 7, 33, 611, 655, 74.8528, 93.8018,11, 9
22, 7, 34, 611, 556, 279.738, 313.024,34, 30
22, 7, 35, 611, 590, 136.853, 136.853,17, 17
22, 7, 36, 611, 631, 198.323, 219.478,25, 22
22, 7, 37, 611, 794, 647.665, 682.009,75, 71
22, 7, 38, 611, 680, 36.1786, 36.1786,4, 4
22, 7, 39, 611, 626, 67.4254, 67.4254,9, 9
22, 7, 40, 611, 630, 110.633, 143.452,17, 13
22, 7, 41, 611, 566, 89.5615, 121.665,14, 10
22, 7, 42, 611, 596, 76.2639, 90.6994,11, 9
22, 7, 43, 611, 570, 157.597, 185.551,20, 17
22, 7, 44, 611, 602, 68.7502, 85.1303,9, 7
22, 7, 45, 611, 676, 47.94, 47.94,6, 6
22, 7, 46, 611, 679, 203.939, 239.76,27, 23
22, 7, 47, 611, 704, 157.385, 175.835,20, 18
22, 8, 1, 634, 559, 0, 0,0, 0
22, 8, 2, 634, 535, 131.869, 199.148,24, 15
22, 8, 3, 634, 458, 37.7321, 58.303,8, 5
22, 8, 4, 634, 754, 110.647, 464.873,61, 13
22, 8, 5, 634, 788, 126.689, 230.285,29, 15
22, 8, 6, 634, 694, 133.956, 158.093,18, 16
22, 8, 7, 634, 611, 491.125, 748.985,89, 57
22, 8, 9, 634, 568, 0, 0,0, 0
22, 8, 10, 634, 644, 22.0736, 22.0736,3, 3
22, 8, 11, 634, 676, 142.302, 222.713,26, 16
22, 8, 12, 634, 648, 212.359, 268.212,29, 23
22, 8, 13, 634, 782, 529.364, 951.974,115, 59
22, 8, 14, 634, 654, 250.491, 271.182,34, 31
22, 8, 15, 634, 571, 902.31, 1069.95,113, 93
22, 8, 16, 634, 645, 57.5107, 79.8862,10, 7
22, 8, 17, 634, 596, 111.898, 149.302,20, 15
22, 8, 18, 634, 555, 294, 510.952,60, 32
22, 8, 19, 634, 599, 786.957, 1210.84,133, 82
22, 8, 20, 634, 660, 817.783, 965.298,109, 90
22, 8, 21, 634, 541, 521.727, 669.766,76, 57
22, 8, 22, 634, 566, 239.385, 373.874,43, 26
22, 8, 23, 634, 781, 81.1108, 81.1108,10, 10
22, 8, 24, 634, 680, 31.4207, 38.402,5, 4
22, 8, 25, 634, 696, 408.146, 552.99,63, 45
22, 8, 26, 634, 766, 328.932, 806.318,97, 36
22, 8, 27, 634, 563, 53.6603, 60.5282,8, 7
22, 8, 28, 634, 622, 214.739, 334.546,40, 25
22, 8, 29, 634, 710, 127.016, 163.778,20, 15
22, 8, 30, 634, 707, 245.968, 494.369,55, 25
22, 8, 31, 634, 563, 150.358, 215.204,26, 18
22, 8, 32, 634, 770, 172.021, 172.021,22, 22
22, 8, 33, 634, 655, 110.918, 154.293,18, 13
22, 8, 34, 634, 556, 213.307, 232.157,24, 22
22, 8, 35, 634, 590, 73.4337, 73.4337,9, 9
22, 8, 36, 634, 631, 147.984, 162.15,19, 17
22, 8, 37, 634, 794, 150.602, 165.373,21, 19
22, 8, 38, 634, 680, 20.5658, 20.5658,3, 3
22, 8, 39, 634, 626, 42.5879, 42.5879,5, 5
22, 8, 40, 634, 630, 285.652, 519.532,58, 29
22, 8, 41, 634, 566, 218.773, 343.957,40, 24
22, 8, 42, 634, 596, 159.381, 183.367,22, 19
22, 8, 43, 634, 570, 93.9737, 118.466,14, 11
22, 8, 44, 634, 602, 76.9909, 94.2238,11, 9
22, 8, 45, 634, 676, 35.5032, 35.5032,5, 5
22, 8, 46, 634, 679, 131.962, 176.353,22, 16
22, 8, 47, 634, 704, 157.885, 186.036,22, 19
22, 9, 1, 568, 559, 7.85644, 15.2256,2, 1
22, 9, 2, 568, 535, 0, 0,0, 0
22, 9, 3, 568, 458, 17.7257, 26.4842,3, 2
22, 9, 4, 568, 754, 40.9174, 64.1918,8, 5
22, 9, 5, 568, 788, 74.74, 74.74,10, 10
22, 9, 6, 568, 694, 458.749, 855.189,101, 51
22, 9, 7, 568, 611, 22.7769, 22.7769,3, 3
22, 9, 8, 568, 634, 0, 0,0, 0
22, 9, 10, 568, 644, 1767.57, 3144.2,326, 159
22, 9, 11, 568, 676, 837.359, 1489.67,156, 77
22, 9, 12, 568, 648, 302.92, 445.418,48, 31
22, 9, 13, 568, 782, 85.8501, 131.732,17, 11
22, 9, 14, 568, 654, 6.79735, 6.79735,1, 1
22, 9, 15, 568, 571, 0, 0,0, 0
22, 9, 16, 568, 645, 68.1873, 110.476,15, 9
22, 9, 17, 568, 596, 17.2399, 17.2399,2, 2
22, 9, 18, 568, 555, 0, 0,0, 0
22, 9, 19, 568, 599, 7.49115, 7.49115,1, 1
22, 9, 20, 568, 660, 6.73526, 6.73526,1, 1
22, 9, 21, 568, 541, 0, 0,0, 0
22, 9, 22, 568, 566, 0, 0,0, 0
22, 9, 23, 568, 781, 109.104, 263.18,28, 12
22, 9, 24, 568, 680, 204.862, 530.595,59, 21
22, 9, 25, 568, 696, 22.2181, 36.1452,5, 3
22, 9, 26, 568, 766, 14.7328, 14.7328,2, 2
22, 9, 27, 568, 563, 46.8324, 53.5391,7, 6
22, 9, 28, 568, 622, 31.0601, 38.0739,5, 4
22, 9, 29, 568, 710, 156.105, 194.978,24, 19
22, 9, 30, 568, 707, 0, 0,0, 0
22, 9, 31, 568, 563, 28.9759, 35.8915,5, 4
22, 9, 32, 568, 770, 51.0666, 66.0489,8, 6
22, 9, 33, 568, 655, 543.772, 1118.41,133, 60
22, 9, 34, 568, 556, 15.1434, 15.1434,2, 2
22, 9, 35, 568, 590, 367.386, 637.854,76, 42
22, 9, 36, 568, 631, 175.335, 255.719,28, 19
22, 9, 37, 568, 794, 54.7213, 81.8323,11, 7
22, 9, 38, 568, 680, 772.259, 1666.91,200, 86
22, 9, 39, 568, 626, 856.036, 1546.55,175, 89
22, 9, 40, 568, 630, 23.4687, 37.7404,5, 3
22, 9, 41, 568, 566, 35.9633, 35.9633,5, 5
22, 9, 42, 568, 596, 102.983, 116.711,15, 13
22, 9, 43, 568, 570, 546.578, 1095.85,124, 57
22, 9, 44, 568, 602, 23.8822, 23.8822,3, 3
22, 9, 45, 568, 676, 636.201, 1227.61,144, 69
22, 9, 46, 568, 679, 154.968, 232.804,28, 19
22, 9, 47, 568, 704, 219.165, 508.71,59, 24
22, 10, 1, 644, 559, 35.1802, 35.1802,5, 5
22, 10, 2, 644, 535, 34.2217, 55.673,5, 3
22, 10, 3, 644, 458, 62.207, 87.6132,11, 8
22, 10, 4, 644, 754, 68.0941, 75.1684,8, 7
22, 10, 5, 644, 788, 83.0199, 89.8833,12, 11
22, 10, 6, 644, 694, 391.512, 819.426,95, 43
22, 10, 7, 644, 611, 39.3384, 39.3384,5, 5
22, 10, 8, 644, 634, 14.5717, 22.0736,3, 2
22, 10, 9, 644, 568, 1685.74, 3144.19,326, 156
22, 10, 11, 644, 676, 1563.34, 2387.3,262, 161
22, 10, 12, 644, 648, 755.997, 888.617,100, 83
22, 10, 13, 644, 782, 255.725, 298.824,38, 32
22, 10, 14, 644, 654, 51.538, 59.4261,7, 6
22, 10, 15, 644, 571, 67.5473, 82.3161,8, 7
22, 10, 16, 644, 645, 143.304, 192.937,21, 15
22, 10, 17, 644, 596, 73.4849, 87.0016,8, 7
22, 10, 18, 644, 555, 44.2436, 53.6777,6, 5
22, 10, 19, 644, 599, 15.2601, 15.2601,2, 2
22, 10, 20, 644, 660, 43.0283, 52.979,6, 5
22, 10, 21, 644, 541, 33.5947, 46.0827,3, 2
22, 10, 22, 644, 566, 35.9152, 50.1325,4, 3
22, 10, 23, 644, 781, 165.255, 421.702,45, 17
22, 10, 24, 644, 680, 294.815, 766.476,85, 31
22, 10, 25, 644, 696, 52.417, 71.9778,7, 5
22, 10, 26, 644, 766, 16.5502, 16.5502,2, 2
22, 10, 27, 644, 563, 41.6049, 50.1625,6, 5
22, 10, 28, 644, 622, 112.352, 147.997,15, 12
22, 10, 29, 644, 710, 144.999, 242.322,29, 17
22, 10, 30, 644, 707, 33.4111, 33.4111,4, 4
22, 10, 31, 644, 563, 25.9, 25.9,3, 3
22, 10, 32, 644, 770, 149.162, 200.218,21, 15
22, 10, 33, 644, 655, 617.17, 1139.85,132, 65
22, 10, 34, 644, 556, 112.173, 133.261,15, 13
22, 10, 35, 644, 590, 502.701, 864.146,94, 53
22, 10, 36, 644, 631, 317.165, 431.983,47, 33
22, 10, 37, 644, 794, 91.3596, 130.496,14, 9
22, 10, 38, 644, 680, 851.759, 1716.02,196, 89
22, 10, 39, 644, 626, 1215.81, 2051.39,232, 128
22, 10, 40, 644, 630, 73.4857, 80.174,10, 9
22, 10, 41, 644, 566, 102.16, 115.864,13, 11
22, 10, 42, 644, 596, 182.811, 231.798,30, 23
22, 10, 43, 644, 570, 605.552, 1201.99,146, 69
22, 10, 44, 644, 602, 46.2331, 46.2331,6, 6
22, 10, 45, 644, 676, 508.557, 1056.57,117, 52
22, 10, 46, 644, 679, 196.012, 309.632,37, 23
22, 10, 47, 644, 704, 240.192, 633.061,75, 27
22, 11, 1, 676, 559, 43.9506, 51.1322,7, 6
22, 11, 2, 676, 535, 44.8892, 68.7562,8, 5
22, 11, 3, 676, 458, 29.6622, 29.6622,4, 4
22, 11, 4, 676, 754, 127.484, 153.894,18, 15
22, 11, 5, 676, 788, 161.738, 161.738,20, 20
22, 11, 6, 676, 694, 550.455, 919.257,107, 60
22, 11, 7, 676, 611, 189.268, 239.382,25, 19
22, 11, 8, 676, 634, 197.05, 222.714,26, 23
22, 11, 9, 676, 568, 969.249, 1489.67,156, 93
22, 11, 10, 676, 644, 1671.47, 2387.31,262, 174
22, 11, 12, 676, 648, 1428.52, 1703.38,173, 140
22, 11, 13, 676, 782, 638.567, 712.151,85, 76
22, 11, 14, 676, 654, 61.4784, 69.0314,9, 8
22, 11, 15, 676, 571, 196.36, 233.234,25, 21
22, 11, 16, 676, 645, 72.5783, 86.6538,11, 9
22, 11, 17, 676, 596, 81.7704, 95.5661,12, 10
22, 11, 18, 676, 555, 176.256, 209.598,25, 21
22, 11, 19, 676, 599, 76.9394, 110.287,13, 9
22, 11, 20, 676, 660, 126.139, 146.442,16, 14
22, 11, 21, 676, 541, 142.214, 168.434,20, 17
22, 11, 22, 676, 566, 82.9572, 89.7897,10, 9
22, 11, 23, 676, 781, 73.1327, 86.5216,11, 9
22, 11, 24, 676, 680, 145.818, 220.559,26, 17
22, 11, 25, 676, 696, 125.143, 169.991,17, 12
22, 11, 26, 676, 766, 113.926, 128.098,17, 15
22, 11, 27, 676, 563, 72.4932, 72.4932,8, 8
22, 11, 28, 676, 622, 165.413, 205.74,23, 18
22, 11, 29, 676, 710, 268.551, 367.446,43, 30
22, 11, 30, 676, 707, 92.1275, 106.473,13, 11
22, 11, 31, 676, 563, 175.238, 200.692,24, 21
22, 11, 32, 676, 770, 83.9685, 98.5418,12, 10
22, 11, 33, 676, 655, 665.586, 1010.13,117, 74
22, 11, 34, 676, 556, 373.822, 445.352,47, 38
22, 11, 35, 676, 590, 462.345, 662.938,77, 51
22, 11, 36, 676, 631, 638.449, 765.865,83, 68
22, 11, 37, 676, 794, 63.1622, 92.7668,12, 8
22, 11, 38, 676, 680, 580.34, 867.79,105, 69
22, 11, 39, 676, 626, 900.242, 1347.55,156, 100
22, 11, 40, 676, 630, 181.08, 230.108,27, 21
22, 11, 41, 676, 566, 225.065, 320.608,37, 25
22, 11, 42, 676, 596, 441.927, 587.723,66, 47
22, 11, 43, 676, 570, 696.056, 943.301,110, 78
22, 11, 44, 676, 602, 172.724, 172.724,20, 20
22, 11, 45, 676, 676, 481.83, 758.157,92, 56
22, 11, 46, 676, 679, 323.898, 431.353,50, 37
22, 11, 47, 676, 704, 346.084, 521.911,61, 39
22, 12, 1, 648, 559, 37.8621, 45.4986,6, 5
22, 12, 2, 648, 535, 101, 146.275,17, 11
22, 12, 3, 648, 458, 41.0524, 49.453,6, 5
22, 12, 4, 648, 754, 76.9927, 179.066,15, 6
22, 12, 5, 648, 788, 254.54, 315.711,34, 28
22, 12, 6, 648, 694, 319.784, 553.265,60, 34
22, 12, 7, 648, 611, 153.905, 206.878,20, 15
22, 12, 8, 648, 634, 207.507, 268.212,29, 23
22, 12, 9, 648, 568, 322.56, 445.418,48, 33
22, 12, 10, 648, 644, 746.639, 888.618,100, 83
22, 12, 11, 648, 676, 1449.88, 1703.38,173, 143
22, 12, 13, 648, 782, 1139.18, 1388.68,157, 125
22, 12, 14, 648, 654, 48.7969, 65.545,8, 6
22, 12, 15, 648, 571, 193.026, 231.12,23, 19
22, 12, 16, 648, 645, 81.4694, 111.703,15, 11
22, 12, 17, 648, 596, 100.07, 109.069,14, 13
22, 12, 18, 648, 555, 174.502, 191.671,24, 22
22, 12, 19, 648, 599, 126.952, 158.048,19, 15
22, 12, 20, 648, 660, 183.143, 210.411,24, 21
22, 12, 21, 648, 541, 157.492, 181.95,20, 17
22, 12, 22, 648, 566, 110.381, 119.742,12, 11
22, 12, 23, 648, 781, 45.2671, 52.5481,7, 6
22, 12, 24, 648, 680, 24.547, 24.547,3, 3
22, 12, 25, 648, 696, 157.614, 196.792,23, 18
22, 12, 26, 648, 766, 124.932, 148.27,18, 15
22, 12, 27, 648, 563, 74.3696, 89.41,9, 8
22, 12, 28, 648, 622, 144.801, 204.878,21, 14
22, 12, 29, 648, 710, 222.618, 269.151,26, 23
22, 12, 30, 648, 707, 119.579, 138.18,16, 14
22, 12, 31, 648, 563, 83.4679, 97.0921,12, 10
22, 12, 32, 648, 770, 76.0706, 102.263,12, 9
22, 12, 33, 648, 655, 211.092, 256.556,27, 22
22, 12, 34, 648, 556, 422.671, 508.059,57, 46
22, 12, 35, 648, 590, 116.991, 124.436,15, 14
22, 12, 36, 648, 631, 769.56, 979.375,97, 75
22, 12, 37, 648, 794, 68.8681, 79.1439,9, 8
22, 12, 38, 648, 680, 69.3529, 92.3376,10, 8
22, 12, 39, 648, 626, 179.592, 209.788,25, 21
22, 12, 40, 648, 630, 218.034, 257.349,30, 25
22, 12, 41, 648, 566, 360.265, 467.373,55, 41
22, 12, 42, 648, 596, 440.96, 517.481,59, 49
22, 12, 43, 648, 570, 218.217, 275.253,31, 24
22, 12, 44, 648, 602, 253.423, 307.992,34, 28
22, 12, 45, 648, 676, 177.295, 270.523,30, 20
22, 12, 46, 648, 679, 311.455, 503.663,58, 35
22, 12, 47, 648, 704, 195.802, 301.705,34, 21
22, 13, 1, 782, 559, 36.4257, 36.4257,5, 5
22, 13, 2, 782, 535, 74.5927, 86.7659,9, 8
22, 13, 3, 782, 458, 14.0969, 14.0969,2, 2
22, 13, 4, 782, 754, 73.4239, 195.321,25, 9
22, 13, 5, 782, 788, 266.616, 355.541,42, 30
22, 13, 6, 782, 694, 262.87, 496.246,57, 29
22, 13, 7, 782, 611, 77.2314, 84.1405,11, 10
22, 13, 8, 782, 634, 551.376, 951.974,115, 63
22, 13, 9, 782, 568, 86.0723, 131.732,17, 11
22, 13, 10, 782, 644, 245.453, 298.824,38, 31
22, 13, 11, 782, 676, 611.039, 712.151,85, 72
22, 13, 12, 782, 648, 1117.46, 1388.68,157, 123
22, 13, 14, 782, 654, 36.9607, 36.9607,5, 5
22, 13, 15, 782, 571, 120.116, 149.299,18, 14
22, 13, 16, 782, 645, 22.2918, 29.4029,4, 3
22, 13, 17, 782, 596, 69.3866, 69.3866,9, 9
22, 13, 18, 782, 555, 102.057, 117.073,14, 12
22, 13, 19, 782, 599, 204.779, 252.08,31, 25
22, 13, 20, 782, 660, 108.943, 115.841,14, 13
22, 13, 21, 782, 541, 203.465, 247.514,29, 23
22, 13, 22, 782, 566, 63.0051, 75.5996,8, 7
22, 13, 23, 782, 781, 32.1254, 53.4901,7, 4
22, 13, 24, 782, 680, 8.18224, 8.18224,1, 1
22, 13, 25, 782, 696, 132.629, 139.405,17, 16
22, 13, 26, 782, 766, 172.371, 231.021,28, 20
22, 13, 27, 782, 563, 30.6998, 30.6998,4, 4
22, 13, 28, 782, 622, 100.565, 116.023,12, 10
22, 13, 29, 782, 710, 238.414, 292.197,35, 28
22, 13, 30, 782, 707, 141.025, 169.155,19, 16
22, 13, 31, 782, 563, 104.283, 115.052,12, 11
22, 13, 32, 782, 770, 30.6044, 59.0399,8, 4
22, 13, 33, 782, 655, 198.739, 235.825,28, 23
22, 13, 34, 782, 556, 273.014, 319.179,36, 31
22, 13, 35, 782, 590, 52.6883, 52.6883,7, 7
22, 13, 36, 782, 631, 437.198, 501.581,58, 49
22, 13, 37, 782, 794, 7.03245, 7.03245,1, 1
22, 13, 38, 782, 680, 47.426, 61.5334,8, 6
22, 13, 39, 782, 626, 95.4087, 109.337,14, 12
22, 13, 40, 782, 630, 411.03, 544.563,58, 42
22, 13, 41, 782, 566, 359.158, 467.285,49, 36
22, 13, 42, 782, 596, 294.236, 386.079,43, 31
22, 13, 43, 782, 570, 110.65, 124.278,15, 13
22, 13, 44, 782, 602, 165.61, 233.872,23, 15
22, 13, 45, 782, 676, 99.7032, 138.127,16, 11
22, 13, 46, 782, 679, 228.556, 361.167,42, 26
22, 13, 47, 782, 704, 113.7, 181.539,21, 13
22, 14, 1, 654, 559, 108.768, 128.226,14, 12
22, 14, 2, 654, 535, 89.6313, 89.6313,10, 10
22, 14, 3, 654, 458, 46.0938, 46.0938,5, 5
22, 14, 4, 654, 754, 68.0543, 75.0112,10, 9
22, 14, 5, 654, 788, 60.0687, 67.034,9, 8
22, 14, 6, 654, 694, 75.1041, 96.4589,12, 9
22, 14, 7, 654, 611, 1284.1, 1346.09,139, 132
22, 14, 8, 654, 634, 271.182, 271.182,34, 34
22, 14, 9, 654, 568, 6.79738, 6.79738,1, 1
22, 14, 10, 654, 644, 51.6384, 59.4261,7, 6
22, 14, 11, 654, 676, 61.1817, 69.0313,9, 8
22, 14, 12, 654, 648, 65.5449, 65.5449,8, 8
22, 14, 13, 654, 782, 36.9607, 36.9607,5, 5
22, 14, 15, 654, 571, 803.033, 849.888,96, 90
22, 14, 16, 654, 645, 309.591, 324.948,38, 36
22, 14, 17, 654, 596, 451.804, 468.383,51, 49
22, 14, 18, 654, 555, 253.245, 261.69,31, 30
22, 14, 19, 654, 599, 107.761, 107.761,13, 13
22, 14, 20, 654, 660, 783.543, 849.653,97, 88
22, 14, 21, 654, 541, 95.886, 95.886,12, 12
22, 14, 22, 654, 566, 264.743, 331.63,38, 29
22, 14, 23, 654, 781, 471.671, 508.408,58, 53
22, 14, 24, 654, 680, 340.74, 369.441,43, 39
22, 14, 25, 654, 696, 1183.76, 1272.18,127, 115
22, 14, 26, 654, 766, 65.2379, 65.2379,8, 8
22, 14, 27, 654, 563, 119.874, 134.352,14, 12
22, 14, 28, 654, 622, 155.863, 155.863,16, 16
22, 14, 29, 654, 710, 35.1114, 41.8868,5, 4
22, 14, 30, 654, 707, 45.9861, 45.9861,6, 6
22, 14, 31, 654, 563, 46.8356, 46.8356,5, 5
22, 14, 32, 654, 770, 1436.68, 1645.38,164, 140
22, 14, 33, 654, 655, 7.30024, 7.30024,1, 1
22, 14, 34, 654, 556, 151.329, 151.329,18, 18
22, 14, 35, 654, 590, 154.632, 154.632,18, 18
22, 14, 36, 654, 631, 93.6853, 100.565,12, 11
22, 14, 37, 654, 794, 1331.83, 1507.67,161, 139
22, 14, 38, 654, 680, 20.374, 20.374,2, 2
22, 14, 39, 654, 626, 124.936, 138.692,17, 15
22, 14, 40, 654, 630, 7.52057, 7.52057,1, 1
22, 14, 41, 654, 566, 26.4237, 26.4237,3, 3
22, 14, 42, 654, 596, 60.5109, 60.5109,8, 8
22, 14, 43, 654, 570, 31.9344, 39.4018,5, 4
22, 14, 44, 654, 602, 116.147, 116.147,15, 15
22, 14, 45, 654, 676, 83.1765, 89.9754,12, 11
22, 14, 46, 654, 679, 138.411, 138.411,16, 16
22, 14, 47, 654, 704, 214.959, 237.203,28, 25
22, 15, 1, 571, 559, 14.6626, 14.6626,2, 2
22, 15, 2, 571, 535, 165.124, 179.21,19, 17
22, 15, 3, 571, 458, 103.03, 103.03,12, 12
22, 15, 4, 571, 754, 115.004, 158.632,21, 15
22, 15, 5, 571, 788, 120.032, 137.448,15, 13
22, 15, 6, 571, 694, 89.3, 112.682,13, 10
22, 15, 7, 571, 611, 1235.16, 1325.71,141, 129
22, 15, 8, 571, 634, 961.248, 1069.95,113, 99
22, 15, 9, 571, 568, 0, 0,0, 0
22, 15, 10, 571, 644, 74.9435, 82.315,8, 7
22, 15, 11, 571, 676, 196.24, 233.234,25, 21
22, 15, 12, 571, 648, 216.131, 231.119,23, 21
22, 15, 13, 571, 782, 141.552, 149.299,18, 17
22, 15, 14, 571, 654, 821.312, 849.888,96, 92
22, 15, 16, 571, 645, 120.822, 120.822,14, 14
22, 15, 17, 571, 596, 281.045, 310.451,37, 33
22, 15, 18, 571, 555, 497.086, 537.117,55, 50
22, 15, 19, 571, 599, 354.419, 390.493,45, 40
22, 15, 20, 571, 660, 1668.56, 1802.03,184, 169
22, 15, 21, 571, 541, 467.417, 520.18,53, 46
22, 15, 22, 571, 566, 487.439, 519.155,58, 54
22, 15, 23, 571, 781, 234.859, 234.859,29, 29
22, 15, 24, 571, 680, 117.783, 117.783,15, 15
22, 15, 25, 571, 696, 987.971, 1057.17,110, 102
22, 15, 26, 571, 766, 185.918, 206.169,27, 24
22, 15, 27, 571, 563, 87.4869, 87.4869,10, 10
22, 15, 28, 571, 622, 223.386, 254.771,27, 23
22, 15, 29, 571, 710, 91.2386, 91.2386,12, 12
22, 15, 30, 571, 707, 158.657, 173.505,19, 17
22, 15, 31, 571, 563, 171.001, 182.813,22, 21
22, 15, 32, 571, 770, 489.599, 528.853,61, 56
22, 15, 33, 571, 655, 141.906, 149.113,17, 16
22, 15, 34, 571, 556, 405.756, 420.329,47, 45
22, 15, 35, 571, 590, 112.181, 119.587,14, 13
22, 15, 36, 571, 631, 174.215, 174.215,19, 19
22, 15, 37, 571, 794, 351.091, 351.091,39, 39
22, 15, 38, 571, 680, 50.8685, 57.6927,6, 5
22, 15, 39, 571, 626, 51.5466, 59.2406,7, 6
22, 15, 40, 571, 630, 109.938, 109.938,12, 12
22, 15, 41, 571, 566, 134.651, 156.551,20, 17
22, 15, 42, 571, 596, 158.631, 158.631,18, 18
22, 15, 43, 571, 570, 97.9239, 104.617,13, 12
22, 15, 44, 571, 602, 145.876, 152.604,19, 18
22, 15, 45, 571, 676, 36.9156, 36.9156,5, 5
22, 15, 46, 571, 679, 132.318, 132.318,15, 15
22, 15, 47, 571, 704, 178.415, 216.497,27, 22
22, 16, 1, 645, 559, 190.924, 198.011,24, 23
22, 16, 2, 645, 535, 76.3085, 91.011,10, 8
22, 16, 3, 645, 458, 127.175, 149.862,18, 15
22, 16, 4, 645, 754, 47.4518, 47.4518,6, 6
22, 16, 5, 645, 788, 50.4314, 57.1503,8, 7
22, 16, 6, 645, 694, 72.9681, 87.5631,12, 10
22, 16, 7, 645, 611, 132.006, 146.333,18, 16
22, 16, 8, 645, 634, 79.8864, 79.8864,10, 10
22, 16, 9, 645, 568, 81.9937, 110.476,15, 11
22, 16, 10, 645, 644, 130.915, 192.938,21, 14
22, 16, 11, 645, 676, 79.9804, 86.6536,11, 10
22, 16, 12, 645, 648, 82.5105, 111.703,15, 11
22, 16, 13, 645, 782, 29.4028, 29.4028,4, 4
22, 16, 14, 645, 654, 271.104, 324.948,38, 31
22, 16, 15, 645, 571, 105.419, 120.823,14, 12
22, 16, 17, 645, 596, 826.616, 968.962,107, 89
22, 16, 18, 645, 555, 367.629, 382.494,44, 42
22, 16, 19, 645, 599, 101.594, 101.594,13, 13
22, 16, 20, 645, 660, 137.844, 152.861,18, 16
22, 16, 21, 645, 541, 14.0421, 20.7491,2, 1
22, 16, 22, 645, 566, 61.9232, 86.2943,9, 6
22, 16, 23, 645, 781, 124.391, 140.498,15, 13
22, 16, 24, 645, 680, 203.547, 226.301,29, 26
22, 16, 25, 645, 696, 167.185, 174.175,21, 20
22, 16, 26, 645, 766, 43.7736, 50.9528,7, 6
22, 16, 27, 645, 563, 127.959, 160.169,20, 16
22, 16, 28, 645, 622, 178.284, 201.648,23, 20
22, 16, 29, 645, 710, 36.562, 51.6898,7, 5
22, 16, 30, 645, 707, 43.2431, 43.2431,6, 6
22, 16, 31, 645, 563, 123.953, 131.565,17, 16
22, 16, 32, 645, 770, 437.303, 574.093,65, 48
22, 16, 33, 645, 655, 18.4085, 34.523,4, 2
22, 16, 34, 645, 556, 108.581, 134.805,16, 13
22, 16, 35, 645, 590, 249.593, 303.639,36, 29
22, 16, 36, 645, 631, 106.708, 122.77,15, 13
22, 16, 37, 645, 794, 366.83, 478.87,56, 42
22, 16, 38, 645, 680, 69.0933, 88.2639,10, 8
22, 16, 39, 645, 626, 223.199, 266.397,33, 27
22, 16, 40, 645, 630, 6.9467, 6.9467,1, 1
22, 16, 41, 645, 566, 7.05884, 7.05884,1, 1
22, 16, 42, 645, 596, 23.903, 23.903,3, 3
22, 16, 43, 645, 570, 15.7849, 22.6238,3, 2
22, 16, 44, 645, 602, 33.8638, 50.1895,6, 4
22, 16, 45, 645, 676, 84.9247, 92.3424,12, 11
22, 16, 46, 645, 679, 94.4294, 117.503,14, 11
22, 16, 47, 645, 704, 111.414, 155.713,19, 13
22, 17, 1, 596, 559, 157.774, 172.156,21, 19
22, 17, 2, 596, 535, 172.697, 186.665,18, 16
22, 17, 3, 596, 458, 138.351, 138.351,17, 17
22, 17, 4, 596, 754, 98.9019, 113.986,14, 12
22, 17, 5, 596, 788, 60.132, 60.132,8, 8
22, 17, 6, 596, 694, 48.3532, 48.3532,6, 6
22, 17, 7, 596, 611, 374.88, 418.389,45, 39
22, 17, 8, 596, 634, 135.332, 149.302,20, 18
22, 17, 9, 596, 568, 9.93274, 17.2399,2, 1
22, 17, 10, 596, 644, 87.002, 87.002,8, 8
22, 17, 11, 596, 676, 95.566, 95.566,12, 12
22, 17, 12, 596, 648, 101.749, 109.069,14, 13
22, 17, 13, 596, 782, 62.589, 69.3867,9, 8
22, 17, 14, 596, 654, 449.162, 468.383,51, 49
22, 17, 15, 596, 571, 296.542, 310.451,37, 35
22, 17, 16, 596, 645, 910.081, 968.961,107, 100
22, 17, 18, 596, 555, 779.616, 846.074,93, 85
22, 17, 19, 596, 599, 312.293, 341.876,42, 38
22, 17, 20, 596, 660, 281.335, 281.335,32, 32
22, 17, 21, 596, 541, 106.599, 128.862,15, 12
22, 17, 22, 596, 566, 268.711, 306.7,32, 27
22, 17, 23, 596, 781, 193.43, 208.107,24, 22
22, 17, 24, 596, 680, 95.2414, 109.804,14, 12
22, 17, 25, 596, 696, 543.181, 585.073,64, 58
22, 17, 26, 596, 766, 128.768, 135.489,18, 17
22, 17, 27, 596, 563, 154.377, 164.032,18, 17
22, 17, 28, 596, 622, 271.366, 303.848,29, 25
22, 17, 29, 596, 710, 27.5438, 27.5438,3, 3
22, 17, 30, 596, 707, 150.817, 158.319,18, 17
22, 17, 31, 596, 563, 212.573, 233.682,28, 25
22, 17, 32, 596, 770, 315.857, 336.622,38, 35
22, 17, 33, 596, 655, 54.2811, 54.2811,7, 7
22, 17, 34, 596, 556, 253.252, 284.66,33, 29
22, 17, 35, 596, 590, 213.358, 236.786,26, 23
22, 17, 36, 596, 631, 130.567, 137.319,16, 15
22, 17, 37, 596, 794, 267.157, 281.212,32, 30
22, 17, 38, 596, 680, 46.1995, 46.1995,4, 4
22, 17, 39, 596, 626, 131.041, 131.041,15, 15
22, 17, 40, 596, 630, 52.4319, 52.4319,7, 7
22, 17, 41, 596, 566, 56.6247, 56.6247,6, 6
22, 17, 42, 596, 596, 64.0447, 64.0447,8, 8
22, 17, 43, 596, 570, 62.3483, 69.1618,9, 8
22, 17, 44, 596, 602, 79.5498, 86.2617,11, 10
22, 17, 45, 596, 676, 50.8603, 50.8603,7, 7
22, 17, 46, 596, 679, 67.4808, 67.4808,8, 8
22, 17, 47, 596, 704, 71.1562, 77.9935,9, 8
22, 18, 1, 555, 559, 79.8548, 87.867,11, 10
22, 18, 2, 555, 535, 201.096, 225.34,25, 22
22, 18, 3, 555, 458, 141.908, 156.648,18, 16
22, 18, 4, 555, 754, 161.876, 246.794,31, 19
22, 18, 5, 555, 788, 91.0572, 116.674,14, 11
22, 18, 6, 555, 694, 72.9753, 87.0386,11, 9
22, 18, 7, 555, 611, 440.279, 515.015,61, 51
22, 18, 8, 555, 634, 377.495, 510.953,60, 42
22, 18, 9, 555, 568, 0, 0,0, 0
22, 18, 10, 555, 644, 44.8339, 53.6776,6, 5
22, 18, 11, 555, 676, 179.679, 209.598,25, 21
22, 18, 12, 555, 648, 163.273, 191.67,24, 20
22, 18, 13, 555, 782, 108.683, 117.072,14, 13
22, 18, 14, 555, 654, 233.421, 261.69,31, 27
22, 18, 15, 555, 571, 475.187, 537.116,55, 47
22, 18, 16, 555, 645, 367.62, 382.494,44, 42
22, 18, 17, 555, 596, 781.662, 846.078,93, 85
22, 18, 19, 555, 599, 638.353, 770.817,91, 73
22, 18, 20, 555, 660, 571.712, 676.989,75, 62
22, 18, 21, 555, 541, 177.842, 230.768,29, 22
22, 18, 22, 555, 566, 189.985, 237.303,28, 22
22, 18, 23, 555, 781, 78.8396, 78.8396,10, 10
22, 18, 24, 555, 680, 80.1079, 80.1079,10, 10
22, 18, 25, 555, 696, 326.912, 360.023,42, 38
22, 18, 26, 555, 766, 178.088, 322.571,38, 19
22, 18, 27, 555, 563, 179.161, 221.487,28, 22
22, 18, 28, 555, 622, 307.38, 375.707,45, 36
22, 18, 29, 555, 710, 113.236, 113.236,14, 14
22, 18, 30, 555, 707, 256.484, 324.478,41, 32
22, 18, 31, 555, 563, 243.228, 297.56,33, 26
22, 18, 32, 555, 770, 112.22, 127.667,15, 13
22, 18, 33, 555, 655, 70.1982, 77.2303,9, 8
22, 18, 34, 555, 556, 341.964, 382.567,43, 38
22, 18, 35, 555, 590, 140.83, 157.746,19, 17
22, 18, 36, 555, 631, 184.833, 206.438,22, 19
22, 18, 37, 555, 794, 99.5663, 99.5663,13, 13
22, 18, 38, 555, 680, 48.4754, 48.4754,6, 6
22, 18, 39, 555, 626, 124.311, 124.311,16, 16
22, 18, 40, 555, 630, 138.519, 159.414,19, 16
22, 18, 41, 555, 566, 151.375, 168.233,21, 19
22, 18, 42, 555, 596, 227.928, 268.365,28, 23
22, 18, 43, 555, 570, 73.2921, 73.2921,9, 9
22, 18, 44, 555, 602, 85.1135, 102.034,12, 10
22, 18, 45, 555, 676, 16.2375, 16.2375,2, 2
22, 18, 46, 555, 679, 131.68, 148.699,17, 15
22, 18, 47, 555, 704, 100.086, 114.912,13, 11
22, 19, 1, 599, 559, 6.69204, 6.69204,1, 1
22, 19, 2, 599, 535, 118.802, 146.706,18, 14
22, 19, 3, 599, 458, 29.6994, 43.3053,6, 4
22, 19, 4, 599, 754, 120.087, 329.506,42, 14
22, 19, 5, 599, 788, 88.826, 121.085,15, 11
22, 19, 6, 599, 694, 54.5174, 61.2104,7, 6
22, 19, 7, 599, 611, 204.17, 327.307,40, 24
22, 19, 8, 599, 634, 782.925, 1210.84,133, 81
22, 19, 9, 599, 568, 7.49123, 7.49123,1, 1
22, 19, 10, 599, 644, 15.2601, 15.2601,2, 2
22, 19, 11, 599, 676, 87.1179, 110.287,13, 10
22, 19, 12, 599, 648, 151.329, 158.048,19, 18
22, 19, 13, 599, 782, 223.262, 252.079,31, 27
22, 19, 14, 599, 654, 99.8046, 107.762,13, 12
22, 19, 15, 599, 571, 349.053, 390.493,45, 40
22, 19, 16, 599, 645, 94.3607, 101.594,13, 12
22, 19, 17, 599, 596, 290.689, 341.877,42, 35
22, 19, 18, 599, 555, 643.814, 770.817,91, 74
22, 19, 20, 599, 660, 372.045, 435.479,53, 45
22, 19, 21, 599, 541, 238.19, 362.274,43, 27
22, 19, 22, 599, 566, 110.927, 197.538,23, 12
22, 19, 23, 599, 781, 32.5833, 32.5833,4, 4
22, 19, 24, 599, 680, 20.8583, 20.8583,3, 3
22, 19, 25, 599, 696, 192.748, 265.948,32, 22
22, 19, 26, 599, 766, 251.799, 673.042,82, 28
22, 19, 27, 599, 563, 78.1328, 92.3273,11, 9
22, 19, 28, 599, 622, 200.184, 293.669,35, 23
22, 19, 29, 599, 710, 146.089, 176.532,22, 18
22, 19, 30, 599, 707, 352.126, 567.882,68, 41
22, 19, 31, 599, 563, 145.102, 175.138,20, 16
22, 19, 32, 599, 770, 37.6287, 37.6287,5, 5
22, 19, 33, 599, 655, 120.73, 129.924,15, 14
22, 19, 34, 599, 556, 207.521, 239.04,29, 25
22, 19, 35, 599, 590, 47.7167, 47.7167,6, 6
22, 19, 36, 599, 631, 148.88, 178.047,21, 17
22, 19, 37, 599, 794, 44.658, 44.658,6, 6
22, 19, 38, 599, 680, 0, 0,0, 0
22, 19, 39, 599, 626, 21.9107, 21.9107,3, 3
22, 19, 40, 599, 630, 323.135, 488.869,58, 36
22, 19, 41, 599, 566, 207.116, 238.387,27, 23
22, 19, 42, 599, 596, 220.567, 236.279,27, 25
22, 19, 43, 599, 570, 98.8222, 105.509,13, 12
22, 19, 44, 599, 602, 80.554, 87.8148,10, 9
22, 19, 45, 599, 676, 22.9066, 22.9066,3, 3
22, 19, 46, 599, 679, 77.8783, 77.8783,10, 10
22, 19, 47, 599, 704, 70.1874, 92.6485,11, 8
22, 20, 1, 660, 559, 22.3479, 22.3479,3, 3
22, 20, 2, 660, 535, 161.521, 182.969,20, 17
22, 20, 3, 660, 458, 69.2775, 75.9974,9, 8
22, 20, 4, 660, 754, 103.26, 117.231,15, 13
22, 20, 5, 660, 788, 171.536, 187.267,22, 20
22, 20, 6, 660, 694, 146.317, 167.652,20, 17
22, 20, 7, 660, 611, 1110.21, 1187.2,124, 114
22, 20, 8, 660, 634, 884.415, 965.298,109, 99
22, 20, 9, 660, 568, 6.73524, 6.73524,1, 1
22, 20, 10, 660, 644, 52.9791, 52.9791,6, 6
22, 20, 11, 660, 676, 137.831, 146.442,16, 15
22, 20, 12, 660, 648, 178.729, 210.411,24, 20
22, 20, 13, 660, 782, 108.908, 115.841,14, 13
22, 20, 14, 660, 654, 783.224, 849.653,97, 88
22, 20, 15, 660, 571, 1638.67, 1802.03,184, 165
22, 20, 16, 660, 645, 136.8, 152.861,18, 16
22, 20, 17, 660, 596, 271.896, 281.335,32, 31
22, 20, 18, 660, 555, 573.068, 676.989,75, 62
22, 20, 19, 660, 599, 393.394, 435.478,53, 47
22, 20, 21, 660, 541, 391.183, 399.79,46, 45
22, 20, 22, 660, 566, 417.395, 438.973,48, 45
22, 20, 23, 660, 781, 243.865, 266.82,32, 29
22, 20, 24, 660, 680, 129.575, 129.575,17, 17
22, 20, 25, 660, 696, 1379.72, 1539.6,154, 134
22, 20, 26, 660, 766, 217.387, 224.137,27, 26
22, 20, 27, 660, 563, 121.993, 152.893,16, 12
22, 20, 28, 660, 622, 213.26, 237.497,26, 23
22, 20, 29, 660, 710, 134.18, 143.167,16, 15
22, 20, 30, 660, 707, 209.676, 230.751,27, 24
22, 20, 31, 660, 563, 175.527, 199.389,23, 20
22, 20, 32, 660, 770, 669.859, 724.661,83, 76
22, 20, 33, 660, 655, 95.1667, 113.956,13, 11
22, 20, 34, 660, 556, 319.949, 371.444,41, 35
22, 20, 35, 660, 590, 88.4171, 88.4171,11, 11
22, 20, 36, 660, 631, 225.037, 257.93,27, 24
22, 20, 37, 660, 794, 588.789, 672.689,74, 64
22, 20, 38, 660, 680, 40.3749, 40.3749,4, 4
22, 20, 39, 660, 626, 48.507, 48.507,6, 6
22, 20, 40, 660, 630, 136.185, 143.058,18, 17
22, 20, 41, 660, 566, 123.575, 150.509,18, 15
22, 20, 42, 660, 596, 143.57, 158.365,19, 17
22, 20, 43, 660, 570, 51.4627, 51.4627,6, 6
22, 20, 44, 660, 602, 111.359, 111.359,12, 12
22, 20, 45, 660, 676, 67.2296, 74.6222,9, 8
22, 20, 46, 660, 679, 146.809, 153.602,19, 18
22, 20, 47, 660, 704, 163.642, 170.339,20, 19
22, 21, 1, 541, 559, 6.89004, 6.89004,1, 1
22, 21, 2, 541, 535, 132.963, 176.29,21, 15
22, 21, 3, 541, 458, 50.6623, 50.6623,6, 6
22, 21, 4, 541, 754, 123.573, 243.088,31, 15
22, 21, 5, 541, 788, 165.378, 238.033,28, 18
22, 21, 6, 541, 694, 112.778, 128.167,15, 13
22, 21, 7, 541, 611, 237.676, 314.613,37, 27
22, 21, 8, 541, 634, 518.111, 669.768,76, 56
22, 21, 9, 541, 568, 0, 0,0, 0
22, 21, 10, 541, 644, 46.0836, 46.0836,3, 3
22, 21, 11, 541, 676, 139.166, 168.433,20, 16
22, 21, 12, 541, 648, 144.71, 181.949,20, 16
22, 21, 13, 541, 782, 192.576, 247.514,29, 22
22, 21, 14, 541, 654, 88.422, 95.8861,12, 11
22, 21, 15, 541, 571, 423.854, 520.179,53, 42
22, 21, 16, 541, 645, 20.749, 20.749,2, 2
22, 21, 17, 541, 596, 95.9751, 128.862,15, 11
22, 21, 18, 541, 555, 164.827, 230.769,29, 20
22, 21, 19, 541, 599, 245.54, 362.274,43, 28
22, 21, 20, 541, 660, 365.77, 399.79,46, 42
22, 21, 22, 541, 566, 867.583, 985.737,109, 95
22, 21, 23, 541, 781, 319.453, 340.884,42, 39
22, 21, 24, 541, 680, 108.433, 108.433,14, 14
22, 21, 25, 541, 696, 274.88, 352.179,40, 30
22, 21, 26, 541, 766, 455.089, 562.027,67, 53
22, 21, 27, 541, 563, 39.4859, 39.4859,4, 4
22, 21, 28, 541, 622, 176.762, 243.974,24, 17
22, 21, 29, 541, 710, 81.5178, 81.5178,11, 11
22, 21, 30, 541, 707, 195.825, 261.868,29, 21
22, 21, 31, 541, 563, 113.832, 177.412,19, 12
22, 21, 32, 541, 770, 79.4827, 79.4827,7, 7
22, 21, 33, 541, 655, 73.7664, 120.48,14, 8
22, 21, 34, 541, 556, 292.434, 356.379,38, 30
22, 21, 35, 541, 590, 37.3571, 37.3571,3, 3
22, 21, 36, 541, 631, 166.999, 196.84,22, 19
22, 21, 37, 541, 794, 47.7223, 47.7223,5, 5
22, 21, 38, 541, 680, 38.6341, 38.6341,4, 4
22, 21, 39, 541, 626, 35.8929, 35.8929,4, 4
22, 21, 40, 541, 630, 127.555, 176.716,18, 12
22, 21, 41, 541, 566, 182.846, 248.229,28, 20
22, 21, 42, 541, 596, 156.637, 212.683,23, 17
22, 21, 43, 541, 570, 74.7147, 90.8879,11, 9
22, 21, 44, 541, 602, 265.913, 322.763,38, 30
22, 21, 45, 541, 676, 31.5753, 46.4652,6, 4
22, 21, 46, 541, 679, 161.086, 168.286,19, 18
22, 21, 47, 541, 704, 174.873, 205.151,23, 19
22, 22, 1, 566, 559, 31.6092, 31.6092,4, 4
22, 22, 2, 566, 535, 193.726, 215.174,22, 19
22, 22, 3, 566, 458, 22.401, 22.401,2, 2
22, 22, 4, 566, 754, 165.337, 227.39,26, 18
22, 22, 5, 566, 788, 157.398, 186.432,23, 19
22, 22, 6, 566, 694, 164.643, 223.596,24, 17
22, 22, 7, 566, 611, 467.595, 525.935,61, 53
22, 22, 8, 566, 634, 318.112, 373.874,43, 36
22, 22, 9, 566, 568, 0, 0,0, 0
22, 22, 10, 566, 644, 50.1323, 50.1323,4, 4
22, 22, 11, 566, 676, 75.1043, 89.7895,10, 8
22, 22, 12, 566, 648, 119.742, 119.742,12, 12
22, 22, 13, 566, 782, 75.5996, 75.5996,8, 8
22, 22, 14, 566, 654, 279.697, 331.63,38, 31
22, 22, 15, 566, 571, 502.673, 519.156,58, 56
22, 22, 16, 566, 645, 71.8544, 86.2941,9, 7
22, 22, 17, 566, 596, 250.637, 306.699,32, 25
22, 22, 18, 566, 555, 200.222, 237.303,28, 23
22, 22, 19, 566, 599, 166.223, 197.538,23, 19
22, 22, 20, 566, 660, 388.831, 438.973,48, 41
22, 22, 21, 566, 541, 858.323, 985.738,109, 93
22, 22, 23, 566, 781, 683.386, 742.228,84, 76
22, 22, 24, 566, 680, 247.6, 297.924,35, 29
22, 22, 25, 566, 696, 479.486, 540.941,58, 50
22, 22, 26, 566, 766, 272.582, 322.662,37, 31
22, 22, 27, 566, 563, 60.5684, 71.86,7, 6
22, 22, 28, 566, 622, 206.218, 237.515,24, 20
22, 22, 29, 566, 710, 62.3267, 62.3267,7, 7
22, 22, 30, 566, 707, 124.036, 174.776,19, 13
22, 22, 31, 566, 563, 123.022, 159.885,19, 14
22, 22, 32, 566, 770, 114.716, 129.216,14, 12
22, 22, 33, 566, 655, 78.2846, 85.4374,10, 9
22, 22, 34, 566, 556, 298.908, 374.198,39, 30
22, 22, 35, 566, 590, 96.6137, 104.128,11, 10
22, 22, 36, 566, 631, 136.797, 168.204,19, 15
22, 22, 37, 566, 794, 143.988, 151.419,18, 17
22, 22, 38, 566, 680, 49.0796, 49.0796,4, 4
22, 22, 39, 566, 626, 109.349, 132.494,13, 10
22, 22, 40, 566, 630, 103.65, 126.295,16, 13
22, 22, 41, 566, 566, 105.678, 105.678,13, 13
22, 22, 42, 566, 596, 98.3469, 120.611,13, 10
22, 22, 43, 566, 570, 82.5624, 89.6519,10, 9
22, 22, 44, 566, 602, 216.963, 286.311,34, 25
22, 22, 45, 566, 676, 103.461, 143.877,17, 12
22, 22, 46, 566, 679, 280.098, 312.92,37, 33
22, 22, 47, 566, 704, 429.469, 559.928,60, 44
22, 23, 1, 781, 559, 79.8789, 79.8789,10, 10
22, 23, 2, 781, 535, 65.5051, 65.5051,8, 8
22, 23, 3, 781, 458, 78.3717, 78.3717,9, 9
22, 23, 4, 781, 754, 51.911, 51.911,7, 7
22, 23, 5, 781, 788, 62.0008, 62.0008,7, 7
22, 23, 6, 781, 694, 137.192, 186.658,22, 16
22, 23, 7, 781, 611, 322.798, 369.14,46, 40
22, 23, 8, 781, 634, 74.3928, 81.1105,10, 9
22, 23, 9, 781, 568, 152.864, 263.181,28, 16
22, 23, 10, 781, 644, 250.053, 421.703,45, 25
22, 23, 11, 781, 676, 63.5149, 86.5218,11, 8
22, 23, 12, 781, 648, 52.5482, 52.5482,7, 7
22, 23, 13, 781, 782, 53.4902, 53.4902,7, 7
22, 23, 14, 781, 654, 485.128, 508.409,58, 55
22, 23, 15, 781, 571, 213.699, 234.859,29, 26
22, 23, 16, 781, 645, 126.549, 140.497,15, 13
22, 23, 17, 781, 596, 200.77, 208.107,24, 23
22, 23, 18, 781, 555, 78.8394, 78.8394,10, 10
22, 23, 19, 781, 599, 32.5834, 32.5834,4, 4
22, 23, 20, 781, 660, 260.073, 266.819,32, 31
22, 23, 21, 781, 541, 310.652, 340.883,42, 38
22, 23, 22, 781, 566, 695.475, 742.226,84, 78
22, 23, 24, 781, 680, 1525.76, 1890.65,197, 153
22, 23, 25, 781, 696, 300.328, 336.002,38, 33
22, 23, 26, 781, 766, 107.384, 122.648,16, 14
22, 23, 27, 781, 563, 16.8077, 16.8077,2, 2
22, 23, 28, 781, 622, 54.7005, 61.4425,6, 5
22, 23, 29, 781, 710, 58.9135, 58.9135,8, 8
22, 23, 30, 781, 707, 22.8487, 22.8487,3, 3
22, 23, 31, 781, 563, 31.029, 31.029,4, 4
22, 23, 32, 781, 770, 521.391, 617.494,72, 59
22, 23, 33, 781, 655, 70.3699, 77.2286,10, 9
22, 23, 34, 781, 556, 137.43, 137.43,17, 17
22, 23, 35, 781, 590, 226.882, 312.392,30, 21
22, 23, 36, 781, 631, 104.752, 119.602,15, 13
22, 23, 37, 781, 794, 503.925, 548.798,66, 60
22, 23, 38, 781, 680, 70.3542, 70.3542,8, 8
22, 23, 39, 781, 626, 150.762, 199.222,22, 16
22, 23, 40, 781, 630, 39.3747, 39.3747,5, 5
22, 23, 41, 781, 566, 21.8235, 21.8235,3, 3
22, 23, 42, 781, 596, 120.008, 126.728,17, 16
22, 23, 43, 781, 570, 67.0275, 67.0275,8, 8
22, 23, 44, 781, 602, 117.257, 126.103,16, 15
22, 23, 45, 781, 676, 210.878, 256.261,30, 25
22, 23, 46, 781, 679, 193.518, 208.003,25, 23
22, 23, 47, 781, 704, 464.05, 578.005,65, 51
22, 24, 1, 680, 559, 116.512, 123.607,16, 15
22, 24, 2, 680, 535, 14.4626, 14.4626,2, 2
22, 24, 3, 680, 458, 44.9692, 67.9307,7, 5
22, 24, 4, 680, 754, 7.42316, 7.42316,1, 1
22, 24, 5, 680, 788, 49.6554, 77.7049,10, 6
22, 24, 6, 680, 694, 149.894, 226.561,26, 17
22, 24, 7, 680, 611, 144.849, 153.777,19, 18
22, 24, 8, 680, 634, 31.114, 38.402,5, 4
22, 24, 9, 680, 568, 217.487, 530.595,59, 23
22, 24, 10, 680, 644, 361.094, 766.476,85, 39
22, 24, 11, 680, 676, 164.815, 220.559,26, 19
22, 24, 12, 680, 648, 16.6231, 24.5471,3, 2
22, 24, 13, 680, 782, 8.18224, 8.18224,1, 1
22, 24, 14, 680, 654, 327.431, 369.441,43, 38
22, 24, 15, 680, 571, 103.601, 117.783,15, 13
22, 24, 16, 680, 645, 196.99, 226.301,29, 25
22, 24, 17, 680, 596, 109.804, 109.804,14, 14
22, 24, 18, 680, 555, 71.0146, 80.1076,10, 9
22, 24, 19, 680, 599, 20.8582, 20.8582,3, 3
22, 24, 20, 680, 660, 121.595, 129.575,17, 16
22, 24, 21, 680, 541, 100.511, 108.433,14, 13
22, 24, 22, 680, 566, 265.977, 297.924,35, 31
22, 24, 23, 680, 781, 1480.71, 1890.66,197, 148
22, 24, 25, 680, 696, 232.657, 269.463,32, 27
22, 24, 26, 680, 766, 65.514, 73.9819,9, 8
22, 24, 27, 680, 563, 29.6873, 29.6873,4, 4
22, 24, 28, 680, 622, 29.123, 49.7471,7, 4
22, 24, 29, 680, 710, 22.1377, 22.1377,3, 3
22, 24, 30, 680, 707, 17.7108, 17.7108,2, 2
22, 24, 31, 680, 563, 30.5859, 30.5859,4, 4
22, 24, 32, 680, 770, 336.053, 436.958,52, 40
22, 24, 33, 680, 655, 73.8492, 73.8492,10, 10
22, 24, 34, 680, 556, 103.208, 137.022,16, 12
22, 24, 35, 680, 590, 267.725, 419.62,44, 28
22, 24, 36, 680, 631, 87.2589, 146.638,19, 11
22, 24, 37, 680, 794, 408.957, 476.704,59, 50
22, 24, 38, 680, 680, 175.68, 182.458,22, 21
22, 24, 39, 680, 626, 248.9, 326.727,37, 28
22, 24, 40, 680, 630, 0, 0,0, 0
22, 24, 41, 680, 566, 6.78712, 6.78712,1, 1
22, 24, 42, 680, 596, 15.3782, 23.6292,3, 2
22, 24, 43, 680, 570, 88.7686, 102.873,14, 12
22, 24, 44, 680, 602, 54.3993, 68.9884,9, 7
22, 24, 45, 680, 676, 293.76, 424.191,51, 35
22, 24, 46, 680, 679, 117.157, 154.159,20, 15
22, 24, 47, 680, 704, 335.888, 491.414,55, 38
22, 25, 1, 696, 559, 114.178, 137.724,17, 14
22, 25, 2, 696, 535, 179.595, 229.459,24, 17
22, 25, 3, 696, 458, 81.626, 81.626,10, 10
22, 25, 4, 696, 754, 157.103, 201.227,25, 19
22, 25, 5, 696, 788, 119.582, 144.269,18, 15
22, 25, 6, 696, 694, 131.255, 155.554,16, 14
22, 25, 7, 696, 611, 1573.98, 1705,171, 155
22, 25, 8, 696, 634, 463.112, 552.99,63, 52
22, 25, 9, 696, 568, 36.1451, 36.1451,5, 5
22, 25, 10, 696, 644, 71.9777, 71.9777,7, 7
22, 25, 11, 696, 676, 132.725, 169.991,17, 13
22, 25, 12, 696, 648, 167.293, 196.792,23, 20
22, 25, 13, 696, 782, 129.978, 139.405,17, 16
22, 25, 14, 696, 654, 1201.47, 1272.18,127, 118
22, 25, 15, 696, 571, 960.089, 1057.17,110, 99
22, 25, 16, 696, 645, 143.21, 174.173,21, 17
22, 25, 17, 696, 596, 533.315, 585.073,64, 57
22, 25, 18, 696, 555, 320.879, 360.025,42, 37
22, 25, 19, 696, 599, 214.308, 265.949,32, 25
22, 25, 20, 696, 660, 1417.36, 1539.6,154, 140
22, 25, 21, 696, 541, 279.41, 352.179,40, 31
22, 25, 22, 696, 566, 473.28, 540.942,58, 49
22, 25, 23, 696, 781, 306.779, 336.001,38, 34
22, 25, 24, 696, 680, 235.003, 269.463,32, 28
22, 25, 26, 696, 766, 190.619, 204.962,26, 24
22, 25, 27, 696, 563, 141.654, 141.654,17, 17
22, 25, 28, 696, 622, 273.663, 316.943,32, 27
22, 25, 29, 696, 710, 99.3985, 99.3985,12, 12
22, 25, 30, 696, 707, 147.141, 167.622,22, 19
22, 25, 31, 696, 563, 232.816, 264.244,30, 26
22, 25, 32, 696, 770, 1259.16, 1379.94,147, 132
22, 25, 33, 696, 655, 79.8677, 117.354,13, 9
22, 25, 34, 696, 556, 289.47, 356.335,39, 31
22, 25, 35, 696, 590, 179.722, 206.02,23, 20
22, 25, 36, 696, 631, 213.063, 242.889,29, 25
22, 25, 37, 696, 794, 1068.32, 1171.95,124, 111
22, 25, 38, 696, 680, 50.3862, 50.3862,5, 5
22, 25, 39, 696, 626, 103.82, 118.379,14, 12
22, 25, 40, 696, 630, 125.779, 151.586,18, 15
22, 25, 41, 696, 566, 122.531, 159.248,17, 13
22, 25, 42, 696, 596, 114.69, 148.318,18, 14
22, 25, 43, 696, 570, 90.3883, 114.571,14, 11
22, 25, 44, 696, 602, 145.52, 161.798,19, 17
22, 25, 45, 696, 676, 62.1015, 62.1015,8, 8
22, 25, 46, 696, 679, 148.872, 166.545,20, 18
22, 25, 47, 696, 704, 155.228, 198.962,19, 15
22, 26, 1, 766, 559, 48.0152, 91.9117,12, 6
22, 26, 2, 766, 535, 94.6857, 108.741,13, 11
22, 26, 3, 766, 458, 56.0925, 56.0925,7, 7
22, 26, 4, 766, 754, 196.688, 709.189,88, 23
22, 26, 5, 766, 788, 189.675, 268.638,32, 23
22, 26, 6, 766, 694, 106.325, 121.75,14, 12
22, 26, 7, 766, 611, 151.836, 348.176,42, 18
22, 26, 8, 766, 634, 293.293, 806.317,97, 32
22, 26, 9, 766, 568, 7.9031, 14.7328,2, 1
22, 26, 10, 766, 644, 16.5502, 16.5502,2, 2
22, 26, 11, 766, 676, 62.0124, 128.098,17, 8
22, 26, 12, 766, 648, 132.244, 148.27,18, 16
22, 26, 13, 766, 782, 171.819, 231.021,28, 20
22, 26, 14, 766, 654, 65.2378, 65.2378,8, 8
22, 26, 15, 766, 571, 144.096, 206.169,27, 18
22, 26, 16, 766, 645, 43.9543, 50.9529,7, 6
22, 26, 17, 766, 596, 71.2148, 135.489,18, 9
22, 26, 18, 766, 555, 136.858, 322.572,38, 14
22, 26, 19, 766, 599, 235.871, 673.042,82, 27
22, 26, 20, 766, 660, 159, 224.137,27, 19
22, 26, 21, 766, 541, 391.286, 562.029,67, 46
22, 26, 22, 766, 566, 208.433, 322.662,37, 24
22, 26, 23, 766, 781, 115.93, 122.648,16, 15
22, 26, 24, 766, 680, 73.9819, 73.9819,9, 9
22, 26, 25, 766, 696, 159.814, 204.963,26, 20
22, 26, 27, 766, 563, 36.6635, 36.6635,5, 5
22, 26, 28, 766, 622, 107.016, 143.46,19, 14
22, 26, 29, 766, 710, 60.5612, 60.5612,8, 8
22, 26, 30, 766, 707, 116.487, 313.207,36, 13
22, 26, 31, 766, 563, 79.6504, 100.902,13, 10
22, 26, 32, 766, 770, 130.025, 151.911,20, 17
22, 26, 33, 766, 655, 41.9445, 41.9445,6, 6
22, 26, 34, 766, 556, 131.986, 152.964,18, 15
22, 26, 35, 766, 590, 30.2641, 38.5742,5, 4
22, 26, 36, 766, 631, 71.5189, 78.3615,10, 9
22, 26, 37, 766, 794, 71.8236, 71.8236,9, 9
22, 26, 38, 766, 680, 38.6836, 46.4653,6, 5
22, 26, 39, 766, 626, 18.0751, 18.0751,2, 2
22, 26, 40, 766, 630, 98.9219, 227.835,28, 12
22, 26, 41, 766, 566, 97.6376, 134.308,17, 12
22, 26, 42, 766, 596, 61.5228, 61.5228,8, 8
22, 26, 43, 766, 570, 32.2403, 32.2403,4, 4
22, 26, 44, 766, 602, 144.389, 160.645,19, 17
22, 26, 45, 766, 676, 38.7815, 38.7815,5, 5
22, 26, 46, 766, 679, 133.336, 140.787,18, 17
22, 26, 47, 766, 704, 155.709, 184.259,22, 18
22, 27, 1, 563, 559, 173.433, 216.814,28, 22
22, 27, 2, 563, 535, 275.343, 320.764,38, 32
22, 27, 3, 563, 458, 175.563, 197.053,23, 20
22, 27, 4, 563, 754, 52.0337, 52.0337,6, 6
22, 27, 5, 563, 788, 25.3175, 25.3175,3, 3
22, 27, 6, 563, 694, 35.5426, 44.1236,5, 4
22, 27, 7, 563, 611, 110.271, 134.999,15, 12
22, 27, 8, 563, 634, 60.5282, 60.5282,8, 8
22, 27, 9, 563, 568, 53.539, 53.539,7, 7
22, 27, 10, 563, 644, 50.1625, 50.1625,6, 6
22, 27, 11, 563, 676, 72.4932, 72.4932,8, 8
22, 27, 12, 563, 648, 89.4094, 89.4094,9, 9
22, 27, 13, 563, 782, 30.6999, 30.6999,4, 4
22, 27, 14, 563, 654, 109.378, 134.352,14, 11
22, 27, 15, 563, 571, 77.7178, 87.4869,10, 9
22, 27, 16, 563, 645, 138.184, 160.169,20, 17
22, 27, 17, 563, 596, 153.963, 164.033,18, 17
22, 27, 18, 563, 555, 171.84, 221.487,28, 21
22, 27, 19, 563, 599, 85.571, 92.3274,11, 10
22, 27, 20, 563, 660, 137.323, 152.893,16, 14
22, 27, 21, 563, 541, 39.4857, 39.4857,4, 4
22, 27, 22, 563, 566, 64.0815, 71.8611,7, 6
22, 27, 23, 563, 781, 16.8078, 16.8078,2, 2
22, 27, 24, 563, 680, 29.6873, 29.6873,4, 4
22, 27, 25, 563, 696, 134.214, 141.654,17, 16
22, 27, 26, 563, 766, 36.6636, 36.6636,5, 5
22, 27, 28, 563, 622, 1581.36, 1749.02,173, 154
22, 27, 29, 563, 710, 94.6449, 101.359,12, 11
22, 27, 30, 563, 707, 470.15, 489.92,57, 55
22, 27, 31, 563, 563, 1358.04, 1598.19,162, 135
22, 27, 32, 563, 770, 69.1633, 77.5401,9, 8
22, 27, 33, 563, 655, 72.2672, 72.2672,9, 9
22, 27, 34, 563, 556, 79.9576, 93.6069,11, 9
22, 27, 35, 563, 590, 53.3357, 53.3357,6, 6
22, 27, 36, 563, 631, 77.4137, 85.4654,9, 8
22, 27, 37, 563, 794, 74.2532, 83.788,10, 9
22, 27, 38, 563, 680, 62.7137, 77.0598,7, 5
22, 27, 39, 563, 626, 110.405, 117.479,14, 13
22, 27, 40, 563, 630, 29.7783, 29.7783,4, 4
22, 27, 41, 563, 566, 69.5996, 69.5996,9, 9
22, 27, 42, 563, 596, 82.6705, 82.6705,10, 10
22, 27, 43, 563, 570, 108.316, 108.316,13, 13
22, 27, 44, 563, 602, 20.6215, 20.6215,2, 2
22, 27, 45, 563, 676, 29.295, 29.295,4, 4
22, 27, 46, 563, 679, 52.8737, 60.2545,7, 6
22, 27, 47, 563, 704, 30.5445, 30.5445,3, 3
22, 28, 1, 622, 559, 116.317, 139.117,17, 14
22, 28, 2, 622, 535, 472.2, 576.07,62, 51
22, 28, 3, 622, 458, 202.038, 242.433,29, 24
22, 28, 4, 622, 754, 92.592, 138.472,18, 12
22, 28, 5, 622, 788, 105.473, 154.033,17, 12
22, 28, 6, 622, 694, 105.391, 134.752,13, 10
22, 28, 7, 622, 611, 287.89, 388.507,42, 30
22, 28, 8, 622, 634, 256.214, 334.547,40, 30
22, 28, 9, 622, 568, 29.8685, 38.0738,5, 4
22, 28, 10, 622, 644, 105.537, 147.997,15, 11
22, 28, 11, 622, 676, 182.305, 205.74,23, 20
22, 28, 12, 622, 648, 162.39, 204.878,21, 16
22, 28, 13, 622, 782, 81.5629, 116.023,12, 8
22, 28, 14, 622, 654, 122.815, 155.864,16, 12
22, 28, 15, 622, 571, 177.839, 254.772,27, 19
22, 28, 16, 622, 645, 154.756, 201.649,23, 18
22, 28, 17, 622, 596, 210.498, 303.848,29, 20
22, 28, 18, 622, 555, 283.087, 375.707,45, 33
22, 28, 19, 622, 599, 247.65, 293.669,35, 29
22, 28, 20, 622, 660, 193.752, 237.497,26, 21
22, 28, 21, 622, 541, 150.799, 243.974,24, 14
22, 28, 22, 622, 566, 161.106, 237.516,24, 17
22, 28, 23, 622, 781, 46.8106, 61.4427,6, 5
22, 28, 24, 622, 680, 49.747, 49.747,7, 7
22, 28, 25, 622, 696, 255.278, 316.944,32, 25
22, 28, 26, 622, 766, 129.068, 143.46,19, 17
22, 28, 27, 622, 563, 1552.81, 1749.02,173, 150
22, 28, 29, 622, 710, 143.775, 170.459,20, 17
22, 28, 30, 622, 707, 812.07, 970.748,107, 88
22, 28, 31, 622, 563, 1738.94, 2034.55,197, 161
22, 28, 32, 622, 770, 78.599, 109.048,11, 8
22, 28, 33, 622, 655, 179.133, 210.038,23, 19
22, 28, 34, 622, 556, 141.454, 207.354,21, 13
22, 28, 35, 622, 590, 105.695, 137.991,14, 11
22, 28, 36, 622, 631, 141.687, 209.491,21, 13
22, 28, 37, 622, 794, 57.7649, 86.7607,9, 6
22, 28, 38, 622, 680, 87.9194, 116.747,11, 9
22, 28, 39, 622, 626, 49.5334, 78.6649,6, 4
22, 28, 40, 622, 630, 113.017, 146.799,16, 12
22, 28, 41, 622, 566, 165.756, 191.881,20, 17
22, 28, 42, 622, 596, 165.495, 220.992,26, 19
22, 28, 43, 622, 570, 174.143, 205.558,25, 21
22, 28, 44, 622, 602, 51.9226, 60.1159,7, 6
22, 28, 45, 622, 676, 13.8638, 13.8638,2, 2
22, 28, 46, 622, 679, 76.025, 110.903,12, 8
22, 28, 47, 622, 704, 99.5603, 167.749,17, 9
22, 29, 1, 710, 559, 0, 0,0, 0
22, 29, 2, 710, 535, 105.645, 129.811,16, 13
22, 29, 3, 710, 458, 32.0415, 40.4728,5, 4
22, 29, 4, 710, 754, 44.6579, 58.6309,8, 6
22, 29, 5, 710, 788, 155.432, 201.03,21, 16
22, 29, 6, 710, 694, 204.107, 298.513,36, 24
22, 29, 7, 710, 611, 64.8453, 78.2668,8, 7
22, 29, 8, 710, 634, 146.935, 163.778,20, 18
22, 29, 9, 710, 568, 133.009, 194.979,24, 16
22, 29, 10, 710, 644, 150.972, 242.322,29, 18
22, 29, 11, 710, 676, 273.419, 367.446,43, 31
22, 29, 12, 710, 648, 195.492, 269.153,26, 20
22, 29, 13, 710, 782, 240.63, 292.197,35, 28
22, 29, 14, 710, 654, 32.7486, 41.8869,5, 4
22, 29, 15, 710, 571, 67.7481, 91.2388,12, 9
22, 29, 16, 710, 645, 36.7422, 51.6899,7, 5
22, 29, 17, 710, 596, 18.6544, 27.5439,3, 2
22, 29, 18, 710, 555, 113.236, 113.236,14, 14
22, 29, 19, 710, 599, 154.849, 176.532,22, 19
22, 29, 20, 710, 660, 105.631, 143.167,16, 12
22, 29, 21, 710, 541, 74.4233, 81.5178,11, 10
22, 29, 22, 710, 566, 52.9824, 62.3267,7, 6
22, 29, 23, 710, 781, 30.7048, 58.9136,8, 4
22, 29, 24, 710, 680, 8.03711, 22.1377,3, 1
22, 29, 25, 710, 696, 76.3004, 99.3986,12, 9
22, 29, 26, 710, 766, 46.4371, 60.5612,8, 6
22, 29, 27, 710, 563, 87.4882, 101.36,12, 11
22, 29, 28, 710, 622, 143.522, 170.459,20, 17
22, 29, 30, 710, 707, 272.3, 300.291,34, 31
22, 29, 31, 710, 563, 80.2278, 94.8862,12, 10
22, 29, 32, 710, 770, 17.6598, 26.9152,3, 2
22, 29, 33, 710, 655, 1486.22, 1877.54,205, 156
22, 29, 34, 710, 556, 128.683, 152.107,19, 16
22, 29, 35, 710, 590, 53.4535, 67.8224,9, 7
22, 29, 36, 710, 631, 183.305, 209.598,21, 19
22, 29, 37, 710, 794, 24.9257, 34.1414,4, 3
22, 29, 38, 710, 680, 656.778, 871.943,104, 76
22, 29, 39, 710, 626, 217.998, 321.542,38, 25
22, 29, 40, 710, 630, 493.149, 559.33,63, 55
22, 29, 41, 710, 566, 501.027, 582.275,63, 55
22, 29, 42, 710, 596, 625.364, 892.714,101, 68
22, 29, 43, 710, 570, 408.016, 553.558,66, 47
22, 29, 44, 710, 602, 100.049, 115.235,13, 12
22, 29, 45, 710, 676, 84.5324, 127.69,17, 11
22, 29, 46, 710, 679, 82.7505, 122.685,15, 10
22, 29, 47, 710, 704, 137.34, 171.282,21, 17
22, 30, 1, 707, 559, 31.3642, 38.4092,5, 4
22, 30, 2, 707, 535, 245.798, 261.685,31, 29
22, 30, 3, 707, 458, 107.352, 107.352,14, 14
22, 30, 4, 707, 754, 121.146, 219.233,28, 15
22, 30, 5, 707, 788, 138.37, 175.784,21, 16
22, 30, 6, 707, 694, 47.4983, 54.6889,7, 6
22, 30, 7, 707, 611, 157.337, 207.229,23, 17
22, 30, 8, 707, 634, 307.932, 494.373,55, 32
22, 30, 9, 707, 568, 0, 0,0, 0
22, 30, 10, 707, 644, 33.411, 33.411,4, 4
22, 30, 11, 707, 676, 91.4571, 106.473,13, 11
22, 30, 12, 707, 648, 131.185, 138.18,16, 15
22, 30, 13, 707, 782, 135.178, 169.155,19, 15
22, 30, 14, 707, 654, 39.0025, 45.986,6, 5
22, 30, 15, 707, 571, 147.698, 173.505,19, 16
22, 30, 16, 707, 645, 36.3634, 43.2431,6, 5
22, 30, 17, 707, 596, 135.772, 158.318,18, 15
22, 30, 18, 707, 555, 225.451, 324.477,41, 28
22, 30, 19, 707, 599, 428.807, 567.882,68, 50
22, 30, 20, 707, 660, 188.391, 230.75,27, 22
22, 30, 21, 707, 541, 174.118, 261.868,29, 18
22, 30, 22, 707, 566, 131.498, 174.776,19, 14
22, 30, 23, 707, 781, 22.8487, 22.8487,3, 3
22, 30, 24, 707, 680, 17.711, 17.711,2, 2
22, 30, 25, 707, 696, 115.631, 167.623,22, 15
22, 30, 26, 707, 766, 201.103, 313.207,36, 21
22, 30, 27, 707, 563, 459.382, 489.921,57, 53
22, 30, 28, 707, 622, 805.811, 970.748,107, 86
22, 30, 29, 707, 710, 246.63, 300.291,34, 27
22, 30, 31, 707, 563, 741.254, 802.313,89, 81
22, 30, 32, 707, 770, 30.6088, 30.6088,4, 4
22, 30, 33, 707, 655, 185.178, 206.802,25, 22
22, 30, 34, 707, 556, 124.712, 147.394,18, 15
22, 30, 35, 707, 590, 15.7569, 15.7569,2, 2
22, 30, 36, 707, 631, 129.409, 144.285,18, 16
22, 30, 37, 707, 794, 46.5886, 46.5886,6, 6
22, 30, 38, 707, 680, 111.561, 120.69,15, 14
22, 30, 39, 707, 626, 30.3757, 30.3757,4, 4
22, 30, 40, 707, 630, 276.995, 388.522,47, 32
22, 30, 41, 707, 566, 204.073, 241.794,28, 23
22, 30, 42, 707, 596, 207.115, 236.622,29, 25
22, 30, 43, 707, 570, 145.623, 174.805,22, 18
22, 30, 44, 707, 602, 55.9493, 64.9559,7, 6
22, 30, 45, 707, 676, 0, 0,0, 0
22, 30, 46, 707, 679, 53.4676, 74.8816,10, 7
22, 30, 47, 707, 704, 37.5701, 37.5701,5, 5
22, 31, 1, 563, 559, 186.962, 227.135,29, 24
22, 31, 2, 563, 535, 419.406, 485.713,55, 47
22, 31, 3, 563, 458, 151.138, 172.444,22, 19
22, 31, 4, 563, 754, 23.1045, 23.1045,3, 3
22, 31, 5, 563, 788, 98.9681, 139.075,17, 12
22, 31, 6, 563, 694, 98.5387, 139.611,17, 12
22, 31, 7, 563, 611, 199.829, 260.335,31, 23
22, 31, 8, 563, 634, 193.99, 215.205,26, 23
22, 31, 9, 563, 568, 35.8915, 35.8915,5, 5
22, 31, 10, 563, 644, 17.4916, 25.9,3, 2
22, 31, 11, 563, 676, 174.337, 200.692,24, 21
22, 31, 12, 563, 648, 82.8932, 97.0919,12, 10
22, 31, 13, 563, 782, 99.2723, 115.051,12, 10
22, 31, 14, 563, 654, 46.836, 46.836,5, 5
22, 31, 15, 563, 571, 140.674, 182.813,22, 17
22, 31, 16, 563, 645, 117.353, 131.564,17, 15
22, 31, 17, 563, 596, 197.603, 233.681,28, 23
22, 31, 18, 563, 555, 254.591, 297.559,33, 28
22, 31, 19, 563, 599, 153.657, 175.137,20, 17
22, 31, 20, 563, 660, 172.504, 199.389,23, 20
22, 31, 21, 563, 541, 113.248, 177.412,19, 12
22, 31, 22, 563, 566, 115.408, 159.886,19, 13
22, 31, 23, 563, 781, 31.0292, 31.0292,4, 4
22, 31, 24, 563, 680, 23.4532, 30.5858,4, 3
22, 31, 25, 563, 696, 212.024, 264.244,30, 23
22, 31, 26, 563, 766, 87.5537, 100.902,13, 11
22, 31, 27, 563, 563, 1412.65, 1598.19,162, 139
22, 31, 28, 563, 622, 1752.34, 2034.56,197, 165
22, 31, 29, 563, 710, 88.1595, 94.8861,12, 11
22, 31, 30, 563, 707, 726.83, 802.313,89, 80
22, 31, 32, 563, 770, 7.51586, 7.51586,1, 1
22, 31, 33, 563, 655, 145.093, 160.836,19, 17
22, 31, 34, 563, 556, 144.239, 185.888,21, 16
22, 31, 35, 563, 590, 33.6502, 40.8371,5, 4
22, 31, 36, 563, 631, 125.974, 143.943,16, 14
22, 31, 37, 563, 794, 62.8569, 62.8569,8, 8
22, 31, 38, 563, 680, 57.8424, 57.8424,8, 8
22, 31, 39, 563, 626, 67.7858, 67.7858,9, 9
22, 31, 40, 563, 630, 145.325, 177.813,18, 14
22, 31, 41, 563, 566, 76.4654, 95.0349,10, 8
22, 31, 42, 563, 596, 158.3, 200.104,22, 17
22, 31, 43, 563, 570, 138.469, 161.825,19, 16
22, 31, 44, 563, 602, 34.1092, 44.2467,4, 3
22, 31, 45, 563, 676, 14.1994, 14.1994,2, 2
22, 31, 46, 563, 679, 80.1629, 95.5985,12, 10
22, 31, 47, 563, 704, 88.4823, 122.358,14, 10
22, 32, 1, 770, 559, 133.574, 148.789,19, 17
22, 32, 2, 770, 535, 77.4304, 117.188,12, 8
22, 32, 3, 770, 458, 137.142, 212.407,24, 15
22, 32, 4, 770, 754, 23.227, 49.5145,5, 2
22, 32, 5, 770, 788, 55.7011, 62.5732,8, 7
22, 32, 6, 770, 694, 109.456, 172.883,23, 14
22, 32, 7, 770, 611, 639.24, 682.339,79, 74
22, 32, 8, 770, 634, 164.98, 172.021,22, 21
22, 32, 9, 770, 568, 49.1129, 66.0488,8, 6
22, 32, 10, 770, 644, 114.358, 200.219,21, 11
22, 32, 11, 770, 676, 66.441, 98.5418,12, 8
22, 32, 12, 770, 648, 79.3028, 102.263,12, 9
22, 32, 13, 770, 782, 45.2391, 59.0399,8, 6
22, 32, 14, 770, 654, 1407.61, 1645.38,164, 138
22, 32, 15, 770, 571, 476.03, 528.855,61, 55
22, 32, 16, 770, 645, 477.878, 574.094,65, 53
22, 32, 17, 770, 596, 302.831, 336.622,38, 34
22, 32, 18, 770, 555, 110.972, 127.666,15, 13
22, 32, 19, 770, 599, 37.6288, 37.6288,5, 5
22, 32, 20, 770, 660, 642.848, 724.661,83, 73
22, 32, 21, 770, 541, 60.6735, 79.4823,7, 6
22, 32, 22, 770, 566, 108.716, 129.216,14, 12
22, 32, 23, 770, 781, 480.554, 617.498,72, 55
22, 32, 24, 770, 680, 308.886, 436.957,52, 36
22, 32, 25, 770, 696, 1196.99, 1379.94,147, 125
22, 32, 26, 770, 766, 107.649, 151.911,20, 14
22, 32, 27, 770, 563, 60.9865, 77.541,9, 7
22, 32, 28, 770, 622, 62.0236, 109.049,11, 6
22, 32, 29, 770, 710, 19.7599, 26.9153,3, 2
22, 32, 30, 770, 707, 30.6087, 30.6087,4, 4
22, 32, 31, 770, 563, 7.51586, 7.51586,1, 1
22, 32, 33, 770, 655, 17.5669, 17.5669,2, 2
22, 32, 34, 770, 556, 116.189, 138.277,15, 13
22, 32, 35, 770, 590, 254.482, 289.782,34, 30
22, 32, 36, 770, 631, 56.1364, 84.3271,11, 7
22, 32, 37, 770, 794, 11921.6, 12788.7,523, 435
22, 32, 38, 770, 680, 71.0351, 122.32,14, 8
22, 32, 39, 770, 626, 107.952, 125.238,16, 14
22, 32, 40, 770, 630, 23.9239, 30.7987,4, 3
22, 32, 41, 770, 566, 7.86863, 7.86863,1, 1
22, 32, 42, 770, 596, 48.6052, 55.4139,7, 6
22, 32, 43, 770, 570, 40.1661, 40.1661,5, 5
22, 32, 44, 770, 602, 83.5468, 93.7865,11, 10
22, 32, 45, 770, 676, 99.344, 137.098,18, 13
22, 32, 46, 770, 679, 113.606, 142.209,19, 15
22, 32, 47, 770, 704, 150.048, 220.419,28, 19
22, 33, 1, 655, 559, 7.11231, 14.1265,2, 1
22, 33, 2, 655, 535, 88.7071, 120.025,14, 10
22, 33, 3, 655, 458, 16.9609, 16.9609,2, 2
22, 33, 4, 655, 754, 7.57848, 7.57848,1, 1
22, 33, 5, 655, 788, 98.8688, 120.977,15, 12
22, 33, 6, 655, 694, 338.952, 735.484,92, 40
22, 33, 7, 655, 611, 74.6604, 93.8017,11, 9
22, 33, 8, 655, 634, 118.662, 154.293,18, 14
22, 33, 9, 655, 568, 493.26, 1118.4,133, 54
22, 33, 10, 655, 644, 577.612, 1139.85,132, 61
22, 33, 11, 655, 676, 508.577, 1010.13,117, 54
22, 33, 12, 655, 648, 214.461, 256.554,27, 22
22, 33, 13, 655, 782, 186.747, 235.823,28, 22
22, 33, 14, 655, 654, 7.30025, 7.30025,1, 1
22, 33, 15, 655, 571, 127.103, 149.113,17, 14
22, 33, 16, 655, 645, 34.5229, 34.5229,4, 4
22, 33, 17, 655, 596, 47.3717, 54.2811,7, 6
22, 33, 18, 655, 555, 61.2218, 77.2302,9, 7
22, 33, 19, 655, 599, 106.871, 129.923,15, 12
22, 33, 20, 655, 660, 106.657, 113.956,13, 12
22, 33, 21, 655, 541, 86.7601, 120.48,14, 10
22, 33, 22, 655, 566, 78.2846, 85.4375,10, 9
22, 33, 23, 655, 781, 48.0598, 77.2286,10, 6
22, 33, 24, 655, 680, 52.3437, 73.849,10, 7
22, 33, 25, 655, 696, 86.9089, 117.354,13, 10
22, 33, 26, 655, 766, 34.9472, 41.9446,6, 5
22, 33, 27, 655, 563, 72.2672, 72.2672,9, 9
22, 33, 28, 655, 622, 181.021, 210.037,23, 20
22, 33, 29, 655, 710, 1421, 1877.54,205, 147
22, 33, 30, 655, 707, 199.576, 206.802,25, 24
22, 33, 31, 655, 563, 145.093, 160.836,19, 17
22, 33, 32, 655, 770, 17.5668, 17.5668,2, 2
22, 33, 34, 655, 556, 137.996, 160.403,17, 14
22, 33, 35, 655, 590, 214.912, 396.357,51, 27
22, 33, 36, 655, 631, 174.571, 213.316,25, 20
22, 33, 37, 655, 794, 9.82822, 9.82822,1, 1
22, 33, 38, 655, 680, 1629.78, 3011.24,347, 171
22, 33, 39, 655, 626, 627.025, 1188.4,136, 64
22, 33, 40, 655, 630, 191.544, 216.684,25, 22
22, 33, 41, 655, 566, 364.092, 429.363,47, 40
22, 33, 42, 655, 596, 664.209, 970.617,111, 74
22, 33, 43, 655, 570, 1104.64, 2203.66,247, 111
22, 33, 44, 655, 602, 68.7628, 68.7628,8, 8
22, 33, 45, 655, 676, 371.531, 757.898,92, 42
22, 33, 46, 655, 679, 103.118, 110.379,14, 13
22, 33, 47, 655, 704, 205.102, 424.06,52, 24
22, 34, 1, 556, 559, 30.4912, 37.3148,5, 4
22, 34, 2, 556, 535, 162.78, 177.232,19, 17
22, 34, 3, 556, 458, 77.1388, 93.9309,9, 7
22, 34, 4, 556, 754, 57.4917, 74.6712,9, 7
22, 34, 5, 556, 788, 208.243, 251.006,30, 25
22, 34, 6, 556, 694, 266.77, 313.451,36, 30
22, 34, 7, 556, 611, 291.185, 313.024,34, 31
22, 34, 8, 556, 634, 224.833, 232.157,24, 23
22, 34, 9, 556, 568, 15.1434, 15.1434,2, 2
22, 34, 10, 556, 644, 101.911, 133.26,15, 11
22, 34, 11, 556, 676, 404.723, 445.353,47, 42
22, 34, 12, 556, 648, 447.316, 508.059,57, 49
22, 34, 13, 556, 782, 285.535, 319.179,36, 32
22, 34, 14, 556, 654, 143.857, 151.329,18, 17
22, 34, 15, 556, 571, 363.203, 420.329,47, 40
22, 34, 16, 556, 645, 109.181, 134.805,16, 13
22, 34, 17, 556, 596, 229.185, 284.66,33, 26
22, 34, 18, 556, 555, 349.868, 382.567,43, 39
22, 34, 19, 556, 599, 199.107, 239.04,29, 24
22, 34, 20, 556, 660, 348.604, 371.445,41, 38
22, 34, 21, 556, 541, 295.258, 356.378,38, 31
22, 34, 22, 556, 566, 310.034, 374.199,39, 31
22, 34, 23, 556, 781, 105.375, 137.43,17, 13
22, 34, 24, 556, 680, 108.222, 137.022,16, 12
22, 34, 25, 556, 696, 305.323, 356.335,39, 32
22, 34, 26, 556, 766, 128.367, 152.964,18, 15
22, 34, 27, 556, 563, 86.8979, 93.6069,11, 10
22, 34, 28, 556, 622, 159.892, 207.353,21, 15
22, 34, 29, 556, 710, 143.782, 152.107,19, 18
22, 34, 30, 556, 707, 140.316, 147.393,18, 17
22, 34, 31, 556, 563, 150.434, 185.887,21, 17
22, 34, 32, 556, 770, 111.005, 138.277,15, 12
22, 34, 33, 556, 655, 138.552, 160.403,17, 14
22, 34, 35, 556, 590, 526.224, 579.658,67, 60
22, 34, 36, 556, 631, 666.939, 810.096,95, 77
22, 34, 37, 556, 794, 127.845, 135.512,17, 16
22, 34, 38, 556, 680, 44.8753, 53.0742,5, 4
22, 34, 39, 556, 626, 337.518, 376.032,45, 40
22, 34, 40, 556, 630, 182.688, 213.583,24, 20
22, 34, 41, 556, 566, 201.988, 231.869,27, 23
22, 34, 42, 556, 596, 212.242, 261.09,29, 23
22, 34, 43, 556, 570, 135.214, 143.773,16, 15
22, 34, 44, 556, 602, 259.948, 294.6,34, 30
22, 34, 45, 556, 676, 99.0717, 123.024,14, 11
22, 34, 46, 556, 679, 282.263, 297.112,35, 33
22, 34, 47, 556, 704, 207.118, 263.166,28, 21
22, 35, 1, 590, 559, 64.3582, 64.3582,8, 8
22, 35, 2, 590, 535, 58.571, 58.571,6, 6
22, 35, 3, 590, 458, 42.5435, 42.5435,5, 5
22, 35, 4, 590, 754, 40.513, 48.6967,6, 5
22, 35, 5, 590, 788, 66.4124, 73.1816,10, 9
22, 35, 6, 590, 694, 340.466, 429.993,50, 38
22, 35, 7, 590, 611, 130.156, 136.854,17, 16
22, 35, 8, 590, 634, 73.4337, 73.4337,9, 9
22, 35, 9, 590, 568, 465.372, 637.855,76, 54
22, 35, 10, 590, 644, 645.407, 864.147,94, 68
22, 35, 11, 590, 676, 458.36, 662.938,77, 51
22, 35, 12, 590, 648, 117.361, 124.436,15, 14
22, 35, 13, 590, 782, 52.6883, 52.6883,7, 7
22, 35, 14, 590, 654, 154.632, 154.632,18, 18
22, 35, 15, 590, 571, 112.744, 119.588,14, 13
22, 35, 16, 590, 645, 290.089, 303.639,36, 34
22, 35, 17, 590, 596, 219.353, 236.786,26, 24
22, 35, 18, 590, 555, 157.745, 157.745,19, 19
22, 35, 19, 590, 599, 47.7166, 47.7166,6, 6
22, 35, 20, 590, 660, 81.1525, 88.4171,11, 10
22, 35, 21, 590, 541, 37.3577, 37.3577,3, 3
22, 35, 22, 590, 566, 104.128, 104.128,11, 11
22, 35, 23, 590, 781, 261.112, 312.389,30, 24
22, 35, 24, 590, 680, 322.883, 419.621,44, 32
22, 35, 25, 590, 696, 191.422, 206.02,23, 21
22, 35, 26, 590, 766, 38.5742, 38.5742,5, 5
22, 35, 27, 590, 563, 37.7958, 53.3361,6, 4
22, 35, 28, 590, 622, 137.99, 137.99,14, 14
22, 35, 29, 590, 710, 67.8224, 67.8224,9, 9
22, 35, 30, 590, 707, 15.7567, 15.7567,2, 2
22, 35, 31, 590, 563, 40.8371, 40.8371,5, 5
22, 35, 32, 590, 770, 258.295, 289.781,34, 30
22, 35, 33, 590, 655, 325.55, 396.358,51, 41
22, 35, 34, 590, 556, 532.52, 579.658,67, 61
22, 35, 36, 590, 631, 216.329, 289.7,36, 26
22, 35, 37, 590, 794, 179.228, 201.965,23, 20
22, 35, 38, 590, 680, 616.105, 892.296,103, 67
22, 35, 39, 590, 626, 936.748, 1204.19,132, 98
22, 35, 40, 590, 630, 14.7979, 14.7979,2, 2
22, 35, 41, 590, 566, 20.9351, 20.9351,3, 3
22, 35, 42, 590, 596, 141.911, 176.558,22, 17
22, 35, 43, 590, 570, 373.585, 556.83,65, 41
22, 35, 44, 590, 602, 77.7121, 77.7121,10, 10
22, 35, 45, 590, 676, 471.663, 601.481,68, 52
22, 35, 46, 590, 679, 129.091, 156.748,20, 16
22, 35, 47, 590, 704, 260.984, 357.103,38, 26
22, 36, 1, 631, 559, 21.4123, 21.4123,3, 3
22, 36, 2, 631, 535, 120.861, 133.306,14, 13
22, 36, 3, 631, 458, 24.1391, 24.1391,3, 3
22, 36, 4, 631, 754, 70.5188, 119.601,11, 6
22, 36, 5, 631, 788, 232.475, 249.016,28, 26
22, 36, 6, 631, 694, 247.741, 344.353,39, 27
22, 36, 7, 631, 611, 212.035, 219.478,25, 24
22, 36, 8, 631, 634, 137.155, 162.149,19, 16
22, 36, 9, 631, 568, 191.168, 255.718,28, 20
22, 36, 10, 631, 644, 351.015, 431.984,47, 37
22, 36, 11, 631, 676, 668.66, 765.864,83, 72
22, 36, 12, 631, 648, 798.211, 979.37,97, 76
22, 36, 13, 631, 782, 450.285, 501.582,58, 51
22, 36, 14, 631, 654, 86.6139, 100.565,12, 10
22, 36, 15, 631, 571, 167.545, 174.215,19, 18
22, 36, 16, 631, 645, 115.565, 122.77,15, 14
22, 36, 17, 631, 596, 128.831, 137.319,16, 15
22, 36, 18, 631, 555, 190.616, 206.437,22, 20
22, 36, 19, 631, 599, 169.679, 178.047,21, 20
22, 36, 20, 631, 660, 221.637, 257.931,27, 22
22, 36, 21, 631, 541, 178.679, 196.84,22, 20
22, 36, 22, 631, 566, 142.802, 168.204,19, 16
22, 36, 23, 631, 781, 91.5716, 119.602,15, 11
22, 36, 24, 631, 680, 111.178, 146.638,19, 14
22, 36, 25, 631, 696, 227.086, 242.889,29, 27
22, 36, 26, 631, 766, 63.3843, 78.3614,10, 8
22, 36, 27, 631, 563, 78.3374, 85.4653,9, 8
22, 36, 28, 631, 622, 193.825, 209.492,21, 19
22, 36, 29, 631, 710, 195.865, 209.596,21, 19
22, 36, 30, 631, 707, 128.255, 144.285,18, 16
22, 36, 31, 631, 563, 134.521, 143.944,16, 15
22, 36, 32, 631, 770, 77.5883, 84.3277,11, 10
22, 36, 33, 631, 655, 187.936, 213.316,25, 22
22, 36, 34, 631, 556, 744.164, 810.096,95, 87
22, 36, 35, 631, 590, 226.498, 289.7,36, 27
22, 36, 37, 631, 794, 80.5477, 87.2349,11, 10
22, 36, 38, 631, 680, 50.7064, 50.7064,4, 4
22, 36, 39, 631, 626, 632.771, 714.777,78, 69
22, 36, 40, 631, 630, 186.014, 229.98,27, 21
22, 36, 41, 631, 566, 308.381, 363.028,43, 36
22, 36, 42, 631, 596, 321.648, 389.088,44, 35
22, 36, 43, 631, 570, 136.07, 143.781,17, 16
22, 36, 44, 631, 602, 193.331, 208.865,25, 23
22, 36, 45, 631, 676, 215.795, 310.694,35, 24
22, 36, 46, 631, 679, 308.875, 379.165,43, 34
22, 36, 47, 631, 704, 233.47, 306.636,35, 26
22, 37, 1, 794, 559, 153.419, 153.419,17, 17
22, 37, 2, 794, 535, 57.2954, 73.8264,7, 5
22, 37, 3, 794, 458, 102.525, 118.607,12, 10
22, 37, 4, 794, 754, 27.8563, 44.755,5, 3
22, 37, 5, 794, 788, 71.3577, 71.3577,9, 9
22, 37, 6, 794, 694, 79.1072, 109.065,14, 10
22, 37, 7, 794, 611, 638.771, 682.009,75, 70
22, 37, 8, 794, 634, 132.692, 165.373,21, 17
22, 37, 9, 794, 568, 66.0175, 81.8324,11, 9
22, 37, 10, 794, 644, 116.346, 130.496,14, 12
22, 37, 11, 794, 676, 92.7668, 92.7668,12, 12
22, 37, 12, 794, 648, 63.6793, 79.1438,9, 7
22, 37, 13, 794, 782, 7.03247, 7.03247,1, 1
22, 37, 14, 794, 654, 1320.81, 1507.67,161, 139
22, 37, 15, 794, 571, 332.881, 351.093,39, 37
22, 37, 16, 794, 645, 385.462, 478.871,56, 45
22, 37, 17, 794, 596, 236.015, 281.211,32, 26
22, 37, 18, 794, 555, 92.0106, 99.5665,13, 12
22, 37, 19, 794, 599, 44.658, 44.658,6, 6
22, 37, 20, 794, 660, 588.507, 672.689,74, 64
22, 37, 21, 794, 541, 47.7218, 47.7218,5, 5
22, 37, 22, 794, 566, 143.018, 151.419,18, 17
22, 37, 23, 794, 781, 494.557, 548.798,66, 59
22, 37, 24, 794, 680, 431.14, 476.703,59, 53
22, 37, 25, 794, 696, 1077.9, 1171.95,124, 112
22, 37, 26, 794, 766, 64.7877, 71.8235,9, 8
22, 37, 27, 794, 563, 67.5614, 83.7876,10, 8
22, 37, 28, 794, 622, 70.9415, 86.7604,9, 7
22, 37, 29, 794, 710, 26.7924, 34.1413,4, 3
22, 37, 30, 794, 707, 39.7856, 46.5887,6, 5
22, 37, 31, 794, 563, 53.9553, 62.8571,8, 7
22, 37, 32, 794, 770, 11935.8, 12787.8,523, 437
22, 37, 33, 794, 655, 9.8282, 9.8282,1, 1
22, 37, 34, 794, 556, 135.512, 135.512,17, 17
22, 37, 35, 794, 590, 186.281, 201.965,23, 21
22, 37, 36, 794, 631, 79.3617, 87.2347,11, 10
22, 37, 38, 794, 680, 52.8972, 77.0142,9, 6
22, 37, 39, 794, 626, 126.935, 149.69,19, 16
22, 37, 40, 794, 630, 10.0247, 10.0247,1, 1
22, 37, 41, 794, 566, 7.06014, 7.06014,1, 1
22, 37, 42, 794, 596, 27.867, 27.867,3, 3
22, 37, 43, 794, 570, 63.9903, 63.9903,8, 8
22, 37, 44, 794, 602, 53.7327, 73.549,8, 6
22, 37, 45, 794, 676, 82.6025, 111.796,14, 10
22, 37, 46, 794, 679, 120.406, 149.648,20, 16
22, 37, 47, 794, 704, 173.167, 197.417,23, 20
22, 38, 1, 680, 559, 46.5427, 108.821,14, 6
22, 38, 2, 680, 535, 55.4118, 79.1928,7, 5
22, 38, 3, 680, 458, 69.3434, 87.9675,10, 8
22, 38, 4, 680, 754, 25.9841, 41.7526,5, 3
22, 38, 5, 680, 788, 51.4132, 81.2673,10, 6
22, 38, 6, 680, 694, 323.526, 752.395,91, 36
22, 38, 7, 680, 611, 28.1347, 36.1787,4, 3
22, 38, 8, 680, 634, 20.5658, 20.5658,3, 3
22, 38, 9, 680, 568, 583.167, 1666.91,200, 65
22, 38, 10, 680, 644, 712.572, 1716.02,196, 72
22, 38, 11, 680, 676, 367.966, 867.791,105, 42
22, 38, 12, 680, 648, 53.1296, 92.3375,10, 5
22, 38, 13, 680, 782, 47.1757, 61.5335,8, 6
22, 38, 14, 680, 654, 11.5357, 20.374,2, 1
22, 38, 15, 680, 571, 46.0783, 57.6944,6, 5
22, 38, 16, 680, 645, 54.3064, 88.2635,10, 6
22, 38, 17, 680, 596, 32.0548, 46.1994,4, 3
22, 38, 18, 680, 555, 40.5922, 48.4752,6, 5
22, 38, 19, 680, 599, 0, 0,0, 0
22, 38, 20, 680, 660, 28.807, 40.3748,4, 3
22, 38, 21, 680, 541, 30.0498, 38.6325,4, 3
22, 38, 22, 680, 566, 34.7718, 49.0796,4, 3
22, 38, 23, 680, 781, 37.1087, 70.3545,8, 4
22, 38, 24, 680, 680, 98.925, 182.458,22, 12
22, 38, 25, 680, 696, 40.8244, 50.3861,5, 4
22, 38, 26, 680, 766, 25.5471, 46.4653,6, 3
22, 38, 27, 680, 563, 65.0065, 77.0579,7, 6
22, 38, 28, 680, 622, 87.9193, 116.747,11, 9
22, 38, 29, 680, 710, 555.505, 871.942,104, 63
22, 38, 30, 680, 707, 92.1071, 120.69,15, 11
22, 38, 31, 680, 563, 57.8425, 57.8425,8, 8
22, 38, 32, 680, 770, 67.9772, 122.319,14, 7
22, 38, 33, 680, 655, 1358.21, 3011.24,347, 138
22, 38, 34, 680, 556, 43.0413, 53.0747,5, 4
22, 38, 35, 680, 590, 350.742, 892.296,103, 36
22, 38, 36, 680, 631, 40.4444, 50.7068,4, 3
22, 38, 37, 680, 794, 46.0608, 77.0143,9, 5
22, 38, 39, 680, 626, 639.046, 1634.87,183, 65
22, 38, 40, 680, 630, 54.0141, 61.3199,8, 7
22, 38, 41, 680, 566, 92.131, 116.153,15, 12
22, 38, 42, 680, 596, 220.682, 372.105,47, 27
22, 38, 43, 680, 570, 888.31, 2294.76,263, 91
22, 38, 44, 680, 602, 43.78, 59.7389,7, 5
22, 38, 45, 680, 676, 433.262, 1096.48,131, 47
22, 38, 46, 680, 679, 48.4311, 71.618,9, 6
22, 38, 47, 680, 704, 161.779, 392.083,49, 19
22, 39, 1, 626, 559, 38.644, 38.644,5, 5
22, 39, 2, 626, 535, 69.0676, 75.7809,8, 7
22, 39, 3, 626, 458, 69.0716, 69.0716,8, 8
22, 39, 4, 626, 754, 42.394, 42.394,5, 5
22, 39, 5, 626, 788, 82.4481, 111.338,14, 10
22, 39, 6, 626, 694, 507.474, 889.749,99, 51
22, 39, 7, 626, 611, 60.3542, 67.4251,9, 8
22, 39, 8, 626, 634, 42.5878, 42.5878,5, 5
22, 39, 9, 626, 568, 917.174, 1546.55,175, 98
22, 39, 10, 626, 644, 1318.36, 2051.39,232, 140
22, 39, 11, 626, 676, 871.156, 1347.55,156, 94
22, 39, 12, 626, 648, 188.75, 209.787,25, 22
22, 39, 13, 626, 782, 102.333, 109.337,14, 13
22, 39, 14, 626, 654, 123.711, 138.692,17, 15
22, 39, 15, 626, 571, 59.2407, 59.2407,7, 7
22, 39, 16, 626, 645, 219.802, 266.397,33, 27
22, 39, 17, 626, 596, 123.043, 131.041,15, 14
22, 39, 18, 626, 555, 116.66, 124.311,16, 15
22, 39, 19, 626, 599, 21.9107, 21.9107,3, 3
22, 39, 20, 626, 660, 48.5069, 48.5069,6, 6
22, 39, 21, 626, 541, 35.8931, 35.8931,4, 4
22, 39, 22, 626, 566, 124.27, 132.494,13, 12
22, 39, 23, 626, 781, 155.922, 199.222,22, 17
22, 39, 24, 626, 680, 282.199, 326.727,37, 31
22, 39, 25, 626, 696, 111.277, 118.379,14, 13
22, 39, 26, 626, 766, 18.0749, 18.0749,2, 2
22, 39, 27, 626, 563, 108.992, 117.479,14, 13
22, 39, 28, 626, 622, 78.6645, 78.6645,6, 6
22, 39, 29, 626, 710, 201.419, 321.542,38, 23
22, 39, 30, 626, 707, 23.4879, 30.3757,4, 3
22, 39, 31, 626, 563, 46.6939, 67.7856,9, 6
22, 39, 32, 626, 770, 110.593, 125.238,16, 14
22, 39, 33, 626, 655, 645.377, 1188.4,136, 68
22, 39, 34, 626, 556, 360.875, 376.032,45, 43
22, 39, 35, 626, 590, 882.159, 1204.18,132, 92
22, 39, 36, 626, 631, 646.596, 714.778,78, 69
22, 39, 37, 626, 794, 134.72, 149.69,19, 17
22, 39, 38, 626, 680, 957.346, 1634.87,183, 97
22, 39, 40, 626, 630, 76.257, 103.472,14, 10
22, 39, 41, 626, 566, 90.1611, 111.455,14, 11
22, 39, 42, 626, 596, 172.511, 225.092,27, 20
22, 39, 43, 626, 570, 697.273, 1222.04,141, 74
22, 39, 44, 626, 602, 79.3929, 86.4745,11, 10
22, 39, 45, 626, 676, 701.629, 1170.76,138, 79
22, 39, 46, 626, 679, 169.94, 206.049,26, 21
22, 39, 47, 626, 704, 378.148, 613.713,70, 40
22, 40, 1, 630, 559, 7.54868, 7.54868,1, 1
22, 40, 2, 630, 535, 56.7847, 81.4708,9, 6
22, 40, 3, 630, 458, 0, 0,0, 0
22, 40, 4, 630, 754, 91.1307, 118.817,16, 12
22, 40, 5, 630, 788, 162.871, 191.048,24, 20
22, 40, 6, 630, 694, 105.175, 135.296,16, 12
22, 40, 7, 630, 611, 118.4, 143.452,17, 14
22, 40, 8, 630, 634, 388.789, 519.532,58, 42
22, 40, 9, 630, 568, 29.8185, 37.7404,5, 4
22, 40, 10, 630, 644, 57.855, 80.1743,10, 7
22, 40, 11, 630, 676, 197.498, 230.108,27, 23
22, 40, 12, 630, 648, 235.009, 257.349,30, 27
22, 40, 13, 630, 782, 433.622, 544.562,58, 45
22, 40, 14, 630, 654, 7.52059, 7.52059,1, 1
22, 40, 15, 630, 571, 102.165, 109.939,12, 11
22, 40, 16, 630, 645, 6.94668, 6.94668,1, 1
22, 40, 17, 630, 596, 44.9962, 52.4319,7, 6
22, 40, 18, 630, 555, 128.549, 159.413,19, 15
22, 40, 19, 630, 599, 363.515, 488.869,58, 41
22, 40, 20, 630, 660, 103.561, 143.058,18, 13
22, 40, 21, 630, 541, 141.209, 176.717,18, 14
22, 40, 22, 630, 566, 96.6506, 126.295,16, 12
22, 40, 23, 630, 781, 31.2278, 39.3748,5, 4
22, 40, 24, 630, 680, 0, 0,0, 0
22, 40, 25, 630, 696, 105.857, 151.586,18, 12
22, 40, 26, 630, 766, 139.073, 227.835,28, 16
22, 40, 27, 630, 563, 29.7783, 29.7783,4, 4
22, 40, 28, 630, 622, 118.26, 146.799,16, 13
22, 40, 29, 630, 710, 475.238, 559.33,63, 52
22, 40, 30, 630, 707, 321.502, 388.523,47, 38
22, 40, 31, 630, 563, 136.778, 177.814,18, 13
22, 40, 32, 630, 770, 24.1317, 30.7987,4, 3
22, 40, 33, 630, 655, 198.254, 216.683,25, 23
22, 40, 34, 630, 556, 176.26, 213.583,24, 20
22, 40, 35, 630, 590, 7.80705, 14.7978,2, 1
22, 40, 36, 630, 631, 184.388, 229.979,27, 21
22, 40, 37, 630, 794, 10.0247, 10.0247,1, 1
22, 40, 38, 630, 680, 54.131, 61.32,8, 7
22, 40, 39, 630, 626, 74.7072, 103.472,14, 10
22, 40, 41, 630, 566, 1553.96, 1836.32,188, 153
22, 40, 42, 630, 596, 943.487, 1038.68,115, 103
22, 40, 43, 630, 570, 376.827, 376.827,45, 45
22, 40, 44, 630, 602, 105.578, 141.287,18, 13
22, 40, 45, 630, 676, 32.0828, 47.7499,6, 4
22, 40, 46, 630, 679, 145.421, 185.169,21, 16
22, 40, 47, 630, 704, 98.9856, 132.317,14, 10
22, 41, 1, 566, 559, 7.56858, 7.56858,1, 1
22, 41, 2, 566, 535, 131.456, 158.22,18, 15
22, 41, 3, 566, 458, 0, 0,0, 0
22, 41, 4, 566, 754, 52.599, 74.0431,8, 6
22, 41, 5, 566, 788, 197.409, 211.942,27, 25
22, 41, 6, 566, 694, 134.24, 174.869,21, 16
22, 41, 7, 566, 611, 96.997, 121.664,14, 11
22, 41, 8, 566, 634, 273.864, 343.957,40, 32
22, 41, 9, 566, 568, 22.2897, 35.9633,5, 3
22, 41, 10, 566, 644, 73.6246, 115.864,13, 8
22, 41, 11, 566, 676, 198.746, 320.608,37, 22
22, 41, 12, 566, 648, 361.532, 467.372,55, 41
22, 41, 13, 566, 782, 331.172, 467.285,49, 34
22, 41, 14, 566, 654, 26.4237, 26.4237,3, 3
22, 41, 15, 566, 571, 126.128, 156.551,20, 16
22, 41, 16, 566, 645, 7.05885, 7.05885,1, 1
22, 41, 17, 566, 596, 56.6248, 56.6248,6, 6
22, 41, 18, 566, 555, 146.738, 168.233,21, 18
22, 41, 19, 566, 599, 189.076, 238.388,27, 21
22, 41, 20, 566, 660, 120.819, 150.509,18, 14
22, 41, 21, 566, 541, 181.472, 248.229,28, 20
22, 41, 22, 566, 566, 96.155, 105.678,13, 12
22, 41, 23, 566, 781, 21.8235, 21.8235,3, 3
22, 41, 24, 566, 680, 6.78712, 6.78712,1, 1
22, 41, 25, 566, 696, 115.749, 159.248,17, 12
22, 41, 26, 566, 766, 126.374, 134.308,17, 16
22, 41, 27, 566, 563, 61.8352, 69.5994,9, 8
22, 41, 28, 566, 622, 153.154, 191.88,20, 16
22, 41, 29, 566, 710, 483.658, 582.275,63, 52
22, 41, 30, 566, 707, 216.28, 241.795,28, 25
22, 41, 31, 566, 563, 68.137, 95.0341,10, 7
22, 41, 32, 566, 770, 7.86863, 7.86863,1, 1
22, 41, 33, 566, 655, 365.699, 429.364,47, 40
22, 41, 34, 566, 556, 190.162, 231.869,27, 22
22, 41, 35, 566, 590, 20.9351, 20.9351,3, 3
22, 41, 36, 566, 631, 277.152, 363.028,43, 32
22, 41, 37, 566, 794, 7.06012, 7.06012,1, 1
22, 41, 38, 566, 680, 116.153, 116.153,15, 15
22, 41, 39, 566, 626, 79.2526, 111.454,14, 10
22, 41, 40, 566, 630, 1524.21, 1836.32,188, 151
22, 41, 42, 566, 596, 1155.82, 1398.86,138, 112
22, 41, 43, 566, 570, 612.723, 667.371,74, 67
22, 41, 44, 566, 602, 162.349, 178.395,20, 18
22, 41, 45, 566, 676, 51.2275, 99.694,12, 6
22, 41, 46, 566, 679, 98.6564, 145.434,17, 11
22, 41, 47, 566, 704, 64.1769, 113.124,13, 7
22, 42, 1, 596, 559, 6.7623, 6.7623,1, 1
22, 42, 2, 596, 535, 92.0228, 100.275,12, 11
22, 42, 3, 596, 458, 12.2949, 12.2949,1, 1
22, 42, 4, 596, 754, 49.4301, 70.886,9, 6
22, 42, 5, 596, 788, 154.646, 191.738,22, 17
22, 42, 6, 596, 694, 129.791, 168.837,21, 16
22, 42, 7, 596, 611, 83.4973, 90.6989,11, 10
22, 42, 8, 596, 634, 161.556, 183.367,22, 19
22, 42, 9, 596, 568, 99.397, 116.711,15, 13
22, 42, 10, 596, 644, 204.403, 231.798,30, 26
22, 42, 11, 596, 676, 481.305, 587.724,66, 53
22, 42, 12, 596, 648, 434.683, 517.481,59, 48
22, 42, 13, 596, 782, 338.227, 386.078,43, 37
22, 42, 14, 596, 654, 53.6777, 60.5109,8, 7
22, 42, 15, 596, 571, 151.857, 158.632,18, 17
22, 42, 16, 596, 645, 23.9029, 23.9029,3, 3
22, 42, 17, 596, 596, 64.0446, 64.0446,8, 8
22, 42, 18, 596, 555, 253.826, 268.363,28, 26
22, 42, 19, 596, 599, 212.936, 236.278,27, 24
22, 42, 20, 596, 660, 143.936, 158.365,19, 17
22, 42, 21, 596, 541, 187.526, 212.684,23, 20
22, 42, 22, 596, 566, 113.712, 120.611,13, 12
22, 42, 23, 596, 781, 75.9118, 126.728,17, 10
22, 42, 24, 596, 680, 23.6291, 23.6291,3, 3
22, 42, 25, 596, 696, 133.519, 148.318,18, 16
22, 42, 26, 596, 766, 61.5227, 61.5227,8, 8
22, 42, 27, 596, 563, 75.2606, 82.6704,10, 9
22, 42, 28, 596, 622, 187.578, 220.992,26, 22
22, 42, 29, 596, 710, 636.564, 892.714,101, 69
22, 42, 30, 596, 707, 213.052, 236.622,29, 26
22, 42, 31, 596, 563, 172.332, 200.103,22, 19
22, 42, 32, 596, 770, 48.6067, 55.4138,7, 6
22, 42, 33, 596, 655, 645.547, 970.618,111, 71
22, 42, 34, 596, 556, 223.579, 261.09,29, 24
22, 42, 35, 596, 590, 120.381, 176.558,22, 15
22, 42, 36, 596, 631, 341.848, 389.089,44, 38
22, 42, 37, 596, 794, 27.8671, 27.8671,3, 3
22, 42, 38, 596, 680, 298.876, 372.106,47, 37
22, 42, 39, 596, 626, 202.64, 225.092,27, 24
22, 42, 40, 596, 630, 952.614, 1038.67,115, 104
22, 42, 41, 596, 566, 1228.2, 1398.86,138, 118
22, 42, 43, 596, 570, 1254.6, 1707.04,187, 133
22, 42, 44, 596, 602, 187.406, 195.609,23, 22
22, 42, 45, 596, 676, 101.896, 118.794,15, 13
22, 42, 46, 596, 679, 202.618, 231.578,27, 23
22, 42, 47, 596, 704, 183.143, 223.553,26, 21
22, 43, 1, 570, 559, 22.7281, 38.7251,5, 3
22, 43, 2, 570, 535, 108.676, 129.941,16, 13
22, 43, 3, 570, 458, 29.9585, 29.9585,4, 4
22, 43, 4, 570, 754, 22.1397, 22.1397,3, 3
22, 43, 5, 570, 788, 135.244, 135.244,16, 16
22, 43, 6, 570, 694, 312.693, 631.365,76, 35
22, 43, 7, 570, 611, 170.171, 185.551,20, 18
22, 43, 8, 570, 634, 95.612, 118.466,14, 11
22, 43, 9, 570, 568, 574.185, 1095.85,124, 59
22, 43, 10, 570, 644, 724.192, 1201.99,146, 83
22, 43, 11, 570, 676, 540.403, 943.302,110, 58
22, 43, 12, 570, 648, 202.955, 275.253,31, 21
22, 43, 13, 570, 782, 117.545, 124.279,15, 14
22, 43, 14, 570, 654, 39.4019, 39.4019,5, 5
22, 43, 15, 570, 571, 90.1882, 104.617,13, 11
22, 43, 16, 570, 645, 22.6238, 22.6238,3, 3
22, 43, 17, 570, 596, 69.1619, 69.1619,9, 9
22, 43, 18, 570, 555, 65.8348, 73.2919,9, 8
22, 43, 19, 570, 599, 91.4927, 105.509,13, 11
22, 43, 20, 570, 660, 51.4628, 51.4628,6, 6
22, 43, 21, 570, 541, 76.3775, 90.8884,11, 9
22, 43, 22, 570, 566, 82.7632, 89.6522,10, 9
22, 43, 23, 570, 781, 49.5544, 67.0273,8, 6
22, 43, 24, 570, 680, 87.7099, 102.873,14, 12
22, 43, 25, 570, 696, 100.254, 114.571,14, 12
22, 43, 26, 570, 766, 32.2404, 32.2404,4, 4
22, 43, 27, 570, 563, 101.139, 108.315,13, 12
22, 43, 28, 570, 622, 184.775, 205.558,25, 22
22, 43, 29, 570, 710, 399.444, 553.558,66, 46
22, 43, 30, 570, 707, 154.104, 174.805,22, 19
22, 43, 31, 570, 563, 147.134, 161.825,19, 17
22, 43, 32, 570, 770, 40.1661, 40.1661,5, 5
22, 43, 33, 570, 655, 1164.86, 2203.66,247, 118
22, 43, 34, 570, 556, 135.912, 143.773,16, 15
22, 43, 35, 570, 590, 366.713, 556.83,65, 41
22, 43, 36, 570, 631, 136.398, 143.781,17, 16
22, 43, 37, 570, 794, 57.0139, 63.9904,8, 7
22, 43, 38, 570, 680, 1204.63, 2294.76,263, 125
22, 43, 39, 570, 626, 701.404, 1222.04,141, 76
22, 43, 40, 570, 630, 347.57, 376.827,45, 41
22, 43, 41, 570, 566, 588.912, 667.371,74, 64
22, 43, 42, 570, 596, 1245.29, 1707.04,187, 132
22, 43, 44, 570, 602, 75.6763, 75.6763,9, 9
22, 43, 45, 570, 676, 380.17, 671.727,82, 43
22, 43, 46, 570, 679, 158.766, 175.577,20, 18
22, 43, 47, 570, 704, 287.674, 447.108,49, 29
22, 44, 1, 602, 559, 30.5137, 30.5137,4, 4
22, 44, 2, 602, 535, 67.7925, 67.7925,8, 8
22, 44, 3, 602, 458, 32.8214, 32.8214,4, 4
22, 44, 4, 602, 754, 35.8211, 42.616,6, 5
22, 44, 5, 602, 788, 571.038, 667.674,71, 59
22, 44, 6, 602, 694, 673.719, 796.398,88, 74
22, 44, 7, 602, 611, 85.1296, 85.1296,9, 9
22, 44, 8, 602, 634, 85.5183, 94.2237,11, 10
22, 44, 9, 602, 568, 23.8822, 23.8822,3, 3
22, 44, 10, 602, 644, 46.2331, 46.2331,6, 6
22, 44, 11, 602, 676, 156.907, 172.724,20, 18
22, 44, 12, 602, 648, 286.518, 307.991,34, 31
22, 44, 13, 602, 782, 195.418, 233.871,23, 19
22, 44, 14, 602, 654, 116.147, 116.147,15, 15
22, 44, 15, 602, 571, 145.889, 152.604,19, 18
22, 44, 16, 602, 645, 50.19, 50.19,6, 6
22, 44, 17, 602, 596, 86.2617, 86.2617,11, 11
22, 44, 18, 602, 555, 102.033, 102.033,12, 12
22, 44, 19, 602, 599, 87.8146, 87.8146,10, 10
22, 44, 20, 602, 660, 111.359, 111.359,12, 12
22, 44, 21, 602, 541, 305.676, 322.763,38, 36
22, 44, 22, 602, 566, 246.776, 286.311,34, 29
22, 44, 23, 602, 781, 97.7434, 126.103,16, 12
22, 44, 24, 602, 680, 68.9884, 68.9884,9, 9
22, 44, 25, 602, 696, 154.757, 161.798,19, 18
22, 44, 26, 602, 766, 143.951, 160.644,19, 17
22, 44, 27, 602, 563, 20.6215, 20.6215,2, 2
22, 44, 28, 602, 622, 60.1157, 60.1157,7, 7
22, 44, 29, 602, 710, 108.103, 115.235,13, 12
22, 44, 30, 602, 707, 64.9561, 64.9561,7, 7
22, 44, 31, 602, 563, 44.2465, 44.2465,4, 4
22, 44, 32, 602, 770, 77.6197, 93.7863,11, 9
22, 44, 33, 602, 655, 68.7629, 68.7629,8, 8
22, 44, 34, 602, 556, 276.787, 294.6,34, 32
22, 44, 35, 602, 590, 70.1883, 77.7121,10, 9
22, 44, 36, 602, 631, 208.864, 208.864,25, 25
22, 44, 37, 602, 794, 57.1102, 73.5489,8, 6
22, 44, 38, 602, 680, 59.7389, 59.7389,7, 7
22, 44, 39, 602, 626, 79.393, 86.4746,11, 10
22, 44, 40, 602, 630, 105.339, 141.287,18, 13
22, 44, 41, 602, 566, 155.827, 178.395,20, 17
22, 44, 42, 602, 596, 171.476, 195.609,23, 20
22, 44, 43, 602, 570, 75.6762, 75.6762,9, 9
22, 44, 45, 602, 676, 502.222, 570.55,66, 57
22, 44, 46, 602, 679, 1382.33, 1531.38,154, 135
22, 44, 47, 602, 704, 333.65, 430.931,45, 33
22, 45, 1, 676, 559, 13.5754, 13.5754,2, 2
22, 45, 2, 676, 535, 7.3055, 7.3055,1, 1
22, 45, 3, 676, 458, 13.7698, 13.7698,2, 2
22, 45, 4, 676, 754, 64.9757, 125.304,14, 6
22, 45, 5, 676, 788, 125.609, 132.283,16, 15
22, 45, 6, 676, 694, 1015.32, 1611.85,179, 105
22, 45, 7, 676, 611, 47.94, 47.94,6, 6
22, 45, 8, 676, 634, 28.0352, 35.5032,5, 4
22, 45, 9, 676, 568, 673.27, 1227.61,144, 73
22, 45, 10, 676, 644, 691.156, 1056.57,117, 73
22, 45, 11, 676, 676, 475.11, 758.157,92, 56
22, 45, 12, 676, 648, 174.039, 270.524,30, 18
22, 45, 13, 676, 782, 107.073, 138.127,16, 12
22, 45, 14, 676, 654, 83.0662, 89.9754,12, 11
22, 45, 15, 676, 571, 36.9155, 36.9155,5, 5
22, 45, 16, 676, 645, 92.3426, 92.3426,12, 12
22, 45, 17, 676, 596, 43.9353, 50.8603,7, 6
22, 45, 18, 676, 555, 16.2376, 16.2376,2, 2
22, 45, 19, 676, 599, 22.9066, 22.9066,3, 3
22, 45, 20, 676, 660, 58.9727, 74.6221,9, 7
22, 45, 21, 676, 541, 46.4653, 46.4653,6, 6
22, 45, 22, 676, 566, 114.53, 143.878,17, 13
22, 45, 23, 676, 781, 206.515, 256.259,30, 24
22, 45, 24, 676, 680, 316.427, 424.19,51, 37
22, 45, 25, 676, 696, 62.1016, 62.1016,8, 8
22, 45, 26, 676, 766, 38.7815, 38.7815,5, 5
22, 45, 27, 676, 563, 29.295, 29.295,4, 4
22, 45, 28, 676, 622, 13.8638, 13.8638,2, 2
22, 45, 29, 676, 710, 88.8283, 127.69,17, 12
22, 45, 30, 676, 707, 0, 0,0, 0
22, 45, 31, 676, 563, 14.1994, 14.1994,2, 2
22, 45, 32, 676, 770, 115.813, 137.098,18, 15
22, 45, 33, 676, 655, 420.569, 757.899,92, 50
22, 45, 34, 676, 556, 115.87, 123.024,14, 13
22, 45, 35, 676, 590, 450.698, 601.481,68, 50
22, 45, 36, 676, 631, 216.641, 310.694,35, 24
22, 45, 37, 676, 794, 104.333, 111.796,14, 13
22, 45, 38, 676, 680, 576.017, 1096.48,131, 66
22, 45, 39, 676, 626, 726.736, 1170.76,138, 83
22, 45, 40, 676, 630, 47.7498, 47.7498,6, 6
22, 45, 41, 676, 566, 83.0382, 99.6941,12, 10
22, 45, 42, 676, 596, 96.6641, 118.794,15, 12
22, 45, 43, 676, 570, 346.14, 671.727,82, 40
22, 45, 44, 676, 602, 500.807, 570.551,66, 58
22, 45, 46, 676, 679, 927.891, 1161.42,123, 96
22, 45, 47, 676, 704, 583.676, 838.129,94, 63
22, 46, 1, 679, 559, 23.6812, 30.8007,4, 3
22, 46, 2, 679, 535, 84.8285, 92.3616,11, 10
22, 46, 3, 679, 458, 48.0952, 92.2382,12, 6
22, 46, 4, 679, 754, 72.6687, 134.863,17, 9
22, 46, 5, 679, 788, 335.669, 395.686,45, 37
22, 46, 6, 679, 694, 1026.56, 1343.44,154, 114
22, 46, 7, 679, 611, 209.76, 239.76,27, 23
22, 46, 8, 679, 634, 160.487, 176.353,22, 20
22, 46, 9, 679, 568, 175.731, 232.804,28, 20
22, 46, 10, 679, 644, 235.92, 309.632,37, 27
22, 46, 11, 679, 676, 377.916, 431.353,50, 43
22, 46, 12, 679, 648, 308.241, 503.663,58, 34
22, 46, 13, 679, 782, 232.17, 361.167,42, 26
22, 46, 14, 679, 654, 130.336, 138.411,16, 15
22, 46, 15, 679, 571, 124.614, 132.318,15, 14
22, 46, 16, 679, 645, 117.503, 117.503,14, 14
22, 46, 17, 679, 596, 67.4805, 67.4805,8, 8
22, 46, 18, 679, 555, 141.915, 148.699,17, 16
22, 46, 19, 679, 599, 77.8782, 77.8782,10, 10
22, 46, 20, 679, 660, 153.602, 153.602,19, 19
22, 46, 21, 679, 541, 161.599, 168.286,19, 18
22, 46, 22, 679, 566, 257.315, 312.92,37, 30
22, 46, 23, 679, 781, 185.018, 208.003,25, 22
22, 46, 24, 679, 680, 154.16, 154.16,20, 20
22, 46, 25, 679, 696, 159.508, 166.546,20, 19
22, 46, 26, 679, 766, 125.815, 140.786,18, 16
22, 46, 27, 679, 563, 53.5273, 60.2545,7, 6
22, 46, 28, 679, 622, 110.903, 110.903,12, 12
22, 46, 29, 679, 710, 97.8747, 122.686,15, 12
22, 46, 30, 679, 707, 67.2573, 74.8816,10, 9
22, 46, 31, 679, 563, 95.5986, 95.5986,12, 12
22, 46, 32, 679, 770, 128.268, 142.209,19, 17
22, 46, 33, 679, 655, 110.379, 110.379,14, 14
22, 46, 34, 679, 556, 268.346, 297.112,35, 31
22, 46, 35, 679, 590, 156.748, 156.748,20, 20
22, 46, 36, 679, 631, 317.065, 379.165,43, 35
22, 46, 37, 679, 794, 141.96, 149.648,20, 19
22, 46, 38, 679, 680, 71.6176, 71.6176,9, 9
22, 46, 39, 679, 626, 163.27, 206.049,26, 20
22, 46, 40, 679, 630, 160.68, 185.169,21, 18
22, 46, 41, 679, 566, 131.501, 145.435,17, 15
22, 46, 42, 679, 596, 210.094, 231.579,27, 24
22, 46, 43, 679, 570, 151.14, 175.576,20, 17
22, 46, 44, 679, 602, 1326.83, 1531.38,154, 130
22, 46, 45, 679, 676, 969.959, 1161.42,123, 99
22, 46, 47, 679, 704, 625.569, 733.524,79, 67
22, 47, 1, 704, 559, 59.5217, 99.1071,12, 7
22, 47, 2, 704, 535, 79.551, 111.803,12, 8
22, 47, 3, 704, 458, 24.7115, 32.1387,4, 3
22, 47, 4, 704, 754, 62.4044, 76.8803,10, 8
22, 47, 5, 704, 788, 202.567, 233.658,29, 25
22, 47, 6, 704, 694, 786.784, 1087.23,116, 81
22, 47, 7, 704, 611, 144.019, 175.836,20, 16
22, 47, 8, 704, 634, 160.954, 186.036,22, 19
22, 47, 9, 704, 568, 375.378, 508.71,59, 42
22, 47, 10, 704, 644, 434.134, 633.061,75, 49
22, 47, 11, 704, 676, 368.009, 521.911,61, 42
22, 47, 12, 704, 648, 220.721, 301.705,34, 24
22, 47, 13, 704, 782, 121.765, 181.539,21, 14
22, 47, 14, 704, 654, 198.302, 237.203,28, 24
22, 47, 15, 704, 571, 203.03, 216.497,27, 25
22, 47, 16, 704, 645, 113.655, 155.712,19, 13
22, 47, 17, 704, 596, 62.4859, 77.9934,9, 7
22, 47, 18, 704, 555, 88.3848, 114.911,13, 10
22, 47, 19, 704, 599, 77.7288, 92.649,11, 9
22, 47, 20, 704, 660, 148.286, 170.339,20, 18
22, 47, 21, 704, 541, 186.637, 205.151,23, 21
22, 47, 22, 704, 566, 440.38, 559.931,60, 46
22, 47, 23, 704, 781, 447.864, 578.004,65, 49
22, 47, 24, 704, 680, 359.879, 491.414,55, 40
22, 47, 25, 704, 696, 158.776, 198.962,19, 15
22, 47, 26, 704, 766, 148.079, 184.259,22, 17
22, 47, 27, 704, 563, 19.8293, 30.544,3, 2
22, 47, 28, 704, 622, 116.356, 167.749,17, 11
22, 47, 29, 704, 710, 131.48, 171.282,21, 16
22, 47, 30, 704, 707, 30.6102, 37.5702,5, 4
22, 47, 31, 704, 563, 88.4377, 122.358,14, 10
22, 47, 32, 704, 770, 168.377, 220.419,28, 21
22, 47, 33, 704, 655, 325.459, 424.06,52, 39
22, 47, 34, 704, 556, 191.171, 263.165,28, 20
22, 47, 35, 704, 590, 272.143, 357.104,38, 28
22, 47, 36, 704, 631, 231.871, 306.634,35, 26
22, 47, 37, 704, 794, 164.048, 197.417,23, 19
22, 47, 38, 704, 680, 316.029, 392.083,49, 39
22, 47, 39, 704, 626, 462.179, 613.714,70, 51
22, 47, 40, 704, 630, 104.645, 132.317,14, 11
22, 47, 41, 704, 566, 87.0221, 113.124,13, 10
22, 47, 42, 704, 596, 186.429, 223.553,26, 22
22, 47, 43, 704, 570, 339.332, 447.108,49, 36
22, 47, 44, 704, 602, 338.593, 430.931,45, 35
22, 47, 45, 704, 676, 563.453, 838.129,94, 61
22, 47, 46, 704, 679, 555.586, 733.516,79, 59
