54, 1, 2, 130, 168, 136.353, 136.353,16, 16
54, 1, 3, 130, 124, 264.278, 284.551,31, 29
54, 1, 4, 130, 253, 19.0809, 37.3662,4, 2
54, 1, 5, 130, 226, 0, 0,0, 0
54, 1, 6, 130, 220, 6.85682, 6.85682,1, 1
54, 1, 7, 130, 168, 0, 0,0, 0
54, 1, 8, 130, 161, 0, 0,0, 0
54, 1, 9, 130, 221, 15.2256, 15.2256,2, 2
54, 1, 10, 130, 221, 6.88684, 6.88684,1, 1
54, 1, 11, 130, 217, 15.3079, 15.3079,2, 2
54, 1, 12, 130, 205, 16.4149, 16.4149,2, 2
54, 1, 13, 130, 207, 0, 0,0, 0
54, 1, 14, 130, 169, 10.156, 16.8986,2, 1
54, 1, 15, 130, 151, 7.26511, 7.26511,1, 1
54, 1, 16, 130, 146, 21.7664, 21.7664,3, 3
54, 1, 17, 130, 147, 37.8583, 45.0382,6, 5
54, 1, 18, 130, 153, 24.8871, 24.8871,3, 3
54, 1, 19, 130, 182, 0, 0,0, 0
54, 1, 20, 130, 202, 0, 0,0, 0
54, 1, 21, 130, 125, 6.89002, 6.89002,1, 1
54, 1, 22, 130, 163, 0, 0,0, 0
54, 1, 23, 130, 196, 15.8667, 15.8667,2, 2
54, 1, 24, 130, 157, 21.7155, 21.7155,3, 3
54, 1, 25, 130, 200, 6.86273, 6.86273,1, 1
54, 1, 26, 130, 220, 7.51979, 7.51979,1, 1
54, 1, 27, 130, 162, 61.7728, 68.6403,9, 8
54, 1, 28, 130, 187, 33.1359, 33.1359,4, 4
54, 1, 29, 130, 219, 0, 0,0, 0
54, 1, 30, 130, 193, 0, 0,0, 0
54, 1, 31, 130, 169, 29.419, 29.419,4, 4
54, 1, 32, 130, 196, 39.8747, 39.8747,5, 5
54, 1, 33, 130, 206, 0, 0,0, 0
54, 1, 34, 130, 156, 22.1367, 22.1367,3, 3
54, 1, 35, 130, 167, 6.80162, 6.80162,1, 1
54, 1, 36, 130, 199, 6.74689, 6.74689,1, 1
54, 1, 37, 130, 195, 15.7506, 15.7506,2, 2
54, 1, 38, 130, 224, 6.71123, 6.71123,1, 1
54, 1, 39, 130, 196, 24.6691, 24.6691,3, 3
54, 1, 40, 130, 188, 0, 0,0, 0
54, 1, 41, 130, 172, 0, 0,0, 0
54, 1, 42, 130, 165, 0, 0,0, 0
54, 1, 43, 130, 180, 0, 0,0, 0
54, 1, 44, 130, 166, 7.22942, 7.22942,1, 1
54, 1, 45, 130, 215, 6.88798, 6.88798,1, 1
54, 1, 46, 130, 199, 0, 0,0, 0
54, 1, 47, 130, 197, 0, 0,0, 0
54, 2, 1, 168, 130, 136.353, 136.353,16, 16
54, 2, 3, 168, 124, 232.69, 285.845,30, 24
54, 2, 4, 168, 253, 32.0475, 55.0842,5, 3
54, 2, 5, 168, 226, 7.95015, 7.95015,1, 1
54, 2, 6, 168, 220, 9.31352, 16.9761,2, 1
54, 2, 7, 168, 168, 26.3689, 34.2056,4, 3
54, 2, 8, 168, 161, 15.09, 15.09,2, 2
54, 2, 9, 168, 221, 0, 0,0, 0
54, 2, 10, 168, 221, 26.0508, 48.148,4, 2
54, 2, 11, 168, 217, 0, 0,0, 0
54, 2, 12, 168, 205, 24.9074, 40.2978,5, 3
54, 2, 13, 168, 207, 27.0344, 27.0344,3, 3
54, 2, 14, 168, 169, 24.0567, 32.2004,3, 2
54, 2, 15, 168, 151, 25.1163, 39.4615,3, 2
54, 2, 16, 168, 146, 33.5578, 52.0249,5, 3
54, 2, 17, 168, 147, 62.6514, 76.6058,5, 4
54, 2, 18, 168, 153, 26.2819, 34.6401,4, 3
54, 2, 19, 168, 182, 30.7563, 30.7563,4, 4
54, 2, 20, 168, 202, 36.4669, 49.476,4, 3
54, 2, 21, 168, 125, 33.2251, 44.6293,5, 4
54, 2, 22, 168, 163, 81.5828, 97.6874,8, 7
54, 2, 23, 168, 196, 27.4402, 37.0421,4, 3
54, 2, 24, 168, 157, 0, 0,0, 0
54, 2, 25, 168, 200, 67.5172, 80.4306,7, 6
54, 2, 26, 168, 220, 14.3332, 14.3332,2, 2
54, 2, 27, 168, 162, 93.4656, 112.183,13, 11
54, 2, 28, 168, 187, 157.396, 204.512,19, 14
54, 2, 29, 168, 219, 21.9456, 21.9456,3, 3
54, 2, 30, 168, 193, 88.9325, 110.415,13, 10
54, 2, 31, 168, 169, 134.011, 165.536,19, 15
54, 2, 32, 168, 196, 36.5655, 68.8769,6, 3
54, 2, 33, 168, 206, 17.1169, 17.1169,2, 2
54, 2, 34, 168, 156, 49.2938, 60.5617,6, 5
54, 2, 35, 168, 167, 15.302, 25.3623,2, 1
54, 2, 36, 168, 199, 45.4062, 54.4075,6, 5
54, 2, 37, 168, 195, 26.2267, 47.7734,4, 2
54, 2, 38, 168, 224, 45.5108, 71.0209,6, 4
54, 2, 39, 168, 196, 31.0265, 40.1566,4, 3
54, 2, 40, 168, 188, 14.6003, 14.6003,2, 2
54, 2, 41, 168, 172, 42.514, 42.514,5, 5
54, 2, 42, 168, 165, 31.0034, 31.0034,4, 4
54, 2, 43, 168, 180, 23.3953, 37.0392,5, 3
54, 2, 44, 168, 166, 26.3305, 33.9966,4, 3
54, 2, 45, 168, 215, 0, 0,0, 0
54, 2, 46, 168, 199, 11.2056, 19.6355,2, 1
54, 2, 47, 168, 197, 23.2133, 40.2779,4, 2
54, 3, 1, 124, 130, 239.489, 284.552,31, 26
54, 3, 2, 124, 168, 256.204, 285.845,30, 27
54, 3, 4, 124, 253, 27.4071, 45.3514,4, 2
54, 3, 5, 124, 226, 0, 0,0, 0
54, 3, 6, 124, 220, 7.66252, 7.66252,1, 1
54, 3, 7, 124, 168, 24.6003, 24.6003,3, 3
54, 3, 8, 124, 161, 10.0444, 16.7317,2, 1
54, 3, 9, 124, 221, 0, 0,0, 0
54, 3, 10, 124, 221, 22.1007, 52.5296,6, 2
54, 3, 11, 124, 217, 0, 0,0, 0
54, 3, 12, 124, 205, 17.7621, 17.7621,2, 2
54, 3, 13, 124, 207, 0, 0,0, 0
54, 3, 14, 124, 169, 9.24497, 17.2622,2, 1
54, 3, 15, 124, 151, 16.9834, 33.3563,3, 1
54, 3, 16, 124, 146, 33.5176, 57.8505,6, 3
54, 3, 17, 124, 147, 40.1898, 56.1731,6, 4
54, 3, 18, 124, 153, 49.2314, 72.7945,8, 5
54, 3, 19, 124, 182, 0, 0,0, 0
54, 3, 20, 124, 202, 12.9765, 21.9833,2, 1
54, 3, 21, 124, 125, 12.9609, 28.8282,3, 1
54, 3, 22, 124, 163, 12.3446, 22.4011,2, 1
54, 3, 23, 124, 196, 14.5424, 30.7094,3, 1
54, 3, 24, 124, 157, 31.3975, 31.3975,2, 2
54, 3, 25, 124, 200, 29.7328, 45.649,5, 3
54, 3, 26, 124, 220, 11.2591, 18.0651,2, 1
54, 3, 27, 124, 162, 63.9413, 73.5981,8, 7
54, 3, 28, 124, 187, 69.8116, 94.8471,11, 8
54, 3, 29, 124, 219, 0, 0,0, 0
54, 3, 30, 124, 193, 22.9747, 22.9747,3, 3
54, 3, 31, 124, 169, 44.1176, 44.1176,6, 6
54, 3, 32, 124, 196, 50.1557, 93.3692,8, 3
54, 3, 33, 124, 206, 0, 0,0, 0
54, 3, 34, 124, 156, 62.8941, 93.9305,9, 5
54, 3, 35, 124, 167, 13.1069, 28.2626,3, 1
54, 3, 36, 124, 199, 16.4706, 24.1391,3, 2
54, 3, 37, 124, 195, 34.3303, 51.0263,4, 2
54, 3, 38, 124, 224, 30.2583, 56.495,6, 3
54, 3, 39, 124, 196, 18.2444, 26.2771,3, 2
54, 3, 40, 124, 188, 0, 0,0, 0
54, 3, 41, 124, 172, 0, 0,0, 0
54, 3, 42, 124, 165, 0, 0,0, 0
54, 3, 43, 124, 180, 9.30054, 9.30054,1, 1
54, 3, 44, 124, 166, 16.0152, 16.0152,2, 2
54, 3, 45, 124, 215, 6.74779, 6.74779,1, 1
54, 3, 46, 124, 199, 8.15687, 15.3314,2, 1
54, 3, 47, 124, 197, 16.5846, 25.1266,3, 2
54, 4, 1, 253, 130, 30.4775, 37.3656,4, 3
54, 4, 2, 253, 168, 34.3465, 55.0839,5, 3
54, 4, 3, 253, 124, 24.3167, 45.3514,4, 2
54, 4, 5, 253, 226, 0, 0,0, 0
54, 4, 6, 253, 220, 7.35889, 14.5527,2, 1
54, 4, 7, 253, 168, 7.96712, 15.4709,2, 1
54, 4, 8, 253, 161, 0, 0,0, 0
54, 4, 9, 253, 221, 0, 0,0, 0
54, 4, 10, 253, 221, 16.1475, 23.4577,3, 2
54, 4, 11, 253, 217, 0, 0,0, 0
54, 4, 12, 253, 205, 14.0553, 27.7982,4, 2
54, 4, 13, 253, 207, 0, 0,0, 0
54, 4, 14, 253, 169, 8.31105, 16.5214,2, 1
54, 4, 15, 253, 151, 9.06954, 16.4064,2, 1
54, 4, 16, 253, 146, 10.4452, 18.8912,2, 1
54, 4, 17, 253, 147, 10.8763, 19.7212,2, 1
54, 4, 18, 253, 153, 0, 0,0, 0
54, 4, 19, 253, 182, 6.87814, 6.87814,1, 1
54, 4, 20, 253, 202, 11.6197, 22.8644,2, 1
54, 4, 21, 253, 125, 8.12133, 14.8523,2, 1
54, 4, 22, 253, 163, 12.0902, 21.9587,2, 1
54, 4, 23, 253, 196, 7.88904, 14.6375,2, 1
54, 4, 24, 253, 157, 0, 0,0, 0
54, 4, 25, 253, 200, 9.61182, 17.5108,2, 1
54, 4, 26, 253, 220, 0, 0,0, 0
54, 4, 27, 253, 162, 9.6328, 18.9337,2, 1
54, 4, 28, 253, 187, 26.5974, 42.709,5, 3
54, 4, 29, 253, 219, 6.95602, 6.95602,1, 1
54, 4, 30, 253, 193, 14.4426, 21.5746,3, 2
54, 4, 31, 253, 169, 8.71272, 8.71272,1, 1
54, 4, 32, 253, 196, 31.0852, 49.5133,5, 3
54, 4, 33, 253, 206, 0, 0,0, 0
54, 4, 34, 253, 156, 15.8864, 15.8864,2, 2
54, 4, 35, 253, 167, 8.57093, 15.8409,2, 1
54, 4, 36, 253, 199, 7.95087, 15.8445,2, 1
54, 4, 37, 253, 195, 21.1767, 38.0755,4, 2
54, 4, 38, 253, 224, 17.4677, 32.8799,4, 2
54, 4, 39, 253, 196, 8.62664, 16.4186,2, 1
54, 4, 40, 253, 188, 13.7404, 13.7404,2, 2
54, 4, 41, 253, 172, 6.68091, 6.68091,1, 1
54, 4, 42, 253, 165, 7.75471, 7.75471,1, 1
54, 4, 43, 253, 180, 6.80658, 6.80658,1, 1
54, 4, 44, 253, 166, 7.64849, 14.8518,2, 1
54, 4, 45, 253, 215, 0, 0,0, 0
54, 4, 46, 253, 199, 7.97141, 15.852,2, 1
54, 4, 47, 253, 197, 15.98, 24.5278,3, 2
54, 5, 1, 226, 130, 0, 0,0, 0
54, 5, 2, 226, 168, 7.95012, 7.95012,1, 1
54, 5, 3, 226, 124, 0, 0,0, 0
54, 5, 4, 226, 253, 0, 0,0, 0
54, 5, 6, 226, 220, 153.087, 153.087,17, 17
54, 5, 7, 226, 168, 28.303, 28.303,3, 3
54, 5, 8, 226, 161, 41.9402, 41.9402,5, 5
54, 5, 9, 226, 221, 8.11107, 8.11107,1, 1
54, 5, 10, 226, 221, 0, 0,0, 0
54, 5, 11, 226, 217, 32.7181, 32.7181,4, 4
54, 5, 12, 226, 205, 86.2067, 86.2067,9, 9
54, 5, 13, 226, 207, 47.7255, 47.7255,5, 5
54, 5, 14, 226, 169, 23.1107, 23.1107,3, 3
54, 5, 15, 226, 151, 17.2525, 17.2525,2, 2
54, 5, 16, 226, 146, 0, 0,0, 0
54, 5, 17, 226, 147, 23.5321, 23.5321,3, 3
54, 5, 18, 226, 153, 31.1866, 31.1866,4, 4
54, 5, 19, 226, 182, 7.17141, 7.17141,1, 1
54, 5, 20, 226, 202, 14.818, 14.818,2, 2
54, 5, 21, 226, 125, 43.3498, 43.3498,5, 5
54, 5, 22, 226, 163, 26.6466, 26.6466,3, 3
54, 5, 23, 226, 196, 14.9344, 14.9344,2, 2
54, 5, 24, 226, 157, 17.4577, 17.4577,2, 2
54, 5, 25, 226, 200, 24.9921, 24.9921,3, 3
54, 5, 26, 226, 220, 39.8173, 39.8173,5, 5
54, 5, 27, 226, 162, 7.61829, 7.61829,1, 1
54, 5, 28, 226, 187, 14.1896, 14.1896,2, 2
54, 5, 29, 226, 219, 15.498, 15.498,1, 1
54, 5, 30, 226, 193, 35.6418, 35.6418,4, 4
54, 5, 31, 226, 169, 15.4805, 15.4805,2, 2
54, 5, 32, 226, 196, 7.28392, 7.28392,1, 1
54, 5, 33, 226, 206, 7.95876, 15.7556,2, 1
54, 5, 34, 226, 156, 43.5245, 43.5245,5, 5
54, 5, 35, 226, 167, 0, 0,0, 0
54, 5, 36, 226, 199, 81.4825, 81.4825,9, 9
54, 5, 37, 226, 195, 16.1437, 16.1437,2, 2
54, 5, 38, 226, 224, 7.42281, 7.42281,1, 1
54, 5, 39, 226, 196, 18.9977, 18.9977,2, 2
54, 5, 40, 226, 188, 22.3946, 30.01,4, 3
54, 5, 41, 226, 172, 41.2312, 48.403,6, 5
54, 5, 42, 226, 165, 8.64678, 8.64678,1, 1
54, 5, 43, 226, 180, 40.2167, 40.2167,5, 5
54, 5, 44, 226, 166, 155.329, 155.329,15, 15
54, 5, 45, 226, 215, 30.7435, 30.7435,4, 4
54, 5, 46, 226, 199, 138.396, 138.396,16, 16
54, 5, 47, 226, 197, 14.4165, 14.4165,2, 2
54, 6, 1, 220, 130, 6.85682, 6.85682,1, 1
54, 6, 2, 220, 168, 16.9761, 16.9761,2, 2
54, 6, 3, 220, 124, 7.66252, 7.66252,1, 1
54, 6, 4, 220, 253, 14.5526, 14.5526,2, 2
54, 6, 5, 220, 226, 153.087, 153.087,17, 17
54, 6, 7, 220, 168, 46.3338, 46.3338,5, 5
54, 6, 8, 220, 161, 16.0873, 16.0873,2, 2
54, 6, 9, 220, 221, 163.745, 260.598,30, 18
54, 6, 10, 220, 221, 174.7, 254.672,28, 19
54, 6, 11, 220, 217, 154.313, 230.586,27, 17
54, 6, 12, 220, 205, 56.6851, 56.6851,6, 6
54, 6, 13, 220, 207, 14.7227, 14.7227,2, 2
54, 6, 14, 220, 169, 51.6301, 51.6301,6, 6
54, 6, 15, 220, 151, 15.238, 15.238,2, 2
54, 6, 16, 220, 146, 45.6133, 45.6133,6, 6
54, 6, 17, 220, 147, 17.6007, 17.6007,2, 2
54, 6, 18, 220, 153, 24.3756, 24.3756,3, 3
54, 6, 19, 220, 182, 0, 0,0, 0
54, 6, 20, 220, 202, 28.2126, 28.2126,3, 3
54, 6, 21, 220, 125, 30.1519, 30.1519,4, 4
54, 6, 22, 220, 163, 65.5081, 65.5081,7, 7
54, 6, 23, 220, 196, 40.8902, 40.8902,5, 5
54, 6, 24, 220, 157, 68.2038, 68.2038,9, 9
54, 6, 25, 220, 200, 25.6546, 25.6546,3, 3
54, 6, 26, 220, 220, 8.66107, 8.66107,1, 1
54, 6, 27, 220, 162, 17.6909, 17.6909,2, 2
54, 6, 28, 220, 187, 45.4759, 45.4759,5, 5
54, 6, 29, 220, 219, 21.4547, 21.4547,3, 3
54, 6, 30, 220, 193, 8.84975, 8.84975,1, 1
54, 6, 31, 220, 169, 9.72639, 9.72639,1, 1
54, 6, 32, 220, 196, 101.632, 108.493,14, 13
54, 6, 33, 220, 206, 167.388, 242.414,31, 21
54, 6, 34, 220, 156, 52.5518, 52.5518,6, 6
54, 6, 35, 220, 167, 85.7802, 155.834,16, 7
54, 6, 36, 220, 199, 46.8862, 46.8862,4, 4
54, 6, 37, 220, 195, 72.218, 78.9791,10, 9
54, 6, 38, 220, 224, 201.422, 312.835,37, 23
54, 6, 39, 220, 196, 275.355, 456.856,49, 26
54, 6, 40, 220, 188, 15.2238, 15.2238,2, 2
54, 6, 41, 220, 172, 44.1331, 44.1331,6, 6
54, 6, 42, 220, 165, 32.034, 32.034,4, 4
54, 6, 43, 220, 180, 164.058, 233.372,28, 19
54, 6, 44, 220, 166, 149.139, 156.728,17, 16
54, 6, 45, 220, 215, 365.874, 531.94,56, 36
54, 6, 46, 220, 199, 274.449, 285.969,32, 31
54, 6, 47, 220, 197, 213.122, 273.932,30, 22
54, 7, 1, 168, 130, 0, 0,0, 0
54, 7, 2, 168, 168, 34.2056, 34.2056,4, 4
54, 7, 3, 168, 124, 24.6003, 24.6003,3, 3
54, 7, 4, 168, 253, 15.4708, 15.4708,2, 2
54, 7, 5, 168, 226, 28.3031, 28.3031,3, 3
54, 7, 6, 168, 220, 38.7645, 46.3338,5, 4
54, 7, 8, 168, 161, 119.707, 119.707,14, 14
54, 7, 9, 168, 221, 0, 0,0, 0
54, 7, 10, 168, 221, 8.10886, 8.10886,1, 1
54, 7, 11, 168, 217, 59.8455, 79.4792,8, 6
54, 7, 12, 168, 205, 103.716, 112.504,10, 9
54, 7, 13, 168, 207, 22.9951, 22.9951,3, 3
54, 7, 14, 168, 169, 446.167, 488.919,50, 45
54, 7, 15, 168, 151, 376.247, 417.496,42, 37
54, 7, 16, 168, 146, 25.838, 34.1486,4, 3
54, 7, 17, 168, 147, 43.5831, 51.2233,6, 5
54, 7, 18, 168, 153, 76.3218, 84.4677,10, 9
54, 7, 19, 168, 182, 33.8588, 33.8588,4, 4
54, 7, 20, 168, 202, 398.756, 437.61,44, 39
54, 7, 21, 168, 125, 35.3595, 43.3772,5, 4
54, 7, 22, 168, 163, 78.3946, 85.4979,10, 9
54, 7, 23, 168, 196, 58.0598, 65.3993,8, 7
54, 7, 24, 168, 157, 8.19764, 8.19764,1, 1
54, 7, 25, 168, 200, 462.644, 519.351,55, 48
54, 7, 26, 168, 220, 24.1011, 24.1011,3, 3
54, 7, 27, 168, 162, 15.3538, 15.3538,1, 1
54, 7, 28, 168, 187, 54.3242, 62.7198,7, 6
54, 7, 29, 168, 219, 7.09513, 7.09513,1, 1
54, 7, 30, 168, 193, 27.7686, 27.7686,2, 2
54, 7, 31, 168, 169, 35.5499, 50.5074,6, 4
54, 7, 32, 168, 196, 224.752, 252.793,29, 26
54, 7, 33, 168, 206, 13.9082, 13.9082,2, 2
54, 7, 34, 168, 156, 83.7939, 91.0211,10, 9
54, 7, 35, 168, 167, 51.8976, 51.8976,6, 6
54, 7, 36, 168, 199, 50.7065, 57.5667,6, 5
54, 7, 37, 168, 195, 253.536, 287.88,30, 26
54, 7, 38, 168, 224, 20.3533, 20.3533,2, 2
54, 7, 39, 168, 196, 7.97774, 7.97774,1, 1
54, 7, 40, 168, 188, 7.57929, 7.57929,1, 1
54, 7, 41, 168, 172, 16.1697, 16.1697,2, 2
54, 7, 42, 168, 165, 28.3447, 28.3447,3, 3
54, 7, 43, 168, 180, 51.2304, 63.8046,6, 5
54, 7, 44, 168, 166, 24.2245, 24.2245,2, 2
54, 7, 45, 168, 215, 0, 0,0, 0
54, 7, 46, 168, 199, 60.7442, 68.5543,8, 7
54, 7, 47, 168, 197, 33.9972, 33.9972,4, 4
54, 8, 1, 161, 130, 0, 0,0, 0
54, 8, 2, 161, 168, 15.09, 15.09,2, 2
54, 8, 3, 161, 124, 16.7318, 16.7318,2, 2
54, 8, 4, 161, 253, 0, 0,0, 0
54, 8, 5, 161, 226, 41.9402, 41.9402,5, 5
54, 8, 6, 161, 220, 16.0873, 16.0873,2, 2
54, 8, 7, 161, 168, 104.795, 119.707,14, 12
54, 8, 9, 161, 221, 0, 0,0, 0
54, 8, 10, 161, 221, 0, 0,0, 0
54, 8, 11, 161, 217, 24.7041, 24.7041,3, 3
54, 8, 12, 161, 205, 49.9869, 49.9869,5, 5
54, 8, 13, 161, 207, 75.3603, 75.3603,9, 9
54, 8, 14, 161, 169, 80.248, 87.0638,11, 10
54, 8, 15, 161, 151, 186.031, 195.112,20, 19
54, 8, 16, 161, 146, 8.31504, 16.0659,2, 1
54, 8, 17, 161, 147, 28.2081, 28.2081,4, 4
54, 8, 18, 161, 153, 78.4119, 92.7811,10, 8
54, 8, 19, 161, 182, 186.63, 186.63,21, 21
54, 8, 20, 161, 202, 216.127, 238.327,26, 23
54, 8, 21, 161, 125, 174.869, 174.869,20, 20
54, 8, 22, 161, 163, 44.279, 44.279,5, 5
54, 8, 23, 161, 196, 25.1713, 25.1713,3, 3
54, 8, 24, 161, 157, 0, 0,0, 0
54, 8, 25, 161, 200, 101.607, 108.738,13, 12
54, 8, 26, 161, 220, 61.7965, 68.6358,9, 8
54, 8, 27, 161, 162, 16.484, 16.484,2, 2
54, 8, 28, 161, 187, 53.1149, 53.1149,6, 6
54, 8, 29, 161, 219, 25.9732, 25.9732,3, 3
54, 8, 30, 161, 193, 23.7867, 23.7867,3, 3
54, 8, 31, 161, 169, 25.5034, 25.5034,3, 3
54, 8, 32, 161, 196, 45.3529, 45.3529,6, 6
54, 8, 33, 161, 206, 24.4579, 24.4579,3, 3
54, 8, 34, 161, 156, 80.9235, 80.9235,8, 8
54, 8, 35, 161, 167, 18.2395, 18.2395,2, 2
54, 8, 36, 161, 199, 47.1497, 47.1497,5, 5
54, 8, 37, 161, 195, 40.9421, 40.9421,5, 5
54, 8, 38, 161, 224, 0, 0,0, 0
54, 8, 39, 161, 196, 13.9284, 13.9284,2, 2
54, 8, 40, 161, 188, 43.1378, 43.1378,5, 5
54, 8, 41, 161, 172, 28.2485, 28.2485,3, 3
54, 8, 42, 161, 165, 58.0254, 58.0254,7, 7
54, 8, 43, 161, 180, 14.783, 14.783,2, 2
54, 8, 44, 161, 166, 8.45495, 8.45495,1, 1
54, 8, 45, 161, 215, 21.8063, 21.8063,3, 3
54, 8, 46, 161, 199, 13.5306, 13.5306,2, 2
54, 8, 47, 161, 197, 29.6208, 29.6208,4, 4
54, 9, 1, 221, 130, 7.85638, 15.2256,2, 1
54, 9, 2, 221, 168, 0, 0,0, 0
54, 9, 3, 221, 124, 0, 0,0, 0
54, 9, 4, 221, 253, 0, 0,0, 0
54, 9, 5, 221, 226, 8.11103, 8.11103,1, 1
54, 9, 6, 221, 220, 157.425, 260.598,30, 17
54, 9, 7, 221, 168, 0, 0,0, 0
54, 9, 8, 221, 161, 0, 0,0, 0
54, 9, 10, 221, 221, 681.154, 1119.3,116, 60
54, 9, 11, 221, 217, 322.216, 583.84,60, 27
54, 9, 12, 221, 205, 94.702, 136.904,15, 10
54, 9, 13, 221, 207, 7.84594, 7.84594,1, 1
54, 9, 14, 221, 169, 0, 0,0, 0
54, 9, 15, 221, 151, 0, 0,0, 0
54, 9, 16, 221, 146, 22.952, 30.6583,4, 3
54, 9, 17, 221, 147, 0, 0,0, 0
54, 9, 18, 221, 153, 0, 0,0, 0
54, 9, 19, 221, 182, 0, 0,0, 0
54, 9, 20, 221, 202, 0, 0,0, 0
54, 9, 21, 221, 125, 0, 0,0, 0
54, 9, 22, 221, 163, 0, 0,0, 0
54, 9, 23, 221, 196, 29.7649, 29.7649,4, 4
54, 9, 24, 221, 157, 37.611, 45.5668,6, 5
54, 9, 25, 221, 200, 0, 0,0, 0
54, 9, 26, 221, 220, 0, 0,0, 0
54, 9, 27, 221, 162, 8.2402, 8.2402,1, 1
54, 9, 28, 221, 187, 0, 0,0, 0
54, 9, 29, 221, 219, 32.006, 32.006,4, 4
54, 9, 30, 221, 193, 0, 0,0, 0
54, 9, 31, 221, 169, 7.1121, 7.1121,1, 1
54, 9, 32, 221, 196, 17.2981, 17.2981,2, 2
54, 9, 33, 221, 206, 238.891, 467.065,53, 25
54, 9, 34, 221, 156, 0, 0,0, 0
54, 9, 35, 221, 167, 121.589, 192.465,25, 15
54, 9, 36, 221, 199, 7.11311, 7.11311,1, 1
54, 9, 37, 221, 195, 19.0562, 19.0562,2, 2
54, 9, 38, 221, 224, 444.408, 909.476,111, 50
54, 9, 39, 221, 196, 368.583, 732.33,80, 34
54, 9, 40, 221, 188, 0, 0,0, 0
54, 9, 41, 221, 172, 0, 0,0, 0
54, 9, 42, 221, 165, 14.9343, 21.8654,3, 2
54, 9, 43, 221, 180, 262.393, 492.992,57, 28
54, 9, 44, 221, 166, 0, 0,0, 0
54, 9, 45, 221, 215, 302.927, 478.38,57, 33
54, 9, 46, 221, 199, 8.08202, 8.08202,1, 1
54, 9, 47, 221, 197, 55.138, 112.986,13, 6
54, 10, 1, 221, 130, 6.88681, 6.88681,1, 1
54, 10, 2, 221, 168, 26.6974, 48.1488,4, 2
54, 10, 3, 221, 124, 27.1236, 52.5299,6, 3
54, 10, 4, 221, 253, 16.3834, 23.4577,3, 2
54, 10, 5, 221, 226, 0, 0,0, 0
54, 10, 6, 221, 220, 134.926, 254.672,28, 14
54, 10, 7, 221, 168, 8.10879, 8.10879,1, 1
54, 10, 8, 221, 161, 0, 0,0, 0
54, 10, 9, 221, 221, 718.518, 1119.3,116, 66
54, 10, 11, 221, 217, 508.55, 808.262,88, 52
54, 10, 12, 221, 205, 229.153, 251.489,28, 25
54, 10, 13, 221, 207, 22.0557, 22.0557,3, 3
54, 10, 14, 221, 169, 10.4984, 18.3864,2, 1
54, 10, 15, 221, 151, 16.9966, 31.7653,2, 1
54, 10, 16, 221, 146, 38.9039, 51.7967,5, 4
54, 10, 17, 221, 147, 16.8299, 30.3469,2, 1
54, 10, 18, 221, 153, 9.44614, 18.8803,2, 1
54, 10, 19, 221, 182, 0, 0,0, 0
54, 10, 20, 221, 202, 10.2699, 20.2204,2, 1
54, 10, 21, 221, 125, 24.3905, 36.879,2, 1
54, 10, 22, 221, 163, 15.6415, 29.8592,2, 1
54, 10, 23, 221, 196, 50.3192, 72.4347,7, 5
54, 10, 24, 221, 157, 59.2633, 66.2332,9, 8
54, 10, 25, 221, 200, 21.2996, 34.0976,2, 1
54, 10, 26, 221, 220, 9.1751, 9.1751,1, 1
54, 10, 27, 221, 162, 19.4261, 27.9838,3, 2
54, 10, 28, 221, 187, 49.3051, 77.7777,6, 4
54, 10, 29, 221, 219, 0, 0,0, 0
54, 10, 30, 221, 193, 13.843, 13.843,2, 2
54, 10, 31, 221, 169, 0, 0,0, 0
54, 10, 32, 221, 196, 64.3828, 85.2764,7, 5
54, 10, 33, 221, 206, 165.992, 339.148,42, 19
54, 10, 34, 221, 156, 46.1714, 67.2586,7, 5
54, 10, 35, 221, 167, 161.797, 254.015,27, 17
54, 10, 36, 221, 199, 74.2257, 81.8936,8, 7
54, 10, 37, 221, 195, 39.7879, 65.3222,6, 3
54, 10, 38, 221, 224, 288.893, 656.114,72, 29
54, 10, 39, 221, 196, 508.133, 860.177,95, 52
54, 10, 40, 221, 188, 0, 0,0, 0
54, 10, 41, 221, 172, 0, 0,0, 0
54, 10, 42, 221, 165, 22.3727, 22.3727,3, 3
54, 10, 43, 221, 180, 235.472, 452.067,53, 26
54, 10, 44, 221, 166, 8.15131, 8.15131,1, 1
54, 10, 45, 221, 215, 176.721, 342.735,36, 17
54, 10, 46, 221, 199, 10.6242, 18.8269,2, 1
54, 10, 47, 221, 197, 95.3643, 184.307,21, 10
54, 11, 1, 217, 130, 15.3079, 15.3079,2, 2
54, 11, 2, 217, 168, 0, 0,0, 0
54, 11, 3, 217, 124, 0, 0,0, 0
54, 11, 4, 217, 253, 0, 0,0, 0
54, 11, 5, 217, 226, 32.7181, 32.7181,4, 4
54, 11, 6, 217, 220, 149.192, 230.586,27, 17
54, 11, 7, 217, 168, 60.4968, 79.4797,8, 6
54, 11, 8, 217, 161, 24.7042, 24.7042,3, 3
54, 11, 9, 217, 221, 419.03, 583.838,60, 40
54, 11, 10, 217, 221, 560.825, 808.263,88, 58
54, 11, 12, 217, 205, 448.368, 484.001,49, 44
54, 11, 13, 217, 207, 125.856, 143.363,18, 16
54, 11, 14, 217, 169, 6.67383, 6.67383,1, 1
54, 11, 15, 217, 151, 61.4077, 68.5645,7, 6
54, 11, 16, 217, 146, 32.1373, 38.9707,5, 4
54, 11, 17, 217, 147, 23.6127, 30.5999,4, 3
54, 11, 18, 217, 153, 38.7863, 47.7625,5, 4
54, 11, 19, 217, 182, 6.73515, 6.73515,1, 1
54, 11, 20, 217, 202, 17.7367, 17.7367,2, 2
54, 11, 21, 217, 125, 23.7334, 23.7334,3, 3
54, 11, 22, 217, 163, 0, 0,0, 0
54, 11, 23, 217, 196, 7.09903, 7.09903,1, 1
54, 11, 24, 217, 157, 0, 0,0, 0
54, 11, 25, 217, 200, 11.4225, 19.5875,2, 1
54, 11, 26, 217, 220, 7.22812, 7.22812,1, 1
54, 11, 27, 217, 162, 23.1812, 23.1812,3, 3
54, 11, 28, 217, 187, 52.7956, 61.2752,7, 6
54, 11, 29, 217, 219, 36.3592, 45.0909,5, 4
54, 11, 30, 217, 193, 11.3444, 11.3444,1, 1
54, 11, 31, 217, 169, 38.3708, 46.3691,5, 4
54, 11, 32, 217, 196, 13.7864, 13.7864,2, 2
54, 11, 33, 217, 206, 199.642, 307.537,36, 23
54, 11, 34, 217, 156, 138.211, 146.549,16, 15
54, 11, 35, 217, 167, 111.399, 132.887,14, 11
54, 11, 36, 217, 199, 173.631, 199.798,22, 19
54, 11, 37, 217, 195, 10.2524, 17.7366,2, 1
54, 11, 38, 217, 224, 235.128, 378.041,43, 26
54, 11, 39, 217, 196, 295.346, 413.515,48, 33
54, 11, 40, 217, 188, 14.8118, 14.8118,2, 2
54, 11, 41, 217, 172, 50.7016, 50.7016,6, 6
54, 11, 42, 217, 165, 84.2166, 91.5003,10, 9
54, 11, 43, 217, 180, 247.073, 309.072,36, 28
54, 11, 44, 217, 166, 21.0768, 21.0768,3, 3
54, 11, 45, 217, 215, 146.529, 216.141,27, 18
54, 11, 46, 217, 199, 58.3393, 66.4752,7, 6
54, 11, 47, 217, 197, 70.6359, 95.2263,12, 9
54, 12, 1, 205, 130, 8.77835, 16.4148,2, 1
54, 12, 2, 205, 168, 23.92, 40.2979,5, 3
54, 12, 3, 205, 124, 9.36151, 17.7621,2, 1
54, 12, 4, 205, 253, 14.3746, 27.7982,4, 2
54, 12, 5, 205, 226, 57.1141, 86.2071,9, 6
54, 12, 6, 205, 220, 35.4228, 56.6848,6, 4
54, 12, 7, 205, 168, 77.9625, 112.506,10, 7
54, 12, 8, 205, 161, 36.1832, 49.987,5, 4
54, 12, 9, 205, 221, 111.6, 136.903,15, 12
54, 12, 10, 205, 221, 233.261, 251.489,28, 26
54, 12, 11, 205, 217, 421.85, 484.001,49, 42
54, 12, 13, 205, 207, 288.839, 329.12,36, 31
54, 12, 14, 205, 169, 17.5851, 27.6334,3, 2
54, 12, 15, 205, 151, 85.292, 115.467,11, 8
54, 12, 16, 205, 146, 23.2781, 39.6392,5, 3
54, 12, 17, 205, 147, 41.0967, 50.0957,6, 5
54, 12, 18, 205, 153, 52.894, 62.6612,7, 6
54, 12, 19, 205, 182, 27.9379, 37.0718,4, 3
54, 12, 20, 205, 202, 91.6498, 111.911,12, 10
54, 12, 21, 205, 125, 46.4255, 46.4255,5, 5
54, 12, 22, 205, 163, 40.33, 49.6908,5, 4
54, 12, 23, 205, 196, 23.3326, 30.6136,4, 3
54, 12, 24, 205, 157, 0, 0,0, 0
54, 12, 25, 205, 200, 51.3932, 65.5353,8, 6
54, 12, 26, 205, 220, 16.5535, 24.7323,3, 2
54, 12, 27, 205, 162, 43.5195, 58.5597,5, 4
54, 12, 28, 205, 187, 40.2151, 67.3209,7, 4
54, 12, 29, 205, 219, 45.3103, 45.3103,6, 6
54, 12, 30, 205, 193, 27.1983, 38.8861,4, 3
54, 12, 31, 205, 169, 16.7916, 16.7916,2, 2
54, 12, 32, 205, 196, 11.3589, 21.349,2, 1
54, 12, 33, 205, 206, 60.5326, 71.806,7, 6
54, 12, 34, 205, 156, 147.135, 176.283,22, 18
54, 12, 35, 205, 167, 22.8012, 30.2464,4, 3
54, 12, 36, 205, 199, 258.928, 319.264,30, 25
54, 12, 37, 205, 195, 25.5805, 35.8564,4, 3
54, 12, 38, 205, 224, 23.5247, 46.5091,4, 2
54, 12, 39, 205, 196, 33.3828, 42.7609,5, 4
54, 12, 40, 205, 188, 49.9168, 59.373,7, 6
54, 12, 41, 205, 172, 66.424, 78.1007,8, 7
54, 12, 42, 205, 165, 116.038, 132.033,16, 14
54, 12, 43, 205, 180, 48.58, 62.2245,6, 5
54, 12, 44, 205, 166, 46.9099, 66.5035,5, 4
54, 12, 45, 205, 215, 0, 0,0, 0
54, 12, 46, 205, 199, 64.1771, 94.0337,10, 7
54, 12, 47, 205, 197, 41.6023, 61.2074,6, 4
54, 13, 1, 207, 130, 0, 0,0, 0
54, 13, 2, 207, 168, 27.034, 27.034,3, 3
54, 13, 3, 207, 124, 0, 0,0, 0
54, 13, 4, 207, 253, 0, 0,0, 0
54, 13, 5, 207, 226, 47.7255, 47.7255,5, 5
54, 13, 6, 207, 220, 14.7228, 14.7228,2, 2
54, 13, 7, 207, 168, 22.9949, 22.9949,3, 3
54, 13, 8, 207, 161, 68.6281, 75.3604,9, 8
54, 13, 9, 207, 221, 7.84599, 7.84599,1, 1
54, 13, 10, 207, 221, 22.0556, 22.0556,3, 3
54, 13, 11, 207, 217, 136.432, 143.363,18, 17
54, 13, 12, 207, 205, 321.253, 329.121,36, 35
54, 13, 14, 207, 169, 9.82427, 9.82427,1, 1
54, 13, 15, 207, 151, 27.5225, 27.5225,3, 3
54, 13, 16, 207, 146, 0, 0,0, 0
54, 13, 17, 207, 147, 32.5928, 32.5928,4, 4
54, 13, 18, 207, 153, 41.4289, 41.4289,5, 5
54, 13, 19, 207, 182, 61.1188, 83.8413,10, 7
54, 13, 20, 207, 202, 25.9462, 25.9462,3, 3
54, 13, 21, 207, 125, 55.167, 62.0336,7, 6
54, 13, 22, 207, 163, 16.6604, 16.6604,2, 2
54, 13, 23, 207, 196, 0, 0,0, 0
54, 13, 24, 207, 157, 0, 0,0, 0
54, 13, 25, 207, 200, 44.6456, 44.6456,5, 5
54, 13, 26, 207, 220, 0, 0,0, 0
54, 13, 27, 207, 162, 16.5441, 16.5441,2, 2
54, 13, 28, 207, 187, 20.9855, 20.9855,2, 2
54, 13, 29, 207, 219, 56.141, 56.141,6, 6
54, 13, 30, 207, 193, 44.686, 44.686,5, 5
54, 13, 31, 207, 169, 31.2886, 31.2886,3, 3
54, 13, 32, 207, 196, 0, 0,0, 0
54, 13, 33, 207, 206, 35.2528, 35.2528,4, 4
54, 13, 34, 207, 156, 60.3441, 60.3441,7, 7
54, 13, 35, 207, 167, 0, 0,0, 0
54, 13, 36, 207, 199, 123.609, 123.609,12, 12
54, 13, 37, 207, 195, 0, 0,0, 0
54, 13, 38, 207, 224, 10.5885, 10.5885,1, 1
54, 13, 39, 207, 196, 0, 0,0, 0
54, 13, 40, 207, 188, 93.4195, 93.4195,11, 11
54, 13, 41, 207, 172, 70.5839, 70.5839,7, 7
54, 13, 42, 207, 165, 89.96, 97.8403,12, 11
54, 13, 43, 207, 180, 28.4653, 28.4653,4, 4
54, 13, 44, 207, 166, 60.0463, 60.0463,4, 4
54, 13, 45, 207, 215, 0, 0,0, 0
54, 13, 46, 207, 199, 8.12427, 8.12427,1, 1
54, 13, 47, 207, 197, 0, 0,0, 0
54, 14, 1, 169, 130, 16.8986, 16.8986,2, 2
54, 14, 2, 169, 168, 32.2008, 32.2008,3, 3
54, 14, 3, 169, 124, 17.2621, 17.2621,2, 2
54, 14, 4, 169, 253, 16.5214, 16.5214,2, 2
54, 14, 5, 169, 226, 23.1105, 23.1105,3, 3
54, 14, 6, 169, 220, 37.1533, 51.6301,6, 4
54, 14, 7, 169, 168, 460.763, 488.92,50, 47
54, 14, 8, 169, 161, 87.0638, 87.0638,11, 11
54, 14, 9, 169, 221, 0, 0,0, 0
54, 14, 10, 169, 221, 18.3864, 18.3864,2, 2
54, 14, 11, 169, 217, 6.67382, 6.67382,1, 1
54, 14, 12, 169, 205, 27.6334, 27.6334,3, 3
54, 14, 13, 169, 207, 9.82415, 9.82415,1, 1
54, 14, 15, 169, 151, 359.411, 398.38,42, 37
54, 14, 16, 169, 146, 116.966, 123.675,14, 13
54, 14, 17, 169, 147, 112.534, 120.288,12, 11
54, 14, 18, 169, 153, 43.3778, 43.3778,6, 6
54, 14, 19, 169, 182, 9.37656, 9.37656,1, 1
54, 14, 20, 169, 202, 292.327, 330.843,38, 33
54, 14, 21, 169, 125, 32.2157, 32.2157,4, 4
54, 14, 22, 169, 163, 100.413, 138.5,17, 12
54, 14, 23, 169, 196, 162.249, 184.35,21, 18
54, 14, 24, 169, 157, 96.0275, 111.041,13, 11
54, 14, 25, 169, 200, 398.52, 429.978,44, 40
54, 14, 26, 169, 220, 17.394, 17.394,2, 2
54, 14, 27, 169, 162, 14.8152, 14.8152,1, 1
54, 14, 28, 169, 187, 45.828, 45.828,4, 4
54, 14, 29, 169, 219, 9.05044, 15.8258,2, 1
54, 14, 30, 169, 193, 24.6317, 24.6317,3, 3
54, 14, 31, 169, 169, 18.6518, 18.6518,2, 2
54, 14, 32, 169, 196, 537.687, 666.19,59, 46
54, 14, 33, 169, 206, 0, 0,0, 0
54, 14, 34, 169, 156, 37.1121, 37.1121,5, 5
54, 14, 35, 169, 167, 50.9747, 50.9747,5, 5
54, 14, 36, 169, 199, 31.1585, 31.1585,3, 3
54, 14, 37, 169, 195, 434.796, 518.913,54, 44
54, 14, 38, 169, 224, 20.3741, 20.3741,2, 2
54, 14, 39, 169, 196, 40.3416, 54.0975,6, 4
54, 14, 40, 169, 188, 0, 0,0, 0
54, 14, 41, 169, 172, 17.8179, 17.8179,2, 2
54, 14, 42, 169, 165, 7.68105, 7.68105,1, 1
54, 14, 43, 169, 180, 17.8616, 25.329,3, 2
54, 14, 44, 169, 166, 33.5526, 33.5526,4, 4
54, 14, 45, 169, 215, 38.2235, 45.0224,6, 5
54, 14, 46, 169, 199, 45.9729, 45.9729,5, 5
54, 14, 47, 169, 197, 78.2455, 92.8508,10, 8
54, 15, 1, 151, 130, 7.26497, 7.26497,1, 1
54, 15, 2, 151, 168, 39.4606, 39.4606,3, 3
54, 15, 3, 151, 124, 33.3555, 33.3555,3, 3
54, 15, 4, 151, 253, 16.4064, 16.4064,2, 2
54, 15, 5, 151, 226, 17.2525, 17.2525,2, 2
54, 15, 6, 151, 220, 15.238, 15.238,2, 2
54, 15, 7, 151, 168, 402.069, 417.496,42, 40
54, 15, 8, 151, 161, 195.112, 195.112,20, 20
54, 15, 9, 151, 221, 0, 0,0, 0
54, 15, 10, 151, 221, 31.765, 31.765,2, 2
54, 15, 11, 151, 217, 68.5646, 68.5646,7, 7
54, 15, 12, 151, 205, 115.466, 115.466,11, 11
54, 15, 13, 151, 207, 27.5225, 27.5225,3, 3
54, 15, 14, 151, 169, 384.415, 398.38,42, 40
54, 15, 16, 151, 146, 49.9072, 49.9072,5, 5
54, 15, 17, 151, 147, 62.3508, 62.3508,6, 6
54, 15, 18, 151, 153, 95.4238, 95.4238,11, 11
54, 15, 19, 151, 182, 100.534, 100.534,11, 11
54, 15, 20, 151, 202, 527.293, 588.36,62, 55
54, 15, 21, 151, 125, 125.885, 132.78,13, 12
54, 15, 22, 151, 163, 135.921, 135.921,14, 14
54, 15, 23, 151, 196, 49.1377, 49.1377,5, 5
54, 15, 24, 151, 157, 14.2293, 14.2293,2, 2
54, 15, 25, 151, 200, 387.238, 398.113,38, 37
54, 15, 26, 151, 220, 28.6168, 28.6168,4, 4
54, 15, 27, 151, 162, 10.2949, 10.2949,1, 1
54, 15, 28, 151, 187, 58.0601, 58.0601,5, 5
54, 15, 29, 151, 219, 6.81468, 6.81468,1, 1
54, 15, 30, 151, 193, 19.8066, 19.8066,1, 1
54, 15, 31, 151, 169, 22.8792, 22.8792,3, 3
54, 15, 32, 151, 196, 235.779, 259.457,28, 25
54, 15, 33, 151, 206, 46.3186, 46.3186,5, 5
54, 15, 34, 151, 156, 185.021, 185.021,19, 19
54, 15, 35, 151, 167, 35.3723, 35.3723,3, 3
54, 15, 36, 151, 199, 77.8564, 77.8564,9, 9
54, 15, 37, 151, 195, 135.264, 135.264,14, 14
54, 15, 38, 151, 224, 30.2395, 30.2395,2, 2
54, 15, 39, 151, 196, 12.0108, 12.0108,1, 1
54, 15, 40, 151, 188, 17.6218, 17.6218,2, 2
54, 15, 41, 151, 172, 35.3822, 35.3822,4, 4
54, 15, 42, 151, 165, 43.909, 43.909,5, 5
54, 15, 43, 151, 180, 6.81432, 6.81432,1, 1
54, 15, 44, 151, 166, 22.7866, 22.7866,3, 3
54, 15, 45, 151, 215, 0, 0,0, 0
54, 15, 46, 151, 199, 47.2208, 47.2208,5, 5
54, 15, 47, 151, 197, 41.937, 41.937,5, 5
54, 16, 1, 146, 130, 21.7664, 21.7664,3, 3
54, 16, 2, 146, 168, 37.3231, 52.0254,5, 3
54, 16, 3, 146, 124, 42.0668, 57.8511,6, 4
54, 16, 4, 146, 253, 18.8915, 18.8915,2, 2
54, 16, 5, 146, 226, 0, 0,0, 0
54, 16, 6, 146, 220, 31.0183, 45.6133,6, 4
54, 16, 7, 146, 168, 26.6595, 34.1486,4, 3
54, 16, 8, 146, 161, 16.066, 16.066,2, 2
54, 16, 9, 146, 221, 22.7249, 30.6583,4, 3
54, 16, 10, 146, 221, 41.5397, 51.7967,5, 4
54, 16, 11, 146, 217, 38.9709, 38.9709,5, 5
54, 16, 12, 146, 205, 24.1905, 39.6394,5, 3
54, 16, 13, 146, 207, 0, 0,0, 0
54, 16, 14, 146, 169, 91.8539, 123.674,14, 10
54, 16, 15, 146, 151, 34.5048, 49.9087,5, 3
54, 16, 17, 146, 147, 210.186, 240.337,24, 20
54, 16, 18, 146, 153, 73.05, 80.1592,9, 8
54, 16, 19, 146, 182, 17.5971, 17.5971,2, 2
54, 16, 20, 146, 202, 11.9591, 19.5729,2, 1
54, 16, 21, 146, 125, 14.0421, 20.749,2, 1
54, 16, 22, 146, 163, 37.8499, 55.5291,5, 3
54, 16, 23, 146, 196, 39.4842, 48.2205,4, 3
54, 16, 24, 146, 157, 31.0313, 31.0313,4, 4
54, 16, 25, 146, 200, 41.9539, 48.9437,5, 4
54, 16, 26, 146, 220, 6.94301, 6.94301,1, 1
54, 16, 27, 146, 162, 20.4787, 30.9093,3, 2
54, 16, 28, 146, 187, 36.7073, 52.8719,4, 2
54, 16, 29, 146, 219, 0, 0,0, 0
54, 16, 30, 146, 193, 14.1757, 14.1757,2, 2
54, 16, 31, 146, 169, 16.278, 16.278,2, 2
54, 16, 32, 146, 196, 128.144, 203.236,21, 12
54, 16, 33, 146, 206, 0, 0,0, 0
54, 16, 34, 146, 156, 37.2831, 53.4432,6, 4
54, 16, 35, 146, 167, 50.7916, 68.0673,6, 4
54, 16, 36, 146, 199, 38.8892, 48.1463,5, 4
54, 16, 37, 146, 195, 102.417, 147.811,16, 10
54, 16, 38, 146, 224, 25.0269, 44.1974,4, 2
54, 16, 39, 146, 196, 88.8773, 110.944,14, 11
54, 16, 40, 146, 188, 0, 0,0, 0
54, 16, 41, 146, 172, 0, 0,0, 0
54, 16, 42, 146, 165, 0, 0,0, 0
54, 16, 43, 146, 180, 7.87754, 7.87754,1, 1
54, 16, 44, 146, 166, 7.21873, 14.2463,2, 1
54, 16, 45, 146, 215, 21.1659, 28.5837,4, 3
54, 16, 46, 146, 199, 37.3239, 53.1092,6, 4
54, 16, 47, 146, 197, 45.2108, 75.8871,9, 5
54, 17, 1, 147, 130, 30.6559, 45.0381,6, 4
54, 17, 2, 147, 168, 76.6016, 76.6016,5, 5
54, 17, 3, 147, 124, 56.1731, 56.1731,6, 6
54, 17, 4, 147, 253, 19.7212, 19.7212,2, 2
54, 17, 5, 147, 226, 23.5321, 23.5321,3, 3
54, 17, 6, 147, 220, 17.6006, 17.6006,2, 2
54, 17, 7, 147, 168, 51.2234, 51.2234,6, 6
54, 17, 8, 147, 161, 28.2081, 28.2081,4, 4
54, 17, 9, 147, 221, 0, 0,0, 0
54, 17, 10, 147, 221, 30.347, 30.347,2, 2
54, 17, 11, 147, 217, 30.5998, 30.5998,4, 4
54, 17, 12, 147, 205, 50.0957, 50.0957,6, 6
54, 17, 13, 147, 207, 32.5928, 32.5928,4, 4
54, 17, 14, 147, 169, 110.276, 120.289,12, 11
54, 17, 15, 147, 151, 62.3512, 62.3512,6, 6
54, 17, 16, 147, 146, 224.403, 240.336,24, 22
54, 17, 18, 147, 153, 200.834, 214.408,23, 22
54, 17, 19, 147, 182, 105.021, 105.021,12, 12
54, 17, 20, 147, 202, 87.2631, 87.2631,10, 10
54, 17, 21, 147, 125, 20.6467, 20.6467,2, 2
54, 17, 22, 147, 163, 81.7603, 112.053,10, 6
54, 17, 23, 147, 196, 48.6441, 56.2139,5, 4
54, 17, 24, 147, 157, 18.5005, 25.7587,3, 2
54, 17, 25, 147, 200, 124.368, 131.321,11, 10
54, 17, 26, 147, 220, 16.8213, 16.8213,2, 2
54, 17, 27, 147, 162, 32.8405, 32.8405,3, 3
54, 17, 28, 147, 187, 99.833, 99.833,5, 5
54, 17, 29, 147, 219, 8.14551, 8.14551,1, 1
54, 17, 30, 147, 193, 34.7206, 34.7206,4, 4
54, 17, 31, 147, 169, 46.1195, 46.1195,5, 5
54, 17, 32, 147, 196, 67.4452, 81.2998,9, 7
54, 17, 33, 147, 206, 7.67181, 7.67181,1, 1
54, 17, 34, 147, 156, 107.609, 114.773,13, 12
54, 17, 35, 147, 167, 62.7965, 62.7965,5, 5
54, 17, 36, 147, 199, 52.3656, 52.3656,6, 6
54, 17, 37, 147, 195, 77.4708, 77.4708,8, 8
54, 17, 38, 147, 224, 29.6259, 29.6259,2, 2
54, 17, 39, 147, 196, 38.6533, 38.6533,3, 3
54, 17, 40, 147, 188, 15.7469, 15.7469,2, 2
54, 17, 41, 147, 172, 20.5833, 20.5833,2, 2
54, 17, 42, 147, 165, 24.5642, 24.5642,3, 3
54, 17, 43, 147, 180, 29.5768, 36.3902,5, 4
54, 17, 44, 147, 166, 34.9848, 34.9848,4, 4
54, 17, 45, 147, 215, 22.3988, 22.3988,3, 3
54, 17, 46, 147, 199, 26.2232, 26.2232,3, 3
54, 17, 47, 147, 197, 38.6932, 45.5305,5, 4
54, 18, 1, 153, 130, 16.8751, 24.8872,3, 2
54, 18, 2, 153, 168, 34.6401, 34.6401,4, 4
54, 18, 3, 153, 124, 58.0544, 72.7944,8, 6
54, 18, 4, 153, 253, 0, 0,0, 0
54, 18, 5, 153, 226, 31.1867, 31.1867,4, 4
54, 18, 6, 153, 220, 24.3757, 24.3757,3, 3
54, 18, 7, 153, 168, 77.5612, 84.4679,10, 9
54, 18, 8, 153, 161, 92.7812, 92.7812,10, 10
54, 18, 9, 153, 221, 0, 0,0, 0
54, 18, 10, 153, 221, 18.8803, 18.8803,2, 2
54, 18, 11, 153, 217, 47.7626, 47.7626,5, 5
54, 18, 12, 153, 205, 62.6613, 62.6613,7, 7
54, 18, 13, 153, 207, 41.429, 41.429,5, 5
54, 18, 14, 153, 169, 29.6515, 43.3777,6, 4
54, 18, 15, 153, 151, 88.4645, 95.4236,11, 10
54, 18, 16, 153, 146, 73.4061, 80.1591,9, 8
54, 18, 17, 153, 147, 214.409, 214.409,23, 23
54, 18, 19, 153, 182, 219.386, 249.89,28, 24
54, 18, 20, 153, 202, 189.147, 211.525,23, 20
54, 18, 21, 153, 125, 67.0798, 67.0798,8, 8
54, 18, 22, 153, 163, 45.8638, 52.6606,6, 5
54, 18, 23, 153, 196, 36.9591, 36.9591,4, 4
54, 18, 24, 153, 157, 18.7225, 18.7225,2, 2
54, 18, 25, 153, 200, 79.6089, 79.6089,10, 10
54, 18, 26, 153, 220, 20.1082, 20.1082,2, 2
54, 18, 27, 153, 162, 32.0712, 32.0712,4, 4
54, 18, 28, 153, 187, 95.8636, 102.616,12, 11
54, 18, 29, 153, 219, 35.2783, 35.2783,4, 4
54, 18, 30, 153, 193, 36.3804, 36.3804,5, 5
54, 18, 31, 153, 169, 45.2297, 45.2297,4, 4
54, 18, 32, 153, 196, 38.2092, 38.2092,4, 4
54, 18, 33, 153, 206, 20.2376, 20.2376,2, 2
54, 18, 34, 153, 156, 88.488, 95.2686,10, 9
54, 18, 35, 153, 167, 36.1198, 36.1198,4, 4
54, 18, 36, 153, 199, 70.5235, 77.8234,8, 7
54, 18, 37, 153, 195, 24.4443, 24.4443,3, 3
54, 18, 38, 153, 224, 18.2703, 18.2703,2, 2
54, 18, 39, 153, 196, 27.4606, 27.4606,4, 4
54, 18, 40, 153, 188, 15.0566, 15.0566,2, 2
54, 18, 41, 153, 172, 41.3687, 50.6619,6, 5
54, 18, 42, 153, 165, 111.999, 119.116,12, 11
54, 18, 43, 153, 180, 30.6688, 30.6688,4, 4
54, 18, 44, 153, 166, 33.5834, 33.5834,4, 4
54, 18, 45, 153, 215, 0, 0,0, 0
54, 18, 46, 153, 199, 36.1742, 36.1742,4, 4
54, 18, 47, 153, 197, 23.3252, 23.3252,3, 3
54, 19, 1, 182, 130, 0, 0,0, 0
54, 19, 2, 182, 168, 30.7563, 30.7563,4, 4
54, 19, 3, 182, 124, 0, 0,0, 0
54, 19, 4, 182, 253, 6.87818, 6.87818,1, 1
54, 19, 5, 182, 226, 7.17141, 7.17141,1, 1
54, 19, 6, 182, 220, 0, 0,0, 0
54, 19, 7, 182, 168, 33.859, 33.859,4, 4
54, 19, 8, 182, 161, 179.647, 186.631,21, 20
54, 19, 9, 182, 221, 0, 0,0, 0
54, 19, 10, 182, 221, 0, 0,0, 0
54, 19, 11, 182, 217, 6.73515, 6.73515,1, 1
54, 19, 12, 182, 205, 37.0719, 37.0719,4, 4
54, 19, 13, 182, 207, 83.8416, 83.8416,10, 10
54, 19, 14, 182, 169, 9.37653, 9.37653,1, 1
54, 19, 15, 182, 151, 100.535, 100.535,11, 11
54, 19, 16, 182, 146, 17.5971, 17.5971,2, 2
54, 19, 17, 182, 147, 105.02, 105.02,12, 12
54, 19, 18, 182, 153, 249.89, 249.89,28, 28
54, 19, 20, 182, 202, 104.881, 104.881,13, 13
54, 19, 21, 182, 125, 62.8747, 62.8747,7, 7
54, 19, 22, 182, 163, 26.2627, 26.2627,3, 3
54, 19, 23, 182, 196, 19.0632, 19.0632,2, 2
54, 19, 24, 182, 157, 0, 0,0, 0
54, 19, 25, 182, 200, 30.2144, 30.2144,4, 4
54, 19, 26, 182, 220, 26.6473, 26.6473,3, 3
54, 19, 27, 182, 162, 18.4293, 18.4293,2, 2
54, 19, 28, 182, 187, 54.2717, 54.2717,6, 6
54, 19, 29, 182, 219, 24.7772, 32.9059,4, 3
54, 19, 30, 182, 193, 51.7244, 66.8758,8, 6
54, 19, 31, 182, 169, 38.1897, 38.1897,4, 4
54, 19, 32, 182, 196, 7.42257, 7.42257,1, 1
54, 19, 33, 182, 206, 21.5569, 21.5569,2, 2
54, 19, 34, 182, 156, 40.8113, 40.8113,5, 5
54, 19, 35, 182, 167, 0, 0,0, 0
54, 19, 36, 182, 199, 38.206, 38.206,5, 5
54, 19, 37, 182, 195, 7.75507, 7.75507,1, 1
54, 19, 38, 182, 224, 0, 0,0, 0
54, 19, 39, 182, 196, 6.95702, 6.95702,1, 1
54, 19, 40, 182, 188, 83.2308, 83.2308,9, 9
54, 19, 41, 182, 172, 56.2953, 56.2953,6, 6
54, 19, 42, 182, 165, 78.2172, 78.2172,9, 9
54, 19, 43, 182, 180, 28.5215, 28.5215,3, 3
54, 19, 44, 182, 166, 31.0273, 31.0273,3, 3
54, 19, 45, 182, 215, 0, 0,0, 0
54, 19, 46, 182, 199, 9.2691, 9.2691,1, 1
54, 19, 47, 182, 197, 19.8586, 19.8586,2, 2
54, 20, 1, 202, 130, 0, 0,0, 0
54, 20, 2, 202, 168, 49.4761, 49.4761,4, 4
54, 20, 3, 202, 124, 21.9834, 21.9834,2, 2
54, 20, 4, 202, 253, 22.8645, 22.8645,2, 2
54, 20, 5, 202, 226, 14.818, 14.818,2, 2
54, 20, 6, 202, 220, 28.2126, 28.2126,3, 3
54, 20, 7, 202, 168, 430.503, 437.611,44, 43
54, 20, 8, 202, 161, 213.12, 238.327,26, 23
54, 20, 9, 202, 221, 0, 0,0, 0
54, 20, 10, 202, 221, 20.2204, 20.2204,2, 2
54, 20, 11, 202, 217, 17.7366, 17.7366,2, 2
54, 20, 12, 202, 205, 93.9844, 111.911,12, 10
54, 20, 13, 202, 207, 25.9458, 25.9458,3, 3
54, 20, 14, 202, 169, 309.337, 330.842,38, 35
54, 20, 15, 202, 151, 509.843, 588.359,62, 53
54, 20, 16, 202, 146, 19.5728, 19.5728,2, 2
54, 20, 17, 202, 147, 87.2621, 87.2621,10, 10
54, 20, 18, 202, 153, 182.074, 211.526,23, 19
54, 20, 19, 202, 182, 98.1586, 104.881,13, 12
54, 20, 21, 202, 125, 101.231, 109.838,13, 12
54, 20, 22, 202, 163, 123.134, 123.134,12, 12
54, 20, 23, 202, 196, 57.587, 72.0424,9, 7
54, 20, 24, 202, 157, 23.0686, 23.0686,3, 3
54, 20, 25, 202, 200, 514.951, 603.637,58, 47
54, 20, 26, 202, 220, 16.7234, 16.7234,2, 2
54, 20, 27, 202, 162, 19.1613, 19.1613,1, 1
54, 20, 28, 202, 187, 59.4524, 59.4524,5, 5
54, 20, 29, 202, 219, 21.9985, 21.9985,3, 3
54, 20, 30, 202, 193, 49.8222, 49.8222,6, 6
54, 20, 31, 202, 169, 38.4135, 38.4135,4, 4
54, 20, 32, 202, 196, 269.931, 287.062,32, 30
54, 20, 33, 202, 206, 28.9453, 47.7344,5, 3
54, 20, 34, 202, 156, 101.574, 145.422,16, 11
54, 20, 35, 202, 167, 40.9312, 40.9312,5, 5
54, 20, 36, 202, 199, 111.718, 136.166,14, 12
54, 20, 37, 202, 195, 211.243, 237.688,25, 22
54, 20, 38, 202, 224, 25.0575, 25.0575,2, 2
54, 20, 39, 202, 196, 13.5477, 13.5477,1, 1
54, 20, 40, 202, 188, 15.1378, 22.0105,3, 2
54, 20, 41, 202, 172, 41.8313, 61.9938,7, 5
54, 20, 42, 202, 165, 55.2934, 70.0881,9, 7
54, 20, 43, 202, 180, 16.5375, 16.5375,2, 2
54, 20, 44, 202, 166, 28.1366, 28.1366,3, 3
54, 20, 45, 202, 215, 8.74444, 8.74444,1, 1
54, 20, 46, 202, 199, 45.5468, 45.5468,5, 5
54, 20, 47, 202, 197, 24.8717, 24.8717,2, 2
54, 21, 1, 125, 130, 6.89004, 6.89004,1, 1
54, 21, 2, 125, 168, 44.629, 44.629,5, 5
54, 21, 3, 125, 124, 28.828, 28.828,3, 3
54, 21, 4, 125, 253, 14.8523, 14.8523,2, 2
54, 21, 5, 125, 226, 36.665, 43.3501,5, 4
54, 21, 6, 125, 220, 30.1519, 30.1519,4, 4
54, 21, 7, 125, 168, 43.3773, 43.3773,5, 5
54, 21, 8, 125, 161, 154.47, 174.869,20, 17
54, 21, 9, 125, 221, 0, 0,0, 0
54, 21, 10, 125, 221, 36.8795, 36.8795,2, 2
54, 21, 11, 125, 217, 23.7335, 23.7335,3, 3
54, 21, 12, 125, 205, 46.4254, 46.4254,5, 5
54, 21, 13, 125, 207, 62.0338, 62.0338,7, 7
54, 21, 14, 125, 169, 24.7516, 32.2157,4, 3
54, 21, 15, 125, 151, 132.781, 132.781,13, 13
54, 21, 16, 125, 146, 20.749, 20.749,2, 2
54, 21, 17, 125, 147, 20.6466, 20.6466,2, 2
54, 21, 18, 125, 153, 60.2634, 67.0798,8, 7
54, 21, 19, 125, 182, 55.8497, 62.8751,7, 6
54, 21, 20, 125, 202, 109.837, 109.837,13, 13
54, 21, 22, 125, 163, 269.458, 284.975,28, 26
54, 21, 23, 125, 196, 100.083, 100.083,11, 11
54, 21, 24, 125, 157, 31.3784, 31.3784,4, 4
54, 21, 25, 125, 200, 105.526, 105.526,10, 10
54, 21, 26, 125, 220, 99.266, 131.876,15, 11
54, 21, 27, 125, 162, 26.3335, 26.3335,2, 2
54, 21, 28, 125, 187, 61.4179, 61.4179,5, 5
54, 21, 29, 125, 219, 22.332, 22.332,3, 3
54, 21, 30, 125, 193, 57.6891, 57.6891,6, 6
54, 21, 31, 125, 169, 22.3469, 22.3469,3, 3
54, 21, 32, 125, 196, 56.6919, 56.6919,4, 4
54, 21, 33, 125, 206, 0, 0,0, 0
54, 21, 34, 125, 156, 131.459, 138.167,14, 13
54, 21, 35, 125, 167, 19.421, 19.421,1, 1
54, 21, 36, 125, 199, 73.8308, 82.7381,10, 9
54, 21, 37, 125, 195, 25.3812, 25.3812,2, 2
54, 21, 38, 125, 224, 24.1257, 24.1257,2, 2
54, 21, 39, 125, 196, 11.3629, 11.3629,1, 1
54, 21, 40, 125, 188, 32.8254, 32.8254,3, 3
54, 21, 41, 125, 172, 55.0304, 55.0304,6, 6
54, 21, 42, 125, 165, 56.8425, 56.8425,7, 7
54, 21, 43, 125, 180, 16.9395, 16.9395,2, 2
54, 21, 44, 125, 166, 100.538, 114.484,12, 10
54, 21, 45, 125, 215, 0, 0,0, 0
54, 21, 46, 125, 199, 93.1128, 100.313,10, 9
54, 21, 47, 125, 197, 46.6984, 46.6984,4, 4
54, 22, 1, 163, 130, 0, 0,0, 0
54, 22, 2, 163, 168, 97.6867, 97.6867,8, 8
54, 22, 3, 163, 124, 22.4015, 22.4015,2, 2
54, 22, 4, 163, 253, 21.9587, 21.9587,2, 2
54, 22, 5, 163, 226, 26.6464, 26.6464,3, 3
54, 22, 6, 163, 220, 40.6352, 65.5081,7, 4
54, 22, 7, 163, 168, 78.5567, 85.4976,10, 9
54, 22, 8, 163, 161, 35.8783, 44.2792,5, 4
54, 22, 9, 163, 221, 0, 0,0, 0
54, 22, 10, 163, 221, 29.8591, 29.8591,2, 2
54, 22, 11, 163, 217, 0, 0,0, 0
54, 22, 12, 163, 205, 49.6909, 49.6909,5, 5
54, 22, 13, 163, 207, 16.6604, 16.6604,2, 2
54, 22, 14, 163, 169, 109.102, 138.5,17, 13
54, 22, 15, 163, 151, 135.921, 135.921,14, 14
54, 22, 16, 163, 146, 55.5286, 55.5286,5, 5
54, 22, 17, 163, 147, 88.1792, 112.052,10, 7
54, 22, 18, 163, 153, 45.8637, 52.6604,6, 5
54, 22, 19, 163, 182, 26.2624, 26.2624,3, 3
54, 22, 20, 163, 202, 116.298, 123.135,12, 11
54, 22, 21, 163, 125, 253.103, 284.975,28, 24
54, 22, 23, 163, 196, 203.258, 224.564,25, 22
54, 22, 24, 163, 157, 56.5376, 82.6673,9, 6
54, 22, 25, 163, 200, 157.776, 157.776,15, 15
54, 22, 26, 163, 220, 41.2951, 41.2951,5, 5
54, 22, 27, 163, 162, 27.2296, 38.4413,3, 2
54, 22, 28, 163, 187, 79.2928, 79.2928,5, 5
54, 22, 29, 163, 219, 7.92434, 7.92434,1, 1
54, 22, 30, 163, 193, 48.7424, 66.3493,7, 5
54, 22, 31, 163, 169, 32.6353, 32.6353,4, 4
54, 22, 32, 163, 196, 57.0025, 63.9482,6, 5
54, 22, 33, 163, 206, 9.31655, 9.31655,1, 1
54, 22, 34, 163, 156, 128.94, 169.835,19, 14
54, 22, 35, 163, 167, 42.9466, 42.9466,4, 4
54, 22, 36, 163, 199, 29.413, 29.413,3, 3
54, 22, 37, 163, 195, 56.1646, 56.1646,6, 6
54, 22, 38, 163, 224, 32.1269, 32.1269,2, 2
54, 22, 39, 163, 196, 43.1735, 50.0059,4, 3
54, 22, 40, 163, 188, 28.3039, 28.3039,4, 4
54, 22, 41, 163, 172, 30.8921, 30.8921,4, 4
54, 22, 42, 163, 165, 49.5797, 57.1589,6, 5
54, 22, 43, 163, 180, 41.0619, 41.0619,5, 5
54, 22, 44, 163, 166, 68.6853, 68.6853,8, 8
54, 22, 45, 163, 215, 25.3028, 56.0963,7, 3
54, 22, 46, 163, 199, 134.495, 150.079,17, 15
54, 22, 47, 163, 197, 140.945, 199.244,21, 14
54, 23, 1, 196, 130, 15.8666, 15.8666,2, 2
54, 23, 2, 196, 168, 37.0419, 37.0419,4, 4
54, 23, 3, 196, 124, 30.7093, 30.7093,3, 3
54, 23, 4, 196, 253, 14.6374, 14.6374,2, 2
54, 23, 5, 196, 226, 14.9344, 14.9344,2, 2
54, 23, 6, 196, 220, 33.5376, 40.8903,5, 4
54, 23, 7, 196, 168, 65.3992, 65.3992,8, 8
54, 23, 8, 196, 161, 18.4539, 25.1716,3, 2
54, 23, 9, 196, 221, 22.5387, 29.7648,4, 3
54, 23, 10, 196, 221, 65.6459, 72.4343,7, 6
54, 23, 11, 196, 217, 7.09912, 7.09912,1, 1
54, 23, 12, 196, 205, 30.6134, 30.6134,4, 4
54, 23, 13, 196, 207, 0, 0,0, 0
54, 23, 14, 196, 169, 161.07, 184.35,21, 18
54, 23, 15, 196, 151, 42.3111, 49.1379,5, 4
54, 23, 16, 196, 146, 41.2735, 48.2194,4, 3
54, 23, 17, 196, 147, 56.2137, 56.2137,5, 5
54, 23, 18, 196, 153, 36.9595, 36.9595,4, 4
54, 23, 19, 196, 182, 19.0633, 19.0633,2, 2
54, 23, 20, 196, 202, 72.0424, 72.0424,9, 9
54, 23, 21, 196, 125, 77.396, 100.082,11, 8
54, 23, 22, 196, 163, 217.48, 224.564,25, 24
54, 23, 24, 196, 157, 373.532, 451.136,48, 38
54, 23, 25, 196, 200, 77.7965, 85.2731,9, 8
54, 23, 26, 196, 220, 14.0776, 14.0776,2, 2
54, 23, 27, 196, 162, 10.0318, 10.0318,1, 1
54, 23, 28, 196, 187, 41.2119, 41.2119,3, 3
54, 23, 29, 196, 219, 7.52804, 7.52804,1, 1
54, 23, 30, 196, 193, 0, 0,0, 0
54, 23, 31, 196, 169, 0, 0,0, 0
54, 23, 32, 196, 196, 134.433, 193.534,22, 14
54, 23, 33, 196, 206, 0, 0,0, 0
54, 23, 34, 196, 156, 46.419, 46.419,5, 5
54, 23, 35, 196, 167, 88.2289, 110.229,9, 7
54, 23, 36, 196, 199, 23.95, 23.95,3, 3
54, 23, 37, 196, 195, 111.004, 133.121,16, 13
54, 23, 38, 196, 224, 24.4474, 24.4474,2, 2
54, 23, 39, 196, 196, 54.5571, 76.7362,8, 5
54, 23, 40, 196, 188, 0, 0,0, 0
54, 23, 41, 196, 172, 8.36479, 8.36479,1, 1
54, 23, 42, 196, 165, 15.3055, 15.3055,2, 2
54, 23, 43, 196, 180, 0, 0,0, 0
54, 23, 44, 196, 166, 16.0257, 16.0257,2, 2
54, 23, 45, 196, 215, 38.8273, 45.9978,6, 5
54, 23, 46, 196, 199, 38.3068, 38.3068,5, 5
54, 23, 47, 196, 197, 148.331, 179.407,20, 16
54, 24, 1, 157, 130, 14.6209, 21.7155,3, 2
54, 24, 2, 157, 168, 0, 0,0, 0
54, 24, 3, 157, 124, 15.9416, 31.3992,2, 1
54, 24, 4, 157, 253, 0, 0,0, 0
54, 24, 5, 157, 226, 17.4575, 17.4575,2, 2
54, 24, 6, 157, 220, 60.975, 68.2037,9, 8
54, 24, 7, 157, 168, 8.19767, 8.19767,1, 1
54, 24, 8, 157, 161, 0, 0,0, 0
54, 24, 9, 157, 221, 38.7398, 45.5667,6, 5
54, 24, 10, 157, 221, 58.4729, 66.2333,9, 8
54, 24, 11, 157, 217, 0, 0,0, 0
54, 24, 12, 157, 205, 0, 0,0, 0
54, 24, 13, 157, 207, 0, 0,0, 0
54, 24, 14, 157, 169, 94.3052, 111.041,13, 11
54, 24, 15, 157, 151, 7.33076, 14.2294,2, 1
54, 24, 16, 157, 146, 31.0312, 31.0312,4, 4
54, 24, 17, 157, 147, 25.7587, 25.7587,3, 3
54, 24, 18, 157, 153, 9.62963, 18.7226,2, 1
54, 24, 19, 157, 182, 0, 0,0, 0
54, 24, 20, 157, 202, 23.0685, 23.0685,3, 3
54, 24, 21, 157, 125, 23.4562, 31.3784,4, 3
54, 24, 22, 157, 163, 74.0522, 82.6672,9, 8
54, 24, 23, 157, 196, 384.926, 451.134,48, 40
54, 24, 25, 157, 200, 36.7317, 50.3512,6, 4
54, 24, 26, 157, 220, 9.41704, 17.885,2, 1
54, 24, 27, 157, 162, 0, 0,0, 0
54, 24, 28, 157, 187, 7.08176, 13.7558,2, 1
54, 24, 29, 157, 219, 0, 0,0, 0
54, 24, 30, 157, 193, 0, 0,0, 0
54, 24, 31, 157, 169, 0, 0,0, 0
54, 24, 32, 157, 196, 115.247, 185.052,20, 12
54, 24, 33, 157, 206, 37.8735, 37.8735,5, 5
54, 24, 34, 157, 156, 37.3545, 63.8748,7, 4
54, 24, 35, 157, 167, 74.4809, 96.5206,11, 8
54, 24, 36, 157, 199, 0, 0,0, 0
54, 24, 37, 157, 195, 68.4845, 101.385,12, 8
54, 24, 38, 157, 224, 25.1841, 25.1841,3, 3
54, 24, 39, 157, 196, 66.1076, 74.4804,8, 7
54, 24, 40, 157, 188, 0, 0,0, 0
54, 24, 41, 157, 172, 0, 0,0, 0
54, 24, 42, 157, 165, 0, 0,0, 0
54, 24, 43, 157, 180, 36.4086, 36.4086,5, 5
54, 24, 44, 157, 166, 7.19854, 7.19854,1, 1
54, 24, 45, 157, 215, 60.1021, 60.1021,7, 7
54, 24, 46, 157, 199, 6.86002, 6.86002,1, 1
54, 24, 47, 157, 197, 113.087, 123.733,15, 14
54, 25, 1, 200, 130, 6.86272, 6.86272,1, 1
54, 25, 2, 200, 168, 80.4303, 80.4303,7, 7
54, 25, 3, 200, 124, 45.649, 45.649,5, 5
54, 25, 4, 200, 253, 17.5107, 17.5107,2, 2
54, 25, 5, 200, 226, 24.9922, 24.9922,3, 3
54, 25, 6, 200, 220, 25.6546, 25.6546,3, 3
54, 25, 7, 200, 168, 481.849, 519.35,55, 50
54, 25, 8, 200, 161, 101.487, 108.739,13, 12
54, 25, 9, 200, 221, 0, 0,0, 0
54, 25, 10, 200, 221, 34.0956, 34.0956,2, 2
54, 25, 11, 200, 217, 19.5874, 19.5874,2, 2
54, 25, 12, 200, 205, 65.5355, 65.5355,8, 8
54, 25, 13, 200, 207, 44.6459, 44.6459,5, 5
54, 25, 14, 200, 169, 415.237, 429.986,44, 42
54, 25, 15, 200, 151, 367.235, 398.115,38, 35
54, 25, 16, 200, 146, 41.6468, 48.9432,5, 4
54, 25, 17, 200, 147, 122.723, 131.322,11, 10
54, 25, 18, 200, 153, 72.3875, 79.6088,10, 9
54, 25, 19, 200, 182, 30.2143, 30.2143,4, 4
54, 25, 20, 200, 202, 586.329, 603.637,58, 56
54, 25, 21, 200, 125, 105.526, 105.526,10, 10
54, 25, 22, 200, 163, 157.773, 157.773,15, 15
54, 25, 23, 200, 196, 77.9946, 85.2733,9, 8
54, 25, 24, 200, 157, 50.3513, 50.3513,6, 6
54, 25, 26, 200, 220, 7.95206, 7.95206,1, 1
54, 25, 27, 200, 162, 27.9478, 27.9478,3, 3
54, 25, 28, 200, 187, 112.509, 119.344,11, 10
54, 25, 29, 200, 219, 18.08, 18.08,2, 2
54, 25, 30, 200, 193, 40.2213, 40.2213,5, 5
54, 25, 31, 200, 169, 75.5984, 75.5984,8, 8
54, 25, 32, 200, 196, 350.713, 357.471,35, 34
54, 25, 33, 200, 206, 7.30535, 7.30535,1, 1
54, 25, 34, 200, 156, 83.868, 83.868,9, 9
54, 25, 35, 200, 167, 80.1533, 89.2383,9, 8
54, 25, 36, 200, 199, 74.2012, 74.2012,9, 9
54, 25, 37, 200, 195, 269.452, 284.592,28, 26
54, 25, 38, 200, 224, 24.5656, 24.5656,2, 2
54, 25, 39, 200, 196, 40.3078, 47.05,5, 4
54, 25, 40, 200, 188, 15.0074, 15.0074,2, 2
54, 25, 41, 200, 172, 18.6645, 18.6645,2, 2
54, 25, 42, 200, 165, 34.0139, 41.358,5, 4
54, 25, 43, 200, 180, 19.2243, 19.2243,2, 2
54, 25, 44, 200, 166, 42.2041, 42.2041,5, 5
54, 25, 45, 200, 215, 7.69895, 7.69895,1, 1
54, 25, 46, 200, 199, 45.7852, 45.7852,6, 6
54, 25, 47, 200, 197, 29.4098, 29.4098,3, 3
54, 26, 1, 220, 130, 7.51976, 7.51976,1, 1
54, 26, 2, 220, 168, 14.3332, 14.3332,2, 2
54, 26, 3, 220, 124, 18.0651, 18.0651,2, 2
54, 26, 4, 220, 253, 0, 0,0, 0
54, 26, 5, 220, 226, 39.8173, 39.8173,5, 5
54, 26, 6, 220, 220, 8.66107, 8.66107,1, 1
54, 26, 7, 220, 168, 24.101, 24.101,3, 3
54, 26, 8, 220, 161, 47.1889, 68.636,9, 6
54, 26, 9, 220, 221, 0, 0,0, 0
54, 26, 10, 220, 221, 9.17512, 9.17512,1, 1
54, 26, 11, 220, 217, 7.22817, 7.22817,1, 1
54, 26, 12, 220, 205, 24.7325, 24.7325,3, 3
54, 26, 13, 220, 207, 0, 0,0, 0
54, 26, 14, 220, 169, 17.394, 17.394,2, 2
54, 26, 15, 220, 151, 28.6169, 28.6169,4, 4
54, 26, 16, 220, 146, 6.94302, 6.94302,1, 1
54, 26, 17, 220, 147, 16.8213, 16.8213,2, 2
54, 26, 18, 220, 153, 20.1082, 20.1082,2, 2
54, 26, 19, 220, 182, 26.6473, 26.6473,3, 3
54, 26, 20, 220, 202, 16.7234, 16.7234,2, 2
54, 26, 21, 220, 125, 99.8287, 131.875,15, 11
54, 26, 22, 220, 163, 41.2953, 41.2953,5, 5
54, 26, 23, 220, 196, 14.0776, 14.0776,2, 2
54, 26, 24, 220, 157, 17.8851, 17.8851,2, 2
54, 26, 25, 220, 200, 7.95208, 7.95208,1, 1
54, 26, 27, 220, 162, 7.23522, 7.23522,1, 1
54, 26, 28, 220, 187, 21.1086, 21.1086,3, 3
54, 26, 29, 220, 219, 0, 0,0, 0
54, 26, 30, 220, 193, 23.8147, 23.8147,3, 3
54, 26, 31, 220, 169, 7.38365, 7.38365,1, 1
54, 26, 32, 220, 196, 27.7772, 27.7772,3, 3
54, 26, 33, 220, 206, 13.5146, 13.5146,2, 2
54, 26, 34, 220, 156, 48.2024, 61.977,7, 5
54, 26, 35, 220, 167, 7.04555, 7.04555,1, 1
54, 26, 36, 220, 199, 15.2947, 15.2947,2, 2
54, 26, 37, 220, 195, 17.6481, 17.6481,2, 2
54, 26, 38, 220, 224, 8.19891, 8.19891,1, 1
54, 26, 39, 220, 196, 0, 0,0, 0
54, 26, 40, 220, 188, 22.4164, 22.4164,3, 3
54, 26, 41, 220, 172, 23.0678, 23.0678,3, 3
54, 26, 42, 220, 165, 14.872, 14.872,2, 2
54, 26, 43, 220, 180, 10.7875, 10.7875,1, 1
54, 26, 44, 220, 166, 24.8331, 32.1313,4, 3
54, 26, 45, 220, 215, 0, 0,0, 0
54, 26, 46, 220, 199, 65.4402, 65.4402,8, 8
54, 26, 47, 220, 197, 33.3816, 33.3816,4, 4
54, 27, 1, 162, 130, 61.6289, 68.6403,9, 8
54, 27, 2, 162, 168, 112.183, 112.183,13, 13
54, 27, 3, 162, 124, 66.7716, 73.5981,8, 7
54, 27, 4, 162, 253, 18.9337, 18.9337,2, 2
54, 27, 5, 162, 226, 7.61831, 7.61831,1, 1
54, 27, 6, 162, 220, 17.6909, 17.6909,2, 2
54, 27, 7, 162, 168, 15.3538, 15.3538,1, 1
54, 27, 8, 162, 161, 16.4841, 16.4841,2, 2
54, 27, 9, 162, 221, 8.24015, 8.24015,1, 1
54, 27, 10, 162, 221, 27.9837, 27.9837,3, 3
54, 27, 11, 162, 217, 23.1813, 23.1813,3, 3
54, 27, 12, 162, 205, 58.5604, 58.5604,5, 5
54, 27, 13, 162, 207, 16.5441, 16.5441,2, 2
54, 27, 14, 162, 169, 14.8149, 14.8149,1, 1
54, 27, 15, 162, 151, 10.2946, 10.2946,1, 1
54, 27, 16, 162, 146, 30.9092, 30.9092,3, 3
54, 27, 17, 162, 147, 32.8409, 32.8409,3, 3
54, 27, 18, 162, 153, 32.0709, 32.0709,4, 4
54, 27, 19, 162, 182, 18.4293, 18.4293,2, 2
54, 27, 20, 162, 202, 19.1613, 19.1613,1, 1
54, 27, 21, 162, 125, 26.3337, 26.3337,2, 2
54, 27, 22, 162, 163, 38.4405, 38.4405,3, 3
54, 27, 23, 162, 196, 10.0318, 10.0318,1, 1
54, 27, 24, 162, 157, 0, 0,0, 0
54, 27, 25, 162, 200, 27.9479, 27.9479,3, 3
54, 27, 26, 162, 220, 7.23522, 7.23522,1, 1
54, 27, 28, 162, 187, 458.21, 493.593,47, 43
54, 27, 29, 162, 219, 0, 0,0, 0
54, 27, 30, 162, 193, 124.542, 136.126,13, 12
54, 27, 31, 162, 169, 415.955, 462.529,46, 41
54, 27, 32, 162, 196, 30.9202, 30.9202,3, 3
54, 27, 33, 162, 206, 15.7234, 15.7234,2, 2
54, 27, 34, 162, 156, 39.4572, 39.4572,4, 4
54, 27, 35, 162, 167, 10.5086, 10.5086,1, 1
54, 27, 36, 162, 199, 35.8433, 35.8433,3, 3
54, 27, 37, 162, 195, 22.5863, 22.5863,2, 2
54, 27, 38, 162, 224, 47.4034, 54.7538,4, 3
54, 27, 39, 162, 196, 28.7342, 35.8082,4, 3
54, 27, 40, 162, 188, 7.6038, 7.6038,1, 1
54, 27, 41, 162, 172, 23.5694, 23.5694,3, 3
54, 27, 42, 162, 165, 7.11166, 7.11166,1, 1
54, 27, 43, 162, 180, 51.6845, 51.6845,6, 6
54, 27, 44, 162, 166, 20.6521, 20.6521,2, 2
54, 27, 45, 162, 215, 0, 0,0, 0
54, 27, 46, 162, 199, 27.2026, 27.2026,3, 3
54, 27, 47, 162, 197, 22.0676, 22.0676,2, 2
54, 28, 1, 187, 130, 33.1359, 33.1359,4, 4
54, 28, 2, 187, 168, 156.828, 204.512,19, 15
54, 28, 3, 187, 124, 67.9048, 94.8468,11, 8
54, 28, 4, 187, 253, 25.8331, 42.7091,5, 3
54, 28, 5, 187, 226, 14.1896, 14.1896,2, 2
54, 28, 6, 187, 220, 35.8106, 45.4761,5, 4
54, 28, 7, 187, 168, 54.939, 62.7202,7, 6
54, 28, 8, 187, 161, 44.1131, 53.115,6, 5
54, 28, 9, 187, 221, 0, 0,0, 0
54, 28, 10, 187, 221, 49.3051, 77.7779,6, 4
54, 28, 11, 187, 217, 61.2752, 61.2752,7, 7
54, 28, 12, 187, 205, 49.4786, 67.3207,7, 5
54, 28, 13, 187, 207, 20.9856, 20.9856,2, 2
54, 28, 14, 187, 169, 34.6566, 45.8283,4, 3
54, 28, 15, 187, 151, 42.9672, 58.0605,5, 4
54, 28, 16, 187, 146, 27.711, 52.8678,4, 2
54, 28, 17, 187, 147, 68.2441, 99.8323,5, 4
54, 28, 18, 187, 153, 94.3225, 102.616,12, 11
54, 28, 19, 187, 182, 54.2715, 54.2715,6, 6
54, 28, 20, 187, 202, 45.4231, 59.4516,5, 4
54, 28, 21, 187, 125, 49.33, 61.4181,5, 4
54, 28, 22, 187, 163, 52.7802, 79.2934,5, 4
54, 28, 23, 187, 196, 26.5802, 41.2123,3, 2
54, 28, 24, 187, 157, 13.7558, 13.7558,2, 2
54, 28, 25, 187, 200, 104.381, 119.345,11, 10
54, 28, 26, 187, 220, 21.1085, 21.1085,3, 3
54, 28, 27, 187, 162, 446.479, 493.594,47, 42
54, 28, 29, 187, 219, 21.699, 21.699,3, 3
54, 28, 30, 187, 193, 198.173, 205.646,22, 21
54, 28, 31, 187, 169, 566.132, 634.855,59, 50
54, 28, 32, 187, 196, 37.4262, 67.8753,6, 3
54, 28, 33, 187, 206, 28.7844, 28.7844,3, 3
54, 28, 34, 187, 156, 39.9522, 58.0843,6, 4
54, 28, 35, 187, 167, 23.9655, 41.2295,2, 1
54, 28, 36, 187, 199, 78.8022, 90.1251,9, 8
54, 28, 37, 187, 195, 25.0832, 45.688,4, 2
54, 28, 38, 187, 224, 43.224, 72.0514,5, 3
54, 28, 39, 187, 196, 23.6424, 45.9444,2, 1
54, 28, 40, 187, 188, 7.58108, 7.58108,1, 1
54, 28, 41, 187, 172, 27.5155, 27.5155,3, 3
54, 28, 42, 187, 165, 46.5053, 46.5053,6, 6
54, 28, 43, 187, 180, 68.565, 68.565,9, 9
54, 28, 44, 187, 166, 35.1346, 43.3278,5, 4
54, 28, 45, 187, 215, 0, 0,0, 0
54, 28, 46, 187, 199, 31.6942, 43.1686,4, 3
54, 28, 47, 187, 197, 45.6926, 69.9202,6, 4
54, 29, 1, 219, 130, 0, 0,0, 0
54, 29, 2, 219, 168, 21.9456, 21.9456,3, 3
54, 29, 3, 219, 124, 0, 0,0, 0
54, 29, 4, 219, 253, 6.95603, 6.95603,1, 1
54, 29, 5, 219, 226, 15.4979, 15.4979,1, 1
54, 29, 6, 219, 220, 21.4549, 21.4549,3, 3
54, 29, 7, 219, 168, 7.09518, 7.09518,1, 1
54, 29, 8, 219, 161, 25.9732, 25.9732,3, 3
54, 29, 9, 219, 221, 25.1144, 32.0061,4, 3
54, 29, 10, 219, 221, 0, 0,0, 0
54, 29, 11, 219, 217, 45.0908, 45.0908,5, 5
54, 29, 12, 219, 205, 38.1026, 45.3104,6, 5
54, 29, 13, 219, 207, 56.141, 56.141,6, 6
54, 29, 14, 219, 169, 15.8258, 15.8258,2, 2
54, 29, 15, 219, 151, 6.81468, 6.81468,1, 1
54, 29, 16, 219, 146, 0, 0,0, 0
54, 29, 17, 219, 147, 8.14551, 8.14551,1, 1
54, 29, 18, 219, 153, 35.2782, 35.2782,4, 4
54, 29, 19, 219, 182, 32.9058, 32.9058,4, 4
54, 29, 20, 219, 202, 15.2968, 21.9984,3, 2
54, 29, 21, 219, 125, 22.3321, 22.3321,3, 3
54, 29, 22, 219, 163, 7.92434, 7.92434,1, 1
54, 29, 23, 219, 196, 7.52801, 7.52801,1, 1
54, 29, 24, 219, 157, 0, 0,0, 0
54, 29, 25, 219, 200, 18.0799, 18.0799,2, 2
54, 29, 26, 219, 220, 0, 0,0, 0
54, 29, 27, 219, 162, 0, 0,0, 0
54, 29, 28, 219, 187, 21.699, 21.699,3, 3
54, 29, 30, 219, 193, 64.6696, 64.6696,8, 8
54, 29, 31, 219, 169, 7.50777, 7.50777,1, 1
54, 29, 32, 219, 196, 0, 0,0, 0
54, 29, 33, 219, 206, 346.98, 359.82,35, 34
54, 29, 34, 219, 156, 29.2962, 29.2962,4, 4
54, 29, 35, 219, 167, 0, 0,0, 0
54, 29, 36, 219, 199, 32.9564, 32.9564,4, 4
54, 29, 37, 219, 195, 0, 0,0, 0
54, 29, 38, 219, 224, 64.5847, 64.5847,8, 8
54, 29, 39, 219, 196, 14.4511, 14.4511,2, 2
54, 29, 40, 219, 188, 95.9847, 111.323,12, 10
54, 29, 41, 219, 172, 151.327, 161.622,18, 17
54, 29, 42, 219, 165, 125.541, 143.569,15, 13
54, 29, 43, 219, 180, 74.8255, 74.8255,9, 9
54, 29, 44, 219, 166, 23.9197, 23.9197,3, 3
54, 29, 45, 219, 215, 13.8184, 13.8184,2, 2
54, 29, 46, 219, 199, 7.01367, 7.01367,1, 1
54, 29, 47, 219, 197, 0, 0,0, 0
54, 30, 1, 193, 130, 0, 0,0, 0
54, 30, 2, 193, 168, 101.281, 110.415,13, 12
54, 30, 3, 193, 124, 22.9747, 22.9747,3, 3
54, 30, 4, 193, 253, 21.5746, 21.5746,3, 3
54, 30, 5, 193, 226, 35.6419, 35.6419,4, 4
54, 30, 6, 193, 220, 8.84965, 8.84965,1, 1
54, 30, 7, 193, 168, 27.7685, 27.7685,2, 2
54, 30, 8, 193, 161, 23.7867, 23.7867,3, 3
54, 30, 9, 193, 221, 0, 0,0, 0
54, 30, 10, 193, 221, 13.843, 13.843,2, 2
54, 30, 11, 193, 217, 11.3444, 11.3444,1, 1
54, 30, 12, 193, 205, 38.886, 38.886,4, 4
54, 30, 13, 193, 207, 35.9065, 44.6859,5, 4
54, 30, 14, 193, 169, 17.6483, 24.6318,3, 2
54, 30, 15, 193, 151, 19.8066, 19.8066,1, 1
54, 30, 16, 193, 146, 14.1757, 14.1757,2, 2
54, 30, 17, 193, 147, 26.5013, 34.7206,4, 3
54, 30, 18, 193, 153, 36.3804, 36.3804,5, 5
54, 30, 19, 193, 182, 66.8758, 66.8758,8, 8
54, 30, 20, 193, 202, 49.8221, 49.8221,6, 6
54, 30, 21, 193, 125, 48.442, 57.6891,6, 5
54, 30, 22, 193, 163, 55.5669, 66.3491,7, 6
54, 30, 23, 193, 196, 0, 0,0, 0
54, 30, 24, 193, 157, 0, 0,0, 0
54, 30, 25, 193, 200, 32.9091, 40.2215,5, 4
54, 30, 26, 193, 220, 23.8146, 23.8146,3, 3
54, 30, 27, 193, 162, 113.065, 136.124,13, 10
54, 30, 28, 193, 187, 177.011, 205.647,22, 19
54, 30, 29, 193, 219, 64.6697, 64.6697,8, 8
54, 30, 31, 193, 169, 223.016, 238.542,25, 23
54, 30, 32, 193, 196, 9.42793, 9.42793,1, 1
54, 30, 33, 193, 206, 24.9565, 24.9565,3, 3
54, 30, 34, 193, 156, 28.7549, 36.7932,5, 4
54, 30, 35, 193, 167, 0, 0,0, 0
54, 30, 36, 193, 199, 39.3474, 47.0939,6, 5
54, 30, 37, 193, 195, 9.71014, 9.71014,1, 1
54, 30, 38, 193, 224, 24.9042, 24.9042,3, 3
54, 30, 39, 193, 196, 15.3472, 15.3472,2, 2
54, 30, 40, 193, 188, 81.2388, 89.4119,10, 9
54, 30, 41, 193, 172, 50.9846, 58.8509,7, 6
54, 30, 42, 193, 165, 52.1377, 52.1377,7, 7
54, 30, 43, 193, 180, 41.5936, 41.5936,5, 5
54, 30, 44, 193, 166, 38.3869, 47.3936,5, 4
54, 30, 45, 193, 215, 0, 0,0, 0
54, 30, 46, 193, 199, 30.6283, 37.3333,5, 4
54, 30, 47, 193, 197, 23.1795, 23.1795,3, 3
54, 31, 1, 169, 130, 29.419, 29.419,4, 4
54, 31, 2, 169, 168, 133.826, 165.536,19, 15
54, 31, 3, 169, 124, 37.297, 44.1177,6, 5
54, 31, 4, 169, 253, 8.71272, 8.71272,1, 1
54, 31, 5, 169, 226, 15.4805, 15.4805,2, 2
54, 31, 6, 169, 220, 9.72661, 9.72661,1, 1
54, 31, 7, 169, 168, 50.5075, 50.5075,6, 6
54, 31, 8, 169, 161, 25.5034, 25.5034,3, 3
54, 31, 9, 169, 221, 7.1121, 7.1121,1, 1
54, 31, 10, 169, 221, 0, 0,0, 0
54, 31, 11, 169, 217, 46.3692, 46.3692,5, 5
54, 31, 12, 169, 205, 16.7915, 16.7915,2, 2
54, 31, 13, 169, 207, 31.2885, 31.2885,3, 3
54, 31, 14, 169, 169, 18.6519, 18.6519,2, 2
54, 31, 15, 169, 151, 22.8792, 22.8792,3, 3
54, 31, 16, 169, 146, 16.278, 16.278,2, 2
54, 31, 17, 169, 147, 46.1197, 46.1197,5, 5
54, 31, 18, 169, 153, 45.2296, 45.2296,4, 4
54, 31, 19, 169, 182, 38.1897, 38.1897,4, 4
54, 31, 20, 169, 202, 38.4135, 38.4135,4, 4
54, 31, 21, 169, 125, 22.3469, 22.3469,3, 3
54, 31, 22, 169, 163, 32.6352, 32.6352,4, 4
54, 31, 23, 169, 196, 0, 0,0, 0
54, 31, 24, 169, 157, 0, 0,0, 0
54, 31, 25, 169, 200, 75.5979, 75.5979,8, 8
54, 31, 26, 169, 220, 7.38362, 7.38362,1, 1
54, 31, 27, 169, 162, 420.882, 462.529,46, 41
54, 31, 28, 169, 187, 580.151, 634.852,59, 53
54, 31, 29, 169, 219, 7.50777, 7.50777,1, 1
54, 31, 30, 169, 193, 219.868, 238.543,25, 23
54, 31, 32, 169, 196, 0, 0,0, 0
54, 31, 33, 169, 206, 50.0514, 50.0514,6, 6
54, 31, 34, 169, 156, 39.202, 39.202,5, 5
54, 31, 35, 169, 167, 0, 0,0, 0
54, 31, 36, 169, 199, 46.2967, 46.2967,5, 5
54, 31, 37, 169, 195, 6.74339, 6.74339,1, 1
54, 31, 38, 169, 224, 6.7668, 6.7668,1, 1
54, 31, 39, 169, 196, 20.9875, 20.9875,3, 3
54, 31, 40, 169, 188, 21.2594, 21.2594,3, 3
54, 31, 41, 169, 172, 25.6806, 25.6806,3, 3
54, 31, 42, 169, 165, 39.8403, 39.8403,4, 4
54, 31, 43, 169, 180, 55.8565, 55.8565,7, 7
54, 31, 44, 169, 166, 12.4554, 12.4554,1, 1
54, 31, 45, 169, 215, 0, 0,0, 0
54, 31, 46, 169, 199, 14.9639, 14.9639,2, 2
54, 31, 47, 169, 197, 14.4478, 14.4478,2, 2
54, 32, 1, 196, 130, 24.6602, 39.8746,5, 3
54, 32, 2, 196, 168, 29.1196, 68.8774,6, 2
54, 32, 3, 196, 124, 47.6597, 93.3702,8, 3
54, 32, 4, 196, 253, 23.227, 49.5145,5, 2
54, 32, 5, 196, 226, 7.28396, 7.28396,1, 1
54, 32, 6, 196, 220, 58.6928, 108.493,14, 7
54, 32, 7, 196, 168, 216.9, 252.793,29, 25
54, 32, 8, 196, 161, 45.3529, 45.3529,6, 6
54, 32, 9, 196, 221, 8.72329, 17.298,2, 1
54, 32, 10, 196, 221, 44.8785, 85.2763,7, 3
54, 32, 11, 196, 217, 7.02963, 13.7864,2, 1
54, 32, 12, 196, 205, 21.3494, 21.3494,2, 2
54, 32, 13, 196, 207, 0, 0,0, 0
54, 32, 14, 196, 169, 504.832, 666.195,59, 43
54, 32, 15, 196, 151, 213.324, 259.458,28, 23
54, 32, 16, 196, 146, 153.032, 203.236,21, 15
54, 32, 17, 196, 147, 61.3881, 81.3004,9, 7
54, 32, 18, 196, 153, 28.4347, 38.2093,4, 3
54, 32, 19, 196, 182, 7.42256, 7.42256,1, 1
54, 32, 20, 196, 202, 236.278, 287.062,32, 26
54, 32, 21, 196, 125, 37.8826, 56.6914,4, 3
54, 32, 22, 196, 163, 43.4484, 63.9482,6, 4
54, 32, 23, 196, 196, 86.2845, 193.535,22, 9
54, 32, 24, 196, 157, 95.8622, 185.053,20, 9
54, 32, 25, 196, 200, 299.817, 357.473,35, 29
54, 32, 26, 196, 220, 19.4867, 27.7772,3, 2
54, 32, 27, 196, 162, 14.3659, 30.9204,3, 1
54, 32, 28, 196, 187, 29.1908, 67.8755,6, 2
54, 32, 29, 196, 219, 0, 0,0, 0
54, 32, 30, 196, 193, 9.42786, 9.42786,1, 1
54, 32, 31, 196, 169, 0, 0,0, 0
54, 32, 33, 196, 206, 0, 0,0, 0
54, 32, 34, 196, 156, 57.6879, 79.7765,8, 6
54, 32, 35, 196, 167, 74.4561, 102.109,11, 8
54, 32, 36, 196, 199, 19.3043, 26.9596,3, 2
54, 32, 37, 196, 195, 5114.85, 5437.74,162, 132
54, 32, 38, 196, 224, 24.6288, 61.4009,6, 2
54, 32, 39, 196, 196, 20.5637, 37.8503,4, 2
54, 32, 40, 196, 188, 0, 0,0, 0
54, 32, 41, 196, 172, 0, 0,0, 0
54, 32, 42, 196, 165, 6.97882, 6.97882,1, 1
54, 32, 43, 196, 180, 12.2986, 12.2986,1, 1
54, 32, 44, 196, 166, 10.9652, 10.9652,1, 1
54, 32, 45, 196, 215, 49.1575, 79.341,10, 6
54, 32, 46, 196, 199, 45.7758, 60.4683,8, 6
54, 32, 47, 196, 197, 59.4789, 107.403,13, 7
54, 33, 1, 206, 130, 0, 0,0, 0
54, 33, 2, 206, 168, 17.1169, 17.1169,2, 2
54, 33, 3, 206, 124, 0, 0,0, 0
54, 33, 4, 206, 253, 0, 0,0, 0
54, 33, 5, 206, 226, 15.7556, 15.7556,2, 2
54, 33, 6, 206, 220, 144.264, 242.414,31, 18
54, 33, 7, 206, 168, 13.9081, 13.9081,2, 2
54, 33, 8, 206, 161, 24.458, 24.458,3, 3
54, 33, 9, 206, 221, 227.793, 467.066,53, 24
54, 33, 10, 206, 221, 180.075, 339.148,42, 21
54, 33, 11, 206, 217, 163.417, 307.538,36, 18
54, 33, 12, 206, 205, 64.1391, 71.8066,7, 6
54, 33, 13, 206, 207, 35.253, 35.253,4, 4
54, 33, 14, 206, 169, 0, 0,0, 0
54, 33, 15, 206, 151, 39.2313, 46.3182,5, 4
54, 33, 16, 206, 146, 0, 0,0, 0
54, 33, 17, 206, 147, 7.6718, 7.6718,1, 1
54, 33, 18, 206, 153, 20.2375, 20.2375,2, 2
54, 33, 19, 206, 182, 21.5569, 21.5569,2, 2
54, 33, 20, 206, 202, 47.7343, 47.7343,5, 5
54, 33, 21, 206, 125, 0, 0,0, 0
54, 33, 22, 206, 163, 9.31643, 9.31643,1, 1
54, 33, 23, 206, 196, 0, 0,0, 0
54, 33, 24, 206, 157, 23.1153, 37.8736,5, 3
54, 33, 25, 206, 200, 7.30535, 7.30535,1, 1
54, 33, 26, 206, 220, 13.5146, 13.5146,2, 2
54, 33, 27, 206, 162, 15.7235, 15.7235,2, 2
54, 33, 28, 206, 187, 28.7846, 28.7846,3, 3
54, 33, 29, 206, 219, 333.394, 359.82,35, 32
54, 33, 30, 206, 193, 24.9565, 24.9565,3, 3
54, 33, 31, 206, 169, 50.0513, 50.0513,6, 6
54, 33, 32, 206, 196, 0, 0,0, 0
54, 33, 34, 206, 156, 43.7813, 43.7813,5, 5
54, 33, 35, 206, 167, 61.666, 84.2358,11, 8
54, 33, 36, 206, 199, 55.3775, 62.2833,7, 6
54, 33, 37, 206, 195, 0, 0,0, 0
54, 33, 38, 206, 224, 458.65, 791.199,91, 48
54, 33, 39, 206, 196, 205.332, 329.303,37, 21
54, 33, 40, 206, 188, 44.6236, 44.6236,5, 5
54, 33, 41, 206, 172, 71.5698, 71.5698,8, 8
54, 33, 42, 206, 165, 120.552, 120.552,13, 13
54, 33, 43, 206, 180, 344.568, 658.541,73, 34
54, 33, 44, 206, 166, 0, 0,0, 0
54, 33, 45, 206, 215, 210.016, 356.434,43, 24
54, 33, 46, 206, 199, 18.126, 18.126,2, 2
54, 33, 47, 206, 197, 66.9209, 110.445,14, 8
54, 34, 1, 156, 130, 15.3129, 22.1366,3, 2
54, 34, 2, 156, 168, 60.5614, 60.5614,6, 6
54, 34, 3, 156, 124, 77.1388, 93.9309,9, 7
54, 34, 4, 156, 253, 15.8864, 15.8864,2, 2
54, 34, 5, 156, 226, 43.5246, 43.5246,5, 5
54, 34, 6, 156, 220, 45.0898, 52.5517,6, 5
54, 34, 7, 156, 168, 91.0212, 91.0212,10, 10
54, 34, 8, 156, 161, 80.9239, 80.9239,8, 8
54, 34, 9, 156, 221, 0, 0,0, 0
54, 34, 10, 156, 221, 43.0432, 67.2579,7, 4
54, 34, 11, 156, 217, 146.548, 146.548,16, 16
54, 34, 12, 156, 205, 162.076, 176.283,22, 20
54, 34, 13, 156, 207, 60.3445, 60.3445,7, 7
54, 34, 14, 156, 169, 37.1122, 37.1122,5, 5
54, 34, 15, 156, 151, 151.079, 185.021,19, 15
54, 34, 16, 156, 146, 46.5146, 53.443,6, 5
54, 34, 17, 156, 147, 90.3713, 114.772,13, 10
54, 34, 18, 156, 153, 84.7667, 95.2672,10, 9
54, 34, 19, 156, 182, 32.329, 40.8114,5, 4
54, 34, 20, 156, 202, 145.422, 145.422,16, 16
54, 34, 21, 156, 125, 127.659, 138.166,14, 13
54, 34, 22, 156, 163, 155.751, 169.833,19, 17
54, 34, 23, 156, 196, 37.7598, 46.419,5, 4
54, 34, 24, 156, 157, 42.0192, 63.8739,7, 4
54, 34, 25, 156, 200, 75.5366, 83.8679,9, 8
54, 34, 26, 156, 220, 52.1154, 61.9769,7, 6
54, 34, 27, 156, 162, 39.457, 39.457,4, 4
54, 34, 28, 156, 187, 43.6198, 58.0842,6, 4
54, 34, 29, 156, 219, 29.2963, 29.2963,4, 4
54, 34, 30, 156, 193, 36.7932, 36.7932,5, 5
54, 34, 31, 156, 169, 39.202, 39.202,5, 5
54, 34, 32, 156, 196, 60.7916, 79.7759,8, 6
54, 34, 33, 156, 206, 43.7813, 43.7813,5, 5
54, 34, 35, 156, 167, 108.013, 131.293,16, 13
54, 34, 36, 156, 199, 305.934, 344.273,40, 35
54, 34, 37, 156, 195, 42.6859, 50.3533,6, 5
54, 34, 38, 156, 224, 37.4118, 45.6106,4, 3
54, 34, 39, 156, 196, 108.72, 117.962,13, 12
54, 34, 40, 156, 188, 48.1532, 48.1532,5, 5
54, 34, 41, 156, 172, 73.5764, 73.5764,9, 9
54, 34, 42, 156, 165, 69.8491, 69.8491,8, 8
54, 34, 43, 156, 180, 23.6112, 23.6112,3, 3
54, 34, 44, 156, 166, 64.3273, 64.3273,8, 8
54, 34, 45, 156, 215, 43.0154, 51.334,6, 5
54, 34, 46, 156, 199, 83.6264, 83.6264,10, 10
54, 34, 47, 156, 197, 66.8038, 81.8995,9, 7
54, 35, 1, 167, 130, 6.80164, 6.80164,1, 1
54, 35, 2, 167, 168, 25.3616, 25.3616,2, 2
54, 35, 3, 167, 124, 28.2623, 28.2623,3, 3
54, 35, 4, 167, 253, 15.8409, 15.8409,2, 2
54, 35, 5, 167, 226, 0, 0,0, 0
54, 35, 6, 167, 220, 123.901, 155.834,16, 12
54, 35, 7, 167, 168, 51.8974, 51.8974,6, 6
54, 35, 8, 167, 161, 18.2394, 18.2394,2, 2
54, 35, 9, 167, 221, 171.486, 192.465,25, 22
54, 35, 10, 167, 221, 232.775, 254.015,27, 24
54, 35, 11, 167, 217, 116.906, 132.887,14, 12
54, 35, 12, 167, 205, 30.2464, 30.2464,4, 4
54, 35, 13, 167, 207, 0, 0,0, 0
54, 35, 14, 167, 169, 50.9748, 50.9748,5, 5
54, 35, 15, 167, 151, 35.3726, 35.3726,3, 3
54, 35, 16, 167, 146, 68.064, 68.064,6, 6
54, 35, 17, 167, 147, 53.3591, 62.7963,5, 4
54, 35, 18, 167, 153, 36.1196, 36.1196,4, 4
54, 35, 19, 167, 182, 0, 0,0, 0
54, 35, 20, 167, 202, 40.9314, 40.9314,5, 5
54, 35, 21, 167, 125, 19.4213, 19.4213,1, 1
54, 35, 22, 167, 163, 42.9466, 42.9466,4, 4
54, 35, 23, 167, 196, 103.503, 110.229,9, 8
54, 35, 24, 167, 157, 80.641, 96.5204,11, 9
54, 35, 25, 167, 200, 82.0245, 89.2325,9, 8
54, 35, 26, 167, 220, 7.04556, 7.04556,1, 1
54, 35, 27, 167, 162, 10.5085, 10.5085,1, 1
54, 35, 28, 167, 187, 41.2291, 41.2291,2, 2
54, 35, 29, 167, 219, 0, 0,0, 0
54, 35, 30, 167, 193, 0, 0,0, 0
54, 35, 31, 167, 169, 0, 0,0, 0
54, 35, 32, 167, 196, 102.109, 102.109,11, 11
54, 35, 33, 167, 206, 63.1903, 84.2355,11, 8
54, 35, 34, 167, 156, 124.03, 131.294,16, 15
54, 35, 36, 167, 199, 60.4795, 90.1512,11, 7
54, 35, 37, 167, 195, 32.8274, 32.8274,3, 3
54, 35, 38, 167, 224, 191.935, 243.784,26, 19
54, 35, 39, 167, 196, 354.285, 409.614,44, 37
54, 35, 40, 167, 188, 0, 0,0, 0
54, 35, 41, 167, 172, 0, 0,0, 0
54, 35, 42, 167, 165, 16.283, 16.283,2, 2
54, 35, 43, 167, 180, 164.352, 186.196,21, 18
54, 35, 44, 167, 166, 14.1084, 14.1084,2, 2
54, 35, 45, 167, 215, 168.609, 209.509,23, 18
54, 35, 46, 167, 199, 34.5702, 34.5702,4, 4
54, 35, 47, 167, 197, 95.9556, 113.127,12, 10
54, 36, 1, 199, 130, 6.74685, 6.74685,1, 1
54, 36, 2, 199, 168, 54.4075, 54.4075,6, 6
54, 36, 3, 199, 124, 24.1391, 24.1391,3, 3
54, 36, 4, 199, 253, 15.8445, 15.8445,2, 2
54, 36, 5, 199, 226, 72.4705, 81.4825,9, 8
54, 36, 6, 199, 220, 46.8856, 46.8856,4, 4
54, 36, 7, 199, 168, 57.5665, 57.5665,6, 6
54, 36, 8, 199, 161, 38.9551, 47.1497,5, 4
54, 36, 9, 199, 221, 7.11313, 7.11313,1, 1
54, 36, 10, 199, 221, 81.8937, 81.8937,8, 8
54, 36, 11, 199, 217, 199.798, 199.798,22, 22
54, 36, 12, 199, 205, 273.909, 319.264,30, 24
54, 36, 13, 199, 207, 123.609, 123.609,12, 12
54, 36, 14, 199, 169, 31.1587, 31.1587,3, 3
54, 36, 15, 199, 151, 71.1865, 77.8565,9, 8
54, 36, 16, 199, 146, 48.1465, 48.1465,5, 5
54, 36, 17, 199, 147, 52.3656, 52.3656,6, 6
54, 36, 18, 199, 153, 77.8233, 77.8233,8, 8
54, 36, 19, 199, 182, 38.206, 38.206,5, 5
54, 36, 20, 199, 202, 129.384, 136.166,14, 13
54, 36, 21, 199, 125, 72.2735, 82.7384,10, 9
54, 36, 22, 199, 163, 29.4131, 29.4131,3, 3
54, 36, 23, 199, 196, 23.9499, 23.9499,3, 3
54, 36, 24, 199, 157, 0, 0,0, 0
54, 36, 25, 199, 200, 74.201, 74.201,9, 9
54, 36, 26, 199, 220, 15.2946, 15.2946,2, 2
54, 36, 27, 199, 162, 35.8422, 35.8422,3, 3
54, 36, 28, 199, 187, 90.1251, 90.1251,9, 9
54, 36, 29, 199, 219, 32.9564, 32.9564,4, 4
54, 36, 30, 199, 193, 39.4965, 47.0939,6, 5
54, 36, 31, 199, 169, 46.2967, 46.2967,5, 5
54, 36, 32, 199, 196, 26.9601, 26.9601,3, 3
54, 36, 33, 199, 206, 62.2832, 62.2832,7, 7
54, 36, 34, 199, 156, 335.057, 344.273,40, 39
54, 36, 35, 199, 167, 76.4474, 90.1512,11, 9
54, 36, 37, 199, 195, 19.3774, 19.3774,2, 2
54, 36, 38, 199, 224, 29.2883, 29.2883,2, 2
54, 36, 39, 199, 196, 158.005, 181.191,19, 16
54, 36, 40, 199, 188, 36.1483, 43.6286,5, 4
54, 36, 41, 199, 172, 118.888, 127.716,14, 13
54, 36, 42, 199, 165, 100.079, 114.968,14, 12
54, 36, 43, 199, 180, 51.039, 51.039,6, 6
54, 36, 44, 199, 166, 71.0575, 71.0575,7, 7
54, 36, 45, 199, 215, 15.3736, 15.3736,2, 2
54, 36, 46, 199, 199, 69.7284, 76.4045,9, 8
54, 36, 47, 199, 197, 45.496, 45.496,4, 4
54, 37, 1, 195, 130, 15.7505, 15.7505,2, 2
54, 37, 2, 195, 168, 31.2411, 47.7719,4, 2
54, 37, 3, 195, 124, 42.4205, 51.0253,4, 3
54, 37, 4, 195, 253, 21.1768, 38.0756,4, 2
54, 37, 5, 195, 226, 16.1438, 16.1438,2, 2
54, 37, 6, 195, 220, 55.8236, 78.9792,10, 7
54, 37, 7, 195, 168, 269.557, 287.882,30, 28
54, 37, 8, 195, 161, 33.0435, 40.9422,5, 4
54, 37, 9, 195, 221, 10.2886, 19.0564,2, 1
54, 37, 10, 195, 221, 58.1419, 65.322,6, 5
54, 37, 11, 195, 217, 17.7367, 17.7367,2, 2
54, 37, 12, 195, 205, 29.1412, 35.8567,4, 3
54, 37, 13, 195, 207, 0, 0,0, 0
54, 37, 14, 195, 169, 439.51, 518.913,54, 45
54, 37, 15, 195, 151, 135.264, 135.264,14, 14
54, 37, 16, 195, 146, 126.924, 147.805,16, 13
54, 37, 17, 195, 147, 60.997, 77.4704,8, 6
54, 37, 18, 195, 153, 24.4442, 24.4442,3, 3
54, 37, 19, 195, 182, 7.75507, 7.75507,1, 1
54, 37, 20, 195, 202, 203.467, 237.689,25, 21
54, 37, 21, 195, 125, 25.3808, 25.3808,2, 2
54, 37, 22, 195, 163, 47.7635, 56.1645,6, 5
54, 37, 23, 195, 196, 110.417, 133.121,16, 13
54, 37, 24, 195, 157, 76.895, 101.385,12, 9
54, 37, 25, 195, 200, 284.594, 284.594,28, 28
54, 37, 26, 195, 220, 17.6479, 17.6479,2, 2
54, 37, 27, 195, 162, 13.0403, 22.5864,2, 1
54, 37, 28, 195, 187, 29.8688, 45.6877,4, 2
54, 37, 29, 195, 219, 0, 0,0, 0
54, 37, 30, 195, 193, 9.71012, 9.71012,1, 1
54, 37, 31, 195, 169, 6.74338, 6.74338,1, 1
54, 37, 32, 195, 196, 5212.47, 5434.17,162, 139
54, 37, 33, 195, 206, 0, 0,0, 0
54, 37, 34, 195, 156, 50.3535, 50.3535,6, 6
54, 37, 35, 195, 167, 32.8272, 32.8272,3, 3
54, 37, 36, 195, 199, 11.5044, 19.3774,2, 1
54, 37, 38, 195, 224, 23.5172, 40.5884,4, 2
54, 37, 39, 195, 196, 18.4882, 26.1917,3, 2
54, 37, 40, 195, 188, 0, 0,0, 0
54, 37, 41, 195, 172, 0, 0,0, 0
54, 37, 42, 195, 165, 0, 0,0, 0
54, 37, 43, 195, 180, 14.048, 14.048,1, 1
54, 37, 44, 195, 166, 17.8734, 17.8734,2, 2
54, 37, 45, 195, 215, 24.285, 31.6938,4, 3
54, 37, 46, 195, 199, 31.1712, 45.9878,6, 4
54, 37, 47, 195, 197, 43.9656, 59.3825,7, 5
54, 38, 1, 224, 130, 6.7112, 6.7112,1, 1
54, 38, 2, 224, 168, 47.2397, 71.0207,6, 4
54, 38, 3, 224, 124, 37.8708, 56.4949,6, 4
54, 38, 4, 224, 253, 17.1115, 32.88,4, 2
54, 38, 5, 224, 226, 7.42281, 7.42281,1, 1
54, 38, 6, 224, 220, 159.441, 312.835,37, 17
54, 38, 7, 224, 168, 12.3092, 20.3533,2, 1
54, 38, 8, 224, 161, 0, 0,0, 0
54, 38, 9, 224, 221, 351.963, 909.473,111, 40
54, 38, 10, 224, 221, 308.652, 656.112,72, 31
54, 38, 11, 224, 217, 171.127, 378.041,43, 18
54, 38, 12, 224, 205, 29.2581, 46.5093,4, 2
54, 38, 13, 224, 207, 10.5884, 10.5884,1, 1
54, 38, 14, 224, 169, 11.5357, 20.374,2, 1
54, 38, 15, 224, 151, 18.6251, 30.2411,2, 1
54, 38, 16, 224, 146, 24.059, 44.197,4, 2
54, 38, 17, 224, 147, 15.4808, 29.6253,2, 1
54, 38, 18, 224, 153, 10.3873, 18.2703,2, 1
54, 38, 19, 224, 182, 0, 0,0, 0
54, 38, 20, 224, 202, 13.4896, 25.0574,2, 1
54, 38, 21, 224, 125, 15.5415, 24.1242,2, 1
54, 38, 22, 224, 163, 17.819, 32.1268,2, 1
54, 38, 23, 224, 196, 13.7423, 24.4475,2, 1
54, 38, 24, 224, 157, 25.1841, 25.1841,3, 3
54, 38, 25, 224, 200, 15.0039, 24.5656,2, 1
54, 38, 26, 224, 220, 8.19889, 8.19889,1, 1
54, 38, 27, 224, 162, 42.7019, 54.7533,4, 3
54, 38, 28, 224, 187, 43.2234, 72.0509,5, 3
54, 38, 29, 224, 219, 56.4256, 64.5845,8, 7
54, 38, 30, 224, 193, 17.3187, 24.9041,3, 2
54, 38, 31, 224, 169, 6.76684, 6.76684,1, 1
54, 38, 32, 224, 196, 36.4624, 61.4004,6, 3
54, 38, 33, 224, 206, 396.815, 791.2,91, 41
54, 38, 34, 224, 156, 35.5777, 45.6111,4, 3
54, 38, 35, 224, 167, 140.261, 243.783,26, 14
54, 38, 36, 224, 199, 19.0267, 29.2891,2, 1
54, 38, 37, 224, 195, 23.5165, 40.5877,4, 2
54, 38, 39, 224, 196, 324.815, 616.606,69, 33
54, 38, 40, 224, 188, 0, 0,0, 0
54, 38, 41, 224, 172, 14.6112, 14.6112,2, 2
54, 38, 42, 224, 165, 16.6395, 24.9537,3, 2
54, 38, 43, 224, 180, 296.641, 713.559,82, 31
54, 38, 44, 224, 166, 10.4177, 18.3389,2, 1
54, 38, 45, 224, 215, 210.893, 453.609,55, 24
54, 38, 46, 224, 199, 10.8657, 20.0932,2, 1
54, 38, 47, 224, 197, 75.2581, 137.79,17, 9
54, 39, 1, 196, 130, 24.6692, 24.6692,3, 3
54, 39, 2, 196, 168, 33.4431, 40.1564,4, 3
54, 39, 3, 196, 124, 26.2772, 26.2772,3, 3
54, 39, 4, 196, 253, 16.4186, 16.4186,2, 2
54, 39, 5, 196, 226, 18.9977, 18.9977,2, 2
54, 39, 6, 196, 220, 243.669, 456.856,49, 23
54, 39, 7, 196, 168, 7.97772, 7.97772,1, 1
54, 39, 8, 196, 161, 13.9284, 13.9284,2, 2
54, 39, 9, 196, 221, 422.123, 732.333,80, 42
54, 39, 10, 196, 221, 530.885, 860.177,95, 54
54, 39, 11, 196, 217, 250.946, 413.514,48, 27
54, 39, 12, 196, 205, 42.7609, 42.7609,5, 5
54, 39, 13, 196, 207, 0, 0,0, 0
54, 39, 14, 196, 169, 46.0078, 54.0981,6, 5
54, 39, 15, 196, 151, 12.0113, 12.0113,1, 1
54, 39, 16, 196, 146, 97.4254, 110.943,14, 12
54, 39, 17, 196, 147, 38.6547, 38.6547,3, 3
54, 39, 18, 196, 153, 27.4606, 27.4606,4, 4
54, 39, 19, 196, 182, 6.957, 6.957,1, 1
54, 39, 20, 196, 202, 13.5476, 13.5476,1, 1
54, 39, 21, 196, 125, 11.3631, 11.3631,1, 1
54, 39, 22, 196, 163, 50.0066, 50.0066,4, 4
54, 39, 23, 196, 196, 63.0507, 76.736,8, 6
54, 39, 24, 196, 157, 66.9546, 74.4804,8, 7
54, 39, 25, 196, 200, 47.0499, 47.0499,5, 5
54, 39, 26, 196, 220, 0, 0,0, 0
54, 39, 27, 196, 162, 35.8083, 35.8083,4, 4
54, 39, 28, 196, 187, 45.9429, 45.9429,2, 2
54, 39, 29, 196, 219, 14.4511, 14.4511,2, 2
54, 39, 30, 196, 193, 15.3472, 15.3472,2, 2
54, 39, 31, 196, 169, 14.134, 20.9874,3, 2
54, 39, 32, 196, 196, 37.8501, 37.8501,4, 4
54, 39, 33, 196, 206, 218.787, 329.303,37, 23
54, 39, 34, 196, 156, 109.997, 117.962,13, 12
54, 39, 35, 196, 167, 289.027, 409.613,44, 30
54, 39, 36, 196, 199, 173.424, 181.19,19, 18
54, 39, 37, 196, 195, 26.1918, 26.1918,3, 3
54, 39, 38, 196, 224, 385.047, 616.606,69, 40
54, 39, 40, 196, 188, 0, 0,0, 0
54, 39, 41, 196, 172, 6.80543, 6.80543,1, 1
54, 39, 42, 196, 165, 19.7876, 19.7876,2, 2
54, 39, 43, 196, 180, 254.467, 410.114,46, 26
54, 39, 44, 196, 166, 18.066, 18.066,2, 2
54, 39, 45, 196, 215, 287.774, 483.207,56, 31
54, 39, 46, 196, 199, 29.9106, 29.9106,3, 3
54, 39, 47, 196, 197, 126.627, 213.525,23, 13
54, 40, 1, 188, 130, 0, 0,0, 0
54, 40, 2, 188, 168, 7.39695, 14.6003,2, 1
54, 40, 3, 188, 124, 0, 0,0, 0
54, 40, 4, 188, 253, 13.7404, 13.7404,2, 2
54, 40, 5, 188, 226, 30.01, 30.01,4, 4
54, 40, 6, 188, 220, 15.2238, 15.2238,2, 2
54, 40, 7, 188, 168, 7.57929, 7.57929,1, 1
54, 40, 8, 188, 161, 43.1379, 43.1379,5, 5
54, 40, 9, 188, 221, 0, 0,0, 0
54, 40, 10, 188, 221, 0, 0,0, 0
54, 40, 11, 188, 217, 14.8118, 14.8118,2, 2
54, 40, 12, 188, 205, 59.3729, 59.3729,7, 7
54, 40, 13, 188, 207, 77.5714, 93.4192,11, 9
54, 40, 14, 188, 169, 0, 0,0, 0
54, 40, 15, 188, 151, 17.6218, 17.6218,2, 2
54, 40, 16, 188, 146, 0, 0,0, 0
54, 40, 17, 188, 147, 8.31122, 15.747,2, 1
54, 40, 18, 188, 153, 15.0566, 15.0566,2, 2
54, 40, 19, 188, 182, 76.524, 83.2307,9, 8
54, 40, 20, 188, 202, 22.0105, 22.0105,3, 3
54, 40, 21, 188, 125, 32.8252, 32.8252,3, 3
54, 40, 22, 188, 163, 28.3039, 28.3039,4, 4
54, 40, 23, 188, 196, 0, 0,0, 0
54, 40, 24, 188, 157, 0, 0,0, 0
54, 40, 25, 188, 200, 7.61333, 15.0074,2, 1
54, 40, 26, 188, 220, 22.4164, 22.4164,3, 3
54, 40, 27, 188, 162, 7.6038, 7.6038,1, 1
54, 40, 28, 188, 187, 7.58107, 7.58107,1, 1
54, 40, 29, 188, 219, 111.323, 111.323,12, 12
54, 40, 30, 188, 193, 81.3091, 89.4118,10, 9
54, 40, 31, 188, 169, 14.2358, 21.2595,3, 2
54, 40, 32, 188, 196, 0, 0,0, 0
54, 40, 33, 188, 206, 44.6236, 44.6236,5, 5
54, 40, 34, 188, 156, 36.0534, 48.1532,5, 4
54, 40, 35, 188, 167, 0, 0,0, 0
54, 40, 36, 188, 199, 34.9757, 43.6285,5, 4
54, 40, 37, 188, 195, 0, 0,0, 0
54, 40, 38, 188, 224, 0, 0,0, 0
54, 40, 39, 188, 196, 0, 0,0, 0
54, 40, 41, 188, 172, 532.547, 598.586,58, 50
54, 40, 42, 188, 165, 327.593, 345.096,36, 34
54, 40, 43, 188, 180, 88.5485, 88.5485,11, 11
54, 40, 44, 188, 166, 34.8869, 34.8869,4, 4
54, 40, 45, 188, 215, 0, 0,0, 0
54, 40, 46, 188, 199, 22.4122, 22.4122,2, 2
54, 40, 47, 188, 197, 18.6664, 18.6664,2, 2
54, 41, 1, 172, 130, 0, 0,0, 0
54, 41, 2, 172, 168, 42.514, 42.514,5, 5
54, 41, 3, 172, 124, 0, 0,0, 0
54, 41, 4, 172, 253, 6.68091, 6.68091,1, 1
54, 41, 5, 172, 226, 48.4031, 48.4031,6, 6
54, 41, 6, 172, 220, 44.1331, 44.1331,6, 6
54, 41, 7, 172, 168, 16.1697, 16.1697,2, 2
54, 41, 8, 172, 161, 28.2489, 28.2489,3, 3
54, 41, 9, 172, 221, 0, 0,0, 0
54, 41, 10, 172, 221, 0, 0,0, 0
54, 41, 11, 172, 217, 50.7018, 50.7018,6, 6
54, 41, 12, 172, 205, 78.1008, 78.1008,8, 8
54, 41, 13, 172, 207, 63.0425, 70.585,7, 6
54, 41, 14, 172, 169, 17.8181, 17.8181,2, 2
54, 41, 15, 172, 151, 35.3824, 35.3824,4, 4
54, 41, 16, 172, 146, 0, 0,0, 0
54, 41, 17, 172, 147, 20.5835, 20.5835,2, 2
54, 41, 18, 172, 153, 50.662, 50.662,6, 6
54, 41, 19, 172, 182, 56.2954, 56.2954,6, 6
54, 41, 20, 172, 202, 61.9936, 61.9936,7, 7
54, 41, 21, 172, 125, 55.0302, 55.0302,6, 6
54, 41, 22, 172, 163, 30.8921, 30.8921,4, 4
54, 41, 23, 172, 196, 8.36479, 8.36479,1, 1
54, 41, 24, 172, 157, 0, 0,0, 0
54, 41, 25, 172, 200, 18.6645, 18.6645,2, 2
54, 41, 26, 172, 220, 23.0678, 23.0678,3, 3
54, 41, 27, 172, 162, 23.5694, 23.5694,3, 3
54, 41, 28, 172, 187, 27.5153, 27.5153,3, 3
54, 41, 29, 172, 219, 154.432, 161.621,18, 17
54, 41, 30, 172, 193, 58.851, 58.851,7, 7
54, 41, 31, 172, 169, 25.6805, 25.6805,3, 3
54, 41, 32, 172, 196, 0, 0,0, 0
54, 41, 33, 172, 206, 64.7062, 71.57,8, 7
54, 41, 34, 172, 156, 73.5764, 73.5764,9, 9
54, 41, 35, 172, 167, 0, 0,0, 0
54, 41, 36, 172, 199, 120.639, 127.716,14, 13
54, 41, 37, 172, 195, 0, 0,0, 0
54, 41, 38, 172, 224, 14.6111, 14.6111,2, 2
54, 41, 39, 172, 196, 6.80546, 6.80546,1, 1
54, 41, 40, 172, 188, 525.149, 598.587,58, 50
54, 41, 42, 172, 165, 415.199, 429.933,41, 39
54, 41, 43, 172, 180, 174.102, 182.98,19, 18
54, 41, 44, 172, 166, 26.8941, 26.8941,2, 2
54, 41, 45, 172, 215, 0, 0,0, 0
54, 41, 46, 172, 199, 7.45771, 7.45771,1, 1
54, 41, 47, 172, 197, 0, 0,0, 0
54, 42, 1, 165, 130, 0, 0,0, 0
54, 42, 2, 165, 168, 31.0034, 31.0034,4, 4
54, 42, 3, 165, 124, 0, 0,0, 0
54, 42, 4, 165, 253, 7.75468, 7.75468,1, 1
54, 42, 5, 165, 226, 8.64674, 8.64674,1, 1
54, 42, 6, 165, 220, 32.034, 32.034,4, 4
54, 42, 7, 165, 168, 28.3451, 28.3451,3, 3
54, 42, 8, 165, 161, 50.6043, 58.0254,7, 6
54, 42, 9, 165, 221, 21.8654, 21.8654,3, 3
54, 42, 10, 165, 221, 22.3727, 22.3727,3, 3
54, 42, 11, 165, 217, 91.5003, 91.5003,10, 10
54, 42, 12, 165, 205, 110.27, 132.033,16, 13
54, 42, 13, 165, 207, 90.7293, 97.8403,12, 11
54, 42, 14, 165, 169, 7.68105, 7.68105,1, 1
54, 42, 15, 165, 151, 43.9088, 43.9088,5, 5
54, 42, 16, 165, 146, 0, 0,0, 0
54, 42, 17, 165, 147, 24.5642, 24.5642,3, 3
54, 42, 18, 165, 153, 111.998, 119.116,12, 11
54, 42, 19, 165, 182, 71.4708, 78.2177,9, 8
54, 42, 20, 165, 202, 63.0619, 70.0881,9, 8
54, 42, 21, 165, 125, 56.8426, 56.8426,7, 7
54, 42, 22, 165, 163, 57.1591, 57.1591,6, 6
54, 42, 23, 165, 196, 8.1367, 15.3056,2, 1
54, 42, 24, 165, 157, 0, 0,0, 0
54, 42, 25, 165, 200, 41.3578, 41.3578,5, 5
54, 42, 26, 165, 220, 14.8721, 14.8721,2, 2
54, 42, 27, 165, 162, 7.11168, 7.11168,1, 1
54, 42, 28, 165, 187, 39.4113, 46.5054,6, 5
54, 42, 29, 165, 219, 136.881, 143.568,15, 14
54, 42, 30, 165, 193, 52.1376, 52.1376,7, 7
54, 42, 31, 165, 169, 31.8732, 39.8402,4, 3
54, 42, 32, 165, 196, 6.97886, 6.97886,1, 1
54, 42, 33, 165, 206, 113.051, 120.553,13, 12
54, 42, 34, 165, 156, 69.8494, 69.8494,8, 8
54, 42, 35, 165, 167, 16.283, 16.283,2, 2
54, 42, 36, 165, 199, 107.917, 114.968,14, 13
54, 42, 37, 165, 195, 0, 0,0, 0
54, 42, 38, 165, 224, 24.9539, 24.9539,3, 3
54, 42, 39, 165, 196, 19.7878, 19.7878,2, 2
54, 42, 40, 165, 188, 321.257, 345.096,36, 33
54, 42, 41, 165, 172, 406.048, 429.932,41, 38
54, 42, 43, 165, 180, 348.048, 355.166,38, 37
54, 42, 44, 165, 166, 26.5608, 26.5608,3, 3
54, 42, 45, 165, 215, 0, 0,0, 0
54, 42, 46, 165, 199, 54.7481, 54.7481,6, 6
54, 42, 47, 165, 197, 53.0041, 53.0041,6, 6
54, 43, 1, 180, 130, 0, 0,0, 0
54, 43, 2, 180, 168, 30.168, 37.0392,5, 4
54, 43, 3, 180, 124, 9.30059, 9.30059,1, 1
54, 43, 4, 180, 253, 6.80655, 6.80655,1, 1
54, 43, 5, 180, 226, 40.2167, 40.2167,5, 5
54, 43, 6, 180, 220, 147.52, 233.372,28, 17
54, 43, 7, 180, 168, 63.8049, 63.8049,6, 6
54, 43, 8, 180, 161, 7.57395, 14.7829,2, 1
54, 43, 9, 180, 221, 218.22, 492.993,57, 23
54, 43, 10, 180, 221, 260.875, 452.066,53, 29
54, 43, 11, 180, 217, 170.025, 309.072,36, 18
54, 43, 12, 180, 205, 62.2255, 62.2255,6, 6
54, 43, 13, 180, 207, 28.4654, 28.4654,4, 4
54, 43, 14, 180, 169, 25.3292, 25.3292,3, 3
54, 43, 15, 180, 151, 6.81428, 6.81428,1, 1
54, 43, 16, 180, 146, 7.87758, 7.87758,1, 1
54, 43, 17, 180, 147, 36.3906, 36.3906,5, 5
54, 43, 18, 180, 153, 23.2117, 30.6688,4, 3
54, 43, 19, 180, 182, 21.6457, 28.5215,3, 2
54, 43, 20, 180, 202, 16.5375, 16.5375,2, 2
54, 43, 21, 180, 125, 16.9396, 16.9396,2, 2
54, 43, 22, 180, 163, 34.1732, 41.0623,5, 4
54, 43, 23, 180, 196, 0, 0,0, 0
54, 43, 24, 180, 157, 29.2988, 36.4085,5, 4
54, 43, 25, 180, 200, 19.2243, 19.2243,2, 2
54, 43, 26, 180, 220, 10.7875, 10.7875,1, 1
54, 43, 27, 180, 162, 44.5083, 51.6846,6, 5
54, 43, 28, 180, 187, 54.458, 68.5647,9, 7
54, 43, 29, 180, 219, 59.429, 74.8251,9, 7
54, 43, 30, 180, 193, 34.727, 41.5935,5, 4
54, 43, 31, 180, 169, 41.1655, 55.8564,7, 5
54, 43, 32, 180, 196, 12.2986, 12.2986,1, 1
54, 43, 33, 180, 206, 325.679, 658.542,73, 32
54, 43, 34, 180, 156, 15.7503, 23.6112,3, 2
54, 43, 35, 180, 167, 102.344, 186.197,21, 11
54, 43, 36, 180, 199, 43.6558, 51.0389,6, 5
54, 43, 37, 180, 195, 14.0482, 14.0482,1, 1
54, 43, 38, 180, 224, 428.351, 713.559,82, 46
54, 43, 39, 180, 196, 274.774, 410.115,46, 28
54, 43, 40, 180, 188, 81.8648, 88.5485,11, 10
54, 43, 41, 180, 172, 149.532, 182.98,19, 15
54, 43, 42, 180, 165, 283.359, 355.167,38, 30
54, 43, 44, 180, 166, 33.7462, 33.7462,4, 4
54, 43, 45, 180, 215, 134.63, 292.928,36, 15
54, 43, 46, 180, 199, 44.5294, 44.5294,5, 5
54, 43, 47, 180, 197, 87.9374, 174.903,19, 9
54, 44, 1, 166, 130, 7.22942, 7.22942,1, 1
54, 44, 2, 166, 168, 33.9965, 33.9965,4, 4
54, 44, 3, 166, 124, 16.0152, 16.0152,2, 2
54, 44, 4, 166, 253, 14.8519, 14.8519,2, 2
54, 44, 5, 166, 226, 145.121, 155.33,15, 14
54, 44, 6, 166, 220, 148.231, 156.727,17, 16
54, 44, 7, 166, 168, 24.2243, 24.2243,2, 2
54, 44, 8, 166, 161, 8.45489, 8.45489,1, 1
54, 44, 9, 166, 221, 0, 0,0, 0
54, 44, 10, 166, 221, 8.1513, 8.1513,1, 1
54, 44, 11, 166, 217, 14.1089, 21.0769,3, 2
54, 44, 12, 166, 205, 66.504, 66.504,5, 5
54, 44, 13, 166, 207, 60.0434, 60.0434,4, 4
54, 44, 14, 166, 169, 33.5528, 33.5528,4, 4
54, 44, 15, 166, 151, 22.7866, 22.7866,3, 3
54, 44, 16, 166, 146, 14.2463, 14.2463,2, 2
54, 44, 17, 166, 147, 34.9847, 34.9847,4, 4
54, 44, 18, 166, 153, 33.5833, 33.5833,4, 4
54, 44, 19, 166, 182, 31.0276, 31.0276,3, 3
54, 44, 20, 166, 202, 28.1366, 28.1366,3, 3
54, 44, 21, 166, 125, 107.41, 114.484,12, 11
54, 44, 22, 166, 163, 68.6851, 68.6851,8, 8
54, 44, 23, 166, 196, 16.0257, 16.0257,2, 2
54, 44, 24, 166, 157, 7.19849, 7.19849,1, 1
54, 44, 25, 166, 200, 42.2041, 42.2041,5, 5
54, 44, 26, 166, 220, 32.1312, 32.1312,4, 4
54, 44, 27, 166, 162, 20.652, 20.652,2, 2
54, 44, 28, 166, 187, 43.3281, 43.3281,5, 5
54, 44, 29, 166, 219, 23.9197, 23.9197,3, 3
54, 44, 30, 166, 193, 47.3937, 47.3937,5, 5
54, 44, 31, 166, 169, 12.455, 12.455,1, 1
54, 44, 32, 166, 196, 10.9651, 10.9651,1, 1
54, 44, 33, 166, 206, 0, 0,0, 0
54, 44, 34, 166, 156, 64.3273, 64.3273,8, 8
54, 44, 35, 166, 167, 14.1083, 14.1083,2, 2
54, 44, 36, 166, 199, 71.0563, 71.0563,7, 7
54, 44, 37, 166, 195, 17.8735, 17.8735,2, 2
54, 44, 38, 166, 224, 18.3389, 18.3389,2, 2
54, 44, 39, 166, 196, 18.066, 18.066,2, 2
54, 44, 40, 166, 188, 34.887, 34.887,4, 4
54, 44, 41, 166, 172, 26.8938, 26.8938,2, 2
54, 44, 42, 166, 165, 26.5609, 26.5609,3, 3
54, 44, 43, 166, 180, 33.746, 33.746,4, 4
54, 44, 45, 166, 215, 121.438, 121.438,15, 15
54, 44, 46, 166, 199, 445.284, 452.765,44, 43
54, 44, 47, 166, 197, 52.4505, 52.4505,6, 6
54, 45, 1, 215, 130, 6.88799, 6.88799,1, 1
54, 45, 2, 215, 168, 0, 0,0, 0
54, 45, 3, 215, 124, 6.74786, 6.74786,1, 1
54, 45, 4, 215, 253, 0, 0,0, 0
54, 45, 5, 215, 226, 30.7436, 30.7436,4, 4
54, 45, 6, 215, 220, 335.9, 531.942,56, 33
54, 45, 7, 215, 168, 0, 0,0, 0
54, 45, 8, 215, 161, 14.3384, 21.8063,3, 2
54, 45, 9, 215, 221, 273.013, 478.38,57, 30
54, 45, 10, 215, 221, 206.497, 342.735,36, 20
54, 45, 11, 215, 217, 140.443, 216.141,27, 17
54, 45, 12, 215, 205, 0, 0,0, 0
54, 45, 13, 215, 207, 0, 0,0, 0
54, 45, 14, 215, 169, 38.1132, 45.0224,6, 5
54, 45, 15, 215, 151, 0, 0,0, 0
54, 45, 16, 215, 146, 28.5837, 28.5837,4, 4
54, 45, 17, 215, 147, 22.3989, 22.3989,3, 3
54, 45, 18, 215, 153, 0, 0,0, 0
54, 45, 19, 215, 182, 0, 0,0, 0
54, 45, 20, 215, 202, 8.74436, 8.74436,1, 1
54, 45, 21, 215, 125, 0, 0,0, 0
54, 45, 22, 215, 163, 34.3649, 56.0963,7, 4
54, 45, 23, 215, 196, 45.9979, 45.9979,6, 6
54, 45, 24, 215, 157, 42.0413, 60.102,7, 5
54, 45, 25, 215, 200, 7.69892, 7.69892,1, 1
54, 45, 26, 215, 220, 0, 0,0, 0
54, 45, 27, 215, 162, 0, 0,0, 0
54, 45, 28, 215, 187, 0, 0,0, 0
54, 45, 29, 215, 219, 13.8184, 13.8184,2, 2
54, 45, 30, 215, 193, 0, 0,0, 0
54, 45, 31, 215, 169, 0, 0,0, 0
54, 45, 32, 215, 196, 64.8897, 79.3411,10, 8
54, 45, 33, 215, 206, 199.023, 356.434,43, 23
54, 45, 34, 215, 156, 44.1801, 51.334,6, 5
54, 45, 35, 215, 167, 153.556, 209.51,23, 16
54, 45, 36, 215, 199, 15.3736, 15.3736,2, 2
54, 45, 37, 215, 195, 24.2306, 31.6937,4, 3
54, 45, 38, 215, 224, 241.055, 453.609,55, 28
54, 45, 39, 215, 196, 290.295, 483.207,56, 31
54, 45, 40, 215, 188, 0, 0,0, 0
54, 45, 41, 215, 172, 0, 0,0, 0
54, 45, 42, 215, 165, 0, 0,0, 0
54, 45, 43, 215, 180, 127.77, 292.929,36, 14
54, 45, 44, 215, 166, 121.438, 121.438,15, 15
54, 45, 46, 215, 199, 263.343, 293.369,33, 29
54, 45, 47, 215, 197, 155.998, 257.041,28, 16
54, 46, 1, 199, 130, 0, 0,0, 0
54, 46, 2, 199, 168, 19.6353, 19.6353,2, 2
54, 46, 3, 199, 124, 15.3314, 15.3314,2, 2
54, 46, 4, 199, 253, 15.852, 15.852,2, 2
54, 46, 5, 199, 226, 116.568, 138.395,16, 13
54, 46, 6, 199, 220, 270.973, 285.967,32, 30
54, 46, 7, 199, 168, 59.3841, 68.5541,8, 7
54, 46, 8, 199, 161, 13.5306, 13.5306,2, 2
54, 46, 9, 199, 221, 8.08201, 8.08201,1, 1
54, 46, 10, 199, 221, 18.827, 18.827,2, 2
54, 46, 11, 199, 217, 66.4753, 66.4753,7, 7
54, 46, 12, 199, 205, 67.3535, 94.0338,10, 7
54, 46, 13, 199, 207, 8.12427, 8.12427,1, 1
54, 46, 14, 199, 169, 45.9731, 45.9731,5, 5
54, 46, 15, 199, 151, 39.5175, 47.2208,5, 4
54, 46, 16, 199, 146, 53.1085, 53.1085,6, 6
54, 46, 17, 199, 147, 26.2232, 26.2232,3, 3
54, 46, 18, 199, 153, 36.174, 36.174,4, 4
54, 46, 19, 199, 182, 9.26898, 9.26898,1, 1
54, 46, 20, 199, 202, 45.5466, 45.5466,5, 5
54, 46, 21, 199, 125, 93.6255, 100.313,10, 9
54, 46, 22, 199, 163, 135.152, 150.079,17, 15
54, 46, 23, 199, 196, 38.3069, 38.3069,5, 5
54, 46, 24, 199, 157, 6.86002, 6.86002,1, 1
54, 46, 25, 199, 200, 45.7853, 45.7853,6, 6
54, 46, 26, 199, 220, 50.4685, 65.4401,8, 6
54, 46, 27, 199, 162, 20.4753, 27.2025,3, 2
54, 46, 28, 199, 187, 43.1686, 43.1686,4, 4
54, 46, 29, 199, 219, 7.01366, 7.01366,1, 1
54, 46, 30, 199, 193, 29.7088, 37.3331,5, 4
54, 46, 31, 199, 169, 14.9639, 14.9639,2, 2
54, 46, 32, 199, 196, 53.5595, 60.4678,8, 7
54, 46, 33, 199, 206, 18.126, 18.126,2, 2
54, 46, 34, 199, 156, 83.6271, 83.6271,10, 10
54, 46, 35, 199, 167, 34.5702, 34.5702,4, 4
54, 46, 36, 199, 199, 68.4554, 76.4045,9, 8
54, 46, 37, 199, 195, 38.2998, 45.9878,6, 5
54, 46, 38, 199, 224, 20.0928, 20.0928,2, 2
54, 46, 39, 199, 196, 29.9104, 29.9104,3, 3
54, 46, 40, 199, 188, 22.4121, 22.4121,2, 2
54, 46, 41, 199, 172, 7.45766, 7.45766,1, 1
54, 46, 42, 199, 165, 47.9645, 54.7481,6, 5
54, 46, 43, 199, 180, 35.5569, 44.5287,5, 4
54, 46, 44, 199, 166, 415.651, 452.763,44, 40
54, 46, 45, 199, 215, 278.221, 293.369,33, 31
54, 46, 47, 199, 197, 166.716, 175.022,17, 16
54, 47, 1, 197, 130, 0, 0,0, 0
54, 47, 2, 197, 168, 24.8972, 40.2783,4, 2
54, 47, 3, 197, 124, 17.6994, 25.1267,3, 2
54, 47, 4, 197, 253, 17.7027, 24.5278,3, 2
54, 47, 5, 197, 226, 14.4165, 14.4165,2, 2
54, 47, 6, 197, 220, 218.631, 273.933,30, 24
54, 47, 7, 197, 168, 26.2554, 33.9968,4, 3
54, 47, 8, 197, 161, 29.6208, 29.6208,4, 4
54, 47, 9, 197, 221, 98.9064, 112.986,13, 11
54, 47, 10, 197, 221, 162.217, 184.307,21, 18
54, 47, 11, 197, 217, 88.0655, 95.2263,12, 11
54, 47, 12, 197, 205, 43.4765, 61.2075,6, 4
54, 47, 13, 197, 207, 0, 0,0, 0
54, 47, 14, 197, 169, 70.3926, 92.8509,10, 8
54, 47, 15, 197, 151, 35.2383, 41.937,5, 4
54, 47, 16, 197, 146, 47.484, 75.8875,9, 5
54, 47, 17, 197, 147, 30.0228, 45.5303,5, 3
54, 47, 18, 197, 153, 15.8209, 23.3251,3, 2
54, 47, 19, 197, 182, 19.8582, 19.8582,2, 2
54, 47, 20, 197, 202, 13.7724, 24.8723,2, 1
54, 47, 21, 197, 125, 46.6984, 46.6984,4, 4
54, 47, 22, 197, 163, 130.584, 199.244,21, 13
54, 47, 23, 197, 196, 140.948, 179.407,20, 15
54, 47, 24, 197, 157, 98.4317, 123.733,15, 12
54, 47, 25, 197, 200, 22.0412, 29.4096,3, 2
54, 47, 26, 197, 220, 26.6945, 33.3812,4, 3
54, 47, 27, 197, 162, 11.3532, 22.0681,2, 1
54, 47, 28, 197, 187, 51.0853, 69.9198,6, 4
54, 47, 29, 197, 219, 0, 0,0, 0
54, 47, 30, 197, 193, 16.2196, 23.1795,3, 2
54, 47, 31, 197, 169, 14.4478, 14.4478,2, 2
54, 47, 32, 197, 196, 84.1843, 107.402,13, 10
54, 47, 33, 197, 206, 95.9557, 110.445,14, 12
54, 47, 34, 197, 156, 54.6433, 81.8992,9, 6
54, 47, 35, 197, 167, 95.8978, 113.128,12, 10
54, 47, 36, 197, 199, 33.0824, 45.496,4, 3
54, 47, 37, 197, 195, 44.0338, 59.3824,7, 5
54, 47, 38, 197, 224, 114.233, 137.79,17, 14
54, 47, 39, 197, 196, 179.196, 213.525,23, 19
54, 47, 40, 197, 188, 18.6661, 18.6661,2, 2
54, 47, 41, 197, 172, 0, 0,0, 0
54, 47, 42, 197, 165, 34.5483, 53.0041,6, 4
54, 47, 43, 197, 180, 121.186, 174.903,19, 13
54, 47, 44, 197, 166, 43.3073, 52.4506,6, 5
54, 47, 45, 197, 215, 185.353, 257.041,28, 20
54, 47, 46, 197, 199, 135.344, 175.022,17, 13
