30, 1, 2, 359, 362, 330.442, 346.349,40, 38
30, 1, 3, 359, 297, 771.244, 806.36,81, 77
30, 1, 4, 359, 519, 26.9286, 53.0617,6, 3
30, 1, 5, 359, 557, 15.4263, 22.434,3, 2
30, 1, 6, 359, 512, 28.7841, 28.7841,4, 4
30, 1, 7, 359, 427, 6.96347, 6.96347,1, 1
30, 1, 8, 359, 403, 0, 0,0, 0
30, 1, 9, 359, 423, 15.2257, 15.2257,2, 2
30, 1, 10, 359, 462, 13.5891, 13.5891,2, 2
30, 1, 11, 359, 486, 37.5205, 37.5205,5, 5
30, 1, 12, 359, 473, 31.6956, 31.6956,4, 4
30, 1, 13, 359, 533, 15.8841, 15.8841,2, 2
30, 1, 14, 359, 437, 78.2917, 95.0059,10, 8
30, 1, 15, 359, 373, 7.26502, 7.26502,1, 1
30, 1, 16, 359, 415, 81.7974, 89.6617,11, 10
30, 1, 17, 359, 408, 78.0599, 91.9462,11, 9
30, 1, 18, 359, 371, 47.6835, 47.6835,6, 6
30, 1, 19, 359, 415, 6.69205, 6.69205,1, 1
30, 1, 20, 359, 474, 6.84008, 6.84008,1, 1
30, 1, 21, 359, 366, 6.89006, 6.89006,1, 1
30, 1, 22, 359, 398, 8.99345, 16.3531,2, 1
30, 1, 23, 359, 527, 57.8447, 65.5024,8, 7
30, 1, 24, 359, 450, 67.3034, 82.6732,11, 9
30, 1, 25, 359, 489, 63.9586, 85.8068,11, 8
30, 1, 26, 359, 535, 14.2562, 14.2562,2, 2
30, 1, 27, 359, 398, 94.2205, 132.242,17, 12
30, 1, 28, 359, 427, 74.8897, 74.8897,9, 9
30, 1, 29, 359, 522, 0, 0,0, 0
30, 1, 30, 359, 490, 30.5402, 38.4091,5, 4
30, 1, 31, 359, 384, 76.7455, 123.877,16, 10
30, 1, 32, 359, 521, 76.2777, 76.2777,10, 10
30, 1, 33, 359, 483, 0, 0,0, 0
30, 1, 34, 359, 378, 30.2661, 30.2661,4, 4
30, 1, 35, 359, 419, 42.2357, 49.0632,6, 5
30, 1, 36, 359, 448, 13.6439, 13.6439,2, 2
30, 1, 37, 359, 548, 68.0673, 86.892,10, 8
30, 1, 38, 359, 493, 27.9221, 27.9221,4, 4
30, 1, 39, 359, 451, 38.6439, 38.6439,5, 5
30, 1, 40, 359, 455, 7.54859, 7.54859,1, 1
30, 1, 41, 359, 410, 7.56857, 7.56857,1, 1
30, 1, 42, 359, 444, 6.76236, 6.76236,1, 1
30, 1, 43, 359, 442, 7.35298, 7.35298,1, 1
30, 1, 44, 359, 413, 30.5137, 30.5137,4, 4
30, 1, 45, 359, 477, 13.5755, 13.5755,2, 2
30, 1, 46, 359, 474, 7.44291, 7.44291,1, 1
30, 1, 47, 359, 484, 27.856, 42.6931,5, 3
30, 2, 1, 362, 359, 331.265, 346.348,40, 38
30, 2, 3, 362, 297, 666.709, 747.137,78, 69
30, 2, 4, 362, 519, 48.2417, 71.2785,7, 5
30, 2, 5, 362, 557, 59.0334, 66.2619,8, 7
30, 2, 6, 362, 512, 35.6575, 58.7895,7, 4
30, 2, 7, 362, 427, 117.424, 153.528,19, 14
30, 2, 8, 362, 403, 75.8129, 112.744,13, 8
30, 2, 9, 362, 423, 0, 0,0, 0
30, 2, 10, 362, 462, 33.5758, 55.673,5, 3
30, 2, 11, 362, 486, 46.6795, 68.7562,8, 5
30, 2, 12, 362, 473, 74.355, 119.301,14, 8
30, 2, 13, 362, 533, 52.5282, 52.5282,5, 5
30, 2, 14, 362, 437, 59.4575, 67.6013,7, 6
30, 2, 15, 362, 373, 71.2513, 92.9039,9, 7
30, 2, 16, 362, 415, 57.2766, 82.7712,9, 6
30, 2, 17, 362, 408, 106.167, 136.309,12, 9
30, 2, 18, 362, 371, 116.207, 139.364,14, 11
30, 2, 19, 362, 415, 83.4765, 93.6348,11, 10
30, 2, 20, 362, 474, 85.0457, 106.054,10, 8
30, 2, 21, 362, 366, 74.4024, 110.649,12, 8
30, 2, 22, 362, 398, 127.229, 166.269,16, 12
30, 2, 23, 362, 527, 34.353, 51.452,6, 4
30, 2, 24, 362, 450, 7.33759, 7.33759,1, 1
30, 2, 25, 362, 489, 136.935, 177.794,18, 13
30, 2, 26, 362, 535, 48.5231, 48.5231,5, 5
30, 2, 27, 362, 398, 223.709, 268.237,31, 26
30, 2, 28, 362, 427, 334.653, 436.804,45, 33
30, 2, 29, 362, 522, 71.7637, 88.1636,11, 9
30, 2, 30, 362, 490, 206.626, 234.862,28, 24
30, 2, 31, 362, 384, 310.704, 363.263,41, 34
30, 2, 32, 362, 521, 61.9562, 101.31,10, 6
30, 2, 33, 362, 483, 73.482, 97.6701,11, 8
30, 2, 34, 362, 378, 102.087, 129.563,14, 11
30, 2, 35, 362, 419, 41.6098, 58.5711,6, 4
30, 2, 36, 362, 448, 106.778, 123.739,13, 11
30, 2, 37, 362, 548, 43.4469, 64.9935,6, 4
30, 2, 38, 362, 493, 45.5108, 71.0209,6, 4
30, 2, 39, 362, 451, 66.651, 75.7811,8, 7
30, 2, 40, 362, 455, 38.1671, 45.439,5, 4
30, 2, 41, 362, 410, 78.7592, 100.597,12, 9
30, 2, 42, 362, 444, 92.5012, 100.275,12, 11
30, 2, 43, 362, 442, 63.9445, 77.5883,10, 8
30, 2, 44, 362, 413, 52.7004, 67.7927,8, 6
30, 2, 45, 362, 477, 7.30548, 7.30548,1, 1
30, 2, 46, 362, 474, 41.2664, 49.6963,6, 5
30, 2, 47, 362, 484, 72.3336, 104.682,11, 7
30, 3, 1, 297, 359, 704.271, 806.356,81, 69
30, 3, 2, 297, 362, 639.192, 747.134,78, 65
30, 3, 4, 297, 519, 27.4071, 45.3516,4, 2
30, 3, 5, 297, 557, 7.44976, 7.44976,1, 1
30, 3, 6, 297, 512, 32.5165, 39.2719,5, 4
30, 3, 7, 297, 427, 31.352, 31.352,4, 4
30, 3, 8, 297, 403, 31.08, 44.6541,6, 4
30, 3, 9, 297, 423, 17.6698, 17.6698,2, 2
30, 3, 10, 297, 462, 36.7652, 67.194,8, 4
30, 3, 11, 297, 486, 22.8263, 22.8263,3, 3
30, 3, 12, 297, 473, 35.5343, 35.5343,4, 4
30, 3, 13, 297, 533, 0, 0,0, 0
30, 3, 14, 297, 437, 24.4962, 32.5134,4, 3
30, 3, 15, 297, 373, 31.2426, 47.6155,5, 3
30, 3, 16, 297, 415, 76.5218, 100.855,11, 8
30, 3, 17, 297, 408, 93.4768, 116.62,14, 11
30, 3, 18, 297, 371, 102.354, 125.917,14, 11
30, 3, 19, 297, 415, 14.3886, 21.1684,3, 2
30, 3, 20, 297, 474, 12.9761, 21.9829,2, 1
30, 3, 21, 297, 366, 12.9607, 28.8279,3, 1
30, 3, 22, 297, 398, 12.3449, 22.4016,2, 1
30, 3, 23, 297, 527, 22.5054, 38.6725,4, 2
30, 3, 24, 297, 450, 60.6446, 60.6446,6, 6
30, 3, 25, 297, 489, 43.688, 59.6042,7, 5
30, 3, 26, 297, 535, 11.2595, 18.0654,2, 1
30, 3, 27, 297, 398, 136.784, 146.441,16, 15
30, 3, 28, 297, 427, 151.031, 182.801,22, 18
30, 3, 29, 297, 522, 17.5656, 24.5322,3, 2
30, 3, 30, 297, 490, 63.7652, 70.9253,9, 8
30, 3, 31, 297, 384, 103.362, 111.545,14, 13
30, 3, 32, 297, 521, 94.1829, 144.258,15, 9
30, 3, 33, 297, 483, 16.9609, 16.9609,2, 2
30, 3, 34, 297, 378, 62.8927, 93.9293,9, 5
30, 3, 35, 297, 419, 27.3875, 42.5432,5, 3
30, 3, 36, 297, 448, 16.4706, 24.1391,3, 2
30, 3, 37, 297, 548, 95.2253, 111.921,11, 9
30, 3, 38, 297, 493, 55.0405, 81.2772,9, 6
30, 3, 39, 297, 451, 34.8359, 42.8685,5, 4
30, 3, 40, 297, 455, 0, 0,0, 0
30, 3, 41, 297, 410, 0, 0,0, 0
30, 3, 42, 297, 444, 12.2949, 12.2949,1, 1
30, 3, 43, 297, 442, 23.1771, 23.1771,3, 3
30, 3, 44, 297, 413, 24.9489, 24.9489,3, 3
30, 3, 45, 297, 477, 13.7697, 13.7697,2, 2
30, 3, 46, 297, 474, 38.9005, 61.5143,8, 5
30, 3, 47, 297, 484, 16.5846, 25.1267,3, 2
30, 4, 1, 519, 359, 46.1736, 53.0617,6, 5
30, 4, 2, 519, 362, 50.5409, 71.2783,7, 5
30, 4, 3, 519, 297, 24.3168, 45.3515,4, 2
30, 4, 5, 519, 557, 6.7614, 6.7614,1, 1
30, 4, 6, 519, 512, 66.7903, 154.193,17, 7
30, 4, 7, 519, 427, 22.9663, 44.448,6, 3
30, 4, 8, 519, 403, 45.4977, 90.4787,12, 6
30, 4, 9, 519, 423, 31.8806, 55.9276,7, 4
30, 4, 10, 519, 462, 29.0826, 55.8374,6, 3
30, 4, 11, 519, 486, 22.3568, 59.1125,6, 2
30, 4, 12, 519, 473, 83.4671, 179.026,15, 6
30, 4, 13, 519, 533, 30.592, 52.7099,7, 4
30, 4, 14, 519, 437, 29.6702, 37.8806,5, 4
30, 4, 15, 519, 373, 23.7161, 37.8854,5, 3
30, 4, 16, 519, 415, 10.4453, 18.8913,2, 1
30, 4, 17, 519, 408, 17.6255, 26.4704,3, 2
30, 4, 18, 519, 371, 15.4937, 15.4937,2, 2
30, 4, 19, 519, 415, 48.5629, 87.3062,11, 6
30, 4, 20, 519, 474, 18.9179, 30.1626,3, 2
30, 4, 21, 519, 366, 14.8915, 21.6224,3, 2
30, 4, 22, 519, 398, 18.8303, 28.6988,3, 2
30, 4, 23, 519, 527, 7.88904, 14.6375,2, 1
30, 4, 24, 519, 450, 0, 0,0, 0
30, 4, 25, 519, 489, 38.7606, 46.6595,6, 5
30, 4, 26, 519, 535, 18.3897, 36.5966,4, 2
30, 4, 27, 519, 398, 27.3906, 36.6915,4, 3
30, 4, 28, 519, 427, 26.5974, 42.709,5, 3
30, 4, 29, 519, 522, 28.8196, 42.7927,6, 4
30, 4, 30, 519, 490, 21.656, 28.788,4, 3
30, 4, 31, 519, 384, 8.71272, 8.71272,1, 1
30, 4, 32, 519, 521, 31.0854, 49.5134,5, 3
30, 4, 33, 519, 483, 0, 0,0, 0
30, 4, 34, 519, 378, 34.9922, 61.0375,7, 4
30, 4, 35, 519, 419, 8.57097, 15.8409,2, 1
30, 4, 36, 519, 448, 49.7602, 111.564,10, 4
30, 4, 37, 519, 548, 21.1768, 38.0756,4, 2
30, 4, 38, 519, 493, 17.4677, 32.88,4, 2
30, 4, 39, 519, 451, 8.62668, 16.4186,2, 1
30, 4, 40, 519, 455, 13.7404, 13.7404,2, 2
30, 4, 41, 519, 410, 6.68091, 6.68091,1, 1
30, 4, 42, 519, 444, 24.1489, 31.0627,4, 3
30, 4, 43, 519, 442, 14.1754, 14.1754,2, 2
30, 4, 44, 519, 413, 14.7626, 21.966,3, 2
30, 4, 45, 519, 477, 48.6672, 99.5059,11, 5
30, 4, 46, 519, 474, 42.8225, 81.8469,10, 5
30, 4, 47, 519, 484, 39.7969, 55.8279,7, 5
30, 5, 1, 557, 359, 15.4262, 22.434,3, 2
30, 5, 2, 557, 362, 57.9377, 66.262,8, 7
30, 5, 3, 557, 297, 7.44976, 7.44976,1, 1
30, 5, 4, 557, 519, 6.76142, 6.76142,1, 1
30, 5, 6, 557, 512, 473.243, 561.913,64, 53
30, 5, 7, 557, 427, 107.836, 146.703,18, 13
30, 5, 8, 557, 403, 70.1232, 105.448,13, 8
30, 5, 9, 557, 423, 22.5082, 22.5082,3, 3
30, 5, 10, 557, 462, 39.4721, 39.4721,5, 5
30, 5, 11, 557, 486, 98.9797, 114.508,14, 12
30, 5, 12, 557, 473, 204.277, 249.429,26, 21
30, 5, 13, 557, 533, 153.577, 192.848,23, 18
30, 5, 14, 557, 437, 45.6354, 45.6354,6, 6
30, 5, 15, 557, 373, 53.1346, 69.0792,8, 6
30, 5, 16, 557, 415, 36.3784, 36.3784,5, 5
30, 5, 17, 557, 408, 52.7999, 52.7999,7, 7
30, 5, 18, 557, 371, 75.6977, 91.9927,11, 9
30, 5, 19, 557, 415, 47.7322, 47.7322,6, 6
30, 5, 20, 557, 474, 108.557, 149.642,17, 12
30, 5, 21, 557, 366, 95.933, 95.933,11, 11
30, 5, 22, 557, 398, 97.5985, 120.618,15, 12
30, 5, 23, 557, 527, 35.609, 46.0273,5, 4
30, 5, 24, 557, 450, 26.9839, 26.9839,3, 3
30, 5, 25, 557, 489, 94.8213, 117.431,15, 12
30, 5, 26, 557, 535, 82.6987, 90.052,11, 10
30, 5, 27, 557, 398, 10.449, 18.0673,2, 1
30, 5, 28, 557, 427, 45.6581, 73.7246,9, 5
30, 5, 29, 557, 522, 96.2169, 118.468,11, 9
30, 5, 30, 557, 490, 67.0816, 84.8711,10, 8
30, 5, 31, 557, 384, 48.3065, 64.4226,8, 6
30, 5, 32, 557, 521, 17.9364, 25.2203,3, 2
30, 5, 33, 557, 483, 76.7574, 99.7117,12, 9
30, 5, 34, 557, 378, 119.951, 145.586,17, 14
30, 5, 35, 557, 419, 13.6274, 13.6274,2, 2
30, 5, 36, 557, 448, 155.746, 179.024,20, 17
30, 5, 37, 557, 548, 47.5064, 55.0853,7, 6
30, 5, 38, 557, 493, 26.9015, 41.6235,5, 3
30, 5, 39, 557, 451, 45.0984, 45.0984,5, 5
30, 5, 40, 557, 455, 68.537, 76.1525,10, 9
30, 5, 41, 557, 410, 102.716, 138.961,17, 12
30, 5, 42, 557, 444, 78.1539, 95.3323,11, 9
30, 5, 43, 557, 442, 73.7518, 82.7497,10, 9
30, 5, 44, 557, 413, 449.168, 519.941,53, 45
30, 5, 45, 557, 477, 83.3491, 83.3491,10, 10
30, 5, 46, 557, 474, 329.989, 354.013,40, 37
30, 5, 47, 557, 484, 142.361, 178.684,22, 17
30, 6, 1, 512, 359, 28.784, 28.784,4, 4
30, 6, 2, 512, 362, 58.7896, 58.7896,7, 7
30, 6, 3, 512, 297, 30.6417, 39.2721,5, 4
30, 6, 4, 512, 519, 46.9483, 154.194,17, 5
30, 6, 5, 512, 557, 502.599, 561.914,64, 56
30, 6, 7, 512, 427, 126.648, 126.648,12, 12
30, 6, 8, 512, 403, 79.4639, 79.4639,8, 8
30, 6, 9, 512, 423, 383.59, 740.666,86, 41
30, 6, 10, 512, 462, 380.744, 611.717,71, 42
30, 6, 11, 512, 486, 451.875, 745.737,87, 48
30, 6, 12, 512, 473, 244.242, 456.448,49, 25
30, 6, 13, 512, 533, 132.031, 264.447,29, 14
30, 6, 14, 512, 437, 82.198, 96.4589,12, 10
30, 6, 15, 512, 373, 42.1179, 42.1179,5, 5
30, 6, 16, 512, 415, 80.8179, 80.8179,11, 11
30, 6, 17, 512, 408, 25.1742, 25.1742,3, 3
30, 6, 18, 512, 371, 57.4654, 57.4654,7, 7
30, 6, 19, 512, 415, 22.4013, 22.4013,3, 3
30, 6, 20, 512, 474, 95.2843, 102.375,12, 11
30, 6, 21, 512, 366, 88.0822, 88.0822,10, 10
30, 6, 22, 512, 398, 154.378, 184.811,20, 16
30, 6, 23, 512, 527, 96.4337, 103.786,12, 11
30, 6, 24, 512, 450, 113.774, 122.659,15, 14
30, 6, 25, 512, 489, 131.919, 131.919,13, 13
30, 6, 26, 512, 535, 33.2689, 33.2689,4, 4
30, 6, 27, 512, 398, 44.1241, 44.1241,5, 5
30, 6, 28, 512, 427, 114.936, 114.936,11, 11
30, 6, 29, 512, 522, 151.624, 238.38,29, 18
30, 6, 30, 512, 490, 31.3705, 31.3705,4, 4
30, 6, 31, 512, 384, 94.8203, 101.81,12, 11
30, 6, 32, 512, 521, 115.085, 121.946,16, 15
30, 6, 33, 512, 483, 382.333, 684.217,85, 45
30, 6, 34, 512, 378, 171.25, 234.576,26, 18
30, 6, 35, 512, 419, 191.001, 321.894,37, 20
30, 6, 36, 512, 448, 164.262, 243.199,28, 18
30, 6, 37, 512, 548, 74.1672, 87.9322,11, 9
30, 6, 38, 512, 493, 458.074, 763.704,91, 51
30, 6, 39, 512, 451, 448.06, 822.284,91, 44
30, 6, 40, 512, 455, 63.4678, 63.4678,8, 8
30, 6, 41, 512, 410, 83.8912, 83.8912,10, 10
30, 6, 42, 512, 444, 92.5569, 99.675,12, 11
30, 6, 43, 512, 442, 308.001, 587.418,70, 34
30, 6, 44, 512, 413, 475.18, 565.747,63, 52
30, 6, 45, 512, 477, 830.678, 1319.01,147, 87
30, 6, 46, 512, 474, 772.456, 1007.27,114, 86
30, 6, 47, 512, 484, 519.991, 764.491,82, 52
30, 7, 1, 427, 359, 6.96345, 6.96345,1, 1
30, 7, 2, 427, 362, 125.972, 153.528,19, 15
30, 7, 3, 427, 297, 31.3519, 31.3519,4, 4
30, 7, 4, 427, 519, 29.9595, 44.448,6, 4
30, 7, 5, 427, 557, 124.359, 146.704,18, 15
30, 7, 6, 427, 512, 91.4907, 126.648,12, 8
30, 7, 8, 427, 403, 367.859, 388.427,46, 44
30, 7, 9, 427, 423, 7.97434, 22.777,3, 1
30, 7, 10, 427, 462, 23.0383, 23.0383,3, 3
30, 7, 11, 427, 486, 167.3, 203.776,21, 17
30, 7, 12, 427, 473, 147.624, 173.408,16, 13
30, 7, 13, 427, 533, 48.5081, 56.9609,7, 6
30, 7, 14, 427, 437, 935.924, 1016.58,104, 94
30, 7, 15, 427, 373, 806.019, 882.953,91, 81
30, 7, 16, 427, 415, 89.215, 104.364,13, 11
30, 7, 17, 427, 408, 155.951, 187.016,22, 18
30, 7, 18, 427, 371, 273.163, 295.149,33, 30
30, 7, 19, 427, 415, 118.081, 124.81,15, 14
30, 7, 20, 427, 474, 785.835, 882.389,92, 80
30, 7, 21, 427, 366, 158.222, 181.89,22, 19
30, 7, 22, 427, 398, 294.64, 330.613,38, 33
30, 7, 23, 427, 527, 196.394, 231.806,28, 23
30, 7, 24, 427, 450, 61.0824, 61.0824,8, 8
30, 7, 25, 427, 489, 1071.19, 1161.43,115, 104
30, 7, 26, 427, 535, 56.0743, 56.0743,7, 7
30, 7, 27, 427, 398, 67.5215, 87.5411,9, 7
30, 7, 28, 427, 427, 190.124, 255.981,27, 20
30, 7, 29, 427, 522, 56.4869, 63.3642,6, 5
30, 7, 30, 427, 490, 70.698, 70.698,7, 7
30, 7, 31, 427, 384, 123.248, 177.36,20, 13
30, 7, 32, 427, 521, 487.591, 515.632,59, 56
30, 7, 33, 427, 483, 74.8528, 93.8018,11, 9
30, 7, 34, 427, 378, 208.162, 227.09,24, 22
30, 7, 35, 427, 419, 77.7955, 77.7955,9, 9
30, 7, 36, 427, 448, 146.849, 168.003,19, 16
30, 7, 37, 427, 548, 503.09, 537.434,58, 54
30, 7, 38, 427, 493, 20.3531, 20.3531,2, 2
30, 7, 39, 427, 451, 14.8351, 14.8351,2, 2
30, 7, 40, 427, 455, 53.5675, 53.5675,6, 6
30, 7, 41, 427, 410, 64.4796, 82.3478,9, 7
30, 7, 42, 427, 444, 69.4687, 83.9042,10, 8
30, 7, 43, 427, 442, 105.669, 125.739,13, 11
30, 7, 44, 427, 413, 52.3486, 68.7287,7, 5
30, 7, 45, 427, 477, 7.87084, 7.87084,1, 1
30, 7, 46, 427, 474, 129.922, 159.022,17, 14
30, 7, 47, 427, 484, 104.497, 115.081,13, 12
30, 8, 1, 403, 359, 0, 0,0, 0
30, 8, 2, 403, 362, 83.4524, 112.744,13, 9
30, 8, 3, 403, 297, 37.7324, 44.6541,6, 5
30, 8, 4, 403, 519, 25.5229, 90.4787,12, 3
30, 8, 5, 403, 557, 83.8616, 105.448,13, 10
30, 8, 6, 403, 512, 63.2917, 79.4633,8, 7
30, 8, 7, 403, 427, 330.605, 388.427,46, 39
30, 8, 9, 403, 423, 0, 0,0, 0
30, 8, 10, 403, 462, 0, 0,0, 0
30, 8, 11, 403, 486, 86.6471, 115.504,12, 9
30, 8, 12, 403, 473, 136.649, 162.644,16, 14
30, 8, 13, 403, 533, 267.349, 306.673,35, 30
30, 8, 14, 403, 437, 174.689, 188.529,23, 21
30, 8, 15, 403, 373, 542.701, 594.624,62, 57
30, 8, 16, 403, 415, 25.2894, 33.0402,4, 3
30, 8, 17, 403, 408, 65.0946, 65.0946,9, 9
30, 8, 18, 403, 371, 162.628, 184.153,21, 18
30, 8, 19, 403, 415, 556.941, 669.235,72, 58
30, 8, 20, 403, 474, 620.504, 691.841,76, 67
30, 8, 21, 403, 366, 354.232, 371.539,41, 39
30, 8, 22, 403, 398, 150.545, 172.678,20, 17
30, 8, 23, 403, 527, 40.0328, 40.0328,5, 5
30, 8, 24, 403, 450, 14.4446, 14.4446,2, 2
30, 8, 25, 403, 489, 235.548, 278.646,31, 26
30, 8, 26, 403, 535, 172.11, 224.799,28, 21
30, 8, 27, 403, 398, 47.0537, 47.0537,6, 6
30, 8, 28, 403, 427, 148.127, 167.692,19, 17
30, 8, 29, 403, 522, 102.103, 102.103,12, 12
30, 8, 30, 403, 490, 179.144, 202.138,21, 18
30, 8, 31, 403, 384, 85.6276, 99.1727,12, 10
30, 8, 32, 403, 521, 109.344, 109.344,14, 14
30, 8, 33, 403, 483, 80.6767, 108.891,12, 9
30, 8, 34, 403, 378, 138.935, 149.218,15, 14
30, 8, 35, 403, 419, 26.6123, 26.6123,3, 3
30, 8, 36, 403, 448, 123.428, 123.428,14, 14
30, 8, 37, 403, 548, 122.087, 136.858,17, 15
30, 8, 38, 403, 493, 7.2081, 7.2081,1, 1
30, 8, 39, 403, 451, 13.9284, 13.9284,2, 2
30, 8, 40, 403, 455, 184.904, 192.766,20, 19
30, 8, 41, 403, 410, 122.315, 150.291,15, 12
30, 8, 42, 403, 444, 122.683, 146.669,17, 14
30, 8, 43, 403, 442, 43.6306, 43.6306,5, 5
30, 8, 44, 403, 413, 42.2043, 52.0525,6, 5
30, 8, 45, 403, 477, 28.7568, 28.7568,4, 4
30, 8, 46, 403, 474, 45.6846, 45.6846,6, 6
30, 8, 47, 403, 484, 85.3029, 104.28,12, 10
30, 9, 1, 423, 359, 7.85647, 15.2257,2, 1
30, 9, 2, 423, 362, 0, 0,0, 0
30, 9, 3, 423, 297, 8.91128, 17.6698,2, 1
30, 9, 4, 423, 519, 32.6531, 55.9275,7, 4
30, 9, 5, 423, 557, 22.5082, 22.5082,3, 3
30, 9, 6, 423, 512, 421.499, 740.664,86, 46
30, 9, 7, 423, 427, 22.777, 22.777,3, 3
30, 9, 8, 423, 403, 0, 0,0, 0
30, 9, 10, 423, 462, 1249.53, 2067.39,220, 116
30, 9, 11, 423, 486, 687.495, 1214.47,127, 62
30, 9, 12, 423, 473, 250.809, 373.939,40, 25
30, 9, 13, 423, 533, 55.8995, 86.354,11, 7
30, 9, 14, 423, 437, 6.79737, 6.79737,1, 1
30, 9, 15, 423, 373, 0, 0,0, 0
30, 9, 16, 423, 415, 37.8714, 52.3146,7, 5
30, 9, 17, 423, 408, 17.2398, 17.2398,2, 2
30, 9, 18, 423, 371, 0, 0,0, 0
30, 9, 19, 423, 415, 0, 0,0, 0
30, 9, 20, 423, 474, 0, 0,0, 0
30, 9, 21, 423, 366, 0, 0,0, 0
30, 9, 22, 423, 398, 0, 0,0, 0
30, 9, 23, 423, 527, 73.1844, 87.6312,11, 9
30, 9, 24, 423, 450, 84.0975, 119.863,15, 10
30, 9, 25, 423, 489, 7.08393, 7.08393,1, 1
30, 9, 26, 423, 535, 0, 0,0, 0
30, 9, 27, 423, 398, 40.1103, 46.8169,6, 5
30, 9, 28, 423, 427, 23.5891, 23.5891,3, 3
30, 9, 29, 423, 522, 105.869, 137.729,16, 12
30, 9, 30, 423, 490, 0, 0,0, 0
30, 9, 31, 423, 384, 21.422, 21.422,3, 3
30, 9, 32, 423, 521, 22.6449, 22.6449,3, 3
30, 9, 33, 423, 483, 484.329, 968.677,114, 53
30, 9, 34, 423, 378, 15.1434, 15.1434,2, 2
30, 9, 35, 423, 419, 272.481, 431.798,53, 31
30, 9, 36, 423, 448, 90.0544, 118.152,13, 10
30, 9, 37, 423, 548, 40.1594, 53.6849,7, 5
30, 9, 38, 423, 493, 716.718, 1493.79,179, 80
30, 9, 39, 423, 451, 700.417, 1236.52,138, 71
30, 9, 40, 423, 455, 7.46779, 7.46779,1, 1
30, 9, 41, 423, 410, 7.47901, 7.47901,1, 1
30, 9, 42, 423, 444, 78.293, 85.2241,11, 10
30, 9, 43, 423, 442, 488.021, 970.176,112, 52
30, 9, 44, 423, 413, 0, 0,0, 0
30, 9, 45, 423, 477, 567.349, 1053.26,126, 62
30, 9, 46, 423, 474, 76.0996, 109.488,13, 9
30, 9, 47, 423, 484, 137.343, 277.243,34, 16
30, 10, 1, 462, 359, 13.5892, 13.5892,2, 2
30, 10, 2, 462, 362, 34.2217, 55.673,5, 3
30, 10, 3, 462, 297, 41.7876, 67.1938,8, 5
30, 10, 4, 462, 519, 48.7635, 55.8378,6, 5
30, 10, 5, 462, 557, 39.4722, 39.4722,5, 5
30, 10, 6, 462, 512, 320.405, 611.717,71, 35
30, 10, 7, 462, 427, 23.0384, 23.0384,3, 3
30, 10, 8, 462, 403, 0, 0,0, 0
30, 10, 9, 462, 423, 1253.88, 2067.38,220, 120
30, 10, 11, 462, 486, 1249.27, 1858.52,203, 128
30, 10, 12, 462, 473, 655.211, 766.515,84, 70
30, 10, 13, 462, 533, 130.13, 137.124,17, 16
30, 10, 14, 462, 437, 35.901, 43.7891,5, 4
30, 10, 15, 462, 373, 25.2572, 40.0259,3, 2
30, 10, 16, 462, 415, 119.518, 139.196,14, 12
30, 10, 17, 462, 408, 66.1493, 79.666,7, 6
30, 10, 18, 462, 371, 36.7504, 46.1844,5, 4
30, 10, 19, 462, 415, 0, 0,0, 0
30, 10, 20, 462, 474, 17.6862, 27.6369,3, 2
30, 10, 21, 462, 366, 33.5947, 46.0827,3, 2
30, 10, 22, 462, 398, 22.7138, 36.9311,3, 2
30, 10, 23, 462, 527, 78.8607, 100.975,11, 9
30, 10, 24, 462, 450, 129.091, 164.061,22, 17
30, 10, 25, 462, 489, 38.9391, 51.7369,4, 3
30, 10, 26, 462, 535, 9.1751, 9.1751,1, 1
30, 10, 27, 462, 398, 26.1398, 34.6974,4, 3
30, 10, 28, 462, 427, 89.5688, 118.042,11, 9
30, 10, 29, 462, 522, 80.2813, 144.921,17, 9
30, 10, 30, 462, 490, 13.8431, 13.8431,2, 2
30, 10, 31, 462, 384, 17.3306, 17.3306,2, 2
30, 10, 32, 462, 521, 112.416, 133.309,13, 11
30, 10, 33, 462, 483, 508.825, 955.173,110, 53
30, 10, 34, 462, 378, 112.173, 133.261,15, 13
30, 10, 35, 462, 419, 398.888, 603.401,67, 43
30, 10, 36, 462, 448, 224.163, 246.331,27, 24
30, 10, 37, 462, 548, 62.3763, 87.9105,9, 6
30, 10, 38, 462, 493, 645.07, 1333.2,149, 66
30, 10, 39, 462, 451, 896.981, 1473.41,169, 96
30, 10, 40, 462, 455, 23.1642, 23.1642,3, 3
30, 10, 41, 462, 410, 44.6526, 51.5354,6, 5
30, 10, 42, 462, 444, 93.3854, 120.752,16, 12
30, 10, 43, 462, 442, 490.614, 937.789,114, 56
30, 10, 44, 462, 413, 30.0958, 30.0958,4, 4
30, 10, 45, 462, 477, 386.237, 753.955,85, 40
30, 10, 46, 462, 474, 104.339, 136.224,16, 12
30, 10, 47, 462, 484, 165.467, 305.572,37, 19
30, 11, 1, 486, 359, 30.3388, 37.5204,5, 4
30, 11, 2, 486, 362, 44.8892, 68.7562,8, 5
30, 11, 3, 486, 297, 22.8263, 22.8263,3, 3
30, 11, 4, 486, 519, 32.7033, 59.1131,6, 3
30, 11, 5, 486, 557, 114.508, 114.508,14, 14
30, 11, 6, 486, 512, 448.517, 745.737,87, 49
30, 11, 7, 486, 427, 153.662, 203.776,21, 15
30, 11, 8, 486, 403, 89.84, 115.504,12, 9
30, 11, 9, 486, 423, 769.175, 1214.47,127, 73
30, 11, 10, 486, 462, 1268.9, 1858.53,203, 131
30, 11, 12, 486, 473, 1126.03, 1376.7,137, 107
30, 11, 13, 486, 533, 406.22, 451.197,55, 50
30, 11, 14, 486, 437, 45.6465, 53.1996,7, 6
30, 11, 15, 486, 373, 106.598, 113.755,12, 11
30, 11, 16, 486, 415, 48.2551, 55.0885,7, 6
30, 11, 17, 486, 408, 62.2795, 69.2667,9, 8
30, 11, 18, 486, 371, 103.545, 129.844,15, 12
30, 11, 19, 486, 415, 34.0346, 51.2468,6, 4
30, 11, 20, 486, 474, 98.7999, 108.001,12, 11
30, 11, 21, 486, 366, 64.0438, 83.2547,9, 7
30, 11, 22, 486, 398, 46.6109, 46.6109,5, 5
30, 11, 23, 486, 527, 15.6179, 15.6179,2, 2
30, 11, 24, 486, 450, 54.6629, 97.9615,11, 6
30, 11, 25, 486, 489, 103.062, 147.91,14, 9
30, 11, 26, 486, 535, 15.2674, 22.5252,3, 2
30, 11, 27, 486, 398, 52.223, 52.223,6, 6
30, 11, 28, 486, 427, 135.867, 176.194,19, 14
30, 11, 29, 486, 522, 183.24, 266.831,30, 19
30, 11, 30, 486, 490, 53.1418, 67.4874,8, 6
30, 11, 31, 486, 384, 129.804, 147.483,17, 15
30, 11, 32, 486, 521, 44.9049, 51.9346,7, 6
30, 11, 33, 486, 483, 548.891, 838.913,98, 62
30, 11, 34, 486, 378, 325.932, 373.251,39, 33
30, 11, 35, 486, 419, 354.642, 527.439,60, 38
30, 11, 36, 486, 448, 425.849, 522.267,56, 45
30, 11, 37, 486, 548, 30.8925, 46.2534,6, 4
30, 11, 38, 486, 493, 469.716, 728.363,87, 55
30, 11, 39, 486, 451, 646.029, 1049.78,122, 71
30, 11, 40, 486, 455, 78.6716, 103.932,13, 10
30, 11, 41, 486, 410, 121.143, 161.74,18, 13
30, 11, 42, 486, 444, 271.399, 373.665,42, 29
30, 11, 43, 486, 442, 520.276, 716.011,83, 57
30, 11, 44, 486, 413, 94.0686, 94.0686,11, 11
30, 11, 45, 486, 477, 390.051, 629.797,78, 47
30, 11, 46, 486, 474, 227.164, 308.85,35, 25
30, 11, 47, 486, 484, 257.488, 391.044,45, 29
30, 12, 1, 473, 359, 24.0591, 31.6956,4, 3
30, 12, 2, 473, 362, 88.9316, 119.301,14, 10
30, 12, 3, 473, 297, 27.1337, 35.5343,4, 3
30, 12, 4, 473, 519, 70.2843, 179.024,15, 5
30, 12, 5, 473, 557, 194.963, 249.429,26, 21
30, 12, 6, 473, 512, 238.752, 456.445,49, 25
30, 12, 7, 473, 427, 120.433, 173.407,16, 11
30, 12, 8, 473, 403, 109.118, 162.644,16, 11
30, 12, 9, 473, 423, 266.548, 373.939,40, 27
30, 12, 10, 473, 462, 665.386, 766.516,84, 72
30, 12, 11, 473, 486, 1169.36, 1376.7,137, 113
30, 12, 13, 473, 533, 761.435, 889.152,97, 81
30, 12, 14, 473, 437, 31.843, 48.5911,6, 4
30, 12, 15, 473, 373, 101.997, 132.172,13, 10
30, 12, 16, 473, 415, 74.364, 104.597,14, 10
30, 12, 17, 473, 408, 63.1746, 72.1736,9, 8
30, 12, 18, 473, 371, 113.718, 123.485,15, 14
30, 12, 19, 473, 415, 85.9243, 102.627,12, 10
30, 12, 20, 473, 474, 137.381, 157.641,17, 15
30, 12, 21, 473, 366, 90.953, 100.209,11, 10
30, 12, 22, 473, 398, 81.2211, 90.5819,9, 8
30, 12, 23, 473, 527, 37.146, 44.4271,6, 5
30, 12, 24, 473, 450, 16.3521, 16.3521,2, 2
30, 12, 25, 473, 489, 135.633, 167.668,19, 15
30, 12, 26, 473, 535, 66.2014, 74.3802,9, 8
30, 12, 27, 473, 398, 74.3692, 89.4094,9, 8
30, 12, 28, 473, 427, 111.065, 146.595,14, 10
30, 12, 29, 473, 522, 150.235, 189.158,17, 15
30, 12, 30, 473, 490, 74.7249, 86.4126,10, 9
30, 12, 31, 473, 384, 53.7228, 53.7228,7, 7
30, 12, 32, 473, 521, 45.9469, 55.937,7, 6
30, 12, 33, 473, 483, 147.599, 178.677,18, 15
30, 12, 34, 473, 378, 327.956, 406.226,46, 36
30, 12, 35, 473, 419, 56.2819, 63.727,8, 7
30, 12, 36, 473, 448, 502.108, 651.958,64, 50
30, 12, 37, 473, 548, 40.6263, 50.9022,6, 5
30, 12, 38, 473, 493, 69.3528, 92.3372,10, 8
30, 12, 39, 473, 451, 134.788, 144.166,17, 16
30, 12, 40, 473, 455, 144.458, 160.607,20, 18
30, 12, 41, 473, 410, 259.181, 309.118,35, 29
30, 12, 42, 473, 444, 245.124, 292.032,33, 27
30, 12, 43, 473, 442, 129.411, 143.056,15, 14
30, 12, 44, 473, 413, 161.124, 208.836,22, 17
30, 12, 45, 473, 477, 125.695, 201.583,22, 14
30, 12, 46, 473, 474, 211.87, 358.512,41, 24
30, 12, 47, 473, 484, 152.108, 228.166,25, 16
30, 13, 1, 533, 359, 15.8842, 15.8842,2, 2
30, 13, 2, 533, 362, 52.5279, 52.5279,5, 5
30, 13, 3, 533, 297, 0, 0,0, 0
30, 13, 4, 533, 519, 30.8292, 52.7099,7, 4
30, 13, 5, 533, 557, 155.734, 192.848,23, 18
30, 13, 6, 533, 512, 152.681, 264.447,29, 16
30, 13, 7, 533, 427, 56.961, 56.961,7, 7
30, 13, 8, 533, 403, 261.544, 306.674,35, 29
30, 13, 9, 533, 423, 55.7219, 86.3541,11, 7
30, 13, 10, 533, 462, 130.018, 137.124,17, 16
30, 13, 11, 533, 486, 437.264, 451.198,55, 53
30, 13, 12, 533, 473, 811.894, 889.152,97, 87
30, 13, 14, 533, 437, 36.9606, 36.9606,5, 5
30, 13, 15, 533, 373, 73.5849, 73.5849,8, 8
30, 13, 16, 533, 415, 0, 0,0, 0
30, 13, 17, 533, 408, 61.1557, 61.1557,8, 8
30, 13, 18, 533, 371, 58.9873, 58.9873,7, 7
30, 13, 19, 533, 415, 154.413, 177.135,22, 19
30, 13, 20, 533, 474, 85.0399, 85.0399,10, 10
30, 13, 21, 533, 366, 130.966, 137.833,16, 15
30, 13, 22, 533, 398, 38.8013, 38.8013,5, 5
30, 13, 23, 533, 527, 8.39538, 29.7602,4, 1
30, 13, 24, 533, 450, 0, 0,0, 0
30, 13, 25, 533, 489, 108.185, 108.185,13, 13
30, 13, 26, 533, 535, 58.3864, 58.3864,7, 7
30, 13, 27, 533, 398, 23.2182, 23.2182,3, 3
30, 13, 28, 533, 427, 79.7415, 79.7415,8, 8
30, 13, 29, 533, 522, 119.436, 127.77,15, 14
30, 13, 30, 533, 490, 112.885, 120.102,13, 12
30, 13, 31, 533, 384, 81.2828, 81.2828,8, 8
30, 13, 32, 533, 521, 13.9852, 13.9852,2, 2
30, 13, 33, 533, 483, 126.996, 133.937,15, 14
30, 13, 34, 533, 378, 153.897, 167.563,20, 18
30, 13, 35, 533, 419, 15.638, 15.638,2, 2
30, 13, 36, 533, 448, 287.428, 300.889,34, 32
30, 13, 37, 533, 548, 0, 0,0, 0
30, 13, 38, 533, 493, 25.7775, 32.9129,4, 3
30, 13, 39, 533, 451, 40.4497, 40.4497,5, 5
30, 13, 40, 533, 455, 236.417, 250.733,26, 24
30, 13, 41, 533, 410, 182.741, 189.41,22, 21
30, 13, 42, 533, 444, 196.41, 211.572,23, 21
30, 13, 43, 533, 442, 50.8397, 50.8397,7, 7
30, 13, 44, 533, 413, 112.845, 141.512,12, 9
30, 13, 45, 533, 477, 57.7242, 88.8945,10, 6
30, 13, 46, 533, 474, 102.147, 143.37,15, 11
30, 13, 47, 533, 484, 66.3291, 102.558,11, 7
30, 14, 1, 437, 359, 75.5484, 95.0056,10, 8
30, 14, 2, 437, 362, 67.6013, 67.6013,7, 7
30, 14, 3, 437, 297, 32.5134, 32.5134,4, 4
30, 14, 4, 437, 519, 37.8806, 37.8806,5, 5
30, 14, 5, 437, 557, 45.6354, 45.6354,6, 6
30, 14, 6, 437, 512, 75.1042, 96.4591,12, 9
30, 14, 7, 437, 427, 979.004, 1016.58,104, 100
30, 14, 8, 437, 403, 188.529, 188.529,23, 23
30, 14, 9, 437, 423, 6.7974, 6.7974,1, 1
30, 14, 10, 437, 462, 36.0017, 43.7893,5, 4
30, 14, 11, 437, 486, 45.3499, 53.1994,7, 6
30, 14, 12, 437, 473, 48.591, 48.591,6, 6
30, 14, 13, 437, 533, 36.9606, 36.9606,5, 5
30, 14, 15, 437, 373, 598.63, 637.598,72, 67
30, 14, 16, 437, 415, 195.419, 202.128,23, 22
30, 14, 17, 437, 408, 275.612, 292.19,31, 29
30, 14, 18, 437, 371, 176.055, 176.055,21, 21
30, 14, 19, 437, 415, 74.0086, 74.0086,9, 9
30, 14, 20, 437, 474, 557.341, 602.77,69, 63
30, 14, 21, 437, 366, 57.5962, 57.5962,7, 7
30, 14, 22, 437, 398, 224.773, 270.17,30, 24
30, 14, 23, 437, 527, 308.896, 338.589,38, 34
30, 14, 24, 437, 450, 223.054, 251.755,30, 26
30, 14, 25, 437, 489, 874.196, 927.382,92, 85
30, 14, 26, 437, 535, 44.6346, 44.6346,5, 5
30, 14, 27, 437, 398, 69.6564, 69.6564,7, 7
30, 14, 28, 437, 427, 106.084, 106.084,11, 11
30, 14, 29, 437, 522, 28.0597, 34.835,4, 3
30, 14, 30, 437, 490, 39.0765, 39.0765,5, 5
30, 14, 31, 437, 384, 35.5798, 35.5798,4, 4
30, 14, 32, 437, 521, 966.313, 1123.12,107, 90
30, 14, 33, 437, 483, 0, 0,0, 0
30, 14, 34, 437, 378, 121.773, 121.773,14, 14
30, 14, 35, 437, 419, 129.768, 129.768,15, 15
30, 14, 36, 437, 448, 93.6849, 100.565,12, 11
30, 14, 37, 437, 548, 897.934, 1036.18,111, 94
30, 14, 38, 437, 493, 20.3741, 20.3741,2, 2
30, 14, 39, 437, 451, 77.769, 91.5249,11, 9
30, 14, 40, 437, 455, 0, 0,0, 0
30, 14, 41, 437, 410, 17.8179, 17.8179,2, 2
30, 14, 42, 437, 444, 21.304, 21.304,3, 3
30, 14, 43, 437, 442, 25.1884, 32.6558,4, 3
30, 14, 44, 437, 413, 74.0522, 74.0522,9, 9
30, 14, 45, 437, 477, 60.9406, 67.7395,9, 8
30, 14, 46, 437, 474, 108.333, 108.333,12, 12
30, 14, 47, 437, 484, 139.458, 161.702,18, 15
30, 15, 1, 373, 359, 7.26497, 7.26497,1, 1
30, 15, 2, 373, 362, 92.9023, 92.9023,9, 9
30, 15, 3, 373, 297, 47.6153, 47.6153,5, 5
30, 15, 4, 373, 519, 37.8854, 37.8854,5, 5
30, 15, 5, 373, 557, 69.0791, 69.0791,8, 8
30, 15, 6, 373, 512, 42.1178, 42.1178,5, 5
30, 15, 7, 373, 427, 834.35, 882.959,91, 85
30, 15, 8, 373, 403, 563.297, 594.626,62, 58
30, 15, 9, 373, 423, 0, 0,0, 0
30, 15, 10, 373, 462, 40.0253, 40.0253,3, 3
30, 15, 11, 373, 486, 106.684, 113.754,12, 11
30, 15, 12, 373, 473, 132.172, 132.172,13, 13
30, 15, 13, 373, 533, 73.5848, 73.5848,8, 8
30, 15, 14, 373, 437, 615.706, 637.598,72, 69
30, 15, 16, 373, 415, 96.356, 96.356,11, 11
30, 15, 17, 373, 408, 152.797, 168.691,19, 17
30, 15, 18, 373, 371, 300.023, 333.211,34, 30
30, 15, 19, 373, 415, 216.097, 238.121,29, 26
30, 15, 20, 373, 474, 1098.48, 1211.86,125, 112
30, 15, 21, 373, 366, 298.715, 329.196,34, 30
30, 15, 22, 373, 398, 312.769, 329.894,35, 33
30, 15, 23, 373, 527, 126.937, 126.937,15, 15
30, 15, 24, 373, 450, 60.8302, 60.8302,8, 8
30, 15, 25, 373, 489, 681.9, 702.244,72, 70
30, 15, 26, 373, 535, 69.9987, 69.9987,8, 8
30, 15, 27, 373, 398, 36.0051, 36.0051,4, 4
30, 15, 28, 373, 427, 112.279, 121.015,11, 10
30, 15, 29, 373, 522, 54.0872, 54.0872,7, 7
30, 15, 30, 373, 490, 90.5718, 98.5976,10, 9
30, 15, 31, 373, 384, 86.9179, 98.7294,11, 10
30, 15, 32, 373, 521, 387.666, 426.92,48, 43
30, 15, 33, 373, 483, 104.211, 104.211,12, 12
30, 15, 34, 373, 378, 279.188, 286.279,31, 30
30, 15, 35, 373, 419, 71.937, 71.937,8, 8
30, 15, 36, 373, 448, 140.994, 140.994,16, 16
30, 15, 37, 373, 548, 254.073, 254.073,28, 28
30, 15, 38, 373, 493, 30.2396, 30.2396,2, 2
30, 15, 39, 373, 451, 28.7406, 36.4347,4, 3
30, 15, 40, 373, 455, 75.1573, 75.1573,8, 8
30, 15, 41, 373, 410, 80.3938, 80.3938,10, 10
30, 15, 42, 373, 444, 105.98, 105.98,12, 12
30, 15, 43, 373, 442, 54.7497, 54.7497,7, 7
30, 15, 44, 373, 413, 88.3177, 95.0461,12, 11
30, 15, 45, 373, 477, 15.9137, 15.9137,2, 2
30, 15, 46, 373, 474, 90.6717, 90.6717,10, 10
30, 15, 47, 373, 484, 96.6234, 110.893,14, 12
30, 16, 1, 415, 359, 89.6616, 89.6616,11, 11
30, 16, 2, 415, 362, 68.0691, 82.7716,9, 7
30, 16, 3, 415, 297, 85.071, 100.855,11, 9
30, 16, 4, 415, 519, 18.8915, 18.8915,2, 2
30, 16, 5, 415, 557, 29.6595, 36.3784,5, 4
30, 16, 6, 415, 512, 66.2227, 80.8177,11, 9
30, 16, 7, 415, 427, 90.0366, 104.363,13, 11
30, 16, 8, 415, 403, 33.0402, 33.0402,4, 4
30, 16, 9, 415, 423, 44.3812, 52.3145,7, 6
30, 16, 10, 415, 462, 92.0713, 139.197,14, 9
30, 16, 11, 415, 486, 55.0885, 55.0885,7, 7
30, 16, 12, 415, 473, 75.4051, 104.597,14, 10
30, 16, 13, 415, 533, 0, 0,0, 0
30, 16, 14, 415, 437, 155.566, 202.126,23, 17
30, 16, 15, 415, 373, 80.9532, 96.357,11, 9
30, 16, 17, 415, 408, 565.93, 635.069,69, 60
30, 16, 18, 415, 371, 230.189, 245.054,28, 26
30, 16, 19, 415, 415, 79.4351, 79.4351,10, 10
30, 16, 20, 415, 474, 46.4648, 54.0786,6, 5
30, 16, 21, 415, 366, 14.0422, 20.7493,2, 1
30, 16, 22, 415, 398, 61.9233, 86.2944,9, 6
30, 16, 23, 415, 527, 98.9813, 107.718,11, 10
30, 16, 24, 415, 450, 120.605, 129.011,16, 15
30, 16, 25, 415, 489, 88.0041, 94.9939,11, 10
30, 16, 26, 415, 535, 21.7037, 21.7037,3, 3
30, 16, 27, 415, 398, 96.2392, 121.473,15, 12
30, 16, 28, 415, 427, 103.186, 119.351,12, 10
30, 16, 29, 415, 522, 16.0389, 31.1667,4, 2
30, 16, 30, 415, 490, 36.2011, 36.2011,5, 5
30, 16, 31, 415, 384, 83.5373, 91.1485,12, 11
30, 16, 32, 415, 521, 263.397, 356.561,38, 27
30, 16, 33, 415, 483, 0, 0,0, 0
30, 16, 34, 415, 378, 94.302, 120.526,14, 11
30, 16, 35, 415, 419, 147.997, 174.084,19, 16
30, 16, 36, 415, 448, 74.8524, 84.1096,10, 9
30, 16, 37, 415, 548, 252.321, 342.315,38, 27
30, 16, 38, 415, 493, 47.2873, 66.4579,7, 5
30, 16, 39, 415, 451, 120.032, 142.098,18, 15
30, 16, 40, 415, 455, 0, 0,0, 0
30, 16, 41, 415, 410, 0, 0,0, 0
30, 16, 42, 415, 444, 7.05371, 7.05371,1, 1
30, 16, 43, 415, 442, 7.87756, 7.87756,1, 1
30, 16, 44, 415, 413, 19.6081, 35.9338,4, 2
30, 16, 45, 415, 477, 35.7114, 43.1291,6, 5
30, 16, 46, 415, 474, 71.2534, 87.0386,10, 8
30, 16, 47, 415, 484, 55.8615, 86.538,10, 6
30, 17, 1, 408, 359, 77.5639, 91.9461,11, 9
30, 17, 2, 408, 362, 136.309, 136.309,12, 12
30, 17, 3, 408, 297, 116.62, 116.62,14, 14
30, 17, 4, 408, 519, 26.4703, 26.4703,3, 3
30, 17, 5, 408, 557, 52.8002, 52.8002,7, 7
30, 17, 6, 408, 512, 25.1742, 25.1742,3, 3
30, 17, 7, 408, 427, 172.188, 187.017,22, 20
30, 17, 8, 408, 403, 65.0945, 65.0945,9, 9
30, 17, 9, 408, 423, 9.93274, 17.2399,2, 1
30, 17, 10, 408, 462, 79.6664, 79.6664,7, 7
30, 17, 11, 408, 486, 69.2666, 69.2666,9, 9
30, 17, 12, 408, 473, 64.8536, 72.1739,9, 8
30, 17, 13, 408, 533, 54.3579, 61.1555,8, 7
30, 17, 14, 408, 437, 282.175, 292.189,31, 30
30, 17, 15, 408, 373, 168.69, 168.69,19, 19
30, 17, 16, 408, 415, 602.192, 635.067,69, 65
30, 17, 18, 408, 371, 558.828, 617.516,67, 60
30, 17, 19, 408, 415, 242.059, 242.059,29, 29
30, 17, 20, 408, 474, 164.888, 164.888,19, 19
30, 17, 21, 408, 366, 68.9712, 68.9712,8, 8
30, 17, 22, 408, 398, 160.877, 198.866,19, 14
30, 17, 23, 408, 527, 115, 122.57,13, 12
30, 17, 24, 408, 450, 57.836, 72.3988,9, 7
30, 17, 25, 408, 489, 287.562, 315.763,34, 30
30, 17, 26, 408, 535, 32.1455, 32.1455,4, 4
30, 17, 27, 408, 398, 82.7572, 92.4127,10, 9
30, 17, 28, 408, 427, 199.973, 215.028,19, 17
30, 17, 29, 408, 522, 27.5438, 27.5438,3, 3
30, 17, 30, 408, 490, 91.1432, 91.1432,10, 10
30, 17, 31, 408, 384, 144.207, 158.473,19, 17
30, 17, 32, 408, 521, 200.356, 221.121,24, 21
30, 17, 33, 408, 483, 40.2494, 40.2494,5, 5
30, 17, 34, 408, 378, 202.274, 217.16,25, 23
30, 17, 35, 408, 419, 139.053, 147.264,15, 14
30, 17, 36, 408, 448, 122.781, 129.533,15, 14
30, 17, 37, 408, 548, 163.321, 170.325,19, 18
30, 17, 38, 408, 493, 38.9777, 38.9777,3, 3
30, 17, 39, 408, 451, 81.9972, 81.9972,9, 9
30, 17, 40, 408, 455, 37.3446, 37.3446,5, 5
30, 17, 41, 408, 410, 42.9574, 42.9574,5, 5
30, 17, 42, 408, 444, 31.5743, 31.5743,4, 4
30, 17, 43, 408, 442, 55.7607, 62.5742,8, 7
30, 17, 44, 408, 413, 64.8622, 71.5741,9, 8
30, 17, 45, 408, 477, 29.1588, 29.1588,4, 4
30, 17, 46, 408, 474, 67.4808, 67.4808,8, 8
30, 17, 47, 408, 484, 63.4574, 70.2947,8, 7
30, 18, 1, 371, 359, 39.6714, 47.6835,6, 5
30, 18, 2, 371, 362, 122.931, 139.364,14, 12
30, 18, 3, 371, 297, 111.177, 125.917,14, 12
30, 18, 4, 371, 519, 15.4936, 15.4936,2, 2
30, 18, 5, 371, 557, 73.7074, 91.9927,11, 9
30, 18, 6, 371, 512, 50.3735, 57.4656,7, 6
30, 18, 7, 371, 427, 272.41, 295.149,33, 30
30, 18, 8, 371, 403, 184.153, 184.153,21, 21
30, 18, 9, 371, 423, 0, 0,0, 0
30, 18, 10, 371, 462, 37.3405, 46.1843,5, 4
30, 18, 11, 371, 486, 123.005, 129.844,15, 14
30, 18, 12, 371, 473, 109.755, 123.485,15, 13
30, 18, 13, 371, 533, 58.9873, 58.9873,7, 7
30, 18, 14, 371, 437, 147.786, 176.055,21, 17
30, 18, 15, 371, 373, 293.079, 333.211,34, 29
30, 18, 16, 371, 415, 230.18, 245.054,28, 26
30, 18, 17, 371, 408, 567.501, 617.519,67, 61
30, 18, 19, 371, 415, 489.753, 534.533,61, 55
30, 18, 20, 371, 474, 387.742, 456.048,48, 40
30, 18, 21, 371, 366, 118.371, 134.378,16, 14
30, 18, 22, 371, 398, 123.474, 138.93,16, 14
30, 18, 23, 371, 527, 57.5764, 57.5764,7, 7
30, 18, 24, 371, 450, 41.225, 41.225,5, 5
30, 18, 25, 371, 489, 217.155, 234.132,26, 24
30, 18, 26, 371, 535, 68.9979, 68.9979,6, 6
30, 18, 27, 371, 398, 97.1236, 103.871,13, 12
30, 18, 28, 371, 427, 209.621, 230.731,28, 25
30, 18, 29, 371, 522, 45.9122, 45.9122,5, 5
30, 18, 30, 371, 490, 153.211, 160.066,20, 19
30, 18, 31, 371, 384, 142.147, 159.937,16, 14
30, 18, 32, 371, 521, 78.9462, 86.9898,10, 9
30, 18, 33, 371, 483, 36.1767, 36.1767,4, 4
30, 18, 34, 371, 378, 288.283, 320.619,35, 31
30, 18, 35, 371, 419, 107.896, 124.812,15, 13
30, 18, 36, 371, 448, 160.861, 175.67,18, 16
30, 18, 37, 371, 548, 76.8772, 76.8772,10, 10
30, 18, 38, 371, 493, 24.9778, 24.9778,3, 3
30, 18, 39, 371, 451, 71.0932, 71.0932,10, 10
30, 18, 40, 371, 455, 59.6194, 59.6194,7, 7
30, 18, 41, 371, 410, 69.4616, 78.7548,10, 9
30, 18, 42, 371, 444, 179.715, 195.559,20, 18
30, 18, 43, 371, 442, 49.1374, 49.1374,6, 6
30, 18, 44, 371, 413, 67.5905, 77.2872,9, 8
30, 18, 45, 371, 477, 0, 0,0, 0
30, 18, 46, 371, 474, 75.3621, 75.3621,9, 9
30, 18, 47, 371, 484, 79.5603, 94.3864,11, 9
30, 19, 1, 415, 359, 6.69204, 6.69204,1, 1
30, 19, 2, 415, 362, 86.9072, 93.6352,11, 10
30, 19, 3, 415, 297, 21.1684, 21.1684,3, 3
30, 19, 4, 415, 519, 42.0038, 87.3062,11, 5
30, 19, 5, 415, 557, 47.7323, 47.7323,6, 6
30, 19, 6, 415, 512, 15.7084, 22.4013,3, 2
30, 19, 7, 415, 427, 124.81, 124.81,15, 15
30, 19, 8, 415, 403, 559.265, 669.236,72, 58
30, 19, 9, 415, 423, 0, 0,0, 0
30, 19, 10, 415, 462, 0, 0,0, 0
30, 19, 11, 415, 486, 42.8922, 51.2467,6, 5
30, 19, 12, 415, 473, 102.627, 102.627,12, 12
30, 19, 13, 415, 533, 170.414, 177.135,22, 21
30, 19, 14, 415, 437, 66.0516, 74.0086,9, 8
30, 19, 15, 415, 373, 224.479, 238.122,29, 27
30, 19, 16, 415, 415, 79.4351, 79.4351,10, 10
30, 19, 17, 415, 408, 228.075, 242.06,29, 27
30, 19, 18, 415, 371, 526.388, 534.534,61, 60
30, 19, 20, 415, 474, 250.651, 274.476,33, 30
30, 19, 21, 415, 366, 135.271, 150.84,17, 15
30, 19, 22, 415, 398, 72.3474, 81.1771,9, 8
30, 19, 23, 415, 527, 19.0631, 19.0631,2, 2
30, 19, 24, 415, 450, 14.1189, 14.1189,2, 2
30, 19, 25, 415, 489, 135.044, 156.01,18, 15
30, 19, 26, 415, 535, 104.253, 150.805,19, 13
30, 19, 27, 415, 398, 78.1328, 92.3273,11, 9
30, 19, 28, 415, 427, 138.669, 169.007,20, 16
30, 19, 29, 415, 522, 80.9068, 89.0353,11, 10
30, 19, 30, 415, 490, 255.028, 301.493,36, 30
30, 19, 31, 415, 384, 97.1713, 104.701,12, 11
30, 19, 32, 415, 521, 30.492, 30.492,4, 4
30, 19, 33, 415, 483, 96.7197, 105.913,12, 11
30, 19, 34, 415, 378, 132.844, 139.749,17, 16
30, 19, 35, 415, 419, 31.331, 31.331,4, 4
30, 19, 36, 415, 448, 124.588, 153.755,18, 14
30, 19, 37, 415, 548, 29.5464, 29.5464,4, 4
30, 19, 38, 415, 493, 0, 0,0, 0
30, 19, 39, 415, 451, 14.0544, 14.0544,2, 2
30, 19, 40, 415, 455, 188.028, 209.579,24, 21
30, 19, 41, 415, 410, 144.688, 153.556,17, 16
30, 19, 42, 415, 444, 164.106, 179.818,21, 19
30, 19, 43, 415, 442, 79.8352, 79.8352,10, 10
30, 19, 44, 415, 413, 56.5289, 63.7898,7, 6
30, 19, 45, 415, 477, 7.30443, 7.30443,1, 1
30, 19, 46, 415, 474, 39.0058, 39.0058,5, 5
30, 19, 47, 415, 484, 60.6269, 75.5471,9, 7
30, 20, 1, 474, 359, 6.83997, 6.83997,1, 1
30, 20, 2, 474, 362, 106.054, 106.054,10, 10
30, 20, 3, 474, 297, 21.9834, 21.9834,2, 2
30, 20, 4, 474, 519, 30.1628, 30.1628,3, 3
30, 20, 5, 474, 557, 133.91, 149.641,17, 15
30, 20, 6, 474, 512, 88.1716, 102.375,12, 10
30, 20, 7, 474, 427, 834.9, 882.389,92, 86
30, 20, 8, 474, 403, 617.94, 691.837,76, 67
30, 20, 9, 474, 423, 0, 0,0, 0
30, 20, 10, 474, 462, 27.6369, 27.6369,3, 3
30, 20, 11, 474, 486, 99.39, 108.001,12, 11
30, 20, 12, 474, 473, 139.715, 157.641,17, 15
30, 20, 13, 474, 533, 78.1074, 85.0397,10, 9
30, 20, 14, 474, 437, 571.79, 602.769,69, 65
30, 20, 15, 474, 373, 1106.38, 1211.86,125, 113
30, 20, 16, 474, 415, 45.0053, 54.0785,6, 5
30, 20, 17, 474, 408, 155.45, 164.888,19, 18
30, 20, 18, 474, 371, 382.312, 456.047,48, 39
30, 20, 19, 474, 415, 253.025, 274.476,33, 30
30, 20, 21, 474, 366, 253.573, 262.18,29, 28
30, 20, 22, 474, 398, 283.611, 297.49,31, 29
30, 20, 23, 474, 527, 125.713, 148.668,18, 15
30, 20, 24, 474, 450, 59.7767, 59.7767,8, 8
30, 20, 25, 474, 489, 1111.61, 1236.4,122, 106
30, 20, 26, 474, 535, 88.4113, 95.1612,12, 11
30, 20, 27, 474, 398, 36.0858, 44.4055,4, 3
30, 20, 28, 474, 427, 110.518, 119.865,12, 11
30, 20, 29, 474, 522, 109.151, 109.151,12, 12
30, 20, 30, 474, 490, 126.037, 126.037,16, 16
30, 20, 31, 474, 384, 100.942, 111.192,12, 11
30, 20, 32, 474, 521, 488.106, 528.131,61, 56
30, 20, 33, 474, 483, 86.7221, 105.511,12, 10
30, 20, 34, 474, 378, 214.738, 266.233,28, 22
30, 20, 35, 474, 419, 40.9312, 40.9312,5, 5
30, 20, 36, 474, 448, 167.966, 192.414,20, 18
30, 20, 37, 474, 548, 425.211, 482.427,54, 47
30, 20, 38, 474, 493, 32.2797, 32.2797,3, 3
30, 20, 39, 474, 451, 20.4021, 20.4021,2, 2
30, 20, 40, 474, 455, 69.529, 76.4017,9, 8
30, 20, 41, 474, 410, 81.196, 108.13,13, 10
30, 20, 42, 474, 444, 105.011, 119.806,14, 12
30, 20, 43, 474, 442, 24.7633, 24.7633,3, 3
30, 20, 44, 474, 413, 77.2277, 77.2277,8, 8
30, 20, 45, 474, 477, 8.74444, 16.137,2, 1
30, 20, 46, 474, 474, 98.5844, 105.378,13, 12
30, 20, 47, 474, 484, 96.3712, 96.3712,10, 10
30, 21, 1, 366, 359, 6.89, 6.89,1, 1
30, 21, 2, 366, 362, 110.649, 110.649,12, 12
30, 21, 3, 366, 297, 28.8283, 28.8283,3, 3
30, 21, 4, 366, 519, 21.6224, 21.6224,3, 3
30, 21, 5, 366, 557, 89.2473, 95.9324,11, 10
30, 21, 6, 366, 512, 81.2451, 88.082,10, 9
30, 21, 7, 366, 427, 167.552, 181.889,22, 20
30, 21, 8, 366, 403, 336.925, 371.537,41, 36
30, 21, 9, 366, 423, 0, 0,0, 0
30, 21, 10, 366, 462, 46.0832, 46.0832,3, 3
30, 21, 11, 366, 486, 83.2549, 83.2549,9, 9
30, 21, 12, 366, 473, 100.209, 100.209,11, 11
30, 21, 13, 366, 533, 115.669, 137.832,16, 13
30, 21, 14, 366, 437, 50.1321, 57.5961,7, 6
30, 21, 15, 366, 373, 287.449, 329.196,34, 29
30, 21, 16, 366, 415, 20.7489, 20.7489,2, 2
30, 21, 17, 366, 408, 61.4623, 68.9712,8, 7
30, 21, 18, 366, 371, 120.313, 134.378,16, 14
30, 21, 19, 366, 415, 134.567, 150.84,17, 15
30, 21, 20, 366, 474, 252.374, 262.18,29, 28
30, 21, 22, 366, 398, 720.38, 757.177,82, 78
30, 21, 23, 366, 527, 207.96, 215.599,26, 25
30, 21, 24, 366, 450, 69.9831, 69.9831,9, 9
30, 21, 25, 366, 489, 206.724, 222.222,23, 21
30, 21, 26, 366, 535, 279.745, 312.355,38, 34
30, 21, 27, 366, 398, 33.172, 33.172,3, 3
30, 21, 28, 366, 427, 118.841, 138.382,13, 11
30, 21, 29, 366, 522, 74.216, 74.216,10, 10
30, 21, 30, 366, 490, 111.026, 119.443,13, 12
30, 21, 31, 366, 384, 73.2887, 87.131,10, 8
30, 21, 32, 366, 521, 56.691, 56.691,4, 4
30, 21, 33, 366, 483, 59.3023, 74.3267,8, 6
30, 21, 34, 366, 378, 193.091, 215.254,22, 19
30, 21, 35, 366, 419, 30.5084, 30.5084,2, 2
30, 21, 36, 366, 448, 141.329, 150.237,17, 16
30, 21, 37, 366, 548, 34.0507, 34.0507,3, 3
30, 21, 38, 366, 493, 31.4261, 31.4261,3, 3
30, 21, 39, 366, 451, 29.1219, 29.1219,3, 3
30, 21, 40, 366, 455, 86.2211, 100.57,10, 8
30, 21, 41, 366, 410, 102.306, 111.748,12, 11
30, 21, 42, 366, 444, 120.962, 143.337,16, 13
30, 21, 43, 366, 442, 32.0004, 32.0004,4, 4
30, 21, 44, 366, 413, 183.051, 233.174,27, 20
30, 21, 45, 366, 477, 15.3707, 22.199,3, 2
30, 21, 46, 366, 474, 139.43, 146.63,16, 15
30, 21, 47, 366, 484, 129.337, 136.236,14, 13
30, 22, 1, 398, 359, 16.3531, 16.3531,2, 2
30, 22, 2, 398, 362, 151.719, 166.268,16, 14
30, 22, 3, 398, 297, 22.401, 22.401,2, 2
30, 22, 4, 398, 519, 28.6983, 28.6983,3, 3
30, 22, 5, 398, 557, 106.026, 120.618,15, 13
30, 22, 6, 398, 512, 125.858, 184.811,20, 13
30, 22, 7, 398, 427, 316.989, 330.612,38, 36
30, 22, 8, 398, 403, 157.541, 172.678,20, 18
30, 22, 9, 398, 423, 0, 0,0, 0
30, 22, 10, 398, 462, 36.931, 36.931,3, 3
30, 22, 11, 398, 486, 46.6107, 46.6107,5, 5
30, 22, 12, 398, 473, 90.5813, 90.5813,9, 9
30, 22, 13, 398, 533, 38.8015, 38.8015,5, 5
30, 22, 14, 398, 437, 224.915, 270.17,30, 24
30, 22, 15, 398, 373, 329.894, 329.894,35, 35
30, 22, 16, 398, 415, 71.8544, 86.2941,9, 7
30, 22, 17, 398, 408, 149.762, 198.865,19, 13
30, 22, 18, 398, 371, 132.134, 138.931,16, 15
30, 22, 19, 398, 415, 81.1772, 81.1772,9, 9
30, 22, 20, 398, 474, 276.558, 297.49,31, 28
30, 22, 21, 398, 366, 677.996, 757.177,82, 72
30, 22, 23, 398, 527, 477.67, 528.907,61, 54
30, 22, 24, 398, 450, 160.803, 211.127,24, 18
30, 22, 25, 398, 489, 340.177, 362.287,38, 35
30, 22, 26, 398, 535, 103.079, 103.079,13, 13
30, 22, 27, 398, 398, 44.0369, 55.2485,5, 4
30, 22, 28, 398, 427, 151.51, 151.51,13, 13
30, 22, 29, 398, 522, 54.4575, 54.4575,6, 6
30, 22, 30, 398, 490, 66.1976, 83.8045,9, 7
30, 22, 31, 398, 384, 74.3331, 89.5713,11, 9
30, 22, 32, 398, 521, 64.4547, 78.9542,8, 6
30, 22, 33, 398, 483, 47.4241, 47.4241,6, 6
30, 22, 34, 398, 378, 244.731, 311.773,32, 24
30, 22, 35, 398, 419, 72.2999, 79.814,8, 7
30, 22, 36, 398, 448, 127.467, 149.978,17, 14
30, 22, 37, 398, 548, 81.485, 81.485,9, 9
30, 22, 38, 398, 493, 32.1268, 32.1268,2, 2
30, 22, 39, 398, 451, 93.69, 116.835,11, 8
30, 22, 40, 398, 455, 50.1935, 50.1935,7, 7
30, 22, 41, 398, 410, 62.4167, 62.4167,8, 8
30, 22, 42, 398, 444, 81.961, 97.3262,11, 9
30, 22, 43, 398, 442, 62.5362, 62.5362,7, 7
30, 22, 44, 398, 413, 177.519, 240.106,29, 21
30, 22, 45, 398, 477, 70.1596, 110.576,13, 8
30, 22, 46, 398, 474, 204.036, 228.166,27, 24
30, 22, 47, 398, 484, 316.893, 410.38,42, 31
30, 23, 1, 527, 359, 65.5022, 65.5022,8, 8
30, 23, 2, 527, 362, 51.4516, 51.4516,6, 6
30, 23, 3, 527, 297, 38.6724, 38.6724,4, 4
30, 23, 4, 527, 519, 14.6375, 14.6375,2, 2
30, 23, 5, 527, 557, 46.0276, 46.0276,5, 5
30, 23, 6, 527, 512, 88.6204, 103.786,12, 10
30, 23, 7, 527, 427, 200.657, 231.806,28, 24
30, 23, 8, 527, 403, 33.3151, 40.0328,5, 4
30, 23, 9, 527, 423, 70.4196, 87.631,11, 9
30, 23, 10, 527, 462, 94.1863, 100.975,11, 10
30, 23, 11, 527, 486, 15.6177, 15.6177,2, 2
30, 23, 12, 527, 473, 44.427, 44.427,6, 6
30, 23, 13, 527, 533, 29.7601, 29.7601,4, 4
30, 23, 14, 527, 437, 315.309, 338.589,38, 35
30, 23, 15, 527, 373, 112.788, 126.936,15, 13
30, 23, 16, 527, 415, 93.7682, 107.716,11, 9
30, 23, 17, 527, 408, 115.232, 122.569,13, 12
30, 23, 18, 527, 371, 57.5762, 57.5762,7, 7
30, 23, 19, 527, 415, 19.0632, 19.0632,2, 2
30, 23, 20, 527, 474, 148.667, 148.667,18, 18
30, 23, 21, 527, 366, 192.914, 215.6,26, 23
30, 23, 22, 527, 398, 490.471, 528.907,61, 56
30, 23, 24, 527, 450, 996.712, 1157.49,121, 102
30, 23, 25, 527, 489, 203.877, 211.354,22, 21
30, 23, 26, 527, 535, 43.8856, 43.8856,6, 6
30, 23, 27, 527, 398, 10.0316, 10.0316,1, 1
30, 23, 28, 527, 427, 54.7004, 61.4425,6, 5
30, 23, 29, 527, 522, 29.4028, 29.4028,4, 4
30, 23, 30, 527, 490, 9.28686, 9.28686,1, 1
30, 23, 31, 527, 384, 6.82936, 6.82936,1, 1
30, 23, 32, 527, 521, 336.215, 416.98,48, 37
30, 23, 33, 527, 483, 24.4308, 24.4308,3, 3
30, 23, 34, 527, 378, 85.4068, 85.4068,10, 10
30, 23, 35, 527, 419, 150.121, 188.746,18, 14
30, 23, 36, 527, 448, 51.0337, 51.0337,6, 6
30, 23, 37, 527, 548, 335.082, 372.519,45, 40
30, 23, 38, 527, 493, 32.8055, 32.8055,3, 3
30, 23, 39, 527, 451, 88.5005, 120.399,13, 9
30, 23, 40, 527, 455, 0, 0,0, 0
30, 23, 41, 527, 410, 15.1354, 15.1354,2, 2
30, 23, 42, 527, 444, 44.1334, 44.1334,6, 6
30, 23, 43, 527, 442, 32.7641, 32.7641,4, 4
30, 23, 44, 527, 413, 59.6689, 59.6689,8, 8
30, 23, 45, 527, 477, 111.272, 125.138,16, 14
30, 23, 46, 527, 474, 97.4929, 97.4929,11, 11
30, 23, 47, 527, 484, 335.076, 366.152,41, 37
30, 24, 1, 450, 359, 75.5783, 82.673,11, 10
30, 24, 2, 450, 362, 7.33759, 7.33759,1, 1
30, 24, 3, 450, 297, 37.6822, 60.6437,6, 4
30, 24, 4, 450, 519, 0, 0,0, 0
30, 24, 5, 450, 557, 26.9842, 26.9842,3, 3
30, 24, 6, 450, 512, 108.68, 122.659,15, 13
30, 24, 7, 450, 427, 61.0823, 61.0823,8, 8
30, 24, 8, 450, 403, 14.4445, 14.4445,2, 2
30, 24, 9, 450, 423, 99.3986, 119.862,15, 12
30, 24, 10, 450, 462, 149.364, 164.061,22, 20
30, 24, 11, 450, 486, 97.9615, 97.9615,11, 11
30, 24, 12, 450, 473, 8.42807, 16.3521,2, 1
30, 24, 13, 450, 533, 0, 0,0, 0
30, 24, 14, 450, 437, 227.825, 251.755,30, 27
30, 24, 15, 450, 373, 53.9318, 60.8304,8, 7
30, 24, 16, 450, 415, 121.631, 129.011,16, 15
30, 24, 17, 450, 408, 72.3988, 72.3988,9, 9
30, 24, 18, 450, 371, 32.132, 41.225,5, 4
30, 24, 19, 450, 415, 14.1189, 14.1189,2, 2
30, 24, 20, 450, 474, 59.7768, 59.7768,8, 8
30, 24, 21, 450, 366, 62.061, 69.9832,9, 8
30, 24, 22, 450, 398, 185.879, 211.127,24, 21
30, 24, 23, 450, 527, 963.122, 1157.5,121, 97
30, 24, 25, 450, 489, 141.922, 162.415,19, 16
30, 24, 26, 450, 535, 9.41719, 17.8851,2, 1
30, 24, 27, 450, 398, 29.6873, 29.6873,4, 4
30, 24, 28, 450, 427, 13.8222, 20.4963,3, 2
30, 24, 29, 450, 522, 0, 0,0, 0
30, 24, 30, 450, 490, 10.1263, 10.1263,1, 1
30, 24, 31, 450, 384, 7.11265, 7.11265,1, 1
30, 24, 32, 450, 521, 238.731, 316.545,37, 28
30, 24, 33, 450, 483, 37.8736, 37.8736,5, 5
30, 24, 34, 450, 378, 89.717, 123.531,14, 10
30, 24, 35, 450, 419, 177.629, 199.669,22, 19
30, 24, 36, 450, 448, 38.6574, 45.3492,6, 5
30, 24, 37, 450, 548, 246.7, 286.691,35, 30
30, 24, 38, 450, 493, 65.0747, 65.0747,8, 8
30, 24, 39, 450, 451, 152.822, 184.719,21, 17
30, 24, 40, 450, 455, 0, 0,0, 0
30, 24, 41, 450, 410, 0, 0,0, 0
30, 24, 42, 450, 444, 15.3782, 23.6292,3, 2
30, 24, 43, 450, 442, 43.2993, 43.2993,6, 6
30, 24, 44, 450, 413, 40.099, 54.6881,7, 5
30, 24, 45, 450, 477, 168.844, 168.844,20, 20
30, 24, 46, 450, 474, 78.4756, 78.4756,10, 10
30, 24, 47, 450, 484, 222.807, 240.671,29, 27
30, 25, 1, 489, 359, 78.9437, 85.8065,11, 10
30, 25, 2, 489, 362, 142.306, 177.794,18, 13
30, 25, 3, 489, 297, 59.6042, 59.6042,7, 7
30, 25, 4, 489, 519, 46.6595, 46.6595,6, 6
30, 25, 5, 489, 557, 100.842, 117.431,15, 13
30, 25, 6, 489, 512, 107.619, 131.919,13, 11
30, 25, 7, 489, 427, 1078.2, 1161.43,115, 105
30, 25, 8, 489, 403, 232.68, 278.645,31, 26
30, 25, 9, 489, 423, 7.08392, 7.08392,1, 1
30, 25, 10, 489, 462, 51.7389, 51.7389,4, 4
30, 25, 11, 489, 486, 110.644, 147.91,14, 10
30, 25, 12, 489, 473, 138.169, 167.668,19, 16
30, 25, 13, 489, 533, 98.7576, 108.185,13, 12
30, 25, 14, 489, 437, 880.442, 927.382,92, 86
30, 25, 15, 489, 373, 638.778, 702.245,72, 65
30, 25, 16, 489, 415, 87.6973, 94.9937,11, 10
30, 25, 17, 489, 408, 286.268, 315.762,34, 30
30, 25, 18, 489, 371, 210.513, 234.133,26, 23
30, 25, 19, 489, 415, 126.035, 156.01,18, 14
30, 25, 20, 489, 474, 1146.15, 1236.38,122, 112
30, 25, 21, 489, 366, 186.808, 222.221,23, 19
30, 25, 22, 489, 398, 317.351, 362.289,38, 32
30, 25, 23, 489, 527, 189.257, 211.353,22, 19
30, 25, 24, 489, 450, 144.002, 162.414,19, 17
30, 25, 26, 489, 535, 78.3132, 85.1265,11, 10
30, 25, 27, 489, 398, 95.1031, 95.1031,11, 11
30, 25, 28, 489, 427, 191.93, 220.899,21, 18
30, 25, 29, 489, 522, 78.4814, 78.4814,9, 9
30, 25, 30, 489, 490, 84.1087, 90.8371,12, 11
30, 25, 31, 489, 384, 174.341, 196.454,22, 19
30, 25, 32, 489, 521, 903.765, 1007.39,106, 94
30, 25, 33, 489, 483, 65.8258, 103.312,11, 7
30, 25, 34, 489, 378, 221.79, 274.612,28, 22
30, 25, 35, 489, 419, 132.789, 151.094,16, 14
30, 25, 36, 489, 448, 162.967, 172.145,21, 20
30, 25, 37, 489, 548, 816.44, 916.466,94, 82
30, 25, 38, 489, 493, 32.1215, 32.1215,3, 3
30, 25, 39, 489, 451, 82.8523, 97.4112,11, 9
30, 25, 40, 489, 455, 76.233, 93.6569,11, 9
30, 25, 41, 489, 410, 64.8493, 94.0879,9, 6
30, 25, 42, 489, 444, 99.2942, 132.922,16, 12
30, 25, 43, 489, 442, 48.6212, 48.6212,6, 6
30, 25, 44, 489, 413, 73.9096, 90.1875,11, 9
30, 25, 45, 489, 477, 40.5839, 40.5839,5, 5
30, 25, 46, 489, 474, 80.9657, 98.6391,12, 10
30, 25, 47, 489, 484, 115.622, 151.303,13, 10
30, 26, 1, 535, 359, 14.2561, 14.2561,2, 2
30, 26, 2, 535, 362, 48.5251, 48.5251,5, 5
30, 26, 3, 535, 297, 18.0654, 18.0654,2, 2
30, 26, 4, 535, 519, 36.5965, 36.5965,4, 4
30, 26, 5, 535, 557, 90.0521, 90.0521,11, 11
30, 26, 6, 535, 512, 33.269, 33.269,4, 4
30, 26, 7, 535, 427, 56.0743, 56.0743,7, 7
30, 26, 8, 535, 403, 174.168, 224.799,28, 21
30, 26, 9, 535, 423, 0, 0,0, 0
30, 26, 10, 535, 462, 9.17517, 9.17517,1, 1
30, 26, 11, 535, 486, 22.5252, 22.5252,3, 3
30, 26, 12, 535, 473, 67.108, 74.3804,9, 8
30, 26, 13, 535, 533, 50.1729, 58.3863,7, 6
30, 26, 14, 535, 437, 44.6346, 44.6346,5, 5
30, 26, 15, 535, 373, 69.9988, 69.9988,8, 8
30, 26, 16, 535, 415, 14.7053, 21.7038,3, 2
30, 26, 17, 535, 408, 32.1454, 32.1454,4, 4
30, 26, 18, 535, 371, 68.9978, 68.9978,6, 6
30, 26, 19, 535, 415, 129.333, 150.805,19, 16
30, 26, 20, 535, 474, 88.0688, 95.1612,12, 11
30, 26, 21, 535, 366, 273.566, 312.355,38, 33
30, 26, 22, 535, 398, 95.1901, 103.078,13, 12
30, 26, 23, 535, 527, 43.8856, 43.8856,6, 6
30, 26, 24, 535, 450, 17.885, 17.885,2, 2
30, 26, 25, 535, 489, 78.0078, 85.1264,11, 10
30, 26, 27, 535, 398, 22.2777, 22.2777,3, 3
30, 26, 28, 535, 427, 60.0612, 60.0612,8, 8
30, 26, 29, 535, 522, 45.0285, 45.0285,6, 6
30, 26, 30, 535, 490, 47.8767, 54.6158,7, 6
30, 26, 31, 535, 384, 50.8366, 57.7399,7, 6
30, 26, 32, 535, 521, 34.5095, 34.5095,4, 4
30, 26, 33, 535, 483, 28.2095, 28.2095,4, 4
30, 26, 34, 535, 378, 64.9793, 78.754,9, 7
30, 26, 35, 535, 419, 23.1388, 31.4489,4, 3
30, 26, 36, 535, 448, 64.601, 71.4436,9, 8
30, 26, 37, 535, 548, 17.648, 17.648,2, 2
30, 26, 38, 535, 493, 8.19884, 8.19884,1, 1
30, 26, 39, 535, 451, 0, 0,0, 0
30, 26, 40, 535, 455, 46.5305, 46.5305,6, 6
30, 26, 41, 535, 410, 62.2834, 62.2834,8, 8
30, 26, 42, 535, 444, 47.8204, 47.8204,6, 6
30, 26, 43, 535, 442, 17.5576, 17.5576,2, 2
30, 26, 44, 535, 413, 107.547, 123.802,14, 12
30, 26, 45, 535, 477, 6.68612, 6.68612,1, 1
30, 26, 46, 535, 474, 94.924, 94.924,12, 12
30, 26, 47, 535, 484, 75.8008, 89.6918,11, 9
30, 27, 1, 398, 359, 95.6039, 132.242,17, 12
30, 27, 2, 398, 362, 222.816, 268.237,31, 25
30, 27, 3, 398, 297, 131.662, 146.441,16, 14
30, 27, 4, 398, 519, 36.6916, 36.6916,4, 4
30, 27, 5, 398, 557, 18.0673, 18.0673,2, 2
30, 27, 6, 398, 512, 35.5429, 44.1241,5, 4
30, 27, 7, 398, 427, 71.525, 87.5409,9, 7
30, 27, 8, 398, 403, 47.0537, 47.0537,6, 6
30, 27, 9, 398, 423, 46.8168, 46.8168,6, 6
30, 27, 10, 398, 462, 34.6974, 34.6974,4, 4
30, 27, 11, 398, 486, 52.2231, 52.2231,6, 6
30, 27, 12, 398, 473, 89.4101, 89.4101,9, 9
30, 27, 13, 398, 533, 23.2183, 23.2183,3, 3
30, 27, 14, 398, 437, 62.1605, 69.6568,7, 6
30, 27, 15, 398, 373, 36.005, 36.005,4, 4
30, 27, 16, 398, 415, 106.857, 121.473,15, 13
30, 27, 17, 398, 408, 92.4127, 92.4127,10, 10
30, 27, 18, 398, 371, 90.0091, 103.871,13, 11
30, 27, 19, 398, 415, 85.5719, 92.3283,11, 10
30, 27, 20, 398, 474, 44.4055, 44.4055,4, 4
30, 27, 21, 398, 366, 33.172, 33.172,3, 3
30, 27, 22, 398, 398, 55.2486, 55.2486,5, 5
30, 27, 23, 398, 527, 10.0318, 10.0318,1, 1
30, 27, 24, 398, 450, 29.6873, 29.6873,4, 4
30, 27, 25, 398, 489, 87.6622, 95.103,11, 10
30, 27, 26, 398, 535, 22.2777, 22.2777,3, 3
30, 27, 28, 398, 427, 1246.91, 1364.72,132, 119
30, 27, 29, 398, 522, 72.2754, 78.9894,9, 8
30, 27, 30, 398, 490, 321.806, 341.577,38, 36
30, 27, 31, 398, 384, 1012.53, 1175.81,118, 100
30, 27, 32, 398, 521, 46.0555, 46.0555,5, 5
30, 27, 33, 398, 483, 48.9039, 48.9039,6, 6
30, 27, 34, 398, 378, 80.9363, 80.9363,9, 9
30, 27, 35, 398, 419, 37.8824, 37.8824,4, 4
30, 27, 36, 398, 448, 51.2585, 59.3101,6, 5
30, 27, 37, 398, 548, 53.1085, 62.6433,7, 6
30, 27, 38, 398, 493, 47.4034, 61.7495,5, 3
30, 27, 39, 398, 451, 76.7101, 83.7841,10, 9
30, 27, 40, 398, 455, 7.6038, 7.6038,1, 1
30, 27, 41, 398, 410, 48.5241, 48.5241,6, 6
30, 27, 42, 398, 444, 45.9491, 45.9491,5, 5
30, 27, 43, 398, 442, 99.7858, 99.7858,12, 12
30, 27, 44, 398, 413, 20.6521, 20.6521,2, 2
30, 27, 45, 398, 477, 14.6442, 14.6442,2, 2
30, 27, 46, 398, 474, 38.958, 46.3387,5, 4
30, 27, 47, 398, 484, 30.544, 30.544,3, 3
30, 28, 1, 427, 359, 66.475, 74.8897,9, 8
30, 28, 2, 427, 362, 339.623, 436.805,45, 35
30, 28, 3, 427, 297, 149.147, 182.801,22, 18
30, 28, 4, 427, 519, 25.8331, 42.7091,5, 3
30, 28, 5, 427, 557, 65.7585, 73.7245,9, 8
30, 28, 6, 427, 512, 85.5743, 114.935,11, 8
30, 28, 7, 427, 427, 203.716, 255.981,27, 21
30, 28, 8, 427, 403, 135.638, 167.693,19, 15
30, 28, 9, 427, 423, 15.3838, 23.5891,3, 2
30, 28, 10, 427, 462, 75.5825, 118.043,11, 7
30, 28, 11, 427, 486, 152.76, 176.195,19, 16
30, 28, 12, 427, 473, 128.752, 146.595,14, 12
30, 28, 13, 427, 533, 60.2774, 79.7416,8, 6
30, 28, 14, 427, 437, 80.2634, 106.084,11, 8
30, 28, 15, 427, 373, 93.9492, 121.016,11, 9
30, 28, 16, 427, 415, 72.459, 119.35,12, 7
30, 28, 17, 427, 408, 160.997, 215.03,19, 15
30, 28, 18, 427, 371, 167.699, 230.731,28, 20
30, 28, 19, 427, 415, 145.606, 169.007,20, 17
30, 28, 20, 427, 474, 98.3284, 119.865,12, 10
30, 28, 21, 427, 366, 92.1619, 138.383,13, 8
30, 28, 22, 427, 398, 108.966, 151.511,13, 10
30, 28, 23, 427, 527, 46.8107, 61.4428,6, 5
30, 28, 24, 427, 450, 20.4963, 20.4963,3, 3
30, 28, 25, 427, 489, 189.943, 220.9,21, 18
30, 28, 26, 427, 535, 52.815, 60.0612,8, 7
30, 28, 27, 427, 398, 1207.17, 1364.72,132, 114
30, 28, 29, 427, 522, 93.6067, 113.188,13, 11
30, 28, 30, 427, 490, 532.107, 611.824,66, 57
30, 28, 31, 427, 384, 1208.2, 1372.34,132, 112
30, 28, 32, 427, 521, 45.5642, 76.0134,7, 4
30, 28, 33, 427, 483, 140.324, 156.287,16, 14
30, 28, 34, 427, 378, 107.128, 125.26,12, 10
30, 28, 35, 427, 419, 74.8511, 100.165,9, 7
30, 28, 36, 427, 448, 141.688, 202.784,20, 13
30, 28, 37, 427, 548, 57.1397, 94.0051,10, 6
30, 28, 38, 427, 493, 57.7193, 86.5466,7, 5
30, 28, 39, 427, 451, 33.1251, 62.2586,4, 2
30, 28, 40, 427, 455, 54.1405, 73.3033,8, 6
30, 28, 41, 427, 410, 95.7802, 103.971,11, 10
30, 28, 42, 427, 444, 119.889, 159.78,19, 14
30, 28, 43, 427, 442, 127.019, 142.009,18, 16
30, 28, 44, 427, 413, 45.0604, 53.2537,6, 5
30, 28, 45, 427, 477, 6.95231, 6.95231,1, 1
30, 28, 46, 427, 474, 59.2013, 86.8103,9, 6
30, 28, 47, 427, 484, 99.5609, 161.082,16, 9
30, 29, 1, 522, 359, 0, 0,0, 0
30, 29, 2, 522, 362, 70.8044, 88.1637,11, 9
30, 29, 3, 522, 297, 16.1008, 24.5321,3, 2
30, 29, 4, 522, 519, 28.8197, 42.7927,6, 4
30, 29, 5, 522, 557, 93.9929, 118.468,11, 9
30, 29, 6, 522, 512, 143.974, 238.38,29, 17
30, 29, 7, 522, 427, 49.9434, 63.3649,6, 5
30, 29, 8, 522, 403, 85.26, 102.103,12, 10
30, 29, 9, 522, 423, 103.891, 137.729,16, 12
30, 29, 10, 522, 462, 96.2746, 144.921,17, 11
30, 29, 11, 522, 486, 204.255, 266.831,30, 22
30, 29, 12, 522, 473, 133.848, 189.164,17, 13
30, 29, 13, 522, 533, 120.614, 127.77,15, 14
30, 29, 14, 522, 437, 25.6966, 34.8349,4, 3
30, 29, 15, 522, 373, 38.2693, 54.0872,7, 5
30, 29, 16, 522, 415, 16.2192, 31.1669,4, 2
30, 29, 17, 522, 408, 18.6544, 27.5439,3, 2
30, 29, 18, 522, 371, 45.9122, 45.9122,5, 5
30, 29, 19, 522, 415, 81.6896, 89.0357,11, 10
30, 29, 20, 522, 474, 71.6146, 109.151,12, 8
30, 29, 21, 522, 366, 67.1215, 74.2161,10, 9
30, 29, 22, 522, 398, 45.1133, 54.4575,6, 5
30, 29, 23, 522, 527, 22.4842, 29.403,4, 3
30, 29, 24, 522, 450, 0, 0,0, 0
30, 29, 25, 522, 489, 55.3837, 78.4819,9, 6
30, 29, 26, 522, 535, 30.9044, 45.0285,6, 4
30, 29, 27, 522, 398, 65.118, 78.9896,9, 8
30, 29, 28, 522, 427, 93.2464, 113.188,13, 11
30, 29, 30, 522, 490, 200.933, 214.968,24, 23
30, 29, 31, 522, 384, 73.2633, 87.9217,11, 9
30, 29, 32, 522, 521, 17.6598, 26.9152,3, 2
30, 29, 33, 522, 483, 1081.85, 1301.14,138, 110
30, 29, 34, 522, 378, 72.1447, 87.7216,11, 9
30, 29, 35, 522, 419, 31.0937, 45.4626,6, 4
30, 29, 36, 522, 448, 108.353, 124.414,13, 12
30, 29, 37, 522, 548, 18.2572, 27.4729,3, 2
30, 29, 38, 522, 493, 493.147, 645.82,77, 57
30, 29, 39, 522, 451, 126.612, 179.909,22, 15
30, 29, 40, 522, 455, 317.775, 376.303,43, 36
30, 29, 41, 522, 410, 354.539, 414.551,45, 39
30, 29, 42, 522, 444, 341.445, 506.243,56, 36
30, 29, 43, 522, 442, 255.517, 317.088,37, 29
30, 29, 44, 522, 413, 63.6915, 78.8774,8, 7
30, 29, 45, 522, 477, 54.407, 83.2994,11, 7
30, 29, 46, 522, 474, 52.8236, 78.2095,9, 6
30, 29, 47, 522, 484, 82.2537, 116.195,14, 10
30, 30, 1, 490, 359, 31.3643, 38.4092,5, 4
30, 30, 2, 490, 362, 218.975, 234.862,28, 26
30, 30, 3, 490, 297, 70.9253, 70.9253,9, 9
30, 30, 4, 490, 519, 28.7879, 28.7879,4, 4
30, 30, 5, 490, 557, 84.871, 84.871,10, 10
30, 30, 6, 490, 512, 31.3705, 31.3705,4, 4
30, 30, 7, 490, 427, 70.6973, 70.6973,7, 7
30, 30, 8, 490, 403, 187.389, 202.136,21, 20
30, 30, 9, 490, 423, 0, 0,0, 0
30, 30, 10, 490, 462, 13.8431, 13.8431,2, 2
30, 30, 11, 490, 486, 60.5542, 67.4875,8, 7
30, 30, 12, 490, 473, 86.4125, 86.4125,10, 10
30, 30, 13, 490, 533, 93.7148, 120.102,13, 10
30, 30, 14, 490, 437, 32.0933, 39.0769,5, 4
30, 30, 15, 490, 373, 90.6628, 98.5986,10, 9
30, 30, 16, 490, 415, 29.3215, 36.2011,5, 4
30, 30, 17, 490, 408, 82.9239, 91.1433,10, 9
30, 30, 18, 490, 371, 137.854, 160.065,20, 17
30, 30, 19, 490, 415, 279.757, 301.493,36, 33
30, 30, 20, 490, 474, 111.667, 126.037,16, 14
30, 30, 21, 490, 366, 102.075, 119.443,13, 11
30, 30, 22, 490, 398, 73.0222, 83.8044,9, 8
30, 30, 23, 490, 527, 9.28681, 9.28681,1, 1
30, 30, 24, 490, 450, 10.1263, 10.1263,1, 1
30, 30, 25, 490, 489, 76.687, 90.837,12, 10
30, 30, 26, 490, 535, 54.6159, 54.6159,7, 7
30, 30, 27, 490, 398, 318.518, 341.577,38, 35
30, 30, 28, 490, 427, 514.073, 611.823,66, 54
30, 30, 29, 490, 522, 201.264, 214.968,24, 22
30, 30, 31, 490, 384, 510.685, 533.34,57, 54
30, 30, 32, 490, 521, 16.3786, 16.3786,2, 2
30, 30, 33, 490, 483, 135.034, 149.878,18, 16
30, 30, 34, 490, 378, 73.4714, 81.5098,11, 10
30, 30, 35, 490, 419, 0, 0,0, 0
30, 30, 36, 490, 448, 106.616, 121.492,15, 13
30, 30, 37, 490, 548, 31.5696, 31.5696,4, 4
30, 30, 38, 490, 493, 66.8583, 66.8583,8, 8
30, 30, 39, 490, 451, 22.2349, 22.2349,3, 3
30, 30, 40, 490, 455, 193.626, 225.013,26, 22
30, 30, 41, 490, 410, 143.855, 151.721,17, 16
30, 30, 42, 490, 444, 143.54, 158.88,20, 18
30, 30, 43, 490, 442, 80.9046, 80.9046,10, 10
30, 30, 44, 490, 413, 55.9494, 64.9561,7, 6
30, 30, 45, 490, 477, 0, 0,0, 0
30, 30, 46, 490, 474, 45.8315, 52.5365,7, 6
30, 30, 47, 490, 484, 37.5702, 37.5702,5, 5
30, 31, 1, 384, 359, 98.4756, 123.878,16, 13
30, 31, 2, 384, 362, 316.479, 363.262,41, 35
30, 31, 3, 384, 297, 90.2393, 111.545,14, 11
30, 31, 4, 384, 519, 8.71272, 8.71272,1, 1
30, 31, 5, 384, 557, 55.1527, 64.4227,8, 7
30, 31, 6, 384, 512, 76.2011, 101.81,12, 9
30, 31, 7, 384, 427, 153.597, 177.359,20, 17
30, 31, 8, 384, 403, 92.488, 99.1727,12, 11
30, 31, 9, 384, 423, 21.4219, 21.4219,3, 3
30, 31, 10, 384, 462, 8.92218, 17.3306,2, 1
30, 31, 11, 384, 486, 139.626, 147.483,17, 16
30, 31, 12, 384, 473, 47.01, 53.7228,7, 6
30, 31, 13, 384, 533, 74.2535, 81.2829,8, 7
30, 31, 14, 384, 437, 35.5796, 35.5796,4, 4
30, 31, 15, 384, 373, 80.8833, 98.7295,11, 9
30, 31, 16, 384, 415, 76.9376, 91.1485,12, 10
30, 31, 17, 384, 408, 144.877, 158.474,19, 17
30, 31, 18, 384, 371, 142.146, 159.936,16, 14
30, 31, 19, 384, 415, 97.9821, 104.701,12, 11
30, 31, 20, 384, 474, 100.54, 111.192,12, 11
30, 31, 21, 384, 366, 64.7317, 87.1312,10, 7
30, 31, 22, 384, 398, 66.7186, 89.5713,11, 8
30, 31, 23, 384, 527, 6.8294, 6.8294,1, 1
30, 31, 24, 384, 450, 7.11268, 7.11268,1, 1
30, 31, 25, 384, 489, 168.473, 196.454,22, 18
30, 31, 26, 384, 535, 51.0654, 57.7399,7, 6
30, 31, 27, 384, 398, 1044.05, 1175.81,118, 102
30, 31, 28, 384, 427, 1218.88, 1372.33,132, 114
30, 31, 29, 384, 522, 81.1951, 87.9217,11, 10
30, 31, 30, 384, 490, 480.099, 533.34,57, 51
30, 31, 32, 384, 521, 0, 0,0, 0
30, 31, 33, 384, 483, 119.595, 119.595,14, 14
30, 31, 34, 384, 378, 98.382, 107.125,13, 12
30, 31, 35, 384, 419, 17.7368, 24.9236,3, 2
30, 31, 36, 384, 448, 101.116, 108.135,12, 11
30, 31, 37, 384, 548, 52.7542, 52.7542,6, 6
30, 31, 38, 384, 493, 29.5253, 29.5253,4, 4
30, 31, 39, 384, 451, 51.3504, 51.3504,7, 7
30, 31, 40, 384, 455, 91.4217, 98.7725,9, 8
30, 31, 41, 384, 410, 41.8761, 41.8761,5, 5
30, 31, 42, 384, 444, 124.3, 146.669,16, 13
30, 31, 43, 384, 442, 100.864, 100.864,12, 12
30, 31, 44, 384, 413, 34.1092, 44.2467,4, 3
30, 31, 45, 384, 477, 7.33625, 7.33625,1, 1
30, 31, 46, 384, 474, 49.4824, 56.4812,7, 6
30, 31, 47, 384, 484, 72.2155, 86.0955,10, 8
30, 32, 1, 521, 359, 61.063, 76.2775,10, 8
30, 32, 2, 521, 362, 61.5513, 101.309,10, 6
30, 32, 3, 521, 297, 90.931, 144.259,15, 9
30, 32, 4, 521, 519, 23.2266, 49.5137,5, 2
30, 32, 5, 521, 557, 25.2204, 25.2204,3, 3
30, 32, 6, 521, 512, 65.3935, 121.946,16, 8
30, 32, 7, 521, 427, 479.739, 515.632,59, 55
30, 32, 8, 521, 403, 109.344, 109.344,14, 14
30, 32, 9, 521, 423, 22.6449, 22.6449,3, 3
30, 32, 10, 521, 462, 61.2784, 133.312,13, 5
30, 32, 11, 521, 486, 30.3008, 51.9346,7, 4
30, 32, 12, 521, 473, 49.2238, 55.9371,7, 6
30, 32, 13, 521, 533, 13.9852, 13.9852,2, 2
30, 32, 14, 521, 437, 952.933, 1123.12,107, 90
30, 32, 15, 521, 373, 380.788, 426.922,48, 43
30, 32, 16, 521, 415, 288.151, 356.562,38, 30
30, 32, 17, 521, 408, 201.209, 221.121,24, 22
30, 32, 18, 521, 371, 77.2151, 86.9896,10, 9
30, 32, 19, 521, 415, 30.4919, 30.4919,4, 4
30, 32, 20, 521, 474, 462.829, 528.131,61, 53
30, 32, 21, 521, 366, 37.8819, 56.6922,4, 3
30, 32, 22, 521, 398, 58.4555, 78.9552,8, 6
30, 32, 23, 521, 527, 301.842, 416.98,48, 34
30, 32, 24, 521, 450, 220.509, 316.544,37, 25
30, 32, 25, 521, 489, 876.912, 1007.4,106, 91
30, 32, 26, 521, 535, 26.2192, 34.5096,4, 3
30, 32, 27, 521, 398, 29.5007, 46.055,5, 3
30, 32, 28, 521, 427, 37.3294, 76.0135,7, 3
30, 32, 29, 521, 522, 19.7601, 26.9155,3, 2
30, 32, 30, 521, 490, 16.3789, 16.3789,2, 2
30, 32, 31, 521, 384, 0, 0,0, 0
30, 32, 33, 521, 483, 0, 0,0, 0
30, 32, 34, 521, 378, 98.5813, 120.67,13, 11
30, 32, 35, 521, 419, 201.552, 236.853,27, 23
30, 32, 36, 521, 448, 42.2229, 70.4135,9, 5
30, 32, 37, 521, 548, 9532.49, 10236.4,394, 324
30, 32, 38, 521, 493, 39.8915, 84.2128,9, 4
30, 32, 39, 521, 451, 56.5164, 73.8031,9, 7
30, 32, 40, 521, 455, 0, 0,0, 0
30, 32, 41, 521, 410, 0, 0,0, 0
30, 32, 42, 521, 444, 21.8043, 28.6129,4, 3
30, 32, 43, 521, 442, 19.6451, 19.6451,2, 2
30, 32, 44, 521, 413, 55.3267, 65.5665,7, 6
30, 32, 45, 521, 477, 70.9754, 101.159,13, 9
30, 32, 46, 521, 474, 67.2152, 88.5855,12, 9
30, 32, 47, 521, 484, 73.9254, 121.849,15, 9
30, 33, 1, 483, 359, 0, 0,0, 0
30, 33, 2, 483, 362, 66.3515, 97.6699,11, 7
30, 33, 3, 483, 297, 16.9609, 16.9609,2, 2
30, 33, 4, 483, 519, 0, 0,0, 0
30, 33, 5, 483, 557, 84.8009, 99.7117,12, 10
30, 33, 6, 483, 512, 293.771, 684.216,85, 34
30, 33, 7, 483, 427, 74.6604, 93.8017,11, 9
30, 33, 8, 483, 403, 79.9724, 108.891,12, 9
30, 33, 9, 483, 423, 441.945, 968.676,114, 48
30, 33, 10, 483, 462, 470.605, 955.172,110, 49
30, 33, 11, 483, 486, 402.69, 838.913,98, 43
30, 33, 12, 483, 473, 151.204, 178.676,18, 15
30, 33, 13, 483, 533, 105.677, 133.937,15, 12
30, 33, 14, 483, 437, 0, 0,0, 0
30, 33, 15, 483, 373, 90.2998, 104.21,12, 10
30, 33, 16, 483, 415, 0, 0,0, 0
30, 33, 17, 483, 408, 33.34, 40.2494,5, 4
30, 33, 18, 483, 371, 28.5902, 36.1766,4, 3
30, 33, 19, 483, 415, 82.8602, 105.913,12, 9
30, 33, 20, 483, 474, 98.2125, 105.512,12, 11
30, 33, 21, 483, 366, 55.5433, 74.3274,8, 6
30, 33, 22, 483, 398, 47.4243, 47.4243,6, 6
30, 33, 23, 483, 527, 17.572, 24.4307,3, 2
30, 33, 24, 483, 450, 23.1153, 37.8735,5, 3
30, 33, 25, 483, 489, 72.8668, 103.312,11, 8
30, 33, 26, 483, 535, 21.212, 28.2095,4, 3
30, 33, 27, 483, 398, 48.9037, 48.9037,6, 6
30, 33, 28, 483, 427, 127.27, 156.286,16, 13
30, 33, 29, 483, 522, 1029.92, 1301.13,138, 104
30, 33, 30, 483, 490, 142.653, 149.878,18, 17
30, 33, 31, 483, 384, 110.74, 119.595,14, 13
30, 33, 32, 483, 521, 0, 0,0, 0
30, 33, 34, 483, 378, 97.9511, 106.227,11, 10
30, 33, 35, 483, 419, 161.606, 284.914,36, 20
30, 33, 36, 483, 448, 118.807, 149.495,17, 13
30, 33, 37, 483, 548, 0, 0,0, 0
30, 33, 38, 483, 493, 1334.69, 2410.59,275, 138
30, 33, 39, 483, 451, 511.655, 976.691,111, 52
30, 33, 40, 483, 455, 121.507, 129.99,15, 14
30, 33, 41, 483, 410, 257.972, 305.963,33, 28
30, 33, 42, 483, 444, 397.206, 513.445,58, 44
30, 33, 43, 483, 442, 932.636, 1845.15,207, 93
30, 33, 44, 483, 413, 45.4312, 45.4312,5, 5
30, 33, 45, 483, 477, 346.02, 695.647,84, 39
30, 33, 46, 483, 474, 49.2294, 49.2294,6, 6
30, 33, 47, 483, 484, 167.431, 364.057,44, 19
30, 34, 1, 378, 359, 23.4422, 30.2659,4, 3
30, 34, 2, 378, 362, 129.563, 129.563,14, 14
30, 34, 3, 378, 297, 77.1388, 93.9309,9, 7
30, 34, 4, 378, 519, 43.8581, 61.0376,7, 5
30, 34, 5, 378, 557, 134.786, 145.586,17, 16
30, 34, 6, 378, 512, 195.248, 234.576,26, 21
30, 34, 7, 378, 427, 220.024, 227.089,24, 23
30, 34, 8, 378, 403, 149.219, 149.219,15, 15
30, 34, 9, 378, 423, 15.1434, 15.1434,2, 2
30, 34, 10, 378, 462, 101.911, 133.26,15, 11
30, 34, 11, 378, 486, 357.479, 373.251,39, 37
30, 34, 12, 378, 473, 352.594, 406.226,46, 39
30, 34, 13, 378, 533, 150.114, 167.564,20, 18
30, 34, 14, 378, 437, 114.302, 121.774,14, 13
30, 34, 15, 378, 373, 244.013, 286.279,31, 26
30, 34, 16, 378, 415, 94.9015, 120.526,14, 11
30, 34, 17, 378, 408, 192.76, 217.16,25, 22
30, 34, 18, 378, 371, 302.979, 320.618,35, 33
30, 34, 19, 378, 415, 131.267, 139.749,17, 16
30, 34, 20, 378, 474, 266.234, 266.234,28, 28
30, 34, 21, 378, 366, 204.747, 215.254,22, 21
30, 34, 22, 378, 398, 265.767, 311.774,32, 26
30, 34, 23, 378, 527, 69.0491, 85.4064,10, 8
30, 34, 24, 378, 450, 94.7311, 123.531,14, 10
30, 34, 25, 378, 489, 259.379, 274.612,28, 26
30, 34, 26, 378, 535, 68.8921, 78.7536,9, 8
30, 34, 27, 378, 398, 80.9362, 80.9362,9, 9
30, 34, 28, 378, 427, 110.795, 125.26,12, 10
30, 34, 29, 378, 522, 87.7216, 87.7216,11, 11
30, 34, 30, 378, 490, 81.5099, 81.5099,11, 11
30, 34, 31, 378, 384, 107.125, 107.125,13, 13
30, 34, 32, 378, 521, 93.3967, 120.668,13, 10
30, 34, 33, 378, 483, 106.227, 106.227,11, 11
30, 34, 35, 378, 419, 374.297, 418.755,48, 42
30, 34, 36, 378, 448, 526.979, 636.302,75, 61
30, 34, 37, 378, 548, 103.794, 111.462,14, 13
30, 34, 38, 378, 493, 44.8753, 53.0742,5, 4
30, 34, 39, 378, 451, 273.794, 304.989,36, 32
30, 34, 40, 378, 455, 147.518, 147.518,17, 17
30, 34, 41, 378, 410, 136.947, 136.947,16, 16
30, 34, 42, 378, 444, 156.992, 173.467,19, 17
30, 34, 43, 378, 442, 95.6467, 95.6467,10, 10
30, 34, 44, 378, 413, 191.07, 216.906,25, 22
30, 34, 45, 378, 477, 69.4285, 85.6692,10, 8
30, 34, 46, 378, 474, 208.917, 223.765,26, 24
30, 34, 47, 378, 484, 155.957, 180.297,18, 15
30, 35, 1, 419, 359, 49.0633, 49.0633,6, 6
30, 35, 2, 419, 362, 58.5712, 58.5712,6, 6
30, 35, 3, 419, 297, 42.5432, 42.5432,5, 5
30, 35, 4, 419, 519, 15.8409, 15.8409,2, 2
30, 35, 5, 419, 557, 13.6273, 13.6273,2, 2
30, 35, 6, 419, 512, 261.496, 321.894,37, 29
30, 35, 7, 419, 427, 77.7958, 77.7958,9, 9
30, 35, 8, 419, 403, 26.6122, 26.6122,3, 3
30, 35, 9, 419, 423, 337.909, 431.798,53, 40
30, 35, 10, 419, 462, 446.854, 603.403,67, 48
30, 35, 11, 419, 486, 367.874, 527.438,60, 40
30, 35, 12, 419, 473, 56.652, 63.7271,8, 7
30, 35, 13, 419, 533, 15.638, 15.638,2, 2
30, 35, 14, 419, 437, 129.768, 129.768,15, 15
30, 35, 15, 419, 373, 65.0931, 71.9372,8, 7
30, 35, 16, 419, 415, 174.083, 174.083,19, 19
30, 35, 17, 419, 408, 129.83, 147.262,15, 13
30, 35, 18, 419, 371, 124.811, 124.811,15, 15
30, 35, 19, 419, 415, 31.331, 31.331,4, 4
30, 35, 20, 419, 474, 40.9314, 40.9314,5, 5
30, 35, 21, 419, 366, 30.5078, 30.5078,2, 2
30, 35, 22, 419, 398, 79.8154, 79.8154,8, 8
30, 35, 23, 419, 527, 166.32, 188.746,18, 15
30, 35, 24, 419, 450, 149.699, 199.671,22, 16
30, 35, 25, 419, 489, 136.496, 151.094,16, 14
30, 35, 26, 419, 535, 31.4489, 31.4489,4, 4
30, 35, 27, 419, 398, 29.0137, 37.8825,4, 3
30, 35, 28, 419, 427, 100.165, 100.165,9, 9
30, 35, 29, 419, 522, 45.4626, 45.4626,6, 6
30, 35, 30, 419, 490, 0, 0,0, 0
30, 35, 31, 419, 384, 24.9236, 24.9236,3, 3
30, 35, 32, 419, 521, 205.365, 236.851,27, 23
30, 35, 33, 419, 483, 242.672, 284.914,36, 30
30, 35, 34, 419, 378, 371.619, 418.757,48, 42
30, 35, 36, 419, 448, 155.913, 200.398,25, 19
30, 35, 37, 419, 548, 105.275, 128.012,14, 11
30, 35, 38, 419, 493, 412.76, 525.596,60, 45
30, 35, 39, 419, 451, 722.373, 920.481,99, 74
30, 35, 40, 419, 455, 0, 0,0, 0
30, 35, 41, 419, 410, 13.6756, 13.6756,2, 2
30, 35, 42, 419, 444, 51.5746, 72.1704,9, 6
30, 35, 43, 419, 442, 313.378, 455.715,54, 35
30, 35, 44, 419, 413, 36.9405, 36.9405,5, 5
30, 35, 45, 419, 477, 308.388, 386.663,44, 34
30, 35, 46, 419, 474, 85.6197, 92.651,12, 11
30, 35, 47, 419, 484, 218.996, 297.316,32, 22
30, 36, 1, 448, 359, 13.644, 13.644,2, 2
30, 36, 2, 448, 362, 111.295, 123.74,13, 12
30, 36, 3, 448, 297, 24.1391, 24.1391,3, 3
30, 36, 4, 448, 519, 62.4812, 111.564,10, 5
30, 36, 5, 448, 557, 170.012, 179.024,20, 19
30, 36, 6, 448, 512, 178.886, 243.199,28, 20
30, 36, 7, 448, 427, 168.004, 168.004,19, 19
30, 36, 8, 448, 403, 98.4329, 123.428,14, 11
30, 36, 9, 448, 423, 90.1396, 118.153,13, 10
30, 36, 10, 448, 462, 209.483, 246.331,27, 23
30, 36, 11, 448, 486, 455.271, 522.268,56, 49
30, 36, 12, 448, 473, 514.515, 651.959,64, 48
30, 36, 13, 448, 533, 272.288, 300.889,34, 30
30, 36, 14, 448, 437, 86.6143, 100.566,12, 10
30, 36, 15, 448, 373, 134.324, 140.994,16, 15
30, 36, 16, 448, 415, 76.9052, 84.1096,10, 9
30, 36, 17, 448, 408, 121.045, 129.533,15, 14
30, 36, 18, 448, 371, 166.644, 175.67,18, 17
30, 36, 19, 448, 415, 145.386, 153.755,18, 17
30, 36, 20, 448, 474, 177.078, 192.414,20, 18
30, 36, 21, 448, 366, 132.076, 150.237,17, 15
30, 36, 22, 448, 398, 132.665, 149.978,17, 15
30, 36, 23, 448, 527, 43.9277, 51.0344,6, 5
30, 36, 24, 448, 450, 38.6225, 45.3493,6, 5
30, 36, 25, 448, 489, 163.217, 172.145,21, 20
30, 36, 26, 448, 535, 56.4664, 71.4436,9, 7
30, 36, 27, 448, 398, 59.3101, 59.3101,6, 6
30, 36, 28, 448, 427, 187.118, 202.784,20, 18
30, 36, 29, 448, 522, 117.471, 124.414,13, 12
30, 36, 30, 448, 490, 105.462, 121.492,15, 13
30, 36, 31, 448, 384, 98.7122, 108.135,12, 11
30, 36, 32, 448, 521, 63.6735, 70.4128,9, 8
30, 36, 33, 448, 483, 132.669, 149.495,17, 15
30, 36, 34, 448, 378, 581.432, 636.303,75, 68
30, 36, 35, 448, 419, 179.697, 200.398,25, 22
30, 36, 37, 448, 548, 66.3435, 73.0306,9, 8
30, 36, 38, 448, 493, 29.2893, 29.2893,2, 2
30, 36, 39, 448, 451, 421.949, 474.532,50, 45
30, 36, 40, 448, 455, 140.283, 177.3,21, 16
30, 36, 41, 448, 410, 206.749, 222.347,26, 24
30, 36, 42, 448, 444, 226.885, 273.428,32, 26
30, 36, 43, 448, 442, 80.7615, 80.7615,10, 10
30, 36, 44, 448, 413, 152.021, 152.021,18, 18
30, 36, 45, 448, 477, 140.91, 192.784,23, 17
30, 36, 46, 448, 474, 189.134, 225.869,27, 22
30, 36, 47, 448, 484, 142.534, 192.498,21, 15
30, 37, 1, 548, 359, 86.8924, 86.8924,10, 10
30, 37, 2, 548, 362, 48.4621, 64.9932,6, 4
30, 37, 3, 548, 297, 95.8402, 111.922,11, 9
30, 37, 4, 548, 519, 21.1767, 38.0755,4, 2
30, 37, 5, 548, 557, 55.0852, 55.0852,7, 7
30, 37, 6, 548, 512, 64.7766, 87.9323,11, 8
30, 37, 7, 548, 427, 501.277, 537.434,58, 54
30, 37, 8, 548, 403, 111.325, 136.858,17, 14
30, 37, 9, 548, 423, 44.9173, 53.6852,7, 6
30, 37, 10, 548, 462, 73.7606, 87.9104,9, 7
30, 37, 11, 548, 486, 46.2535, 46.2535,6, 6
30, 37, 12, 548, 473, 44.1864, 50.9019,6, 5
30, 37, 13, 548, 533, 0, 0,0, 0
30, 37, 14, 548, 437, 887.084, 1036.18,111, 94
30, 37, 15, 548, 373, 254.074, 254.074,28, 28
30, 37, 16, 548, 415, 263.237, 342.316,38, 29
30, 37, 17, 548, 408, 139.664, 170.324,19, 15
30, 37, 18, 548, 371, 69.3213, 76.8772,10, 9
30, 37, 19, 548, 415, 29.5464, 29.5464,4, 4
30, 37, 20, 548, 474, 419.73, 482.426,54, 46
30, 37, 21, 548, 366, 34.0503, 34.0503,3, 3
30, 37, 22, 548, 398, 73.0841, 81.4851,9, 8
30, 37, 23, 548, 527, 326.634, 372.52,45, 39
30, 37, 24, 548, 450, 247.861, 286.691,35, 30
30, 37, 25, 548, 489, 819.782, 916.466,94, 82
30, 37, 26, 548, 535, 17.648, 17.648,2, 2
30, 37, 27, 548, 398, 53.0973, 62.6432,7, 6
30, 37, 28, 548, 427, 78.1873, 94.0062,10, 8
30, 37, 29, 548, 522, 20.124, 27.4728,3, 2
30, 37, 30, 548, 490, 31.5696, 31.5696,4, 4
30, 37, 31, 548, 384, 43.8523, 52.7541,6, 5
30, 37, 32, 548, 521, 9490.78, 10236.8,394, 320
30, 37, 33, 548, 483, 0, 0,0, 0
30, 37, 34, 548, 378, 111.462, 111.462,14, 14
30, 37, 35, 548, 419, 120.718, 128.011,14, 13
30, 37, 36, 548, 448, 65.1578, 73.0307,9, 8
30, 37, 38, 548, 493, 31.5716, 55.6885,6, 3
30, 37, 39, 548, 451, 78.1492, 85.8528,11, 10
30, 37, 40, 548, 455, 0, 0,0, 0
30, 37, 41, 548, 410, 0, 0,0, 0
30, 37, 42, 548, 444, 6.79343, 6.79343,1, 1
30, 37, 43, 548, 442, 35.5999, 35.5999,4, 4
30, 37, 44, 548, 413, 39.7756, 59.5919,6, 4
30, 37, 45, 548, 477, 38.3194, 45.728,6, 5
30, 37, 46, 548, 474, 75.0023, 96.7809,13, 10
30, 37, 47, 548, 484, 119.958, 144.208,16, 13
30, 38, 1, 493, 359, 27.9222, 27.9222,4, 4
30, 38, 2, 493, 362, 47.2412, 71.0223,6, 4
30, 38, 3, 493, 297, 62.653, 81.2771,9, 7
30, 38, 4, 493, 519, 17.1115, 32.8799,4, 2
30, 38, 5, 493, 557, 33.8201, 41.6235,5, 4
30, 38, 6, 493, 512, 290.039, 763.703,91, 31
30, 38, 7, 493, 427, 12.3089, 20.3531,2, 1
30, 38, 8, 493, 403, 7.20815, 7.20815,1, 1
30, 38, 9, 493, 423, 547.631, 1493.79,179, 61
30, 38, 10, 493, 462, 546.198, 1333.21,149, 53
30, 38, 11, 493, 486, 296.571, 728.364,87, 33
30, 38, 12, 493, 473, 53.1294, 92.3371,10, 5
30, 38, 13, 493, 533, 32.9129, 32.9129,4, 4
30, 38, 14, 493, 437, 11.5357, 20.3741,2, 1
30, 38, 15, 493, 373, 18.624, 30.2398,2, 1
30, 38, 16, 493, 415, 39.5042, 66.4575,7, 4
30, 38, 17, 493, 408, 24.8335, 38.978,3, 2
30, 38, 18, 493, 371, 17.0948, 24.9777,3, 2
30, 38, 19, 493, 415, 0, 0,0, 0
30, 38, 20, 493, 474, 20.712, 32.2798,3, 2
30, 38, 21, 493, 366, 22.8446, 31.4274,3, 2
30, 38, 22, 493, 398, 17.8186, 32.1269,2, 1
30, 38, 23, 493, 527, 22.1002, 32.8056,3, 2
30, 38, 24, 493, 450, 47.3152, 65.0748,8, 6
30, 38, 25, 493, 489, 22.5598, 32.1215,3, 2
30, 38, 26, 493, 535, 8.19882, 8.19882,1, 1
30, 38, 27, 493, 398, 49.6991, 61.7503,5, 4
30, 38, 28, 493, 427, 57.7191, 86.5466,7, 5
30, 38, 29, 493, 522, 414.472, 645.82,77, 47
30, 38, 30, 493, 490, 45.4058, 66.8585,8, 5
30, 38, 31, 493, 384, 29.5251, 29.5251,4, 4
30, 38, 32, 493, 521, 59.2744, 84.2123,9, 6
30, 38, 33, 493, 483, 1142.59, 2410.59,275, 115
30, 38, 34, 493, 378, 43.0408, 53.0742,5, 4
30, 38, 35, 493, 419, 263.603, 525.596,60, 28
30, 38, 36, 493, 448, 19.0255, 29.2881,2, 1
30, 38, 37, 493, 548, 38.6183, 55.6896,6, 4
30, 38, 39, 493, 451, 559.628, 1281.24,145, 57
30, 38, 40, 493, 455, 23.1168, 23.1168,3, 3
30, 38, 41, 493, 410, 69.8623, 86.6413,11, 9
30, 38, 42, 493, 444, 150.505, 249.24,31, 18
30, 38, 43, 493, 442, 776.234, 1897.44,219, 81
30, 38, 44, 493, 413, 17.3217, 25.2428,3, 2
30, 38, 45, 493, 477, 357.507, 929.017,111, 39
30, 38, 46, 493, 474, 26.5471, 49.734,6, 3
30, 38, 47, 493, 484, 126.47, 325.723,41, 15
30, 39, 1, 451, 359, 38.6439, 38.6439,5, 5
30, 39, 2, 451, 362, 69.0682, 75.7815,8, 7
30, 39, 3, 451, 297, 42.8685, 42.8685,5, 5
30, 39, 4, 451, 519, 16.4186, 16.4186,2, 2
30, 39, 5, 451, 557, 45.0985, 45.0985,5, 5
30, 39, 6, 451, 512, 431.946, 822.285,91, 43
30, 39, 7, 451, 427, 14.8351, 14.8351,2, 2
30, 39, 8, 451, 403, 13.9284, 13.9284,2, 2
30, 39, 9, 451, 423, 709.858, 1236.52,138, 74
30, 39, 10, 451, 462, 895.61, 1473.41,169, 96
30, 39, 11, 451, 486, 634.704, 1049.78,122, 68
30, 39, 12, 451, 473, 130.014, 144.166,17, 15
30, 39, 13, 451, 533, 40.4497, 40.4497,5, 5
30, 39, 14, 451, 437, 83.4345, 91.5248,11, 10
30, 39, 15, 451, 373, 36.4346, 36.4346,4, 4
30, 39, 16, 451, 415, 128.58, 142.098,18, 16
30, 39, 17, 451, 408, 81.9951, 81.9951,9, 9
30, 39, 18, 451, 371, 71.0932, 71.0932,10, 10
30, 39, 19, 451, 415, 14.0544, 14.0544,2, 2
30, 39, 20, 451, 474, 20.403, 20.403,2, 2
30, 39, 21, 451, 366, 29.1213, 29.1213,3, 3
30, 39, 22, 451, 398, 108.61, 116.834,11, 10
30, 39, 23, 451, 527, 99.8185, 120.399,13, 10
30, 39, 24, 451, 450, 162.685, 184.719,21, 18
30, 39, 25, 451, 489, 90.3101, 97.4113,11, 10
30, 39, 26, 451, 535, 0, 0,0, 0
30, 39, 27, 451, 398, 75.2973, 83.7842,10, 9
30, 39, 28, 451, 427, 62.2582, 62.2582,4, 4
30, 39, 29, 451, 522, 99.9606, 179.908,22, 12
30, 39, 30, 451, 490, 15.3472, 22.2349,3, 2
30, 39, 31, 451, 384, 37.7703, 51.3505,7, 5
30, 39, 32, 451, 521, 73.8029, 73.8029,9, 9
30, 39, 33, 451, 483, 552.467, 976.691,111, 58
30, 39, 34, 451, 378, 289.831, 304.989,36, 34
30, 39, 35, 451, 419, 663.763, 920.479,99, 67
30, 39, 36, 451, 448, 466.764, 474.531,50, 49
30, 39, 37, 451, 548, 78.881, 85.8527,11, 10
30, 39, 38, 451, 493, 732.581, 1281.24,145, 76
30, 39, 40, 451, 455, 23.5362, 30.3048,4, 3
30, 39, 41, 451, 410, 42.8968, 57.0225,7, 5
30, 39, 42, 451, 444, 118.188, 148.723,17, 13
30, 39, 43, 451, 442, 561.613, 961.618,110, 59
30, 39, 44, 451, 413, 48.639, 55.7207,7, 6
30, 39, 45, 451, 477, 564.001, 979.368,114, 62
30, 39, 46, 451, 474, 84.6346, 91.6288,11, 10
30, 39, 47, 451, 484, 294.29, 487.71,56, 32
30, 40, 1, 455, 359, 7.54863, 7.54863,1, 1
30, 40, 2, 455, 362, 30.9635, 45.4388,5, 3
30, 40, 3, 455, 297, 0, 0,0, 0
30, 40, 4, 455, 519, 13.7404, 13.7404,2, 2
30, 40, 5, 455, 557, 76.1525, 76.1525,10, 10
30, 40, 6, 455, 512, 55.6747, 63.4676,8, 7
30, 40, 7, 455, 427, 53.5675, 53.5675,6, 6
30, 40, 8, 455, 403, 174.09, 192.766,20, 18
30, 40, 9, 455, 423, 7.46782, 7.46782,1, 1
30, 40, 10, 455, 462, 15.838, 23.1643,3, 2
30, 40, 11, 455, 486, 86.4826, 103.932,13, 11
30, 40, 12, 455, 473, 146.942, 160.607,20, 18
30, 40, 13, 455, 533, 221.217, 250.732,26, 22
30, 40, 14, 455, 437, 0, 0,0, 0
30, 40, 15, 455, 373, 67.3832, 75.1571,8, 7
30, 40, 16, 455, 415, 0, 0,0, 0
30, 40, 17, 455, 408, 29.9089, 37.3447,5, 4
30, 40, 18, 455, 371, 51.0644, 59.6193,7, 6
30, 40, 19, 455, 415, 188.19, 209.578,24, 21
30, 40, 20, 455, 474, 57.7687, 76.4021,9, 7
30, 40, 21, 455, 366, 72.5248, 100.57,10, 7
30, 40, 22, 455, 398, 42.9655, 50.1935,7, 6
30, 40, 23, 455, 527, 0, 0,0, 0
30, 40, 24, 455, 450, 0, 0,0, 0
30, 40, 25, 455, 489, 70.1809, 93.6566,11, 8
30, 40, 26, 455, 535, 46.5304, 46.5304,6, 6
30, 40, 27, 455, 398, 7.60383, 7.60383,1, 1
30, 40, 28, 455, 427, 62.2035, 73.3032,8, 7
30, 40, 29, 455, 522, 328.579, 376.302,43, 37
30, 40, 30, 455, 490, 202.77, 225.012,26, 23
30, 40, 31, 455, 384, 83.6273, 98.7717,9, 7
30, 40, 32, 455, 521, 0, 0,0, 0
30, 40, 33, 455, 483, 121.507, 129.99,15, 14
30, 40, 34, 455, 378, 128.169, 147.519,17, 15
30, 40, 35, 455, 419, 0, 0,0, 0
30, 40, 36, 455, 448, 153.675, 177.299,21, 18
30, 40, 37, 455, 548, 0, 0,0, 0
30, 40, 38, 455, 493, 23.1168, 23.1168,3, 3
30, 40, 39, 455, 451, 23.3465, 30.3049,4, 3
30, 40, 41, 455, 410, 1202.41, 1385.73,140, 117
30, 40, 42, 455, 444, 691.215, 747.986,80, 73
30, 40, 43, 455, 442, 283.625, 283.625,33, 33
30, 40, 44, 455, 413, 56.0434, 56.0434,7, 7
30, 40, 45, 455, 477, 17.1986, 25.8143,3, 2
30, 40, 46, 455, 474, 64.5309, 64.5309,6, 6
30, 40, 47, 455, 484, 69.6712, 87.8087,9, 7
30, 41, 1, 410, 359, 7.56858, 7.56858,1, 1
30, 41, 2, 410, 362, 100.597, 100.597,12, 12
30, 41, 3, 410, 297, 0, 0,0, 0
30, 41, 4, 410, 519, 6.68091, 6.68091,1, 1
30, 41, 5, 410, 557, 131.122, 138.96,17, 16
30, 41, 6, 410, 512, 73.4152, 83.8912,10, 9
30, 41, 7, 410, 427, 64.4792, 82.3473,9, 7
30, 41, 8, 410, 403, 117.633, 150.291,15, 12
30, 41, 9, 410, 423, 7.47899, 7.47899,1, 1
30, 41, 10, 410, 462, 43.7683, 51.5354,6, 5
30, 41, 11, 410, 486, 135.616, 161.74,18, 15
30, 41, 12, 410, 473, 277.971, 309.119,35, 31
30, 41, 13, 410, 533, 173.905, 189.411,22, 20
30, 41, 14, 410, 437, 17.8181, 17.8181,2, 2
30, 41, 15, 410, 373, 80.3943, 80.3943,10, 10
30, 41, 16, 410, 415, 0, 0,0, 0
30, 41, 17, 410, 408, 42.9574, 42.9574,5, 5
30, 41, 18, 410, 371, 78.7548, 78.7548,10, 10
30, 41, 19, 410, 415, 145.875, 153.557,17, 16
30, 41, 20, 410, 474, 101.177, 108.13,13, 12
30, 41, 21, 410, 366, 104.163, 111.749,12, 11
30, 41, 22, 410, 398, 62.4167, 62.4167,8, 8
30, 41, 23, 410, 527, 15.1354, 15.1354,2, 2
30, 41, 24, 410, 450, 0, 0,0, 0
30, 41, 25, 410, 489, 73.8675, 94.0884,9, 7
30, 41, 26, 410, 535, 62.2833, 62.2833,8, 8
30, 41, 27, 410, 398, 40.7598, 48.524,6, 5
30, 41, 28, 410, 427, 95.4228, 103.972,11, 10
30, 41, 29, 410, 522, 372.133, 414.551,45, 40
30, 41, 30, 410, 490, 143.931, 151.721,17, 16
30, 41, 31, 410, 384, 41.8761, 41.8761,5, 5
30, 41, 32, 410, 521, 0, 0,0, 0
30, 41, 33, 410, 483, 278.745, 305.964,33, 30
30, 41, 34, 410, 378, 129.063, 136.947,16, 15
30, 41, 35, 410, 419, 13.6756, 13.6756,2, 2
30, 41, 36, 410, 448, 215.27, 222.346,26, 25
30, 41, 37, 410, 548, 0, 0,0, 0
30, 41, 38, 410, 493, 86.6412, 86.6412,11, 11
30, 41, 39, 410, 451, 48.9803, 57.0226,7, 6
30, 41, 40, 410, 455, 1231.22, 1385.72,140, 122
30, 41, 42, 410, 444, 952.26, 1092.85,106, 91
30, 41, 43, 410, 442, 472.06, 495.167,56, 53
30, 41, 44, 410, 413, 102.398, 109.973,12, 11
30, 41, 45, 410, 477, 26.5884, 33.645,4, 3
30, 41, 46, 410, 474, 34.0852, 41.2202,5, 4
30, 41, 47, 410, 484, 39.2651, 46.9433,5, 4
30, 42, 1, 444, 359, 6.7623, 6.7623,1, 1
30, 42, 2, 444, 362, 92.0228, 100.275,12, 11
30, 42, 3, 444, 297, 12.2949, 12.2949,1, 1
30, 42, 4, 444, 519, 31.0625, 31.0625,4, 4
30, 42, 5, 444, 557, 81.1669, 95.3327,11, 9
30, 42, 6, 444, 512, 84.3883, 99.6751,12, 10
30, 42, 7, 444, 427, 76.7021, 83.9038,10, 9
30, 42, 8, 444, 403, 124.858, 146.669,17, 14
30, 42, 9, 444, 423, 78.4179, 85.2236,11, 10
30, 42, 10, 444, 462, 114.03, 120.752,16, 15
30, 42, 11, 444, 486, 319.173, 373.665,42, 35
30, 42, 12, 444, 473, 261.955, 292.031,33, 29
30, 42, 13, 444, 533, 196.558, 211.569,23, 21
30, 42, 14, 444, 437, 21.304, 21.304,3, 3
30, 42, 15, 444, 373, 99.2057, 105.98,12, 11
30, 42, 16, 444, 415, 7.05375, 7.05375,1, 1
30, 42, 17, 444, 408, 31.5743, 31.5743,4, 4
30, 42, 18, 444, 371, 181.02, 195.556,20, 18
30, 42, 19, 444, 415, 156.476, 179.817,21, 18
30, 42, 20, 444, 474, 105.376, 119.806,14, 12
30, 42, 21, 444, 366, 125.888, 143.338,16, 14
30, 42, 22, 444, 398, 90.4275, 97.3263,11, 10
30, 42, 23, 444, 527, 29.8284, 44.1334,6, 4
30, 42, 24, 444, 450, 23.6291, 23.6291,3, 3
30, 42, 25, 444, 489, 118.123, 132.922,16, 14
30, 42, 26, 444, 535, 47.8201, 47.8201,6, 6
30, 42, 27, 444, 398, 38.5393, 45.9491,5, 4
30, 42, 28, 444, 427, 126.367, 159.78,19, 15
30, 42, 29, 444, 522, 404.432, 506.243,56, 44
30, 42, 30, 444, 490, 151.965, 158.88,20, 19
30, 42, 31, 444, 384, 128.347, 146.669,16, 14
30, 42, 32, 444, 521, 28.6128, 28.6128,4, 4
30, 42, 33, 444, 483, 419.812, 513.445,58, 46
30, 42, 34, 444, 378, 159.241, 173.467,19, 17
30, 42, 35, 444, 419, 72.1702, 72.1702,9, 9
30, 42, 36, 444, 448, 244.012, 273.428,32, 28
30, 42, 37, 444, 548, 6.7934, 6.7934,1, 1
30, 42, 38, 444, 493, 220.509, 249.24,31, 27
30, 42, 39, 444, 451, 133.014, 148.723,17, 15
30, 42, 40, 444, 455, 683.732, 747.992,80, 72
30, 42, 41, 444, 410, 957.427, 1092.85,106, 90
30, 42, 43, 444, 442, 952.863, 1138.34,124, 102
30, 42, 44, 444, 413, 78.8687, 78.8687,9, 9
30, 42, 45, 444, 477, 45.3924, 45.3924,6, 6
30, 42, 46, 444, 474, 108.161, 122.167,14, 12
30, 42, 47, 444, 484, 146.266, 178.763,20, 16
30, 43, 1, 442, 359, 7.35296, 7.35296,1, 1
30, 43, 2, 442, 362, 56.3236, 77.5884,10, 7
30, 43, 3, 442, 297, 23.1772, 23.1772,3, 3
30, 43, 4, 442, 519, 14.1754, 14.1754,2, 2
30, 43, 5, 442, 557, 82.7501, 82.7501,10, 10
30, 43, 6, 442, 512, 283.115, 587.418,70, 31
30, 43, 7, 442, 427, 118.242, 125.738,13, 12
30, 43, 8, 442, 403, 36.4214, 43.6303,5, 4
30, 43, 9, 442, 423, 504.56, 970.174,112, 54
30, 43, 10, 442, 462, 536.884, 937.79,114, 61
30, 43, 11, 442, 486, 388.334, 716.012,83, 41
30, 43, 12, 442, 473, 128.347, 143.056,15, 13
30, 43, 13, 442, 533, 50.8399, 50.8399,7, 7
30, 43, 14, 442, 437, 32.6559, 32.6559,4, 4
30, 43, 15, 442, 373, 47.3428, 54.7495,7, 6
30, 43, 16, 442, 415, 7.87758, 7.87758,1, 1
30, 43, 17, 442, 408, 62.5743, 62.5743,8, 8
30, 43, 18, 442, 371, 41.68, 49.1372,6, 5
30, 43, 19, 442, 415, 72.9592, 79.8349,10, 9
30, 43, 20, 442, 474, 24.7634, 24.7634,3, 3
30, 43, 21, 442, 366, 25.3017, 32.0005,4, 3
30, 43, 22, 442, 398, 55.6474, 62.5364,7, 6
30, 43, 23, 442, 527, 24.5215, 32.7643,4, 3
30, 43, 24, 442, 450, 36.1895, 43.2993,6, 5
30, 43, 25, 442, 489, 48.6214, 48.6214,6, 6
30, 43, 26, 442, 535, 17.5576, 17.5576,2, 2
30, 43, 27, 442, 398, 92.6096, 99.7858,12, 11
30, 43, 28, 442, 427, 127.902, 142.009,18, 16
30, 43, 29, 442, 522, 254.23, 317.088,37, 29
30, 43, 30, 442, 490, 67.0844, 80.9048,10, 8
30, 43, 31, 442, 384, 86.1731, 100.864,12, 10
30, 43, 32, 442, 521, 19.6453, 19.6453,2, 2
30, 43, 33, 442, 483, 967.435, 1845.15,207, 97
30, 43, 34, 442, 378, 87.7857, 95.6466,10, 9
30, 43, 35, 442, 419, 272.471, 455.716,54, 31
30, 43, 36, 442, 448, 73.3785, 80.7616,10, 9
30, 43, 37, 442, 548, 35.6, 35.6,4, 4
30, 43, 38, 442, 493, 1023.11, 1897.44,219, 107
30, 43, 39, 442, 451, 565.471, 961.62,110, 60
30, 43, 40, 442, 455, 261.211, 283.624,33, 30
30, 43, 41, 442, 410, 424.58, 495.166,56, 47
30, 43, 42, 442, 444, 834.983, 1138.34,124, 89
30, 43, 44, 442, 413, 51.6052, 51.6052,6, 6
30, 43, 45, 442, 477, 320.656, 597.333,73, 36
30, 43, 46, 442, 474, 99.2669, 116.078,13, 11
30, 43, 47, 442, 484, 229.335, 388.77,43, 23
30, 44, 1, 413, 359, 30.5137, 30.5137,4, 4
30, 44, 2, 413, 362, 67.7926, 67.7926,8, 8
30, 44, 3, 413, 297, 24.9489, 24.9489,3, 3
30, 44, 4, 413, 519, 21.966, 21.966,3, 3
30, 44, 5, 413, 557, 454.567, 519.94,53, 45
30, 44, 6, 413, 512, 487.182, 565.745,63, 54
30, 44, 7, 413, 427, 68.728, 68.728,7, 7
30, 44, 8, 413, 403, 52.0524, 52.0524,6, 6
30, 44, 9, 413, 423, 0, 0,0, 0
30, 44, 10, 413, 462, 30.0956, 30.0956,4, 4
30, 44, 11, 413, 486, 87.1019, 94.0698,11, 10
30, 44, 12, 413, 473, 201.34, 208.836,22, 21
30, 44, 13, 413, 533, 119.957, 141.512,12, 10
30, 44, 14, 413, 437, 74.0522, 74.0522,9, 9
30, 44, 15, 413, 373, 95.0459, 95.0459,12, 12
30, 44, 16, 413, 415, 35.9339, 35.9339,4, 4
30, 44, 17, 413, 408, 71.5741, 71.5741,9, 9
30, 44, 18, 413, 371, 77.287, 77.287,9, 9
30, 44, 19, 413, 415, 63.7897, 63.7897,7, 7
30, 44, 20, 413, 474, 77.2281, 77.2281,8, 8
30, 44, 21, 413, 366, 226.102, 233.175,27, 26
30, 44, 22, 413, 398, 200.571, 240.106,29, 24
30, 44, 23, 413, 527, 52.8771, 59.669,8, 7
30, 44, 24, 413, 450, 54.6885, 54.6885,7, 7
30, 44, 25, 413, 489, 90.1875, 90.1875,11, 11
30, 44, 26, 413, 535, 107.108, 123.802,14, 12
30, 44, 27, 413, 398, 20.6519, 20.6519,2, 2
30, 44, 28, 413, 427, 53.2535, 53.2535,6, 6
30, 44, 29, 413, 522, 78.8772, 78.8772,8, 8
30, 44, 30, 413, 490, 64.9559, 64.9559,7, 7
30, 44, 31, 413, 384, 44.2465, 44.2465,4, 4
30, 44, 32, 413, 521, 56.5666, 65.5663,7, 6
30, 44, 33, 413, 483, 45.431, 45.431,5, 5
30, 44, 34, 413, 378, 199.093, 216.906,25, 23
30, 44, 35, 413, 419, 36.9405, 36.9405,5, 5
30, 44, 36, 413, 448, 152.022, 152.022,18, 18
30, 44, 37, 413, 548, 43.1527, 59.5913,6, 4
30, 44, 38, 413, 493, 25.2428, 25.2428,3, 3
30, 44, 39, 413, 451, 48.639, 55.7207,7, 6
30, 44, 40, 413, 455, 56.0435, 56.0435,7, 7
30, 44, 41, 413, 410, 101.981, 109.974,12, 11
30, 44, 42, 413, 444, 78.8689, 78.8689,9, 9
30, 44, 43, 413, 442, 51.6048, 51.6048,6, 6
30, 44, 45, 413, 477, 322.131, 353.077,40, 36
30, 44, 46, 413, 474, 961.826, 1065.26,106, 93
30, 44, 47, 413, 484, 218.18, 290.642,30, 21
30, 45, 1, 477, 359, 13.5755, 13.5755,2, 2
30, 45, 2, 477, 362, 7.3055, 7.3055,1, 1
30, 45, 3, 477, 297, 13.7698, 13.7698,2, 2
30, 45, 4, 477, 519, 47.0901, 99.5068,11, 4
30, 45, 5, 477, 557, 76.675, 83.3493,10, 9
30, 45, 6, 477, 512, 758.539, 1319.01,147, 78
30, 45, 7, 477, 427, 7.87084, 7.87084,1, 1
30, 45, 8, 477, 403, 21.2889, 28.7569,4, 3
30, 45, 9, 477, 423, 554.329, 1053.26,126, 62
30, 45, 10, 477, 462, 471.812, 753.957,85, 51
30, 45, 11, 477, 486, 378.755, 629.797,78, 46
30, 45, 12, 477, 473, 112.039, 201.583,22, 11
30, 45, 13, 477, 533, 65.9453, 88.8945,10, 7
30, 45, 14, 477, 437, 60.8303, 67.7395,9, 8
30, 45, 15, 477, 373, 15.9138, 15.9138,2, 2
30, 45, 16, 477, 415, 43.1291, 43.1291,6, 6
30, 45, 17, 477, 408, 29.1588, 29.1588,4, 4
30, 45, 18, 477, 371, 0, 0,0, 0
30, 45, 19, 477, 415, 7.30439, 7.30439,1, 1
30, 45, 20, 477, 474, 16.137, 16.137,2, 2
30, 45, 21, 477, 366, 22.199, 22.199,3, 3
30, 45, 22, 477, 398, 88.844, 110.575,13, 10
30, 45, 23, 477, 527, 117.453, 125.138,16, 15
30, 45, 24, 477, 450, 141.854, 168.844,20, 17
30, 45, 25, 477, 489, 40.584, 40.584,5, 5
30, 45, 26, 477, 535, 6.68613, 6.68613,1, 1
30, 45, 27, 477, 398, 14.6442, 14.6442,2, 2
30, 45, 28, 477, 427, 6.95229, 6.95229,1, 1
30, 45, 29, 477, 522, 51.9035, 83.2991,11, 7
30, 45, 30, 477, 490, 0, 0,0, 0
30, 45, 31, 477, 384, 7.33619, 7.33619,1, 1
30, 45, 32, 477, 521, 86.7074, 101.159,13, 11
30, 45, 33, 477, 483, 366.937, 695.648,84, 43
30, 45, 34, 477, 378, 78.5155, 85.6695,10, 9
30, 45, 35, 477, 419, 268.221, 386.664,44, 30
30, 45, 36, 477, 448, 128.847, 192.783,23, 15
30, 45, 37, 477, 548, 38.2649, 45.728,6, 5
30, 45, 38, 477, 493, 438.35, 929.017,111, 50
30, 45, 39, 477, 451, 550.781, 979.368,114, 61
30, 45, 40, 477, 455, 25.8144, 25.8144,3, 3
30, 45, 41, 477, 410, 24.647, 33.6447,4, 3
30, 45, 42, 477, 444, 37.9783, 45.3924,6, 5
30, 45, 43, 477, 442, 280.598, 597.334,73, 32
30, 45, 44, 477, 413, 315.541, 353.077,40, 36
30, 45, 46, 477, 474, 640.739, 821.776,85, 65
30, 45, 47, 477, 484, 460.729, 676.169,76, 50
30, 46, 1, 474, 359, 7.44289, 7.44289,1, 1
30, 46, 2, 474, 362, 49.6964, 49.6964,6, 6
30, 46, 3, 474, 297, 32.3877, 61.5145,8, 4
30, 46, 4, 474, 519, 43.6739, 81.8468,10, 5
30, 46, 5, 474, 557, 293.999, 354.015,40, 32
30, 46, 6, 474, 512, 785.335, 1007.27,114, 86
30, 46, 7, 474, 427, 149.852, 159.022,17, 16
30, 46, 8, 474, 403, 45.685, 45.685,6, 6
30, 46, 9, 474, 423, 80.9737, 109.488,13, 9
30, 46, 10, 474, 462, 113.912, 136.224,16, 13
30, 46, 11, 474, 486, 269.158, 308.85,35, 30
30, 46, 12, 474, 473, 217.651, 358.514,41, 24
30, 46, 13, 474, 533, 90.8946, 143.371,15, 9
30, 46, 14, 474, 437, 108.334, 108.334,12, 12
30, 46, 15, 474, 373, 82.9687, 90.6721,10, 9
30, 46, 16, 474, 415, 87.039, 87.039,10, 10
30, 46, 17, 474, 408, 67.4809, 67.4809,8, 8
30, 46, 18, 474, 371, 75.3621, 75.3621,9, 9
30, 46, 19, 474, 415, 39.0058, 39.0058,5, 5
30, 46, 20, 474, 474, 105.378, 105.378,13, 13
30, 46, 21, 474, 366, 139.943, 146.631,16, 15
30, 46, 22, 474, 398, 180.607, 228.167,27, 21
30, 46, 23, 474, 527, 97.4927, 97.4927,11, 11
30, 46, 24, 474, 450, 78.4756, 78.4756,10, 10
30, 46, 25, 474, 489, 98.6389, 98.6389,12, 12
30, 46, 26, 474, 535, 79.9523, 94.9241,12, 10
30, 46, 27, 474, 398, 39.6116, 46.3388,5, 4
30, 46, 28, 474, 427, 86.8106, 86.8106,9, 9
30, 46, 29, 474, 522, 60.7841, 78.2094,9, 7
30, 46, 30, 474, 490, 44.9122, 52.5365,7, 6
30, 46, 31, 474, 384, 56.4812, 56.4812,7, 7
30, 46, 32, 474, 521, 74.6453, 88.5858,12, 10
30, 46, 33, 474, 483, 49.2297, 49.2297,6, 6
30, 46, 34, 474, 378, 209.943, 223.765,26, 24
30, 46, 35, 474, 419, 92.6511, 92.6511,12, 12
30, 46, 36, 474, 448, 178.99, 225.869,27, 21
30, 46, 37, 474, 548, 89.0929, 96.781,13, 12
30, 46, 38, 474, 493, 49.7344, 49.7344,6, 6
30, 46, 39, 474, 451, 91.6289, 91.6289,11, 11
30, 46, 40, 474, 455, 64.531, 64.531,6, 6
30, 46, 41, 474, 410, 41.2201, 41.2201,5, 5
30, 46, 42, 474, 444, 115.383, 122.167,14, 13
30, 46, 43, 474, 442, 107.106, 116.078,13, 12
30, 46, 44, 474, 413, 892.421, 1065.27,106, 86
30, 46, 45, 474, 477, 683.412, 821.779,85, 68
30, 46, 47, 474, 484, 451.929, 536.8,56, 47
30, 47, 1, 484, 359, 33.4747, 42.6935,5, 4
30, 47, 2, 484, 362, 72.4293, 104.681,11, 7
30, 47, 3, 484, 297, 17.6995, 25.1266,3, 2
30, 47, 4, 484, 519, 41.3519, 55.8278,7, 5
30, 47, 5, 484, 557, 155.081, 178.684,22, 19
30, 47, 6, 484, 512, 539.443, 764.49,82, 57
30, 47, 7, 484, 427, 91.4231, 115.081,13, 10
30, 47, 8, 484, 403, 96.7748, 104.28,12, 11
30, 47, 9, 484, 423, 234.19, 277.243,34, 28
30, 47, 10, 484, 462, 262.693, 305.572,37, 31
30, 47, 11, 484, 486, 280.425, 391.044,45, 32
30, 47, 12, 484, 473, 161.426, 228.166,25, 17
30, 47, 13, 484, 533, 58.106, 102.557,11, 6
30, 47, 14, 484, 437, 131.172, 161.702,18, 15
30, 47, 15, 484, 373, 104.193, 110.892,14, 13
30, 47, 16, 484, 415, 58.1337, 86.5373,10, 6
30, 47, 17, 484, 408, 54.7871, 70.2945,8, 6
30, 47, 18, 484, 371, 67.8597, 94.386,11, 8
30, 47, 19, 484, 415, 60.6273, 75.5475,9, 7
30, 47, 20, 484, 474, 74.3178, 96.3711,10, 8
30, 47, 21, 484, 366, 124.753, 136.236,14, 13
30, 47, 22, 484, 398, 297.512, 410.382,42, 29
30, 47, 23, 484, 527, 285.205, 366.151,41, 31
30, 47, 24, 484, 450, 199.257, 240.671,29, 24
30, 47, 25, 484, 489, 111.117, 151.304,13, 9
30, 47, 26, 484, 535, 68.4885, 89.6923,11, 8
30, 47, 27, 484, 398, 19.8293, 30.544,3, 2
30, 47, 28, 484, 427, 109.689, 161.082,16, 10
30, 47, 29, 484, 522, 83.2763, 116.195,14, 10
30, 47, 30, 484, 490, 30.6102, 37.5702,5, 4
30, 47, 31, 484, 384, 68.544, 86.0954,10, 8
30, 47, 32, 484, 521, 98.631, 121.849,15, 12
30, 47, 33, 484, 483, 279.243, 364.056,44, 33
30, 47, 34, 484, 378, 129.829, 180.297,18, 13
30, 47, 35, 484, 419, 230.155, 297.317,32, 24
30, 47, 36, 484, 448, 139.365, 192.497,21, 15
30, 47, 37, 484, 548, 119.018, 144.208,16, 13
30, 47, 38, 484, 493, 266.393, 325.723,41, 33
30, 47, 39, 484, 451, 366.715, 487.709,56, 41
30, 47, 40, 484, 455, 68.2583, 87.8089,9, 7
30, 47, 41, 484, 410, 38.0045, 46.9431,5, 4
30, 47, 42, 484, 444, 141.638, 178.763,20, 16
30, 47, 43, 484, 442, 294.539, 388.77,43, 32
30, 47, 44, 484, 413, 213.711, 290.642,30, 22
30, 47, 45, 484, 477, 453.451, 676.172,76, 49
30, 47, 46, 484, 474, 389.149, 536.798,56, 40
