32, 1, 2, 311, 342, 304.357, 311.035,36, 35
32, 1, 3, 311, 268, 629.589, 657.536,68, 65
32, 1, 4, 311, 482, 26.9286, 45.2136,5, 3
32, 1, 5, 311, 516, 8.06315, 15.0709,2, 1
32, 1, 6, 311, 478, 28.7841, 28.7841,4, 4
32, 1, 7, 311, 394, 6.96347, 6.96347,1, 1
32, 1, 8, 311, 362, 0, 0,0, 0
32, 1, 9, 311, 399, 15.2257, 15.2257,2, 2
32, 1, 10, 311, 430, 13.5891, 13.5891,2, 2
32, 1, 11, 311, 454, 36.8873, 36.8873,5, 5
32, 1, 12, 311, 442, 31.6956, 31.6956,4, 4
32, 1, 13, 311, 490, 15.8841, 15.8841,2, 2
32, 1, 14, 311, 408, 78.2917, 95.0059,10, 8
32, 1, 15, 311, 343, 7.26502, 7.26502,1, 1
32, 1, 16, 311, 371, 81.7974, 81.7974,10, 10
32, 1, 17, 311, 376, 78.0599, 91.9462,11, 9
32, 1, 18, 311, 334, 40.2789, 40.2789,5, 5
32, 1, 19, 311, 390, 6.69205, 6.69205,1, 1
32, 1, 20, 311, 441, 0, 0,0, 0
32, 1, 21, 311, 334, 6.89006, 6.89006,1, 1
32, 1, 22, 311, 369, 8.99345, 16.3531,2, 1
32, 1, 23, 311, 484, 34.9003, 42.558,5, 4
32, 1, 24, 311, 418, 67.3034, 74.877,10, 9
32, 1, 25, 311, 459, 63.9586, 79.1392,10, 8
32, 1, 26, 311, 487, 14.2562, 14.2562,2, 2
32, 1, 27, 311, 361, 87.3202, 125.341,16, 11
32, 1, 28, 311, 395, 74.8897, 74.8897,9, 9
32, 1, 29, 311, 486, 0, 0,0, 0
32, 1, 30, 311, 433, 23.4953, 23.4953,3, 3
32, 1, 31, 311, 357, 76.7455, 123.877,16, 10
32, 1, 32, 311, 485, 61.2347, 61.2347,8, 8
32, 1, 33, 311, 450, 0, 0,0, 0
32, 1, 34, 311, 350, 22.1368, 22.1368,3, 3
32, 1, 35, 311, 390, 25.9991, 32.8267,4, 3
32, 1, 36, 311, 412, 13.6439, 13.6439,2, 2
32, 1, 37, 311, 513, 68.0673, 86.892,10, 8
32, 1, 38, 311, 463, 21.218, 21.218,3, 3
32, 1, 39, 311, 420, 31.3954, 31.3954,4, 4
32, 1, 40, 311, 422, 7.54859, 7.54859,1, 1
32, 1, 41, 311, 378, 0, 0,0, 0
32, 1, 42, 311, 403, 6.76236, 6.76236,1, 1
32, 1, 43, 311, 418, 7.35298, 7.35298,1, 1
32, 1, 44, 311, 395, 30.5137, 30.5137,4, 4
32, 1, 45, 311, 448, 13.5755, 13.5755,2, 2
32, 1, 46, 311, 444, 7.44291, 7.44291,1, 1
32, 1, 47, 311, 432, 19.4607, 27.4596,3, 2
32, 2, 1, 342, 311, 304.17, 311.034,36, 35
32, 2, 3, 342, 268, 628.159, 708.587,74, 65
32, 2, 4, 342, 482, 48.2417, 71.2785,7, 5
32, 2, 5, 342, 516, 50.709, 57.9375,7, 6
32, 2, 6, 342, 478, 35.6575, 58.7895,7, 4
32, 2, 7, 342, 394, 110.295, 146.398,18, 13
32, 2, 8, 342, 362, 67.3173, 89.1551,10, 7
32, 2, 9, 342, 399, 0, 0,0, 0
32, 2, 10, 342, 430, 26.0508, 48.148,4, 2
32, 2, 11, 342, 454, 54.2215, 76.2982,9, 6
32, 2, 12, 342, 442, 66.3317, 104.396,12, 7
32, 2, 13, 342, 490, 39.2076, 39.2076,4, 4
32, 2, 14, 342, 408, 59.4575, 67.6013,7, 6
32, 2, 15, 342, 343, 71.2513, 92.9039,9, 7
32, 2, 16, 342, 371, 57.2766, 82.7712,9, 6
32, 2, 17, 342, 376, 98.3326, 128.475,11, 8
32, 2, 18, 342, 334, 108.19, 124.421,12, 10
32, 2, 19, 342, 390, 69.8004, 79.9587,9, 8
32, 2, 20, 342, 441, 85.0457, 106.054,10, 8
32, 2, 21, 342, 334, 66.5957, 95.4005,10, 7
32, 2, 22, 342, 369, 127.229, 166.269,16, 12
32, 2, 23, 342, 484, 34.353, 43.9549,5, 4
32, 2, 24, 342, 418, 7.33759, 7.33759,1, 1
32, 2, 25, 342, 459, 136.935, 177.794,18, 13
32, 2, 26, 342, 487, 48.5231, 48.5231,5, 5
32, 2, 27, 342, 361, 209.814, 254.342,29, 24
32, 2, 28, 342, 395, 326.923, 421.155,43, 32
32, 2, 29, 342, 486, 64.8538, 81.2537,10, 8
32, 2, 30, 342, 433, 199.54, 227.775,27, 23
32, 2, 31, 342, 357, 294.088, 346.646,40, 33
32, 2, 32, 342, 485, 52.8923, 92.2463,9, 5
32, 2, 33, 342, 450, 59.0674, 74.5172,9, 7
32, 2, 34, 342, 350, 73.4908, 91.6257,10, 8
32, 2, 35, 342, 390, 37.3518, 47.412,5, 4
32, 2, 36, 342, 412, 106.778, 123.739,13, 11
32, 2, 37, 342, 513, 43.4469, 64.9935,6, 4
32, 2, 38, 342, 463, 45.5108, 71.0209,6, 4
32, 2, 39, 342, 420, 56.6082, 65.7383,7, 6
32, 2, 40, 342, 422, 22.942, 30.2139,4, 3
32, 2, 41, 342, 378, 70.6051, 92.4429,11, 8
32, 2, 42, 342, 403, 85.3307, 93.1045,11, 10
32, 2, 43, 342, 418, 57.1143, 70.7582,9, 7
32, 2, 44, 342, 395, 52.7004, 67.7927,8, 6
32, 2, 45, 342, 448, 7.30548, 7.30548,1, 1
32, 2, 46, 342, 444, 26.0171, 34.447,4, 3
32, 2, 47, 342, 432, 61.474, 85.8162,9, 6
32, 3, 1, 268, 311, 562.977, 657.534,68, 57
32, 3, 2, 268, 342, 607.614, 708.587,74, 62
32, 3, 4, 268, 482, 27.4071, 45.3514,4, 2
32, 3, 5, 268, 516, 7.44981, 7.44981,1, 1
32, 3, 6, 268, 478, 25.7136, 32.469,4, 3
32, 3, 7, 268, 394, 31.3514, 31.3514,4, 4
32, 3, 8, 268, 362, 31.0798, 44.6539,6, 4
32, 3, 9, 268, 399, 17.6699, 17.6699,2, 2
32, 3, 10, 268, 430, 36.7648, 67.1938,8, 4
32, 3, 11, 268, 454, 22.8264, 22.8264,3, 3
32, 3, 12, 268, 442, 35.5347, 35.5347,4, 4
32, 3, 13, 268, 490, 0, 0,0, 0
32, 3, 14, 268, 408, 24.4962, 32.5135,4, 3
32, 3, 15, 268, 343, 31.2434, 47.6162,5, 3
32, 3, 16, 268, 371, 68.7588, 93.0917,10, 7
32, 3, 17, 268, 376, 86.4328, 109.576,13, 10
32, 3, 18, 268, 334, 70.4647, 94.0279,11, 8
32, 3, 19, 268, 390, 7.18349, 7.18349,1, 1
32, 3, 20, 268, 441, 12.9765, 21.9833,2, 1
32, 3, 21, 268, 334, 12.9609, 28.8282,3, 1
32, 3, 22, 268, 369, 12.3446, 22.4011,2, 1
32, 3, 23, 268, 484, 22.5053, 38.6723,4, 2
32, 3, 24, 268, 418, 38.6976, 38.6976,3, 3
32, 3, 25, 268, 459, 43.6885, 59.6047,7, 5
32, 3, 26, 268, 487, 11.2591, 18.0651,2, 1
32, 3, 27, 268, 361, 99.1265, 108.783,12, 11
32, 3, 28, 268, 395, 135.145, 160.181,19, 16
32, 3, 29, 268, 486, 17.5654, 24.532,3, 2
32, 3, 30, 268, 433, 57.0441, 64.2041,8, 7
32, 3, 31, 268, 357, 103.363, 111.545,14, 13
32, 3, 32, 268, 485, 78.7385, 128.813,13, 7
32, 3, 33, 268, 450, 16.9608, 16.9608,2, 2
32, 3, 34, 268, 350, 62.8941, 93.9305,9, 5
32, 3, 35, 268, 390, 27.3878, 42.5436,5, 3
32, 3, 36, 268, 412, 16.4706, 24.1391,3, 2
32, 3, 37, 268, 513, 68.6201, 85.3161,8, 6
32, 3, 38, 268, 463, 47.7768, 74.0135,8, 5
32, 3, 39, 268, 420, 27.6981, 35.7309,4, 3
32, 3, 40, 268, 422, 0, 0,0, 0
32, 3, 41, 268, 378, 0, 0,0, 0
32, 3, 42, 268, 403, 12.2949, 12.2949,1, 1
32, 3, 43, 268, 418, 23.1771, 23.1771,3, 3
32, 3, 44, 268, 395, 24.9488, 24.9488,3, 3
32, 3, 45, 268, 448, 13.7697, 13.7697,2, 2
32, 3, 46, 268, 444, 38.9004, 61.5144,8, 5
32, 3, 47, 268, 432, 16.5846, 25.1266,3, 2
32, 4, 1, 482, 311, 38.3261, 45.2142,5, 4
32, 4, 2, 482, 342, 50.5406, 71.2783,7, 5
32, 4, 3, 482, 268, 24.3167, 45.3513,4, 2
32, 4, 5, 482, 516, 6.76134, 6.76134,1, 1
32, 4, 6, 482, 478, 63.6794, 103.771,12, 7
32, 4, 7, 482, 394, 22.9661, 44.4477,6, 3
32, 4, 8, 482, 362, 22.2087, 22.2087,3, 3
32, 4, 9, 482, 399, 24.3537, 40.6487,5, 3
32, 4, 10, 482, 430, 29.0827, 44.8455,5, 3
32, 4, 11, 482, 454, 21.9845, 38.3496,4, 2
32, 4, 12, 482, 442, 68.8091, 105.1,10, 6
32, 4, 13, 482, 490, 14.8002, 21.6928,3, 2
32, 4, 14, 482, 408, 29.6702, 37.8804,5, 4
32, 4, 15, 482, 343, 23.7161, 37.8855,5, 3
32, 4, 16, 482, 371, 10.4454, 18.8913,2, 1
32, 4, 17, 482, 376, 17.6255, 26.4703,3, 2
32, 4, 18, 482, 334, 6.87607, 6.87607,1, 1
32, 4, 19, 482, 390, 30.7424, 30.7424,4, 4
32, 4, 20, 482, 441, 18.9178, 30.1628,3, 2
32, 4, 21, 482, 334, 8.1212, 14.8522,2, 1
32, 4, 22, 482, 369, 18.8301, 28.6983,3, 2
32, 4, 23, 482, 484, 7.88895, 14.6375,2, 1
32, 4, 24, 482, 418, 0, 0,0, 0
32, 4, 25, 482, 459, 31.3424, 39.2415,5, 4
32, 4, 26, 482, 487, 15.3584, 15.3584,2, 2
32, 4, 27, 482, 361, 27.3906, 36.6915,4, 3
32, 4, 28, 482, 395, 26.5972, 42.7089,5, 3
32, 4, 29, 482, 486, 28.8197, 42.7927,6, 4
32, 4, 30, 482, 433, 21.6559, 28.7879,4, 3
32, 4, 31, 482, 357, 8.71272, 8.71272,1, 1
32, 4, 32, 482, 485, 31.0858, 49.5141,5, 3
32, 4, 33, 482, 450, 0, 0,0, 0
32, 4, 34, 482, 350, 34.2838, 41.9557,5, 4
32, 4, 35, 482, 390, 8.57108, 15.841,2, 1
32, 4, 36, 482, 412, 48.6382, 75.8604,7, 4
32, 4, 37, 482, 513, 21.1768, 38.0755,4, 2
32, 4, 38, 482, 463, 17.4676, 32.88,4, 2
32, 4, 39, 482, 420, 8.62652, 16.4186,2, 1
32, 4, 40, 482, 422, 13.7404, 13.7404,2, 2
32, 4, 41, 482, 378, 6.68091, 6.68091,1, 1
32, 4, 42, 482, 403, 14.6684, 14.6684,2, 2
32, 4, 43, 482, 418, 14.1753, 14.1753,2, 2
32, 4, 44, 482, 395, 7.64854, 14.8519,2, 1
32, 4, 45, 482, 448, 42.1104, 58.3818,7, 5
32, 4, 46, 482, 444, 31.5191, 53.8932,7, 4
32, 4, 47, 482, 432, 30.4533, 39.0011,5, 4
32, 5, 1, 516, 311, 15.0709, 15.0709,2, 2
32, 5, 2, 516, 342, 57.9375, 57.9375,7, 7
32, 5, 3, 516, 268, 7.44981, 7.44981,1, 1
32, 5, 4, 516, 482, 6.76135, 6.76135,1, 1
32, 5, 6, 516, 478, 443.073, 483.139,55, 50
32, 5, 7, 516, 394, 101.015, 125.745,15, 12
32, 5, 8, 516, 362, 62.4176, 76.7952,9, 7
32, 5, 9, 516, 399, 15.4514, 15.4514,2, 2
32, 5, 10, 516, 430, 31.9995, 31.9995,4, 4
32, 5, 11, 516, 454, 92.3, 99.8358,12, 11
32, 5, 12, 516, 442, 204.831, 242.087,25, 21
32, 5, 13, 516, 490, 138.126, 146.647,17, 16
32, 5, 14, 516, 408, 45.6355, 45.6355,6, 6
32, 5, 15, 516, 343, 53.1348, 60.2864,7, 6
32, 5, 16, 516, 371, 29.3959, 29.3959,4, 4
32, 5, 17, 516, 376, 45.9719, 45.9719,6, 6
32, 5, 18, 516, 334, 55.806, 64.8118,8, 7
32, 5, 19, 516, 390, 47.7323, 47.7323,6, 6
32, 5, 20, 516, 441, 92.7798, 123.448,14, 10
32, 5, 21, 516, 334, 84.4716, 84.4716,10, 10
32, 5, 22, 516, 369, 96.6417, 111.124,14, 12
32, 5, 23, 516, 484, 23.8461, 23.8461,3, 3
32, 5, 24, 516, 418, 26.9841, 26.9841,3, 3
32, 5, 25, 516, 459, 87.3269, 102.448,13, 11
32, 5, 26, 516, 487, 67.487, 74.8403,9, 8
32, 5, 27, 516, 361, 10.449, 18.0673,2, 1
32, 5, 28, 516, 395, 45.6579, 66.6105,8, 5
32, 5, 29, 516, 486, 88.5462, 110.796,10, 8
32, 5, 30, 516, 433, 67.0817, 84.8711,10, 8
32, 5, 31, 516, 357, 41.1473, 49.4768,6, 5
32, 5, 32, 516, 485, 17.9366, 25.2205,3, 2
32, 5, 33, 516, 450, 62.0018, 69.7987,8, 7
32, 5, 34, 516, 350, 95.7677, 95.7677,11, 11
32, 5, 35, 516, 390, 6.6986, 6.6986,1, 1
32, 5, 36, 516, 412, 155.746, 179.024,20, 17
32, 5, 37, 516, 513, 40.712, 48.2909,6, 5
32, 5, 38, 516, 463, 18.4747, 25.8975,3, 2
32, 5, 39, 516, 420, 45.0988, 45.0988,5, 5
32, 5, 40, 516, 422, 53.5422, 61.1576,8, 7
32, 5, 41, 516, 378, 86.382, 107.356,13, 10
32, 5, 42, 516, 403, 63.2495, 63.2495,7, 7
32, 5, 43, 516, 418, 59.4536, 68.4515,8, 7
32, 5, 44, 516, 395, 406.49, 449.071,46, 41
32, 5, 45, 516, 448, 83.3488, 83.3488,10, 10
32, 5, 46, 516, 444, 298.656, 315.984,35, 33
32, 5, 47, 516, 432, 102.263, 109.725,13, 12
32, 6, 1, 478, 311, 28.784, 28.784,4, 4
32, 6, 2, 478, 342, 58.7896, 58.7896,7, 7
32, 6, 3, 478, 268, 23.8386, 32.469,4, 3
32, 6, 4, 478, 482, 35.866, 103.772,12, 4
32, 6, 5, 478, 516, 446.052, 483.139,55, 50
32, 6, 7, 478, 394, 126.648, 126.648,12, 12
32, 6, 8, 478, 362, 63.2919, 63.2919,7, 7
32, 6, 9, 478, 399, 367.507, 724.583,84, 39
32, 6, 10, 478, 430, 380.744, 611.717,71, 42
32, 6, 11, 478, 454, 451.875, 745.737,87, 48
32, 6, 12, 478, 442, 228.421, 440.627,47, 23
32, 6, 13, 478, 490, 101.137, 217.68,24, 11
32, 6, 14, 478, 408, 82.198, 96.4589,12, 10
32, 6, 15, 478, 343, 42.1179, 42.1179,5, 5
32, 6, 16, 478, 371, 80.8179, 80.8179,11, 11
32, 6, 17, 478, 376, 25.1742, 25.1742,3, 3
32, 6, 18, 478, 334, 57.4654, 57.4654,7, 7
32, 6, 19, 478, 390, 22.4013, 22.4013,3, 3
32, 6, 20, 478, 441, 95.2843, 102.375,12, 11
32, 6, 21, 478, 334, 67.6679, 67.6679,8, 8
32, 6, 22, 478, 369, 154.378, 184.811,20, 16
32, 6, 23, 478, 484, 80.561, 87.9137,10, 9
32, 6, 24, 478, 418, 113.774, 122.659,15, 14
32, 6, 25, 478, 459, 131.919, 131.919,13, 13
32, 6, 26, 478, 487, 33.2689, 33.2689,4, 4
32, 6, 27, 478, 361, 44.1241, 44.1241,5, 5
32, 6, 28, 478, 395, 114.936, 114.936,11, 11
32, 6, 29, 478, 486, 151.624, 238.38,29, 18
32, 6, 30, 478, 433, 31.3705, 31.3705,4, 4
32, 6, 31, 478, 357, 69.5211, 69.5211,8, 8
32, 6, 32, 478, 485, 115.085, 121.946,16, 15
32, 6, 33, 478, 450, 361.079, 656.234,81, 42
32, 6, 34, 478, 350, 134.098, 197.424,23, 15
32, 6, 35, 478, 390, 182.125, 305.004,35, 19
32, 6, 36, 478, 412, 157.523, 236.46,27, 17
32, 6, 37, 478, 513, 74.1672, 87.9322,11, 9
32, 6, 38, 478, 463, 458.074, 763.704,91, 51
32, 6, 39, 478, 420, 433.391, 807.616,89, 42
32, 6, 40, 478, 422, 48.058, 48.058,6, 6
32, 6, 41, 478, 378, 73.4152, 73.4152,9, 9
32, 6, 42, 478, 403, 92.5569, 99.675,12, 11
32, 6, 43, 478, 418, 308.001, 587.418,70, 34
32, 6, 44, 478, 395, 452.27, 509.522,57, 50
32, 6, 45, 478, 448, 808.235, 1287.79,143, 84
32, 6, 46, 478, 444, 692.553, 920.444,105, 78
32, 6, 47, 478, 432, 491.423, 722.484,77, 49
32, 7, 1, 394, 311, 6.96347, 6.96347,1, 1
32, 7, 2, 394, 342, 118.843, 146.398,18, 14
32, 7, 3, 394, 268, 31.3514, 31.3514,4, 4
32, 7, 4, 394, 482, 29.9593, 44.4478,6, 4
32, 7, 5, 394, 516, 110.345, 125.745,15, 13
32, 7, 6, 394, 478, 91.4905, 126.648,12, 8
32, 7, 8, 394, 362, 316.894, 329.29,39, 38
32, 7, 9, 394, 399, 7.97437, 22.7769,3, 1
32, 7, 10, 394, 430, 23.0385, 23.0385,3, 3
32, 7, 11, 394, 454, 151.325, 187.801,19, 15
32, 7, 12, 394, 442, 147.619, 173.404,16, 13
32, 7, 13, 394, 490, 38.0672, 38.0672,5, 5
32, 7, 14, 394, 408, 881.353, 962.006,98, 88
32, 7, 15, 394, 343, 766.609, 843.543,86, 76
32, 7, 16, 394, 371, 89.2152, 104.364,13, 11
32, 7, 17, 394, 376, 155.951, 187.017,22, 18
32, 7, 18, 394, 334, 237.855, 259.841,29, 26
32, 7, 19, 394, 390, 102.048, 108.776,13, 12
32, 7, 20, 394, 441, 740.466, 837.02,87, 75
32, 7, 21, 394, 334, 133.189, 148.209,18, 16
32, 7, 22, 394, 369, 286.923, 322.896,37, 32
32, 7, 23, 394, 484, 177.764, 213.176,26, 21
32, 7, 24, 394, 418, 61.0823, 61.0823,8, 8
32, 7, 25, 394, 459, 1001.02, 1091.26,109, 98
32, 7, 26, 394, 487, 56.0744, 56.0744,7, 7
32, 7, 27, 394, 361, 59.8797, 79.8992,8, 6
32, 7, 28, 394, 395, 181.959, 247.815,26, 19
32, 7, 29, 394, 486, 56.4875, 63.3648,6, 5
32, 7, 30, 394, 433, 70.6973, 70.6973,7, 7
32, 7, 31, 394, 357, 115.261, 169.372,19, 12
32, 7, 32, 394, 485, 461.494, 489.535,56, 53
32, 7, 33, 394, 450, 74.8528, 93.8017,11, 9
32, 7, 34, 394, 350, 184.606, 191.833,21, 20
32, 7, 35, 394, 390, 77.7959, 77.7959,9, 9
32, 7, 36, 394, 412, 131.244, 152.398,17, 14
32, 7, 37, 394, 513, 495.306, 529.65,57, 53
32, 7, 38, 394, 463, 20.3533, 20.3533,2, 2
32, 7, 39, 394, 420, 14.835, 14.835,2, 2
32, 7, 40, 394, 422, 46.5559, 46.5559,5, 5
32, 7, 41, 394, 378, 54.2502, 64.3512,7, 6
32, 7, 42, 394, 403, 69.4683, 83.9037,10, 8
32, 7, 43, 394, 418, 105.668, 125.738,13, 11
32, 7, 44, 394, 395, 52.3482, 68.7281,7, 5
32, 7, 45, 394, 448, 0, 0,0, 0
32, 7, 46, 394, 444, 75.7839, 83.594,10, 9
32, 7, 47, 394, 432, 82.7317, 82.7317,10, 10
32, 8, 1, 362, 311, 0, 0,0, 0
32, 8, 2, 362, 342, 81.8879, 89.155,10, 9
32, 8, 3, 362, 268, 37.7321, 44.6539,6, 5
32, 8, 4, 362, 482, 7.7419, 22.2087,3, 1
32, 8, 5, 362, 516, 76.7952, 76.7952,9, 9
32, 8, 6, 362, 478, 63.2919, 63.2919,7, 7
32, 8, 7, 362, 394, 299.109, 329.29,39, 35
32, 8, 9, 362, 399, 0, 0,0, 0
32, 8, 10, 362, 430, 0, 0,0, 0
32, 8, 11, 362, 454, 86.1654, 93.3863,10, 9
32, 8, 12, 362, 442, 123.212, 123.212,13, 13
32, 8, 13, 362, 490, 208.263, 223.174,26, 24
32, 8, 14, 362, 408, 160.099, 173.938,21, 19
32, 8, 15, 362, 343, 462.39, 507.454,52, 48
32, 8, 16, 362, 371, 25.2892, 33.0401,4, 3
32, 8, 17, 362, 376, 58.1363, 58.1363,8, 8
32, 8, 18, 362, 334, 155.331, 176.856,20, 17
32, 8, 19, 362, 390, 456.831, 487.428,54, 50
32, 8, 20, 362, 441, 541.136, 597.185,66, 59
32, 8, 21, 362, 334, 311.635, 318.813,35, 34
32, 8, 22, 362, 369, 129.792, 143.752,17, 15
32, 8, 23, 362, 484, 40.0331, 40.0331,5, 5
32, 8, 24, 362, 418, 7.24607, 7.24607,1, 1
32, 8, 25, 362, 459, 200.946, 214.783,24, 22
32, 8, 26, 362, 487, 158.584, 180.062,23, 20
32, 8, 27, 362, 361, 39.5889, 39.5889,5, 5
32, 8, 28, 362, 395, 134.318, 142.387,16, 15
32, 8, 29, 362, 486, 85.1667, 85.1667,10, 10
32, 8, 30, 362, 433, 153.014, 169.089,17, 15
32, 8, 31, 362, 357, 58.2708, 65.0643,8, 7
32, 8, 32, 362, 485, 101.391, 101.391,13, 13
32, 8, 33, 362, 450, 70.0771, 77.0833,9, 8
32, 8, 34, 362, 350, 118.659, 118.659,12, 12
32, 8, 35, 362, 390, 26.6121, 26.6121,3, 3
32, 8, 36, 362, 412, 116.576, 116.576,13, 13
32, 8, 37, 362, 513, 115.114, 129.885,16, 14
32, 8, 38, 362, 463, 7.2081, 7.2081,1, 1
32, 8, 39, 362, 420, 13.9284, 13.9284,2, 2
32, 8, 40, 362, 422, 151.452, 159.315,17, 16
32, 8, 41, 362, 378, 109.809, 116.983,12, 11
32, 8, 42, 362, 403, 112.276, 126.296,15, 13
32, 8, 43, 362, 418, 43.6302, 43.6302,5, 5
32, 8, 44, 362, 395, 35.3202, 35.3202,4, 4
32, 8, 45, 362, 448, 28.757, 28.757,4, 4
32, 8, 46, 362, 444, 28.4208, 28.4208,4, 4
32, 8, 47, 362, 432, 72.8885, 80.3934,10, 9
32, 9, 1, 399, 311, 7.85647, 15.2257,2, 1
32, 9, 2, 399, 342, 0, 0,0, 0
32, 9, 3, 399, 268, 8.91128, 17.6698,2, 1
32, 9, 4, 399, 482, 24.9013, 40.6486,5, 3
32, 9, 5, 399, 516, 15.4514, 15.4514,2, 2
32, 9, 6, 399, 478, 405.417, 724.582,84, 44
32, 9, 7, 399, 394, 22.777, 22.777,3, 3
32, 9, 8, 399, 362, 0, 0,0, 0
32, 9, 10, 399, 430, 1213.8, 2001.85,212, 112
32, 9, 11, 399, 454, 678.736, 1189.45,124, 61
32, 9, 12, 399, 442, 250.809, 373.939,40, 25
32, 9, 13, 399, 490, 48.1039, 78.5584,10, 6
32, 9, 14, 399, 408, 0, 0,0, 0
32, 9, 15, 399, 343, 0, 0,0, 0
32, 9, 16, 399, 371, 37.8714, 52.3146,7, 5
32, 9, 17, 399, 376, 17.2398, 17.2398,2, 2
32, 9, 18, 399, 334, 0, 0,0, 0
32, 9, 19, 399, 390, 0, 0,0, 0
32, 9, 20, 399, 441, 0, 0,0, 0
32, 9, 21, 399, 334, 0, 0,0, 0
32, 9, 22, 399, 369, 0, 0,0, 0
32, 9, 23, 399, 484, 43.5618, 43.5618,6, 6
32, 9, 24, 399, 418, 72.9842, 94.7913,12, 9
32, 9, 25, 399, 459, 7.08393, 7.08393,1, 1
32, 9, 26, 399, 487, 0, 0,0, 0
32, 9, 27, 399, 361, 33.0151, 33.0151,4, 4
32, 9, 28, 399, 395, 23.5891, 23.5891,3, 3
32, 9, 29, 399, 486, 78.7638, 110.624,13, 9
32, 9, 30, 399, 433, 0, 0,0, 0
32, 9, 31, 399, 357, 21.422, 21.422,3, 3
32, 9, 32, 399, 485, 22.6449, 22.6449,3, 3
32, 9, 33, 399, 450, 484.329, 968.677,114, 53
32, 9, 34, 399, 350, 15.1434, 15.1434,2, 2
32, 9, 35, 399, 390, 272.481, 425.108,52, 31
32, 9, 36, 399, 412, 90.0544, 118.152,13, 10
32, 9, 37, 399, 513, 40.1594, 53.6849,7, 5
32, 9, 38, 399, 463, 692.682, 1462.43,175, 77
32, 9, 39, 399, 420, 642.91, 1155.79,129, 65
32, 9, 40, 399, 422, 7.46779, 7.46779,1, 1
32, 9, 41, 399, 378, 0, 0,0, 0
32, 9, 42, 399, 403, 71.1151, 78.0462,10, 9
32, 9, 43, 399, 418, 462.353, 936.477,108, 49
32, 9, 44, 399, 395, 0, 0,0, 0
32, 9, 45, 399, 448, 550.38, 1028.53,123, 60
32, 9, 46, 399, 444, 67.5909, 100.979,12, 8
32, 9, 47, 399, 432, 137.343, 277.243,34, 16
32, 10, 1, 430, 311, 13.5892, 13.5892,2, 2
32, 10, 2, 430, 342, 26.6966, 48.1479,4, 2
32, 10, 3, 430, 268, 41.7876, 67.1938,8, 5
32, 10, 4, 430, 482, 37.7712, 44.8455,5, 4
32, 10, 5, 430, 516, 31.9995, 31.9995,4, 4
32, 10, 6, 430, 478, 320.405, 611.717,71, 35
32, 10, 7, 430, 394, 23.0384, 23.0384,3, 3
32, 10, 8, 430, 362, 0, 0,0, 0
32, 10, 9, 430, 399, 1188.34, 2001.84,212, 112
32, 10, 11, 430, 454, 1203.85, 1813.11,199, 124
32, 10, 12, 430, 442, 601.515, 699.067,77, 65
32, 10, 13, 430, 490, 122.411, 129.405,16, 15
32, 10, 14, 430, 408, 35.901, 43.7891,5, 4
32, 10, 15, 430, 343, 16.9969, 31.7656,2, 1
32, 10, 16, 430, 371, 119.518, 139.196,14, 12
32, 10, 17, 430, 376, 59.4425, 72.9591,6, 5
32, 10, 18, 430, 334, 36.7504, 46.1844,5, 4
32, 10, 19, 430, 390, 0, 0,0, 0
32, 10, 20, 430, 441, 17.6862, 27.6369,3, 2
32, 10, 21, 430, 334, 33.5947, 46.0827,3, 2
32, 10, 22, 430, 369, 22.7138, 36.9311,3, 2
32, 10, 23, 430, 484, 78.8607, 100.975,11, 9
32, 10, 24, 430, 418, 122.021, 150.292,20, 16
32, 10, 25, 430, 459, 38.9391, 51.7369,4, 3
32, 10, 26, 430, 487, 9.1751, 9.1751,1, 1
32, 10, 27, 430, 361, 26.1398, 34.6974,4, 3
32, 10, 28, 430, 395, 89.5688, 118.042,11, 9
32, 10, 29, 430, 486, 72.3414, 136.981,16, 8
32, 10, 30, 430, 433, 13.8431, 13.8431,2, 2
32, 10, 31, 430, 357, 17.3306, 17.3306,2, 2
32, 10, 32, 430, 485, 112.416, 133.309,13, 11
32, 10, 33, 430, 450, 483.693, 930.04,108, 51
32, 10, 34, 430, 350, 104.475, 125.562,14, 12
32, 10, 35, 430, 390, 391.715, 596.229,66, 42
32, 10, 36, 430, 412, 224.163, 246.331,27, 24
32, 10, 37, 430, 513, 62.3763, 87.9105,9, 6
32, 10, 38, 430, 463, 596.414, 1274.88,142, 60
32, 10, 39, 430, 420, 842.106, 1418.53,163, 90
32, 10, 40, 430, 422, 23.1642, 23.1642,3, 3
32, 10, 41, 430, 378, 36.4137, 36.4137,4, 4
32, 10, 42, 430, 403, 93.3854, 120.752,16, 12
32, 10, 43, 430, 418, 440.159, 872.869,106, 50
32, 10, 44, 430, 395, 30.0958, 30.0958,4, 4
32, 10, 45, 430, 448, 386.237, 753.955,85, 40
32, 10, 46, 430, 444, 97.2413, 129.126,15, 11
32, 10, 47, 430, 432, 165.467, 305.572,37, 19
32, 11, 1, 454, 311, 29.7056, 36.8873,5, 4
32, 11, 2, 454, 342, 52.4312, 76.2982,9, 6
32, 11, 3, 454, 268, 22.8263, 22.8263,3, 3
32, 11, 4, 454, 482, 20.5946, 38.3497,4, 2
32, 11, 5, 454, 516, 99.8358, 99.8358,12, 12
32, 11, 6, 454, 478, 448.517, 745.737,87, 49
32, 11, 7, 454, 394, 137.687, 187.801,19, 13
32, 11, 8, 454, 362, 76.7874, 93.3865,10, 8
32, 11, 9, 454, 399, 744.155, 1189.45,124, 70
32, 11, 10, 454, 430, 1223.48, 1813.11,199, 127
32, 11, 12, 454, 442, 1081.56, 1325.04,131, 102
32, 11, 13, 454, 490, 374.391, 399.222,50, 47
32, 11, 14, 454, 408, 29.4029, 36.956,5, 4
32, 11, 15, 454, 343, 76.0828, 83.2396,9, 8
32, 11, 16, 454, 371, 48.2551, 55.0885,7, 6
32, 11, 17, 454, 376, 50.838, 57.8253,8, 7
32, 11, 18, 454, 334, 80.2946, 106.593,12, 9
32, 11, 19, 454, 390, 34.0346, 51.2468,6, 4
32, 11, 20, 454, 441, 81.9092, 91.1105,10, 9
32, 11, 21, 454, 334, 47.8942, 58.4453,6, 5
32, 11, 22, 454, 369, 46.6109, 46.6109,5, 5
32, 11, 23, 454, 484, 15.6179, 15.6179,2, 2
32, 11, 24, 454, 418, 47.7964, 91.095,10, 5
32, 11, 25, 454, 459, 94.9329, 139.781,13, 8
32, 11, 26, 454, 487, 15.2674, 22.5252,3, 2
32, 11, 27, 454, 361, 52.223, 52.223,6, 6
32, 11, 28, 454, 395, 135.867, 176.194,19, 14
32, 11, 29, 454, 486, 176.357, 259.947,29, 18
32, 11, 30, 454, 433, 53.1418, 67.4874,8, 6
32, 11, 31, 454, 357, 102.65, 110.648,13, 12
32, 11, 32, 454, 485, 44.9049, 51.9346,7, 6
32, 11, 33, 454, 450, 498.217, 780.095,91, 56
32, 11, 34, 454, 350, 281.209, 321.751,34, 29
32, 11, 35, 454, 390, 332.31, 512.093,58, 35
32, 11, 36, 454, 412, 417.82, 514.239,55, 44
32, 11, 37, 454, 513, 23.9666, 39.3275,5, 3
32, 11, 38, 454, 463, 440.244, 698.89,83, 51
32, 11, 39, 454, 420, 618.474, 1022.22,119, 68
32, 11, 40, 454, 422, 54.862, 71.9303,9, 7
32, 11, 41, 454, 378, 94.9409, 112.133,12, 10
32, 11, 42, 454, 403, 262.452, 364.719,41, 28
32, 11, 43, 454, 418, 502.106, 697.841,81, 55
32, 11, 44, 454, 395, 86.4657, 86.4657,10, 10
32, 11, 45, 454, 448, 354.419, 594.165,73, 42
32, 11, 46, 454, 444, 208.878, 280.71,32, 23
32, 11, 47, 454, 432, 227.784, 353.387,41, 26
32, 12, 1, 442, 311, 24.0591, 31.6956,4, 3
32, 12, 2, 442, 342, 74.0262, 104.396,12, 8
32, 12, 3, 442, 268, 27.1341, 35.5347,4, 3
32, 12, 4, 442, 482, 40.5986, 105.1,10, 4
32, 12, 5, 442, 516, 187.62, 242.087,25, 20
32, 12, 6, 442, 478, 222.933, 440.626,47, 23
32, 12, 7, 442, 394, 120.43, 173.403,16, 11
32, 12, 8, 442, 362, 84.8649, 123.213,13, 9
32, 12, 9, 442, 399, 266.548, 373.939,40, 27
32, 12, 10, 442, 430, 597.938, 699.068,77, 65
32, 12, 11, 442, 454, 1124.88, 1325.04,131, 108
32, 12, 13, 442, 490, 682.259, 787.302,86, 73
32, 12, 14, 442, 408, 31.843, 48.5912,6, 4
32, 12, 15, 442, 343, 101.996, 132.171,13, 10
32, 12, 16, 442, 371, 74.3641, 104.597,14, 10
32, 12, 17, 442, 376, 63.1749, 72.1739,9, 8
32, 12, 18, 442, 334, 105.671, 115.438,14, 13
32, 12, 19, 442, 390, 70.8976, 87.6004,10, 8
32, 12, 20, 442, 441, 129.263, 149.524,16, 14
32, 12, 21, 442, 334, 75.713, 75.713,9, 9
32, 12, 22, 442, 369, 81.2208, 90.5815,9, 8
32, 12, 23, 442, 484, 30.1428, 37.4238,5, 4
32, 12, 24, 442, 418, 16.352, 16.352,2, 2
32, 12, 25, 442, 459, 127.837, 159.872,18, 14
32, 12, 26, 442, 487, 58.4445, 66.6234,8, 7
32, 12, 27, 442, 361, 67.5737, 82.6142,8, 7
32, 12, 28, 442, 395, 101.04, 136.57,13, 9
32, 12, 29, 442, 486, 142.676, 181.603,16, 14
32, 12, 30, 442, 433, 74.7248, 86.4125,10, 9
32, 12, 31, 442, 357, 33.2025, 33.2025,4, 4
32, 12, 32, 442, 485, 45.9471, 55.9373,7, 6
32, 12, 33, 442, 450, 139.456, 170.535,17, 14
32, 12, 34, 442, 350, 293.582, 364.646,43, 34
32, 12, 35, 442, 390, 49.2079, 56.6532,7, 6
32, 12, 36, 442, 412, 474.479, 624.329,61, 47
32, 12, 37, 442, 513, 40.626, 50.9019,6, 5
32, 12, 38, 442, 463, 62.3116, 85.2962,9, 7
32, 12, 39, 442, 420, 115.834, 125.212,15, 14
32, 12, 40, 442, 422, 137.679, 153.828,19, 17
32, 12, 41, 442, 378, 227.041, 268.102,30, 25
32, 12, 42, 442, 403, 238.015, 284.923,32, 26
32, 12, 43, 442, 418, 129.411, 143.056,15, 14
32, 12, 44, 442, 395, 145.502, 179.178,18, 15
32, 12, 45, 442, 448, 118.726, 194.614,21, 13
32, 12, 46, 442, 444, 196.286, 342.928,39, 22
32, 12, 47, 442, 432, 103.783, 156.571,17, 11
32, 13, 1, 490, 311, 15.8842, 15.8842,2, 2
32, 13, 2, 490, 342, 39.2076, 39.2076,4, 4
32, 13, 3, 490, 268, 0, 0,0, 0
32, 13, 4, 490, 482, 21.6928, 21.6928,3, 3
32, 13, 5, 490, 516, 139.711, 146.647,17, 16
32, 13, 6, 490, 478, 127.758, 217.68,24, 14
32, 13, 7, 490, 394, 38.0672, 38.0672,5, 5
32, 13, 8, 490, 362, 202.814, 223.174,26, 23
32, 13, 9, 490, 399, 47.9266, 78.5587,10, 6
32, 13, 10, 490, 430, 122.299, 129.405,16, 15
32, 13, 11, 490, 454, 385.289, 399.222,50, 48
32, 13, 12, 490, 442, 732.511, 787.302,86, 79
32, 13, 14, 490, 408, 30.2803, 30.2803,4, 4
32, 13, 15, 490, 343, 55.9701, 55.9701,6, 6
32, 13, 16, 490, 371, 0, 0,0, 0
32, 13, 17, 490, 376, 61.1554, 61.1554,8, 8
32, 13, 18, 490, 334, 58.9876, 58.9876,7, 7
32, 13, 19, 490, 390, 133.237, 155.959,19, 16
32, 13, 20, 490, 441, 77.505, 77.505,9, 9
32, 13, 21, 490, 334, 122.022, 128.888,15, 14
32, 13, 22, 490, 369, 31.3828, 31.3828,4, 4
32, 13, 23, 490, 484, 0, 0,0, 0
32, 13, 24, 490, 418, 0, 0,0, 0
32, 13, 25, 490, 459, 81.5508, 81.5508,10, 10
32, 13, 26, 490, 487, 58.3863, 58.3863,7, 7
32, 13, 27, 490, 361, 23.2183, 23.2183,3, 3
32, 13, 28, 490, 395, 68.2595, 68.2595,7, 7
32, 13, 29, 490, 486, 103.974, 103.974,12, 12
32, 13, 30, 490, 433, 104.161, 111.378,12, 11
32, 13, 31, 490, 357, 66.9628, 66.9628,7, 7
32, 13, 32, 490, 485, 13.9852, 13.9852,2, 2
32, 13, 33, 490, 450, 92.5272, 99.4683,12, 11
32, 13, 34, 490, 350, 126.606, 133.333,16, 15
32, 13, 35, 490, 390, 15.6381, 15.6381,2, 2
32, 13, 36, 490, 412, 257.831, 264.576,29, 28
32, 13, 37, 490, 513, 0, 0,0, 0
32, 13, 38, 490, 463, 18.1355, 18.1355,2, 2
32, 13, 39, 490, 420, 31.0662, 31.0662,4, 4
32, 13, 40, 490, 422, 199.677, 213.993,24, 22
32, 13, 41, 490, 378, 146.761, 153.431,18, 17
32, 13, 42, 490, 403, 161.433, 169.313,18, 17
32, 13, 43, 490, 418, 50.8399, 50.8399,7, 7
32, 13, 44, 490, 395, 81.0294, 90.3492,7, 6
32, 13, 45, 490, 448, 49.3537, 73.8421,8, 5
32, 13, 46, 490, 444, 102.147, 143.371,15, 11
32, 13, 47, 490, 432, 46.9494, 76.465,8, 5
32, 14, 1, 408, 311, 75.5486, 95.0062,10, 8
32, 14, 2, 408, 342, 67.6011, 67.6011,7, 7
32, 14, 3, 408, 268, 32.5135, 32.5135,4, 4
32, 14, 4, 408, 482, 37.8804, 37.8804,5, 5
32, 14, 5, 408, 516, 45.6355, 45.6355,6, 6
32, 14, 6, 408, 478, 75.1041, 96.4589,12, 9
32, 14, 7, 408, 394, 924.434, 962.006,98, 94
32, 14, 8, 408, 362, 173.938, 173.938,21, 21
32, 14, 9, 408, 399, 0, 0,0, 0
32, 14, 10, 408, 430, 36.0014, 43.7891,5, 4
32, 14, 11, 408, 454, 29.1064, 36.9559,5, 4
32, 14, 12, 408, 442, 48.5911, 48.5911,6, 6
32, 14, 13, 408, 490, 30.2802, 30.2802,4, 4
32, 14, 15, 408, 343, 567.395, 606.363,68, 63
32, 14, 16, 408, 371, 188.742, 195.451,22, 21
32, 14, 17, 408, 376, 275.61, 292.188,31, 29
32, 14, 18, 408, 334, 152.897, 152.897,18, 18
32, 14, 19, 408, 390, 74.0088, 74.0088,9, 9
32, 14, 20, 408, 441, 509.981, 555.41,64, 58
32, 14, 21, 408, 334, 57.5962, 57.5962,7, 7
32, 14, 22, 408, 369, 224.773, 270.169,30, 24
32, 14, 23, 408, 484, 287.279, 316.972,35, 31
32, 14, 24, 408, 418, 199.359, 228.061,27, 23
32, 14, 25, 408, 459, 843.117, 888.681,88, 82
32, 14, 26, 408, 487, 36.6626, 36.6626,4, 4
32, 14, 27, 408, 361, 62.1603, 62.1603,6, 6
32, 14, 28, 408, 395, 106.084, 106.084,11, 11
32, 14, 29, 408, 486, 28.0594, 34.8348,4, 3
32, 14, 30, 408, 433, 31.6622, 31.6622,4, 4
32, 14, 31, 408, 357, 35.5795, 35.5795,4, 4
32, 14, 32, 408, 485, 905.361, 1054.64,100, 84
32, 14, 33, 408, 450, 0, 0,0, 0
32, 14, 34, 408, 350, 105.114, 105.114,12, 12
32, 14, 35, 408, 390, 129.767, 129.767,15, 15
32, 14, 36, 408, 412, 93.6853, 100.565,12, 11
32, 14, 37, 408, 513, 871.023, 994.19,106, 91
32, 14, 38, 408, 463, 20.374, 20.374,2, 2
32, 14, 39, 408, 420, 69.2025, 82.9585,10, 8
32, 14, 40, 408, 422, 0, 0,0, 0
32, 14, 41, 408, 378, 17.818, 17.818,2, 2
32, 14, 42, 408, 403, 14.5142, 14.5142,2, 2
32, 14, 43, 408, 418, 25.1884, 32.6558,4, 3
32, 14, 44, 408, 395, 74.0525, 74.0525,9, 9
32, 14, 45, 408, 448, 60.9406, 67.7395,9, 8
32, 14, 46, 408, 444, 82.4958, 82.4958,9, 9
32, 14, 47, 408, 432, 124.868, 147.112,16, 13
32, 15, 1, 343, 311, 7.26497, 7.26497,1, 1
32, 15, 2, 343, 342, 92.9023, 92.9023,9, 9
32, 15, 3, 343, 268, 47.6156, 47.6156,5, 5
32, 15, 4, 343, 482, 37.8853, 37.8853,5, 5
32, 15, 5, 343, 516, 60.2862, 60.2862,7, 7
32, 15, 6, 343, 478, 42.1179, 42.1179,5, 5
32, 15, 7, 343, 394, 794.933, 843.542,86, 80
32, 15, 8, 343, 362, 483.258, 507.454,52, 49
32, 15, 9, 343, 399, 0, 0,0, 0
32, 15, 10, 343, 430, 31.765, 31.765,2, 2
32, 15, 11, 343, 454, 83.2393, 83.2393,9, 9
32, 15, 12, 343, 442, 132.171, 132.171,13, 13
32, 15, 13, 343, 490, 55.9704, 55.9704,6, 6
32, 15, 14, 343, 408, 584.472, 606.363,68, 65
32, 15, 16, 343, 371, 80.7227, 80.7227,9, 9
32, 15, 17, 343, 376, 130.738, 146.631,16, 14
32, 15, 18, 343, 334, 300.023, 333.212,34, 30
32, 15, 19, 343, 390, 201.563, 223.587,27, 24
32, 15, 20, 343, 441, 1033.1, 1146.47,118, 105
32, 15, 21, 343, 334, 259.012, 282.51,29, 26
32, 15, 22, 343, 369, 305.98, 323.105,34, 32
32, 15, 23, 343, 484, 97.1635, 97.1635,11, 11
32, 15, 24, 343, 418, 46.6715, 46.6715,6, 6
32, 15, 25, 343, 459, 625.705, 636.58,66, 65
32, 15, 26, 343, 487, 62.7406, 62.7406,7, 7
32, 15, 27, 343, 361, 24.7771, 24.7771,3, 3
32, 15, 28, 343, 395, 112.28, 121.016,11, 10
32, 15, 29, 343, 486, 46.2806, 46.2806,6, 6
32, 15, 30, 343, 433, 81.3111, 89.337,9, 8
32, 15, 31, 343, 357, 69.1958, 81.0073,9, 8
32, 15, 32, 343, 485, 370.57, 409.825,46, 41
32, 15, 33, 343, 450, 90.127, 90.127,10, 10
32, 15, 34, 343, 350, 259.136, 266.226,29, 28
32, 15, 35, 343, 390, 64.7677, 64.7677,7, 7
32, 15, 36, 343, 412, 133.436, 133.436,15, 15
32, 15, 37, 343, 513, 218.638, 218.638,24, 24
32, 15, 38, 343, 463, 30.2395, 30.2395,2, 2
32, 15, 39, 343, 420, 19.3143, 19.3143,2, 2
32, 15, 40, 343, 422, 64.1464, 64.1464,7, 7
32, 15, 41, 343, 378, 80.3938, 80.3938,10, 10
32, 15, 42, 343, 403, 99.3112, 99.3112,11, 11
32, 15, 43, 343, 418, 54.7498, 54.7498,7, 7
32, 15, 44, 343, 395, 88.3175, 95.0458,12, 11
32, 15, 45, 343, 448, 8.16257, 8.16257,1, 1
32, 15, 46, 343, 444, 81.0771, 81.0771,9, 9
32, 15, 47, 343, 432, 79.7303, 86.4267,11, 10
32, 16, 1, 371, 311, 81.7973, 81.7973,10, 10
32, 16, 2, 371, 342, 68.0691, 82.7716,9, 7
32, 16, 3, 371, 268, 77.3087, 93.093,10, 8
32, 16, 4, 371, 482, 18.8915, 18.8915,2, 2
32, 16, 5, 371, 516, 22.677, 29.3959,4, 3
32, 16, 6, 371, 478, 66.2227, 80.8177,11, 9
32, 16, 7, 371, 394, 90.0366, 104.363,13, 11
32, 16, 8, 371, 362, 33.0402, 33.0402,4, 4
32, 16, 9, 371, 399, 44.3812, 52.3145,7, 6
32, 16, 10, 371, 430, 92.0713, 139.197,14, 9
32, 16, 11, 371, 454, 55.0885, 55.0885,7, 7
32, 16, 12, 371, 442, 75.4052, 104.597,14, 10
32, 16, 13, 371, 490, 0, 0,0, 0
32, 16, 14, 371, 408, 148.889, 195.449,22, 16
32, 16, 15, 371, 343, 65.3198, 80.7236,9, 7
32, 16, 17, 371, 376, 512.386, 581.525,63, 54
32, 16, 18, 371, 334, 196.487, 211.352,24, 22
32, 16, 19, 371, 390, 72.5511, 72.5511,9, 9
32, 16, 20, 371, 441, 46.4648, 54.0786,6, 5
32, 16, 21, 371, 334, 14.0422, 20.7493,2, 1
32, 16, 22, 371, 369, 61.9233, 86.2944,9, 6
32, 16, 23, 371, 484, 54.7981, 63.5343,6, 5
32, 16, 24, 371, 418, 97.1583, 105.564,13, 12
32, 16, 25, 371, 459, 79.2, 86.1898,10, 9
32, 16, 26, 371, 487, 14.7052, 14.7052,2, 2
32, 16, 27, 371, 361, 88.4734, 113.707,14, 11
32, 16, 28, 371, 395, 103.186, 119.351,12, 10
32, 16, 29, 371, 486, 16.0389, 31.1667,4, 2
32, 16, 30, 371, 433, 36.2011, 36.2011,5, 5
32, 16, 31, 371, 357, 76.2141, 83.8253,11, 10
32, 16, 32, 371, 485, 254.797, 341.108,36, 26
32, 16, 33, 371, 450, 0, 0,0, 0
32, 16, 34, 371, 350, 79.3902, 105.614,12, 9
32, 16, 35, 371, 390, 138.7, 155.975,17, 15
32, 16, 36, 371, 412, 74.8524, 84.1096,10, 9
32, 16, 37, 371, 513, 228.876, 318.87,35, 24
32, 16, 38, 371, 463, 40.4721, 59.6427,6, 4
32, 16, 39, 371, 420, 120.032, 142.098,18, 15
32, 16, 40, 371, 422, 0, 0,0, 0
32, 16, 41, 371, 378, 0, 0,0, 0
32, 16, 42, 371, 403, 7.05371, 7.05371,1, 1
32, 16, 43, 371, 418, 7.87756, 7.87756,1, 1
32, 16, 44, 371, 395, 19.6081, 35.9338,4, 2
32, 16, 45, 371, 448, 35.7114, 43.1291,6, 5
32, 16, 46, 371, 444, 71.2534, 87.0386,10, 8
32, 16, 47, 371, 432, 55.8615, 86.538,10, 6
32, 17, 1, 376, 311, 77.5639, 91.9461,11, 9
32, 17, 2, 376, 342, 128.475, 128.475,11, 11
32, 17, 3, 376, 268, 109.576, 109.576,13, 13
32, 17, 4, 376, 482, 26.4703, 26.4703,3, 3
32, 17, 5, 376, 516, 45.9719, 45.9719,6, 6
32, 17, 6, 376, 478, 25.1742, 25.1742,3, 3
32, 17, 7, 376, 394, 172.188, 187.017,22, 20
32, 17, 8, 376, 362, 58.1362, 58.1362,8, 8
32, 17, 9, 376, 399, 9.93274, 17.2399,2, 1
32, 17, 10, 376, 430, 72.9595, 72.9595,6, 6
32, 17, 11, 376, 454, 57.8252, 57.8252,8, 8
32, 17, 12, 376, 442, 64.8536, 72.1739,9, 8
32, 17, 13, 376, 490, 54.3579, 61.1555,8, 7
32, 17, 14, 376, 408, 282.175, 292.189,31, 30
32, 17, 15, 376, 343, 146.631, 146.631,16, 16
32, 17, 16, 376, 371, 557.895, 581.523,63, 60
32, 17, 18, 376, 334, 511.296, 569.984,62, 55
32, 17, 19, 376, 390, 226.492, 226.492,27, 27
32, 17, 20, 376, 441, 164.888, 164.888,19, 19
32, 17, 21, 376, 334, 54.7785, 54.7785,6, 6
32, 17, 22, 376, 369, 160.877, 198.866,19, 14
32, 17, 23, 376, 484, 96.7563, 104.326,11, 10
32, 17, 24, 376, 418, 57.836, 65.0941,8, 7
32, 17, 25, 376, 459, 251.67, 279.87,30, 26
32, 17, 26, 376, 487, 23.9789, 23.9789,3, 3
32, 17, 27, 376, 361, 66.274, 75.9295,8, 7
32, 17, 28, 376, 395, 193.291, 208.346,18, 16
32, 17, 29, 376, 486, 27.5438, 27.5438,3, 3
32, 17, 30, 376, 433, 75.8575, 75.8575,9, 9
32, 17, 31, 376, 357, 137.445, 151.712,18, 16
32, 17, 32, 376, 485, 181.526, 202.291,22, 19
32, 17, 33, 376, 450, 40.2494, 40.2494,5, 5
32, 17, 34, 376, 350, 202.274, 217.16,25, 23
32, 17, 35, 376, 390, 129.693, 129.693,13, 13
32, 17, 36, 376, 412, 122.781, 129.533,15, 14
32, 17, 37, 376, 513, 156.499, 163.503,18, 17
32, 17, 38, 376, 463, 38.9777, 38.9777,3, 3
32, 17, 39, 376, 420, 81.9972, 81.9972,9, 9
32, 17, 40, 376, 422, 37.3446, 37.3446,5, 5
32, 17, 41, 376, 378, 42.9574, 42.9574,5, 5
32, 17, 42, 376, 403, 31.5743, 31.5743,4, 4
32, 17, 43, 376, 418, 55.7607, 62.5742,8, 7
32, 17, 44, 376, 395, 64.8622, 71.5741,9, 8
32, 17, 45, 376, 448, 29.1588, 29.1588,4, 4
32, 17, 46, 376, 444, 48.2952, 48.2952,6, 6
32, 17, 47, 376, 432, 55.3289, 62.1662,7, 6
32, 18, 1, 334, 311, 32.2665, 40.2786,5, 4
32, 18, 2, 334, 342, 107.988, 124.421,12, 10
32, 18, 3, 334, 268, 79.2878, 94.0279,11, 9
32, 18, 4, 334, 482, 6.87608, 6.87608,1, 1
32, 18, 5, 334, 516, 56.4206, 64.8118,8, 7
32, 18, 6, 334, 478, 50.3734, 57.4654,7, 6
32, 18, 7, 334, 394, 237.102, 259.841,29, 26
32, 18, 8, 334, 362, 176.857, 176.857,20, 20
32, 18, 9, 334, 399, 0, 0,0, 0
32, 18, 10, 334, 430, 37.3407, 46.1845,5, 4
32, 18, 11, 334, 454, 106.593, 106.593,12, 12
32, 18, 12, 334, 442, 101.708, 115.438,14, 12
32, 18, 13, 334, 490, 58.9876, 58.9876,7, 7
32, 18, 14, 334, 408, 124.628, 152.897,18, 14
32, 18, 15, 334, 343, 293.075, 333.208,34, 29
32, 18, 16, 334, 371, 196.478, 211.352,24, 22
32, 18, 17, 334, 376, 519.967, 569.985,62, 56
32, 18, 19, 334, 390, 457.023, 501.803,57, 51
32, 18, 20, 334, 441, 373.901, 442.207,46, 38
32, 18, 21, 334, 334, 110.982, 126.989,15, 13
32, 18, 22, 334, 369, 123.475, 138.931,16, 14
32, 18, 23, 334, 484, 50.5856, 50.5856,6, 6
32, 18, 24, 334, 418, 33.4948, 33.4948,4, 4
32, 18, 25, 334, 459, 195.384, 212.361,23, 21
32, 18, 26, 334, 487, 68.9989, 68.9989,6, 6
32, 18, 27, 334, 361, 80.6234, 80.6234,10, 10
32, 18, 28, 334, 395, 201.59, 222.7,27, 24
32, 18, 29, 334, 486, 45.9121, 45.9121,5, 5
32, 18, 30, 334, 433, 122.765, 129.619,17, 16
32, 18, 31, 334, 357, 123.909, 141.699,14, 12
32, 18, 32, 334, 485, 78.9458, 86.9894,10, 9
32, 18, 33, 334, 450, 27.824, 27.824,3, 3
32, 18, 34, 334, 350, 252.895, 276.998,30, 27
32, 18, 35, 334, 390, 101.136, 118.051,14, 12
32, 18, 36, 334, 412, 160.861, 175.67,18, 16
32, 18, 37, 334, 513, 60.7116, 60.7116,8, 8
32, 18, 38, 334, 463, 18.2703, 18.2703,2, 2
32, 18, 39, 334, 420, 56.1909, 56.1909,8, 8
32, 18, 40, 334, 422, 50.8903, 50.8903,6, 6
32, 18, 41, 334, 378, 69.4617, 78.7548,10, 9
32, 18, 42, 334, 403, 171.032, 186.876,19, 17
32, 18, 43, 334, 418, 49.1372, 49.1372,6, 6
32, 18, 44, 334, 395, 67.5903, 77.287,9, 8
32, 18, 45, 334, 448, 0, 0,0, 0
32, 18, 46, 334, 444, 58.3482, 58.3482,7, 7
32, 18, 47, 334, 432, 64.7986, 72.2018,8, 7
32, 19, 1, 390, 311, 6.69206, 6.69206,1, 1
32, 19, 2, 390, 342, 79.9586, 79.9586,9, 9
32, 19, 3, 390, 268, 7.18347, 7.18347,1, 1
32, 19, 4, 390, 482, 23.6541, 30.7425,4, 3
32, 19, 5, 390, 516, 47.7324, 47.7324,6, 6
32, 19, 6, 390, 478, 15.7084, 22.4013,3, 2
32, 19, 7, 390, 394, 108.776, 108.776,13, 13
32, 19, 8, 390, 362, 450.523, 487.428,54, 49
32, 19, 9, 390, 399, 0, 0,0, 0
32, 19, 10, 390, 430, 0, 0,0, 0
32, 19, 11, 390, 454, 42.8922, 51.2468,6, 5
32, 19, 12, 390, 442, 87.6003, 87.6003,10, 10
32, 19, 13, 390, 490, 149.238, 155.959,19, 18
32, 19, 14, 390, 408, 66.0518, 74.0088,9, 8
32, 19, 15, 390, 343, 216.861, 223.588,27, 26
32, 19, 16, 390, 371, 72.5512, 72.5512,9, 9
32, 19, 17, 390, 376, 212.507, 226.492,27, 25
32, 19, 18, 390, 334, 501.803, 501.803,57, 57
32, 19, 20, 390, 441, 240.05, 255.872,31, 29
32, 19, 21, 390, 334, 110.642, 119.368,13, 12
32, 19, 22, 390, 369, 65.3277, 74.1573,8, 7
32, 19, 23, 390, 484, 19.0632, 19.0632,2, 2
32, 19, 24, 390, 418, 14.1189, 14.1189,2, 2
32, 19, 25, 390, 459, 116.702, 130.669,15, 13
32, 19, 26, 390, 487, 104.242, 134.432,17, 13
32, 19, 27, 390, 361, 62.35, 69.7881,8, 7
32, 19, 28, 390, 395, 138.67, 162.243,19, 16
32, 19, 29, 390, 486, 80.9071, 89.0357,11, 10
32, 19, 30, 390, 433, 248.362, 287.043,34, 29
32, 19, 31, 390, 357, 87.0561, 87.0561,10, 10
32, 19, 32, 390, 485, 30.4921, 30.4921,4, 4
32, 19, 33, 390, 450, 88.783, 97.9762,11, 10
32, 19, 34, 390, 350, 114.625, 121.53,15, 14
32, 19, 35, 390, 390, 23.4889, 23.4889,3, 3
32, 19, 36, 390, 412, 111.228, 125.733,15, 13
32, 19, 37, 390, 513, 29.5464, 29.5464,4, 4
32, 19, 38, 390, 463, 0, 0,0, 0
32, 19, 39, 390, 420, 14.0544, 14.0544,2, 2
32, 19, 40, 390, 422, 162.893, 177.176,20, 18
32, 19, 41, 390, 378, 133.743, 142.611,16, 15
32, 19, 42, 390, 403, 164.106, 179.817,21, 19
32, 19, 43, 390, 418, 79.8349, 79.8349,10, 10
32, 19, 44, 390, 395, 56.5287, 63.7896,7, 6
32, 19, 45, 390, 448, 7.30445, 7.30445,1, 1
32, 19, 46, 390, 444, 31.0562, 31.0562,4, 4
32, 19, 47, 390, 432, 53.0864, 68.0066,8, 6
32, 20, 1, 441, 311, 0, 0,0, 0
32, 20, 2, 441, 342, 106.054, 106.054,10, 10
32, 20, 3, 441, 268, 21.983, 21.983,2, 2
32, 20, 4, 441, 482, 30.1627, 30.1627,3, 3
32, 20, 5, 441, 516, 107.717, 123.449,14, 12
32, 20, 6, 441, 478, 88.1712, 102.374,12, 10
32, 20, 7, 441, 394, 789.532, 837.021,87, 81
32, 20, 8, 441, 362, 531.599, 597.188,66, 58
32, 20, 9, 441, 399, 0, 0,0, 0
32, 20, 10, 441, 430, 27.637, 27.637,3, 3
32, 20, 11, 441, 454, 82.4998, 91.1109,10, 9
32, 20, 12, 441, 442, 131.598, 149.524,16, 14
32, 20, 13, 441, 490, 70.5725, 77.5049,9, 8
32, 20, 14, 441, 408, 524.432, 555.412,64, 60
32, 20, 15, 441, 343, 1041, 1146.47,118, 106
32, 20, 16, 441, 371, 45.0053, 54.0785,6, 5
32, 20, 17, 441, 376, 155.45, 164.889,19, 18
32, 20, 18, 441, 334, 368.47, 442.205,46, 37
32, 20, 19, 441, 390, 234.421, 255.872,31, 28
32, 20, 21, 441, 334, 218.402, 227.009,25, 24
32, 20, 22, 441, 369, 249.84, 263.718,27, 25
32, 20, 23, 441, 484, 109.95, 132.904,16, 13
32, 20, 24, 441, 418, 59.7765, 59.7765,8, 8
32, 20, 25, 441, 459, 1041.18, 1165.97,115, 99
32, 20, 26, 441, 487, 88.4112, 95.1611,12, 11
32, 20, 27, 441, 361, 36.0849, 44.4044,4, 3
32, 20, 28, 441, 395, 110.518, 119.865,12, 11
32, 20, 29, 441, 486, 109.15, 109.15,12, 12
32, 20, 30, 441, 433, 119.228, 119.228,15, 15
32, 20, 31, 441, 357, 85.2355, 95.4859,10, 9
32, 20, 32, 441, 485, 473.743, 513.768,59, 54
32, 20, 33, 441, 450, 79.4238, 98.2128,11, 9
32, 20, 34, 441, 350, 192.66, 244.155,27, 21
32, 20, 35, 441, 390, 40.9314, 40.9314,5, 5
32, 20, 36, 441, 412, 167.967, 192.415,20, 18
32, 20, 37, 441, 513, 411.003, 468.219,52, 45
32, 20, 38, 441, 463, 32.2799, 32.2799,3, 3
32, 20, 39, 441, 420, 20.4029, 20.4029,2, 2
32, 20, 40, 441, 422, 52.7585, 59.6313,7, 6
32, 20, 41, 441, 378, 67.0812, 87.2434,10, 8
32, 20, 42, 441, 403, 105.011, 119.805,14, 12
32, 20, 43, 441, 418, 16.5376, 16.5376,2, 2
32, 20, 44, 441, 395, 77.2281, 77.2281,8, 8
32, 20, 45, 441, 448, 8.7444, 8.7444,1, 1
32, 20, 46, 441, 444, 74.7709, 74.7709,9, 9
32, 20, 47, 441, 432, 77.1972, 77.1972,8, 8
32, 21, 1, 334, 311, 6.89, 6.89,1, 1
32, 21, 2, 334, 342, 95.4005, 95.4005,10, 10
32, 21, 3, 334, 268, 28.8283, 28.8283,3, 3
32, 21, 4, 334, 482, 14.8523, 14.8523,2, 2
32, 21, 5, 334, 516, 77.7865, 84.4716,10, 9
32, 21, 6, 334, 478, 67.6678, 67.6678,8, 8
32, 21, 7, 334, 394, 141.207, 148.209,18, 17
32, 21, 8, 334, 362, 291.236, 318.813,35, 31
32, 21, 9, 334, 399, 0, 0,0, 0
32, 21, 10, 334, 430, 46.0832, 46.0832,3, 3
32, 21, 11, 334, 454, 58.4456, 58.4456,6, 6
32, 21, 12, 334, 442, 75.7129, 75.7129,9, 9
32, 21, 13, 334, 490, 106.725, 128.888,15, 12
32, 21, 14, 334, 408, 50.1321, 57.5961,7, 6
32, 21, 15, 334, 343, 263.645, 282.511,29, 27
32, 21, 16, 334, 371, 20.7489, 20.7489,2, 2
32, 21, 17, 334, 376, 47.2696, 54.7785,6, 5
32, 21, 18, 334, 334, 120.172, 126.989,15, 14
32, 21, 19, 334, 390, 103.095, 119.369,13, 11
32, 21, 20, 334, 441, 227.009, 227.009,25, 25
32, 21, 22, 334, 369, 689.863, 714.878,77, 74
32, 21, 23, 334, 484, 184.929, 192.568,23, 22
32, 21, 24, 334, 418, 63.1002, 63.1002,8, 8
32, 21, 25, 334, 459, 169.877, 176.959,18, 17
32, 21, 26, 334, 487, 265.794, 298.404,36, 32
32, 21, 27, 334, 361, 33.172, 33.172,3, 3
32, 21, 28, 334, 395, 110.421, 129.962,12, 10
32, 21, 29, 334, 486, 60.0173, 60.0173,8, 8
32, 21, 30, 334, 433, 103.071, 111.488,12, 11
32, 21, 31, 334, 357, 53.6098, 60.6039,7, 6
32, 21, 32, 334, 485, 56.691, 56.691,4, 4
32, 21, 33, 334, 450, 29.3839, 44.4083,5, 3
32, 21, 34, 334, 350, 185.605, 200.405,20, 18
32, 21, 35, 334, 390, 30.5084, 30.5084,2, 2
32, 21, 36, 334, 412, 116.44, 125.347,14, 13
32, 21, 37, 334, 513, 34.0507, 34.0507,3, 3
32, 21, 38, 334, 463, 31.4261, 31.4261,3, 3
32, 21, 39, 334, 420, 29.1219, 29.1219,3, 3
32, 21, 40, 334, 422, 73.7373, 80.9521,8, 7
32, 21, 41, 334, 378, 86.1089, 95.5514,10, 9
32, 21, 42, 334, 403, 102.222, 124.597,15, 12
32, 21, 43, 334, 418, 32.0004, 32.0004,4, 4
32, 21, 44, 334, 395, 183.009, 217.52,25, 20
32, 21, 45, 334, 448, 14.8594, 14.8594,2, 2
32, 21, 46, 334, 444, 124.401, 131.601,14, 13
32, 21, 47, 334, 432, 94.9767, 101.875,10, 9
32, 22, 1, 369, 311, 16.3531, 16.3531,2, 2
32, 22, 2, 369, 342, 151.719, 166.268,16, 14
32, 22, 3, 369, 268, 22.4015, 22.4015,2, 2
32, 22, 4, 369, 482, 28.6988, 28.6988,3, 3
32, 22, 5, 369, 516, 96.5309, 111.123,14, 12
32, 22, 6, 369, 478, 125.858, 184.811,20, 13
32, 22, 7, 369, 394, 309.273, 322.897,37, 35
32, 22, 8, 369, 362, 128.616, 143.753,17, 15
32, 22, 9, 369, 399, 0, 0,0, 0
32, 22, 10, 369, 430, 36.9309, 36.9309,3, 3
32, 22, 11, 369, 454, 46.6108, 46.6108,5, 5
32, 22, 12, 369, 442, 90.5817, 90.5817,9, 9
32, 22, 13, 369, 490, 31.3828, 31.3828,4, 4
32, 22, 14, 369, 408, 224.916, 270.17,30, 24
32, 22, 15, 369, 343, 323.106, 323.106,34, 34
32, 22, 16, 369, 371, 71.8542, 86.2938,9, 7
32, 22, 17, 369, 376, 149.758, 198.861,19, 13
32, 22, 18, 369, 334, 132.133, 138.93,16, 15
32, 22, 19, 369, 390, 74.1572, 74.1572,8, 8
32, 22, 20, 369, 441, 242.787, 263.719,27, 24
32, 22, 21, 369, 334, 635.696, 714.878,77, 67
32, 22, 23, 369, 484, 459.257, 510.495,59, 52
32, 22, 24, 369, 418, 152.055, 202.379,23, 17
32, 22, 25, 369, 459, 313.605, 335.715,35, 32
32, 22, 26, 369, 487, 103.078, 103.078,13, 13
32, 22, 27, 369, 361, 44.0378, 55.2496,5, 4
32, 22, 28, 369, 395, 151.51, 151.51,13, 13
32, 22, 29, 369, 486, 47.2406, 47.2406,5, 5
32, 22, 30, 369, 433, 66.1979, 83.8048,9, 7
32, 22, 31, 369, 357, 66.4877, 81.7259,10, 8
32, 22, 32, 369, 485, 57.0025, 71.5021,7, 5
32, 22, 33, 369, 450, 40.7379, 40.7379,5, 5
32, 22, 34, 369, 350, 207.36, 274.402,30, 22
32, 22, 35, 369, 390, 72.3014, 79.8155,8, 7
32, 22, 36, 369, 412, 109.495, 132.006,15, 12
32, 22, 37, 369, 513, 81.4847, 81.4847,9, 9
32, 22, 38, 369, 463, 32.1269, 32.1269,2, 2
32, 22, 39, 369, 420, 81.6346, 104.779,10, 7
32, 22, 40, 369, 422, 42.9654, 42.9654,6, 6
32, 22, 41, 369, 378, 62.417, 62.417,8, 8
32, 22, 42, 369, 403, 81.9613, 97.3265,11, 9
32, 22, 43, 369, 418, 62.5362, 62.5362,7, 7
32, 22, 44, 369, 395, 177.519, 240.106,29, 21
32, 22, 45, 369, 448, 70.1593, 110.575,13, 8
32, 22, 46, 369, 444, 197.221, 221.352,26, 23
32, 22, 47, 369, 432, 269.216, 362.703,37, 26
32, 23, 1, 484, 311, 42.5579, 42.5579,5, 5
32, 23, 2, 484, 342, 43.9547, 43.9547,5, 5
32, 23, 3, 484, 268, 38.6722, 38.6722,4, 4
32, 23, 4, 484, 482, 14.6374, 14.6374,2, 2
32, 23, 5, 484, 516, 23.846, 23.846,3, 3
32, 23, 6, 484, 478, 80.5611, 87.9138,10, 9
32, 23, 7, 484, 394, 190.22, 213.176,26, 23
32, 23, 8, 484, 362, 33.3154, 40.0331,5, 4
32, 23, 9, 484, 399, 36.3357, 43.5618,6, 5
32, 23, 10, 484, 430, 94.1863, 100.975,11, 10
32, 23, 11, 484, 454, 15.6179, 15.6179,2, 2
32, 23, 12, 484, 442, 37.4237, 37.4237,5, 5
32, 23, 13, 484, 490, 0, 0,0, 0
32, 23, 14, 484, 408, 293.692, 316.972,35, 32
32, 23, 15, 484, 343, 90.3369, 97.1637,11, 10
32, 23, 16, 484, 371, 56.5862, 63.5321,6, 5
32, 23, 17, 484, 376, 96.9886, 104.326,11, 10
32, 23, 18, 484, 334, 50.5854, 50.5854,6, 6
32, 23, 19, 484, 390, 19.0633, 19.0633,2, 2
32, 23, 20, 484, 441, 132.905, 132.905,16, 16
32, 23, 21, 484, 334, 169.882, 192.568,23, 20
32, 23, 22, 484, 369, 472.059, 510.495,59, 54
32, 23, 24, 484, 418, 939.944, 1061.66,111, 96
32, 23, 25, 484, 459, 176.072, 183.549,19, 18
32, 23, 26, 484, 487, 43.8855, 43.8855,6, 6
32, 23, 27, 484, 361, 10.0318, 10.0318,1, 1
32, 23, 28, 484, 395, 47.9583, 47.9583,4, 4
32, 23, 29, 484, 486, 22.2324, 22.2324,3, 3
32, 23, 30, 484, 433, 9.28691, 9.28691,1, 1
32, 23, 31, 484, 357, 0, 0,0, 0
32, 23, 32, 484, 485, 303.202, 383.966,44, 33
32, 23, 33, 484, 450, 0, 0,0, 0
32, 23, 34, 484, 350, 69.0635, 69.0635,8, 8
32, 23, 35, 484, 390, 150.12, 188.745,18, 14
32, 23, 36, 484, 412, 43.9146, 43.9146,5, 5
32, 23, 37, 484, 513, 297.271, 334.708,40, 35
32, 23, 38, 484, 463, 24.4474, 24.4474,2, 2
32, 23, 39, 484, 420, 54.5571, 76.7362,8, 5
32, 23, 40, 484, 422, 0, 0,0, 0
32, 23, 41, 484, 378, 8.36479, 8.36479,1, 1
32, 23, 42, 484, 403, 22.3842, 22.3842,3, 3
32, 23, 43, 484, 418, 7.74522, 7.74522,1, 1
32, 23, 44, 484, 395, 45.5189, 45.5189,6, 6
32, 23, 45, 484, 448, 97.4229, 111.289,14, 12
32, 23, 46, 484, 444, 79.0544, 79.0544,9, 9
32, 23, 47, 484, 432, 289.09, 320.166,36, 32
32, 24, 1, 418, 311, 67.7821, 74.8767,10, 9
32, 24, 2, 418, 342, 7.33759, 7.33759,1, 1
32, 24, 3, 418, 268, 23.2405, 38.6981,3, 2
32, 24, 4, 418, 482, 0, 0,0, 0
32, 24, 5, 418, 516, 26.9842, 26.9842,3, 3
32, 24, 6, 418, 478, 108.68, 122.659,15, 13
32, 24, 7, 418, 394, 61.0823, 61.0823,8, 8
32, 24, 8, 418, 362, 7.24607, 7.24607,1, 1
32, 24, 9, 418, 399, 81.2214, 94.7909,12, 10
32, 24, 10, 418, 430, 135.596, 150.292,20, 18
32, 24, 11, 418, 454, 91.095, 91.095,10, 10
32, 24, 12, 418, 442, 8.42807, 16.3521,2, 1
32, 24, 13, 418, 490, 0, 0,0, 0
32, 24, 14, 418, 408, 211.324, 228.061,27, 25
32, 24, 15, 418, 343, 39.773, 46.6717,6, 5
32, 24, 16, 418, 371, 105.565, 105.565,13, 13
32, 24, 17, 418, 376, 65.0941, 65.0941,8, 8
32, 24, 18, 418, 334, 24.4018, 33.4948,4, 3
32, 24, 19, 418, 390, 14.1189, 14.1189,2, 2
32, 24, 20, 418, 441, 59.7768, 59.7768,8, 8
32, 24, 21, 418, 334, 55.178, 63.1003,8, 7
32, 24, 22, 418, 369, 177.132, 202.38,23, 20
32, 24, 23, 418, 484, 903.096, 1061.66,111, 92
32, 24, 25, 418, 459, 127.122, 140.741,16, 14
32, 24, 26, 418, 487, 9.41719, 17.8851,2, 1
32, 24, 27, 418, 361, 29.6873, 29.6873,4, 4
32, 24, 28, 418, 395, 13.8222, 20.4963,3, 2
32, 24, 29, 418, 486, 0, 0,0, 0
32, 24, 30, 418, 433, 10.1263, 10.1263,1, 1
32, 24, 31, 418, 357, 7.11265, 7.11265,1, 1
32, 24, 32, 418, 485, 221.557, 291.362,34, 26
32, 24, 33, 418, 450, 37.8736, 37.8736,5, 5
32, 24, 34, 418, 350, 81.9995, 115.813,13, 9
32, 24, 35, 418, 390, 161.822, 183.862,20, 17
32, 24, 36, 418, 412, 31.0661, 37.7579,5, 4
32, 24, 37, 418, 513, 222.861, 255.761,31, 27
32, 24, 38, 418, 463, 50.9477, 50.9477,6, 6
32, 24, 39, 418, 420, 127.304, 142.984,16, 14
32, 24, 40, 418, 422, 0, 0,0, 0
32, 24, 41, 418, 378, 0, 0,0, 0
32, 24, 42, 418, 403, 15.3782, 23.6292,3, 2
32, 24, 43, 418, 418, 43.2993, 43.2993,6, 6
32, 24, 44, 418, 395, 40.099, 54.6881,7, 5
32, 24, 45, 418, 448, 161.745, 161.745,19, 19
32, 24, 46, 418, 444, 62.4768, 62.4768,8, 8
32, 24, 47, 418, 432, 194.091, 211.956,26, 24
32, 25, 1, 459, 311, 72.2763, 79.139,10, 9
32, 25, 2, 459, 342, 142.306, 177.794,18, 13
32, 25, 3, 459, 268, 59.6038, 59.6038,7, 7
32, 25, 4, 459, 482, 39.2415, 39.2415,5, 5
32, 25, 5, 459, 516, 85.8594, 102.448,13, 11
32, 25, 6, 459, 478, 107.62, 131.919,13, 11
32, 25, 7, 459, 394, 1008.03, 1091.26,109, 99
32, 25, 8, 459, 362, 186.756, 214.781,24, 21
32, 25, 9, 459, 399, 7.08392, 7.08392,1, 1
32, 25, 10, 459, 430, 51.739, 51.739,4, 4
32, 25, 11, 459, 454, 102.515, 139.781,13, 9
32, 25, 12, 459, 442, 130.372, 159.871,18, 15
32, 25, 13, 459, 490, 81.5506, 81.5506,10, 10
32, 25, 14, 459, 408, 841.736, 888.675,88, 82
32, 25, 15, 459, 343, 573.114, 636.581,66, 59
32, 25, 16, 459, 371, 78.8929, 86.1893,10, 9
32, 25, 17, 459, 376, 257.14, 279.87,30, 27
32, 25, 18, 459, 334, 195.459, 212.362,23, 21
32, 25, 19, 459, 390, 107.634, 130.668,15, 12
32, 25, 20, 459, 441, 1075.73, 1165.97,115, 105
32, 25, 21, 459, 334, 166.401, 176.957,18, 17
32, 25, 22, 459, 369, 297.737, 335.716,35, 30
32, 25, 23, 459, 484, 161.454, 183.551,19, 16
32, 25, 24, 459, 418, 122.328, 140.74,16, 14
32, 25, 26, 459, 487, 70.5103, 77.3236,10, 9
32, 25, 27, 459, 361, 95.103, 95.103,11, 11
32, 25, 28, 459, 395, 184.252, 213.221,20, 17
32, 25, 29, 459, 486, 78.4816, 78.4816,9, 9
32, 25, 30, 459, 433, 68.3145, 75.0428,10, 9
32, 25, 31, 459, 357, 142.541, 156.484,18, 16
32, 25, 32, 459, 485, 820.421, 914.507,97, 86
32, 25, 33, 459, 450, 57.941, 95.4268,10, 6
32, 25, 34, 459, 350, 186.132, 220.314,23, 19
32, 25, 35, 459, 390, 132.789, 151.094,16, 14
32, 25, 36, 459, 412, 132.657, 141.834,17, 16
32, 25, 37, 459, 513, 800.591, 900.617,92, 80
32, 25, 38, 459, 463, 32.1215, 32.1215,3, 3
32, 25, 39, 459, 420, 71.4206, 85.9795,10, 8
32, 25, 40, 459, 422, 50.7777, 60.8188,7, 6
32, 25, 41, 459, 378, 53.108, 73.8669,7, 5
32, 25, 42, 459, 403, 91.3065, 124.934,15, 11
32, 25, 43, 459, 418, 48.6212, 48.6212,6, 6
32, 25, 44, 459, 395, 59.4372, 75.7151,9, 7
32, 25, 45, 459, 448, 40.5841, 40.5841,5, 5
32, 25, 46, 459, 444, 60.8628, 68.5201,9, 8
32, 25, 47, 459, 432, 94.3684, 118.607,10, 8
32, 26, 1, 487, 311, 14.2561, 14.2561,2, 2
32, 26, 2, 487, 342, 48.5251, 48.5251,5, 5
32, 26, 3, 487, 268, 18.0654, 18.0654,2, 2
32, 26, 4, 487, 482, 15.3583, 15.3583,2, 2
32, 26, 5, 487, 516, 74.8405, 74.8405,9, 9
32, 26, 6, 487, 478, 33.269, 33.269,4, 4
32, 26, 7, 487, 394, 56.0743, 56.0743,7, 7
32, 26, 8, 487, 362, 144.157, 180.061,23, 18
32, 26, 9, 487, 399, 0, 0,0, 0
32, 26, 10, 487, 430, 9.17517, 9.17517,1, 1
32, 26, 11, 487, 454, 22.5252, 22.5252,3, 3
32, 26, 12, 487, 442, 59.3512, 66.6236,8, 7
32, 26, 13, 487, 490, 50.1729, 58.3863,7, 6
32, 26, 14, 487, 408, 36.6624, 36.6624,4, 4
32, 26, 15, 487, 343, 62.741, 62.741,7, 7
32, 26, 16, 487, 371, 14.7053, 14.7053,2, 2
32, 26, 17, 487, 376, 23.9789, 23.9789,3, 3
32, 26, 18, 487, 334, 68.9978, 68.9978,6, 6
32, 26, 19, 487, 390, 112.959, 134.431,17, 14
32, 26, 20, 487, 441, 88.0688, 95.1612,12, 11
32, 26, 21, 487, 334, 259.616, 298.405,36, 31
32, 26, 22, 487, 369, 95.1901, 103.078,13, 12
32, 26, 23, 487, 484, 43.8856, 43.8856,6, 6
32, 26, 24, 487, 418, 17.885, 17.885,2, 2
32, 26, 25, 487, 459, 70.205, 77.3236,10, 9
32, 26, 27, 487, 361, 22.2777, 22.2777,3, 3
32, 26, 28, 487, 395, 60.0612, 60.0612,8, 8
32, 26, 29, 487, 486, 45.0285, 45.0285,6, 6
32, 26, 30, 487, 433, 47.8767, 54.6158,7, 6
32, 26, 31, 487, 357, 41.9718, 48.8751,6, 5
32, 26, 32, 487, 485, 34.5095, 34.5095,4, 4
32, 26, 33, 487, 450, 20.5121, 20.5121,3, 3
32, 26, 34, 487, 350, 57.3619, 71.1366,8, 6
32, 26, 35, 487, 390, 22.6867, 22.6867,3, 3
32, 26, 36, 487, 412, 56.677, 63.5196,8, 7
32, 26, 37, 487, 513, 17.648, 17.648,2, 2
32, 26, 38, 487, 463, 8.19884, 8.19884,1, 1
32, 26, 39, 487, 420, 0, 0,0, 0
32, 26, 40, 487, 422, 37.891, 37.891,5, 5
32, 26, 41, 487, 378, 62.2834, 62.2834,8, 8
32, 26, 42, 487, 403, 47.8204, 47.8204,6, 6
32, 26, 43, 487, 418, 10.7875, 10.7875,1, 1
32, 26, 44, 487, 395, 100.372, 116.628,13, 11
32, 26, 45, 487, 448, 6.68612, 6.68612,1, 1
32, 26, 46, 487, 444, 86.2461, 86.2461,11, 11
32, 26, 47, 487, 432, 68.7481, 82.639,10, 8
32, 27, 1, 361, 311, 88.704, 125.342,16, 11
32, 27, 2, 361, 342, 222.816, 254.342,29, 25
32, 27, 3, 361, 268, 94.0051, 108.783,12, 10
32, 27, 4, 361, 482, 36.6916, 36.6916,4, 4
32, 27, 5, 361, 516, 18.0673, 18.0673,2, 2
32, 27, 6, 361, 478, 35.5428, 44.1239,5, 4
32, 27, 7, 361, 394, 71.1021, 79.899,8, 7
32, 27, 8, 361, 362, 39.5888, 39.5888,5, 5
32, 27, 9, 361, 399, 33.0149, 33.0149,4, 4
32, 27, 10, 361, 430, 34.6974, 34.6974,4, 4
32, 27, 11, 361, 454, 52.223, 52.223,6, 6
32, 27, 12, 361, 442, 82.6137, 82.6137,8, 8
32, 27, 13, 361, 490, 23.2182, 23.2182,3, 3
32, 27, 14, 361, 408, 62.1603, 62.1603,6, 6
32, 27, 15, 361, 343, 24.7772, 24.7772,3, 3
32, 27, 16, 361, 371, 99.0917, 113.707,14, 12
32, 27, 17, 361, 376, 75.9299, 75.9299,8, 8
32, 27, 18, 361, 334, 73.6182, 80.6234,10, 9
32, 27, 19, 361, 390, 69.7875, 69.7875,8, 8
32, 27, 20, 361, 441, 44.4045, 44.4045,4, 4
32, 27, 21, 361, 334, 33.1718, 33.1718,3, 3
32, 27, 22, 361, 369, 55.2497, 55.2497,5, 5
32, 27, 23, 361, 484, 10.0316, 10.0316,1, 1
32, 27, 24, 361, 418, 29.6873, 29.6873,4, 4
32, 27, 25, 361, 459, 87.6624, 95.1032,11, 10
32, 27, 26, 361, 487, 22.2777, 22.2777,3, 3
32, 27, 28, 361, 395, 1110.65, 1212.37,117, 106
32, 27, 29, 361, 486, 65.1775, 71.8916,8, 7
32, 27, 30, 361, 433, 294.234, 314.003,35, 33
32, 27, 31, 361, 357, 929.501, 1078.67,106, 90
32, 27, 32, 361, 485, 46.0548, 46.0548,5, 5
32, 27, 33, 361, 450, 41.9096, 41.9096,5, 5
32, 27, 34, 361, 350, 65.0621, 65.0621,7, 7
32, 27, 35, 361, 390, 37.8824, 37.8824,4, 4
32, 27, 36, 361, 412, 51.2574, 59.3091,6, 5
32, 27, 37, 361, 513, 53.1088, 53.1088,6, 6
32, 27, 38, 361, 463, 47.4047, 61.7508,5, 3
32, 27, 39, 361, 420, 67.7755, 74.8496,9, 8
32, 27, 40, 361, 422, 7.60383, 7.60383,1, 1
32, 27, 41, 361, 378, 48.5241, 48.5241,6, 6
32, 27, 42, 361, 403, 35.6622, 35.6622,4, 4
32, 27, 43, 361, 418, 99.7865, 99.7865,12, 12
32, 27, 44, 361, 395, 20.6519, 20.6519,2, 2
32, 27, 45, 361, 448, 14.6442, 14.6442,2, 2
32, 27, 46, 361, 444, 27.2026, 27.2026,3, 3
32, 27, 47, 361, 432, 30.5446, 30.5446,3, 3
32, 28, 1, 395, 311, 66.475, 74.8897,9, 8
32, 28, 2, 395, 342, 323.974, 421.156,43, 33
32, 28, 3, 395, 268, 133.239, 160.181,19, 16
32, 28, 4, 395, 482, 25.8331, 42.7091,5, 3
32, 28, 5, 395, 516, 58.6445, 66.6104,8, 7
32, 28, 6, 395, 478, 85.5743, 114.935,11, 8
32, 28, 7, 395, 394, 195.55, 247.815,26, 20
32, 28, 8, 395, 362, 117.145, 142.387,16, 13
32, 28, 9, 395, 399, 15.3838, 23.5891,3, 2
32, 28, 10, 395, 430, 75.5825, 118.043,11, 7
32, 28, 11, 395, 454, 152.76, 176.195,19, 16
32, 28, 12, 395, 442, 118.727, 136.57,13, 11
32, 28, 13, 395, 490, 48.7947, 68.2589,7, 5
32, 28, 14, 395, 408, 80.2634, 106.084,11, 8
32, 28, 15, 395, 343, 93.9492, 121.016,11, 9
32, 28, 16, 395, 371, 72.459, 119.35,12, 7
32, 28, 17, 395, 376, 154.315, 208.348,18, 14
32, 28, 18, 395, 334, 159.669, 222.7,27, 19
32, 28, 19, 395, 390, 138.841, 162.243,19, 16
32, 28, 20, 395, 441, 98.3284, 119.865,12, 10
32, 28, 21, 395, 334, 83.7423, 129.963,12, 7
32, 28, 22, 395, 369, 108.966, 151.511,13, 10
32, 28, 23, 395, 484, 33.3267, 47.9588,4, 3
32, 28, 24, 395, 418, 20.4963, 20.4963,3, 3
32, 28, 25, 395, 459, 182.265, 213.222,20, 17
32, 28, 26, 395, 487, 52.815, 60.0612,8, 7
32, 28, 27, 395, 361, 1064.99, 1212.37,117, 100
32, 28, 29, 395, 486, 93.6067, 113.188,13, 11
32, 28, 30, 395, 433, 493.638, 566.106,61, 53
32, 28, 31, 395, 357, 1151.23, 1288.45,124, 107
32, 28, 32, 395, 485, 45.5642, 76.0134,7, 4
32, 28, 33, 395, 450, 116.914, 125.039,13, 12
32, 28, 34, 395, 350, 73.6859, 91.818,10, 8
32, 28, 35, 395, 390, 74.8511, 100.165,9, 7
32, 28, 36, 395, 412, 141.688, 202.784,20, 13
32, 28, 37, 395, 513, 57.1397, 94.0051,10, 6
32, 28, 38, 395, 463, 50.0003, 78.8277,6, 4
32, 28, 39, 395, 420, 23.6424, 45.9444,2, 1
32, 28, 40, 395, 422, 33.0492, 33.0492,4, 4
32, 28, 41, 395, 378, 80.1172, 88.3083,9, 8
32, 28, 42, 395, 403, 119.889, 159.78,19, 14
32, 28, 43, 395, 418, 113.009, 127.999,16, 14
32, 28, 44, 395, 395, 45.0604, 53.2537,6, 5
32, 28, 45, 395, 448, 6.95231, 6.95231,1, 1
32, 28, 46, 395, 444, 38.6167, 50.0912,5, 4
32, 28, 47, 395, 432, 87.7705, 149.292,15, 8
32, 29, 1, 486, 311, 0, 0,0, 0
32, 29, 2, 486, 342, 63.8945, 81.2538,10, 8
32, 29, 3, 486, 268, 16.1008, 24.5321,3, 2
32, 29, 4, 486, 482, 28.8197, 42.7927,6, 4
32, 29, 5, 486, 516, 86.3218, 110.797,10, 8
32, 29, 6, 486, 478, 143.974, 238.38,29, 17
32, 29, 7, 486, 394, 49.9434, 63.3649,6, 5
32, 29, 8, 486, 362, 68.3238, 85.1667,10, 8
32, 29, 9, 486, 399, 86.6868, 110.624,13, 10
32, 29, 10, 486, 430, 88.3346, 136.981,16, 10
32, 29, 11, 486, 454, 197.372, 259.948,29, 21
32, 29, 12, 486, 442, 126.288, 181.604,16, 12
32, 29, 13, 486, 490, 96.8184, 103.974,12, 11
32, 29, 14, 486, 408, 25.6966, 34.8349,4, 3
32, 29, 15, 486, 343, 30.4627, 46.2806,6, 4
32, 29, 16, 486, 371, 16.2192, 31.1669,4, 2
32, 29, 17, 486, 376, 18.6544, 27.5439,3, 2
32, 29, 18, 486, 334, 45.9122, 45.9122,5, 5
32, 29, 19, 486, 390, 81.6896, 89.0357,11, 10
32, 29, 20, 486, 441, 71.6146, 109.151,12, 8
32, 29, 21, 486, 334, 52.9228, 60.0174,8, 7
32, 29, 22, 486, 369, 37.8968, 47.241,5, 4
32, 29, 23, 486, 484, 15.3137, 22.2325,3, 2
32, 29, 24, 486, 418, 0, 0,0, 0
32, 29, 25, 486, 459, 55.3837, 78.4819,9, 6
32, 29, 26, 486, 487, 30.9044, 45.0285,6, 4
32, 29, 27, 486, 361, 58.0205, 71.892,8, 7
32, 29, 28, 486, 395, 93.2464, 113.188,13, 11
32, 29, 30, 486, 433, 179.331, 193.366,22, 21
32, 29, 31, 486, 357, 73.2633, 87.9217,11, 9
32, 29, 32, 486, 485, 17.6598, 26.9152,3, 2
32, 29, 33, 486, 450, 953.244, 1118.38,118, 97
32, 29, 34, 486, 350, 72.1447, 87.7216,11, 9
32, 29, 35, 486, 390, 16.8306, 31.1996,4, 2
32, 29, 36, 486, 412, 89.5355, 105.596,11, 10
32, 29, 37, 486, 513, 18.2572, 27.4729,3, 2
32, 29, 38, 486, 463, 384.906, 499.255,60, 45
32, 29, 39, 486, 420, 100.055, 146.072,18, 12
32, 29, 40, 486, 422, 295.688, 335.72,38, 33
32, 29, 41, 486, 378, 318.561, 345.785,39, 36
32, 29, 42, 486, 403, 312.341, 440.111,49, 33
32, 29, 43, 486, 418, 217.848, 271.203,32, 25
32, 29, 44, 486, 395, 63.6915, 78.8774,8, 7
32, 29, 45, 486, 448, 54.407, 83.2994,11, 7
32, 29, 46, 486, 444, 52.8236, 78.2095,9, 6
32, 29, 47, 486, 432, 82.2537, 116.195,14, 10
32, 30, 1, 433, 311, 23.4953, 23.4953,3, 3
32, 30, 2, 433, 342, 211.889, 227.776,27, 25
32, 30, 3, 433, 268, 64.2043, 64.2043,8, 8
32, 30, 4, 433, 482, 28.788, 28.788,4, 4
32, 30, 5, 433, 516, 84.871, 84.871,10, 10
32, 30, 6, 433, 478, 31.3703, 31.3703,4, 4
32, 30, 7, 433, 394, 70.6973, 70.6973,7, 7
32, 30, 8, 433, 362, 154.343, 169.09,17, 16
32, 30, 9, 433, 399, 0, 0,0, 0
32, 30, 10, 433, 430, 13.843, 13.843,2, 2
32, 30, 11, 433, 454, 60.5539, 67.4872,8, 7
32, 30, 12, 433, 442, 86.4126, 86.4126,10, 10
32, 30, 13, 433, 490, 93.7153, 111.379,12, 10
32, 30, 14, 433, 408, 24.6785, 31.662,4, 3
32, 30, 15, 433, 343, 81.4013, 89.337,9, 8
32, 30, 16, 433, 371, 29.3214, 36.201,5, 4
32, 30, 17, 433, 376, 67.6374, 75.8567,9, 8
32, 30, 18, 433, 334, 107.408, 129.619,17, 14
32, 30, 19, 433, 390, 271.974, 287.043,34, 32
32, 30, 20, 433, 441, 104.858, 119.228,15, 13
32, 30, 21, 433, 334, 94.1193, 111.487,12, 10
32, 30, 22, 433, 369, 73.0226, 83.8047,9, 8
32, 30, 23, 433, 484, 9.28672, 9.28672,1, 1
32, 30, 24, 433, 418, 10.1265, 10.1265,1, 1
32, 30, 25, 433, 459, 60.8927, 75.0427,10, 8
32, 30, 26, 433, 487, 54.6158, 54.6158,7, 7
32, 30, 27, 433, 361, 290.944, 314.004,35, 32
32, 30, 28, 433, 395, 475.128, 566.107,61, 50
32, 30, 29, 433, 486, 179.662, 193.365,22, 20
32, 30, 31, 433, 357, 481.15, 496.676,53, 51
32, 30, 32, 433, 485, 9.42793, 9.42793,1, 1
32, 30, 33, 433, 450, 114.521, 114.521,14, 14
32, 30, 34, 433, 350, 58.7886, 66.8269,9, 8
32, 30, 35, 433, 390, 0, 0,0, 0
32, 30, 36, 433, 412, 98.2423, 113.118,14, 12
32, 30, 37, 433, 513, 23.2723, 23.2723,3, 3
32, 30, 38, 433, 463, 66.8585, 66.8585,8, 8
32, 30, 39, 433, 420, 22.2349, 22.2349,3, 3
32, 30, 40, 433, 422, 149.522, 164.53,19, 17
32, 30, 41, 433, 378, 128.271, 136.137,15, 14
32, 30, 42, 433, 403, 143.541, 158.881,20, 18
32, 30, 43, 433, 418, 80.9048, 80.9048,10, 10
32, 30, 44, 433, 395, 55.9492, 64.9559,7, 6
32, 30, 45, 433, 448, 0, 0,0, 0
32, 30, 46, 433, 444, 45.8316, 52.5366,7, 6
32, 30, 47, 433, 432, 37.5702, 37.5702,5, 5
32, 31, 1, 357, 311, 98.4758, 123.878,16, 13
32, 31, 2, 357, 342, 299.865, 346.647,40, 34
32, 31, 3, 357, 268, 90.2389, 111.545,14, 11
32, 31, 4, 357, 482, 8.71272, 8.71272,1, 1
32, 31, 5, 357, 516, 40.2068, 49.4768,6, 5
32, 31, 6, 357, 478, 52.0275, 69.521,8, 6
32, 31, 7, 357, 394, 145.61, 169.372,19, 16
32, 31, 8, 357, 362, 65.064, 65.064,8, 8
32, 31, 9, 357, 399, 21.422, 21.422,3, 3
32, 31, 10, 357, 430, 8.92214, 17.3305,2, 1
32, 31, 11, 357, 454, 110.649, 110.649,13, 13
32, 31, 12, 357, 442, 33.2023, 33.2023,4, 4
32, 31, 13, 357, 490, 66.9626, 66.9626,7, 7
32, 31, 14, 357, 408, 35.5798, 35.5798,4, 4
32, 31, 15, 357, 343, 72.9107, 81.0072,9, 8
32, 31, 16, 357, 371, 69.6144, 83.8254,11, 9
32, 31, 17, 357, 376, 144.877, 151.711,18, 17
32, 31, 18, 357, 334, 123.911, 141.7,14, 12
32, 31, 19, 357, 390, 87.0559, 87.0559,10, 10
32, 31, 20, 357, 441, 84.8332, 95.4861,10, 9
32, 31, 21, 357, 334, 52.0477, 60.6048,7, 6
32, 31, 22, 357, 369, 66.4877, 81.7259,10, 8
32, 31, 23, 357, 484, 0, 0,0, 0
32, 31, 24, 357, 418, 7.11263, 7.11263,1, 1
32, 31, 25, 357, 459, 135.265, 156.484,18, 15
32, 31, 26, 357, 487, 42.2005, 48.875,6, 5
32, 31, 27, 357, 361, 986.425, 1078.67,106, 95
32, 31, 28, 357, 395, 1162, 1288.45,124, 109
32, 31, 29, 357, 486, 81.1951, 87.9217,11, 10
32, 31, 30, 357, 433, 450.564, 496.677,53, 48
32, 31, 32, 357, 485, 0, 0,0, 0
32, 31, 33, 357, 450, 90.9669, 90.9669,11, 11
32, 31, 34, 357, 350, 80.0943, 80.0943,10, 10
32, 31, 35, 357, 390, 17.7367, 24.9235,3, 2
32, 31, 36, 357, 412, 77.0518, 84.071,10, 9
32, 31, 37, 357, 513, 43.3181, 43.3181,5, 5
32, 31, 38, 357, 463, 29.5251, 29.5251,4, 4
32, 31, 39, 357, 420, 43.5121, 43.5121,6, 6
32, 31, 40, 357, 422, 62.6641, 62.6641,6, 6
32, 31, 41, 357, 378, 32.7307, 32.7307,4, 4
32, 31, 42, 357, 403, 99.0895, 113.708,13, 11
32, 31, 43, 357, 418, 100.864, 100.864,12, 12
32, 31, 44, 357, 395, 34.1092, 44.2467,4, 3
32, 31, 45, 357, 448, 7.3362, 7.3362,1, 1
32, 31, 46, 357, 444, 22.6974, 22.6974,3, 3
32, 31, 47, 357, 432, 42.6023, 42.6023,5, 5
32, 32, 1, 485, 311, 46.0202, 61.2346,8, 6
32, 32, 2, 485, 342, 52.4874, 92.2456,9, 5
32, 32, 3, 485, 268, 83.1045, 128.815,13, 8
32, 32, 4, 485, 482, 23.2266, 49.5137,5, 2
32, 32, 5, 485, 516, 25.2204, 25.2204,3, 3
32, 32, 6, 485, 478, 65.3935, 121.946,16, 8
32, 32, 7, 485, 394, 453.643, 489.536,56, 52
32, 32, 8, 485, 362, 101.392, 101.392,13, 13
32, 32, 9, 485, 399, 22.6449, 22.6449,3, 3
32, 32, 10, 485, 430, 61.2784, 133.312,13, 5
32, 32, 11, 485, 454, 30.3008, 51.9346,7, 4
32, 32, 12, 485, 442, 49.2238, 55.9371,7, 6
32, 32, 13, 485, 490, 13.9852, 13.9852,2, 2
32, 32, 14, 485, 408, 884.451, 1054.64,100, 83
32, 32, 15, 485, 343, 363.692, 409.826,46, 41
32, 32, 16, 485, 371, 272.698, 341.109,36, 28
32, 32, 17, 485, 376, 182.379, 202.291,22, 20
32, 32, 18, 485, 334, 77.2151, 86.9896,10, 9
32, 32, 19, 485, 390, 30.4919, 30.4919,4, 4
32, 32, 20, 485, 441, 448.466, 513.769,59, 51
32, 32, 21, 485, 334, 37.8819, 56.6922,4, 3
32, 32, 22, 485, 369, 51.0029, 71.5026,7, 5
32, 32, 23, 485, 484, 276.715, 383.964,44, 31
32, 32, 24, 485, 418, 195.325, 291.361,34, 22
32, 32, 25, 485, 459, 784.024, 914.509,97, 82
32, 32, 26, 485, 487, 26.2192, 34.5096,4, 3
32, 32, 27, 485, 361, 29.5007, 46.055,5, 3
32, 32, 28, 485, 395, 37.3294, 76.0135,7, 3
32, 32, 29, 485, 486, 19.7601, 26.9155,3, 2
32, 32, 30, 485, 433, 9.42801, 9.42801,1, 1
32, 32, 31, 485, 357, 0, 0,0, 0
32, 32, 33, 485, 450, 0, 0,0, 0
32, 32, 34, 485, 350, 98.5813, 120.67,13, 11
32, 32, 35, 485, 390, 201.552, 236.853,27, 23
32, 32, 36, 485, 412, 42.2229, 70.4135,9, 5
32, 32, 37, 485, 513, 9158.38, 9823.22,375, 308
32, 32, 38, 485, 463, 39.8915, 84.2128,9, 4
32, 32, 39, 485, 420, 56.5164, 73.8031,9, 7
32, 32, 40, 485, 422, 0, 0,0, 0
32, 32, 41, 485, 378, 0, 0,0, 0
32, 32, 42, 485, 403, 21.8043, 28.6129,4, 3
32, 32, 43, 485, 418, 19.6451, 19.6451,2, 2
32, 32, 44, 485, 395, 47.8194, 58.0592,6, 5
32, 32, 45, 485, 448, 70.9754, 101.159,13, 9
32, 32, 46, 485, 444, 67.2152, 88.5855,12, 9
32, 32, 47, 485, 432, 73.9254, 121.849,15, 9
32, 33, 1, 450, 311, 0, 0,0, 0
32, 33, 2, 450, 342, 50.987, 74.5171,9, 6
32, 33, 3, 450, 268, 16.9608, 16.9608,2, 2
32, 33, 4, 450, 482, 0, 0,0, 0
32, 33, 5, 450, 516, 54.888, 69.7987,8, 6
32, 33, 6, 450, 478, 293.771, 656.234,81, 34
32, 33, 7, 450, 394, 74.6605, 93.8016,11, 9
32, 33, 8, 450, 362, 66.1446, 77.0832,9, 8
32, 33, 9, 450, 399, 441.946, 968.677,114, 48
32, 33, 10, 450, 430, 445.473, 930.041,108, 47
32, 33, 11, 450, 454, 392.159, 780.095,91, 42
32, 33, 12, 450, 442, 143.062, 170.534,17, 14
32, 33, 13, 450, 490, 92.7312, 99.4683,12, 11
32, 33, 14, 450, 408, 0, 0,0, 0
32, 33, 15, 450, 343, 83.0397, 90.1265,10, 9
32, 33, 16, 450, 371, 0, 0,0, 0
32, 33, 17, 450, 376, 33.34, 40.2494,5, 4
32, 33, 18, 450, 334, 27.8239, 27.8239,3, 3
32, 33, 19, 450, 390, 82.8605, 97.9761,11, 9
32, 33, 20, 450, 441, 98.2121, 98.2121,11, 11
32, 33, 21, 450, 334, 44.4084, 44.4084,5, 5
32, 33, 22, 450, 369, 40.7377, 40.7377,5, 5
32, 33, 23, 450, 484, 0, 0,0, 0
32, 33, 24, 450, 418, 23.1153, 37.8736,5, 3
32, 33, 25, 450, 459, 72.8666, 95.4264,10, 8
32, 33, 26, 450, 487, 20.512, 20.512,3, 3
32, 33, 27, 450, 361, 41.9099, 41.9099,5, 5
32, 33, 28, 450, 395, 103.86, 125.039,13, 11
32, 33, 29, 450, 486, 895.099, 1118.38,118, 90
32, 33, 30, 450, 433, 107.296, 114.521,14, 13
32, 33, 31, 450, 357, 90.967, 90.967,11, 11
32, 33, 32, 450, 485, 0, 0,0, 0
32, 33, 34, 450, 350, 86.7735, 86.7735,9, 9
32, 33, 35, 450, 390, 154.659, 277.966,35, 19
32, 33, 36, 450, 412, 106.198, 120.923,14, 12
32, 33, 37, 450, 513, 0, 0,0, 0
32, 33, 38, 450, 463, 1266.88, 2304.44,263, 131
32, 33, 39, 450, 420, 501.438, 959.274,109, 51
32, 33, 40, 450, 422, 104.855, 104.855,12, 12
32, 33, 41, 450, 378, 229.717, 258.581,28, 25
32, 33, 42, 450, 403, 370.945, 441.126,51, 42
32, 33, 43, 450, 418, 889.313, 1661.6,186, 89
32, 33, 44, 450, 395, 45.4314, 45.4314,5, 5
32, 33, 45, 450, 448, 338.276, 687.905,83, 38
32, 33, 46, 450, 444, 40.8384, 40.8384,5, 5
32, 33, 47, 450, 432, 156.077, 325.887,40, 18
32, 34, 1, 350, 311, 15.3129, 22.1366,3, 2
32, 34, 2, 350, 342, 91.6255, 91.6255,10, 10
32, 34, 3, 350, 268, 77.1388, 93.9309,9, 7
32, 34, 4, 350, 482, 33.7201, 41.9557,5, 4
32, 34, 5, 350, 516, 84.9674, 95.7678,11, 10
32, 34, 6, 350, 478, 158.096, 197.424,23, 18
32, 34, 7, 350, 394, 191.833, 191.833,21, 21
32, 34, 8, 350, 362, 118.659, 118.659,12, 12
32, 34, 9, 350, 399, 15.1434, 15.1434,2, 2
32, 34, 10, 350, 430, 94.2128, 125.562,14, 10
32, 34, 11, 350, 454, 305.979, 321.752,34, 32
32, 34, 12, 350, 442, 317.901, 364.646,43, 37
32, 34, 13, 350, 490, 123.571, 133.333,16, 15
32, 34, 14, 350, 408, 97.6425, 105.114,12, 11
32, 34, 15, 350, 343, 223.96, 266.226,29, 24
32, 34, 16, 350, 371, 79.9898, 105.614,12, 9
32, 34, 17, 350, 376, 192.76, 217.16,25, 22
32, 34, 18, 350, 334, 259.359, 276.998,30, 28
32, 34, 19, 350, 390, 113.048, 121.53,15, 14
32, 34, 20, 350, 441, 244.156, 244.156,27, 27
32, 34, 21, 350, 334, 189.898, 200.405,20, 19
32, 34, 22, 350, 369, 228.394, 274.402,30, 24
32, 34, 23, 350, 484, 52.7061, 69.0634,8, 6
32, 34, 24, 350, 418, 87.0136, 115.813,13, 9
32, 34, 25, 350, 459, 205.08, 220.314,23, 21
32, 34, 26, 350, 487, 61.2748, 71.1363,8, 7
32, 34, 27, 350, 361, 65.0624, 65.0624,7, 7
32, 34, 28, 350, 395, 77.3535, 91.8178,10, 8
32, 34, 29, 350, 486, 87.7216, 87.7216,11, 11
32, 34, 30, 350, 433, 66.827, 66.827,9, 9
32, 34, 31, 350, 357, 80.0945, 80.0945,10, 10
32, 34, 32, 350, 485, 93.3967, 120.668,13, 10
32, 34, 33, 350, 450, 86.7737, 86.7737,9, 9
32, 34, 35, 350, 390, 329.693, 374.152,43, 37
32, 34, 36, 350, 412, 495.966, 597.927,70, 57
32, 34, 37, 350, 513, 95.2151, 102.883,13, 12
32, 34, 38, 350, 463, 44.8753, 53.0742,5, 4
32, 34, 39, 350, 420, 245.16, 276.355,33, 29
32, 34, 40, 350, 422, 109.861, 109.861,12, 12
32, 34, 41, 350, 378, 115.464, 115.464,14, 14
32, 34, 42, 350, 403, 140.074, 156.549,17, 15
32, 34, 43, 350, 418, 77.7533, 77.7533,9, 9
32, 34, 44, 350, 395, 175.94, 201.775,24, 21
32, 34, 45, 350, 448, 58.1087, 74.3493,9, 7
32, 34, 46, 350, 444, 193.008, 207.857,25, 23
32, 34, 47, 350, 432, 114.748, 139.089,15, 12
32, 35, 1, 390, 311, 32.8268, 32.8268,4, 4
32, 35, 2, 390, 342, 47.4119, 47.4119,5, 5
32, 35, 3, 390, 268, 42.5435, 42.5435,5, 5
32, 35, 4, 390, 482, 15.841, 15.841,2, 2
32, 35, 5, 390, 516, 6.69859, 6.69859,1, 1
32, 35, 6, 390, 478, 244.606, 305.004,35, 27
32, 35, 7, 390, 394, 77.7962, 77.7962,9, 9
32, 35, 8, 390, 362, 26.6121, 26.6121,3, 3
32, 35, 9, 390, 399, 331.219, 425.108,52, 39
32, 35, 10, 390, 430, 439.68, 596.229,66, 47
32, 35, 11, 390, 454, 352.529, 512.094,58, 38
32, 35, 12, 390, 442, 49.5782, 56.6532,7, 6
32, 35, 13, 390, 490, 15.6381, 15.6381,2, 2
32, 35, 14, 390, 408, 129.768, 129.768,15, 15
32, 35, 15, 390, 343, 57.9247, 64.7688,7, 6
32, 35, 16, 390, 371, 155.975, 155.975,17, 17
32, 35, 17, 390, 376, 112.26, 129.693,13, 11
32, 35, 18, 390, 334, 118.051, 118.051,14, 14
32, 35, 19, 390, 390, 23.4889, 23.4889,3, 3
32, 35, 20, 390, 441, 40.9312, 40.9312,5, 5
32, 35, 21, 390, 334, 30.5082, 30.5082,2, 2
32, 35, 22, 390, 369, 79.8142, 79.8142,8, 8
32, 35, 23, 390, 484, 166.32, 188.746,18, 15
32, 35, 24, 390, 418, 133.891, 183.862,20, 14
32, 35, 25, 390, 459, 136.502, 151.1,16, 14
32, 35, 26, 390, 487, 22.6866, 22.6866,3, 3
32, 35, 27, 390, 361, 29.0137, 37.8826,4, 3
32, 35, 28, 390, 395, 100.167, 100.167,9, 9
32, 35, 29, 390, 486, 31.1995, 31.1995,4, 4
32, 35, 30, 390, 433, 0, 0,0, 0
32, 35, 31, 390, 357, 24.9236, 24.9236,3, 3
32, 35, 32, 390, 485, 205.365, 236.851,27, 23
32, 35, 33, 390, 450, 235.725, 277.966,35, 29
32, 35, 34, 390, 350, 327.014, 374.152,43, 37
32, 35, 36, 390, 412, 146.766, 191.25,24, 18
32, 35, 37, 390, 513, 105.274, 120.177,13, 11
32, 35, 38, 390, 463, 402.681, 508.737,58, 44
32, 35, 39, 390, 420, 692.278, 890.386,95, 70
32, 35, 40, 390, 422, 0, 0,0, 0
32, 35, 41, 390, 378, 13.6755, 13.6755,2, 2
32, 35, 42, 390, 403, 51.5744, 72.1702,9, 6
32, 35, 43, 390, 418, 299.232, 441.569,52, 33
32, 35, 44, 390, 395, 36.9404, 36.9404,5, 5
32, 35, 45, 390, 448, 291.522, 369.797,42, 32
32, 35, 46, 390, 444, 85.6199, 92.6512,12, 11
32, 35, 47, 390, 432, 218.996, 297.316,32, 22
32, 36, 1, 412, 311, 13.644, 13.644,2, 2
32, 36, 2, 412, 342, 111.295, 123.74,13, 12
32, 36, 3, 412, 268, 24.1391, 24.1391,3, 3
32, 36, 4, 412, 482, 46.8431, 75.8606,7, 4
32, 36, 5, 412, 516, 170.012, 179.024,20, 19
32, 36, 6, 412, 478, 172.147, 236.46,27, 19
32, 36, 7, 412, 394, 152.398, 152.398,17, 17
32, 36, 8, 412, 362, 91.5812, 116.576,13, 10
32, 36, 9, 412, 399, 90.1396, 118.153,13, 10
32, 36, 10, 412, 430, 209.483, 246.331,27, 23
32, 36, 11, 412, 454, 447.243, 514.239,55, 48
32, 36, 12, 412, 442, 493.643, 624.33,61, 46
32, 36, 13, 412, 490, 242.692, 264.576,29, 26
32, 36, 14, 412, 408, 86.6143, 100.566,12, 10
32, 36, 15, 412, 343, 126.766, 133.436,15, 14
32, 36, 16, 412, 371, 76.9052, 84.1096,10, 9
32, 36, 17, 412, 376, 121.045, 129.533,15, 14
32, 36, 18, 412, 334, 166.644, 175.67,18, 17
32, 36, 19, 412, 390, 117.364, 125.733,15, 14
32, 36, 20, 412, 441, 177.078, 192.414,20, 18
32, 36, 21, 412, 334, 107.187, 125.347,14, 12
32, 36, 22, 412, 369, 114.693, 132.006,15, 13
32, 36, 23, 412, 484, 36.8081, 43.9148,5, 4
32, 36, 24, 412, 418, 31.0312, 37.7579,5, 4
32, 36, 25, 412, 459, 132.907, 141.834,17, 16
32, 36, 26, 412, 487, 55.3912, 63.5195,8, 7
32, 36, 27, 412, 361, 59.3101, 59.3101,6, 6
32, 36, 28, 412, 395, 187.118, 202.784,20, 18
32, 36, 29, 412, 486, 98.6531, 105.596,11, 10
32, 36, 30, 412, 433, 97.0875, 113.118,14, 12
32, 36, 31, 412, 357, 84.0711, 84.0711,10, 10
32, 36, 32, 412, 485, 63.6735, 70.4128,9, 8
32, 36, 33, 412, 450, 113.642, 120.923,14, 13
32, 36, 34, 412, 350, 543.057, 597.927,70, 63
32, 36, 35, 412, 390, 170.549, 191.25,24, 21
32, 36, 37, 412, 513, 59.0285, 65.7157,8, 7
32, 36, 38, 412, 463, 29.2893, 29.2893,2, 2
32, 36, 39, 412, 420, 374.657, 413.404,44, 40
32, 36, 40, 412, 422, 112.974, 141.782,17, 13
32, 36, 41, 412, 378, 206.749, 222.347,26, 24
32, 36, 42, 412, 403, 212.257, 258.801,30, 24
32, 36, 43, 412, 418, 80.7615, 80.7615,10, 10
32, 36, 44, 412, 395, 145.185, 145.185,17, 17
32, 36, 45, 412, 448, 140.91, 192.784,23, 17
32, 36, 46, 412, 444, 161.944, 191.965,23, 19
32, 36, 47, 412, 432, 135.502, 185.466,20, 14
32, 37, 1, 513, 311, 86.8921, 86.8921,10, 10
32, 37, 2, 513, 342, 48.4613, 64.9921,6, 4
32, 37, 3, 513, 268, 76.7107, 85.3154,8, 7
32, 37, 4, 513, 482, 21.1767, 38.0755,4, 2
32, 37, 5, 513, 516, 48.2911, 48.2911,6, 6
32, 37, 6, 513, 478, 64.7765, 87.9321,11, 8
32, 37, 7, 513, 394, 493.493, 529.651,57, 53
32, 37, 8, 513, 362, 104.352, 129.885,16, 13
32, 37, 9, 513, 399, 44.9171, 53.6848,7, 6
32, 37, 10, 513, 430, 73.7619, 87.9118,9, 7
32, 37, 11, 513, 454, 39.3277, 39.3277,5, 5
32, 37, 12, 513, 442, 44.1867, 50.9022,6, 5
32, 37, 13, 513, 490, 0, 0,0, 0
32, 37, 14, 513, 408, 845.098, 994.193,106, 89
32, 37, 15, 513, 343, 218.638, 218.638,24, 24
32, 37, 16, 513, 371, 239.788, 318.868,35, 26
32, 37, 17, 513, 376, 132.842, 163.503,18, 14
32, 37, 18, 513, 334, 60.7115, 60.7115,8, 8
32, 37, 19, 513, 390, 29.5464, 29.5464,4, 4
32, 37, 20, 513, 441, 405.522, 468.218,52, 44
32, 37, 21, 513, 334, 34.0505, 34.0505,3, 3
32, 37, 22, 513, 369, 73.0838, 81.4848,9, 8
32, 37, 23, 513, 484, 296.11, 334.707,40, 35
32, 37, 24, 513, 418, 224.385, 255.762,31, 27
32, 37, 25, 513, 459, 803.933, 900.617,92, 80
32, 37, 26, 513, 487, 17.6479, 17.6479,2, 2
32, 37, 27, 513, 361, 43.5626, 53.1087,6, 5
32, 37, 28, 513, 395, 78.1858, 94.0046,10, 8
32, 37, 29, 513, 486, 20.1244, 27.4731,3, 2
32, 37, 30, 513, 433, 23.2723, 23.2723,3, 3
32, 37, 31, 513, 357, 34.4163, 43.318,5, 4
32, 37, 32, 513, 485, 9139.67, 9822.34,375, 306
32, 37, 33, 513, 450, 0, 0,0, 0
32, 37, 34, 513, 350, 102.882, 102.882,13, 13
32, 37, 35, 513, 390, 112.884, 120.177,13, 12
32, 37, 36, 513, 412, 57.843, 65.716,8, 7
32, 37, 38, 513, 463, 31.5724, 55.6896,6, 3
32, 37, 39, 513, 420, 71.0926, 78.7961,10, 9
32, 37, 40, 513, 422, 0, 0,0, 0
32, 37, 41, 513, 378, 0, 0,0, 0
32, 37, 42, 513, 403, 6.79343, 6.79343,1, 1
32, 37, 43, 513, 418, 35.5998, 35.5998,4, 4
32, 37, 44, 513, 395, 39.7752, 59.5914,6, 4
32, 37, 45, 513, 448, 38.3192, 45.728,6, 5
32, 37, 46, 513, 444, 68.0409, 89.8195,12, 9
32, 37, 47, 513, 432, 119.958, 144.208,16, 13
32, 38, 1, 463, 311, 21.218, 21.218,3, 3
32, 38, 2, 463, 342, 47.2412, 71.0222,6, 4
32, 38, 3, 463, 268, 55.3888, 74.013,8, 6
32, 38, 4, 463, 482, 17.1115, 32.88,4, 2
32, 38, 5, 463, 516, 18.0941, 25.8974,3, 2
32, 38, 6, 463, 478, 290.04, 763.703,91, 31
32, 38, 7, 463, 394, 12.3089, 20.3531,2, 1
32, 38, 8, 463, 362, 7.20813, 7.20813,1, 1
32, 38, 9, 463, 399, 523.664, 1462.43,175, 58
32, 38, 10, 463, 430, 510.334, 1274.88,142, 49
32, 38, 11, 463, 454, 274.706, 698.89,83, 30
32, 38, 12, 463, 442, 53.1292, 85.2956,9, 5
32, 38, 13, 463, 490, 18.1357, 18.1357,2, 2
32, 38, 14, 463, 408, 11.5357, 20.3741,2, 1
32, 38, 15, 463, 343, 18.624, 30.2397,2, 1
32, 38, 16, 463, 371, 39.5042, 59.6423,6, 4
32, 38, 17, 463, 376, 24.8335, 38.978,3, 2
32, 38, 18, 463, 334, 10.3872, 18.2702,2, 1
32, 38, 19, 463, 390, 0, 0,0, 0
32, 38, 20, 463, 441, 20.712, 32.2798,3, 2
32, 38, 21, 463, 334, 22.8447, 31.4275,3, 2
32, 38, 22, 463, 369, 17.8186, 32.1269,2, 1
32, 38, 23, 463, 484, 13.742, 24.4475,2, 1
32, 38, 24, 463, 418, 33.188, 50.9477,6, 4
32, 38, 25, 463, 459, 22.5598, 32.1215,3, 2
32, 38, 26, 463, 487, 8.19882, 8.19882,1, 1
32, 38, 27, 463, 361, 49.6993, 61.7505,5, 4
32, 38, 28, 463, 395, 50.0002, 78.8275,6, 4
32, 38, 29, 463, 486, 347.698, 499.255,60, 40
32, 38, 30, 463, 433, 45.4057, 66.8584,8, 5
32, 38, 31, 463, 357, 29.5251, 29.5251,4, 4
32, 38, 32, 463, 485, 59.2743, 84.2123,9, 6
32, 38, 33, 463, 450, 1083.28, 2304.44,263, 109
32, 38, 34, 463, 350, 43.0408, 53.0742,5, 4
32, 38, 35, 463, 390, 253.526, 508.737,58, 27
32, 38, 36, 463, 412, 19.0255, 29.2881,2, 1
32, 38, 37, 463, 513, 38.6181, 55.6894,6, 4
32, 38, 39, 463, 420, 549.018, 1233.27,139, 56
32, 38, 40, 463, 422, 23.1168, 23.1168,3, 3
32, 38, 41, 463, 378, 61.849, 78.628,10, 8
32, 38, 42, 463, 403, 133.713, 217.389,27, 16
32, 38, 43, 463, 418, 721.553, 1734.09,200, 75
32, 38, 44, 463, 395, 10.4176, 18.3388,2, 1
32, 38, 45, 463, 448, 327.415, 891.554,106, 35
32, 38, 46, 463, 444, 26.5472, 49.734,6, 3
32, 38, 47, 463, 432, 126.471, 325.723,41, 15
32, 39, 1, 420, 311, 31.3956, 31.3956,4, 4
32, 39, 2, 420, 342, 59.0248, 65.7381,7, 6
32, 39, 3, 420, 268, 35.7309, 35.7309,4, 4
32, 39, 4, 420, 482, 16.4186, 16.4186,2, 2
32, 39, 5, 420, 516, 45.0988, 45.0988,5, 5
32, 39, 6, 420, 478, 417.277, 807.616,89, 41
32, 39, 7, 420, 394, 14.835, 14.835,2, 2
32, 39, 8, 420, 362, 13.9284, 13.9284,2, 2
32, 39, 9, 420, 399, 642.993, 1155.79,129, 67
32, 39, 10, 420, 430, 856.847, 1418.53,163, 92
32, 39, 11, 420, 454, 614.451, 1022.22,119, 66
32, 39, 12, 420, 442, 118.021, 125.212,15, 14
32, 39, 13, 420, 490, 31.0662, 31.0662,4, 4
32, 39, 14, 420, 408, 74.8681, 82.9585,10, 9
32, 39, 15, 420, 343, 19.3147, 19.3147,2, 2
32, 39, 16, 420, 371, 128.58, 142.098,18, 16
32, 39, 17, 420, 376, 81.9968, 81.9968,9, 9
32, 39, 18, 420, 334, 56.1909, 56.1909,8, 8
32, 39, 19, 420, 390, 14.0544, 14.0544,2, 2
32, 39, 20, 420, 441, 20.4021, 20.4021,2, 2
32, 39, 21, 420, 334, 29.1218, 29.1218,3, 3
32, 39, 22, 420, 369, 96.5558, 104.78,10, 9
32, 39, 23, 420, 484, 63.0507, 76.736,8, 6
32, 39, 24, 420, 418, 127.727, 142.985,16, 14
32, 39, 25, 420, 459, 78.8787, 85.9799,10, 9
32, 39, 26, 420, 487, 0, 0,0, 0
32, 39, 27, 420, 361, 66.3626, 74.8495,9, 8
32, 39, 28, 420, 395, 45.9429, 45.9429,2, 2
32, 39, 29, 420, 486, 73.1603, 146.072,18, 9
32, 39, 30, 420, 433, 15.3472, 22.2349,3, 2
32, 39, 31, 420, 357, 29.9318, 43.5119,6, 4
32, 39, 32, 420, 485, 73.8023, 73.8023,9, 9
32, 39, 33, 420, 450, 549.939, 959.273,109, 58
32, 39, 34, 420, 350, 261.198, 276.355,33, 31
32, 39, 35, 420, 390, 640.423, 890.384,95, 64
32, 39, 36, 420, 412, 405.638, 413.404,44, 43
32, 39, 37, 420, 513, 71.8244, 78.7962,10, 9
32, 39, 38, 420, 463, 716.614, 1233.27,139, 74
32, 39, 40, 420, 422, 23.5362, 23.5362,3, 3
32, 39, 41, 420, 378, 25.0895, 31.8949,4, 3
32, 39, 42, 420, 403, 88.129, 110.406,13, 10
32, 39, 43, 420, 418, 524.175, 916.543,105, 55
32, 39, 44, 420, 395, 48.639, 55.7207,7, 6
32, 39, 45, 420, 448, 518.008, 925.893,108, 57
32, 39, 46, 420, 444, 84.6348, 91.6289,11, 10
32, 39, 47, 420, 432, 239.852, 433.272,50, 26
32, 40, 1, 422, 311, 7.54868, 7.54868,1, 1
32, 40, 2, 422, 342, 23.0105, 30.2139,4, 3
32, 40, 3, 422, 268, 0, 0,0, 0
32, 40, 4, 422, 482, 13.7404, 13.7404,2, 2
32, 40, 5, 422, 516, 61.1576, 61.1576,8, 8
32, 40, 6, 422, 478, 48.0579, 48.0579,6, 6
32, 40, 7, 422, 394, 46.5558, 46.5558,5, 5
32, 40, 8, 422, 362, 140.638, 159.315,17, 15
32, 40, 9, 422, 399, 7.46779, 7.46779,1, 1
32, 40, 10, 422, 430, 15.838, 23.1643,3, 2
32, 40, 11, 422, 454, 71.9304, 71.9304,9, 9
32, 40, 12, 422, 442, 140.164, 153.828,19, 17
32, 40, 13, 422, 490, 191.373, 213.993,24, 21
32, 40, 14, 422, 408, 0, 0,0, 0
32, 40, 15, 422, 343, 56.3731, 64.1469,7, 6
32, 40, 16, 422, 371, 0, 0,0, 0
32, 40, 17, 422, 376, 29.9089, 37.3446,5, 4
32, 40, 18, 422, 334, 50.8903, 50.8903,6, 6
32, 40, 19, 422, 390, 170.469, 177.176,20, 19
32, 40, 20, 422, 441, 49.1677, 59.6307,7, 6
32, 40, 21, 422, 334, 71.5722, 80.9522,8, 7
32, 40, 22, 422, 369, 42.9654, 42.9654,6, 6
32, 40, 23, 422, 484, 0, 0,0, 0
32, 40, 24, 422, 418, 0, 0,0, 0
32, 40, 25, 422, 459, 53.4242, 60.8182,7, 6
32, 40, 26, 422, 487, 37.891, 37.891,5, 5
32, 40, 27, 422, 361, 7.6038, 7.6038,1, 1
32, 40, 28, 422, 395, 33.049, 33.049,4, 4
32, 40, 29, 422, 486, 296.767, 335.72,38, 33
32, 40, 30, 422, 433, 142.288, 164.53,19, 16
32, 40, 31, 422, 357, 55.6413, 62.665,6, 5
32, 40, 32, 422, 485, 0, 0,0, 0
32, 40, 33, 422, 450, 104.855, 104.855,12, 12
32, 40, 34, 422, 350, 97.7608, 109.861,12, 11
32, 40, 35, 422, 390, 0, 0,0, 0
32, 40, 36, 422, 412, 133.13, 141.782,17, 16
32, 40, 37, 422, 513, 0, 0,0, 0
32, 40, 38, 422, 463, 23.1169, 23.1169,3, 3
32, 40, 39, 422, 420, 16.5779, 23.5363,3, 2
32, 40, 41, 422, 378, 1104.81, 1252.91,126, 107
32, 40, 42, 422, 403, 639.412, 664.889,71, 68
32, 40, 43, 422, 418, 260.094, 260.094,30, 30
32, 40, 44, 422, 395, 49.019, 49.019,6, 6
32, 40, 45, 422, 448, 17.1986, 25.8143,3, 2
32, 40, 46, 422, 444, 48.6997, 48.6997,5, 5
32, 40, 47, 422, 432, 69.6715, 69.6715,7, 7
32, 41, 1, 378, 311, 0, 0,0, 0
32, 41, 2, 378, 342, 92.4429, 92.4429,11, 11
32, 41, 3, 378, 268, 0, 0,0, 0
32, 41, 4, 378, 482, 6.68091, 6.68091,1, 1
32, 41, 5, 378, 516, 107.356, 107.356,13, 13
32, 41, 6, 378, 478, 73.4152, 73.4152,9, 9
32, 41, 7, 378, 394, 64.3512, 64.3512,7, 7
32, 41, 8, 378, 362, 106.521, 116.984,12, 11
32, 41, 9, 378, 399, 0, 0,0, 0
32, 41, 10, 378, 430, 28.6466, 36.4137,4, 3
32, 41, 11, 378, 454, 112.133, 112.133,12, 12
32, 41, 12, 378, 442, 253.884, 268.102,30, 28
32, 41, 13, 378, 490, 145.889, 153.431,18, 17
32, 41, 14, 378, 408, 17.8181, 17.8181,2, 2
32, 41, 15, 378, 343, 80.3943, 80.3943,10, 10
32, 41, 16, 378, 371, 0, 0,0, 0
32, 41, 17, 378, 376, 42.9574, 42.9574,5, 5
32, 41, 18, 378, 334, 78.7548, 78.7548,10, 10
32, 41, 19, 378, 390, 142.611, 142.611,16, 16
32, 41, 20, 378, 441, 87.2437, 87.2437,10, 10
32, 41, 21, 378, 334, 95.5516, 95.5516,10, 10
32, 41, 22, 378, 369, 62.4167, 62.4167,8, 8
32, 41, 23, 378, 484, 8.36479, 8.36479,1, 1
32, 41, 24, 378, 418, 0, 0,0, 0
32, 41, 25, 378, 459, 73.8675, 73.8675,7, 7
32, 41, 26, 378, 487, 62.2833, 62.2833,8, 8
32, 41, 27, 378, 361, 40.7598, 48.524,6, 5
32, 41, 28, 378, 395, 88.3087, 88.3087,9, 9
32, 41, 29, 378, 486, 331.757, 345.786,39, 37
32, 41, 30, 378, 433, 128.348, 136.138,15, 14
32, 41, 31, 378, 357, 32.7306, 32.7306,4, 4
32, 41, 32, 378, 485, 0, 0,0, 0
32, 41, 33, 378, 450, 251.718, 258.581,28, 27
32, 41, 34, 378, 350, 115.464, 115.464,14, 14
32, 41, 35, 378, 390, 13.6756, 13.6756,2, 2
32, 41, 36, 378, 412, 215.27, 222.346,26, 25
32, 41, 37, 378, 513, 0, 0,0, 0
32, 41, 38, 378, 463, 78.6277, 78.6277,10, 10
32, 41, 39, 378, 420, 31.8949, 31.8949,4, 4
32, 41, 40, 378, 422, 1124.55, 1252.91,126, 111
32, 41, 42, 378, 403, 890.262, 979.21,95, 86
32, 41, 43, 378, 418, 441.851, 464.958,52, 49
32, 41, 44, 378, 395, 81.9958, 81.9958,9, 9
32, 41, 45, 378, 448, 18.4458, 25.5023,3, 2
32, 41, 46, 378, 444, 23.3501, 23.3501,3, 3
32, 41, 47, 378, 432, 20.6391, 20.6391,2, 2
32, 42, 1, 403, 311, 6.76234, 6.76234,1, 1
32, 42, 2, 403, 342, 84.8523, 93.1046,11, 10
32, 42, 3, 403, 268, 12.2949, 12.2949,1, 1
32, 42, 4, 403, 482, 14.6684, 14.6684,2, 2
32, 42, 5, 403, 516, 55.9128, 63.2489,7, 6
32, 42, 6, 403, 478, 84.3884, 99.6752,12, 10
32, 42, 7, 403, 394, 76.7025, 83.9042,10, 9
32, 42, 8, 403, 362, 111.414, 126.296,15, 13
32, 42, 9, 403, 399, 71.2404, 78.0461,10, 9
32, 42, 10, 403, 430, 114.029, 120.751,16, 15
32, 42, 11, 403, 454, 317.687, 364.719,41, 35
32, 42, 12, 403, 442, 254.849, 284.925,32, 28
32, 42, 13, 403, 490, 154.304, 169.315,18, 16
32, 42, 14, 403, 408, 14.5142, 14.5142,2, 2
32, 42, 15, 403, 343, 92.5365, 99.3111,11, 10
32, 42, 16, 403, 371, 7.05371, 7.05371,1, 1
32, 42, 17, 403, 376, 31.5744, 31.5744,4, 4
32, 42, 18, 403, 334, 172.34, 186.877,19, 17
32, 42, 19, 403, 390, 156.477, 179.818,21, 18
32, 42, 20, 403, 441, 105.376, 119.805,14, 12
32, 42, 21, 403, 334, 107.148, 124.597,15, 13
32, 42, 22, 403, 369, 90.4276, 97.3264,11, 10
32, 42, 23, 403, 484, 15.2154, 22.3843,3, 2
32, 42, 24, 403, 418, 23.6292, 23.6292,3, 3
32, 42, 25, 403, 459, 110.135, 124.934,15, 13
32, 42, 26, 403, 487, 47.8203, 47.8203,6, 6
32, 42, 27, 403, 361, 28.2524, 35.6621,4, 3
32, 42, 28, 403, 395, 126.366, 159.78,19, 15
32, 42, 29, 403, 486, 365.202, 440.111,49, 40
32, 42, 30, 403, 433, 151.966, 158.881,20, 19
32, 42, 31, 403, 357, 105.741, 113.708,13, 12
32, 42, 32, 403, 485, 28.6128, 28.6128,4, 4
32, 42, 33, 403, 450, 362.985, 441.128,51, 41
32, 42, 34, 403, 350, 149.395, 156.549,17, 16
32, 42, 35, 403, 390, 72.1704, 72.1704,9, 9
32, 42, 36, 403, 412, 236.211, 258.8,30, 27
32, 42, 37, 403, 513, 6.7934, 6.7934,1, 1
32, 42, 38, 403, 463, 196.148, 217.388,27, 24
32, 42, 39, 403, 420, 110.406, 110.406,13, 13
32, 42, 40, 403, 422, 626.199, 664.883,71, 66
32, 42, 41, 403, 378, 871.884, 979.207,95, 82
32, 42, 43, 403, 418, 912.097, 1097.58,119, 97
32, 42, 44, 403, 395, 78.8688, 78.8688,9, 9
32, 42, 45, 403, 448, 31.4691, 31.4691,4, 4
32, 42, 46, 403, 444, 99.0963, 113.102,13, 11
32, 42, 47, 403, 432, 137.506, 162.06,18, 15
32, 43, 1, 418, 311, 7.35296, 7.35296,1, 1
32, 43, 2, 418, 342, 49.4934, 70.7582,9, 6
32, 43, 3, 418, 268, 23.1772, 23.1772,3, 3
32, 43, 4, 418, 482, 14.1754, 14.1754,2, 2
32, 43, 5, 418, 516, 68.4516, 68.4516,8, 8
32, 43, 6, 418, 478, 283.115, 587.418,70, 31
32, 43, 7, 418, 394, 118.242, 125.738,13, 12
32, 43, 8, 418, 362, 36.4214, 43.6303,5, 4
32, 43, 9, 418, 399, 486.905, 936.475,108, 52
32, 43, 10, 418, 430, 493.878, 872.87,106, 56
32, 43, 11, 418, 454, 384.396, 697.842,81, 41
32, 43, 12, 418, 442, 128.347, 143.056,15, 13
32, 43, 13, 418, 490, 50.8399, 50.8399,7, 7
32, 43, 14, 418, 408, 32.6559, 32.6559,4, 4
32, 43, 15, 418, 343, 47.3428, 54.7495,7, 6
32, 43, 16, 418, 371, 7.87758, 7.87758,1, 1
32, 43, 17, 418, 376, 62.5743, 62.5743,8, 8
32, 43, 18, 418, 334, 41.68, 49.1372,6, 5
32, 43, 19, 418, 390, 72.9592, 79.8349,10, 9
32, 43, 20, 418, 441, 16.5375, 16.5375,2, 2
32, 43, 21, 418, 334, 25.3017, 32.0005,4, 3
32, 43, 22, 418, 369, 55.6474, 62.5364,7, 6
32, 43, 23, 418, 484, 7.74525, 7.74525,1, 1
32, 43, 24, 418, 418, 36.1895, 43.2993,6, 5
32, 43, 25, 418, 459, 48.6214, 48.6214,6, 6
32, 43, 26, 418, 487, 10.7875, 10.7875,1, 1
32, 43, 27, 418, 361, 92.6096, 99.7858,12, 11
32, 43, 28, 418, 395, 113.892, 127.999,16, 14
32, 43, 29, 418, 486, 225.955, 271.203,32, 26
32, 43, 30, 418, 433, 67.0844, 80.9048,10, 8
32, 43, 31, 418, 357, 86.1731, 100.864,12, 10
32, 43, 32, 418, 485, 19.6453, 19.6453,2, 2
32, 43, 33, 418, 450, 898.157, 1661.6,186, 90
32, 43, 34, 418, 350, 69.8923, 77.7531,9, 8
32, 43, 35, 418, 390, 258.325, 441.569,52, 29
32, 43, 36, 418, 412, 73.3785, 80.7616,10, 9
32, 43, 37, 418, 513, 35.6, 35.6,4, 4
32, 43, 38, 418, 463, 938.039, 1734.09,200, 98
32, 43, 39, 418, 420, 530.555, 916.544,105, 56
32, 43, 40, 418, 422, 237.68, 260.094,30, 27
32, 43, 41, 418, 378, 408.359, 464.958,52, 45
32, 43, 42, 418, 403, 801.696, 1097.58,119, 85
32, 43, 44, 418, 395, 51.6052, 51.6052,6, 6
32, 43, 45, 418, 448, 303.628, 558.349,68, 34
32, 43, 46, 418, 444, 99.2669, 116.078,13, 11
32, 43, 47, 418, 432, 229.335, 388.77,43, 23
32, 44, 1, 395, 311, 30.5137, 30.5137,4, 4
32, 44, 2, 395, 342, 67.7926, 67.7926,8, 8
32, 44, 3, 395, 268, 24.9488, 24.9488,3, 3
32, 44, 4, 395, 482, 14.8518, 14.8518,2, 2
32, 44, 5, 395, 516, 402.844, 449.072,46, 40
32, 44, 6, 395, 478, 454.735, 509.521,57, 51
32, 44, 7, 395, 394, 68.7285, 68.7285,7, 7
32, 44, 8, 395, 362, 35.3205, 35.3205,4, 4
32, 44, 9, 395, 399, 0, 0,0, 0
32, 44, 10, 395, 430, 30.0957, 30.0957,4, 4
32, 44, 11, 395, 454, 79.4987, 86.4666,10, 9
32, 44, 12, 395, 442, 171.681, 179.176,18, 17
32, 44, 13, 395, 490, 90.3522, 90.3522,7, 7
32, 44, 14, 395, 408, 74.0522, 74.0522,9, 9
32, 44, 15, 395, 343, 95.0457, 95.0457,12, 12
32, 44, 16, 395, 371, 35.9339, 35.9339,4, 4
32, 44, 17, 395, 376, 71.5741, 71.5741,9, 9
32, 44, 18, 395, 334, 77.2872, 77.2872,9, 9
32, 44, 19, 395, 390, 63.79, 63.79,7, 7
32, 44, 20, 395, 441, 77.2284, 77.2284,8, 8
32, 44, 21, 395, 334, 210.448, 217.522,25, 24
32, 44, 22, 395, 369, 200.571, 240.106,29, 24
32, 44, 23, 395, 484, 45.5187, 45.5187,6, 6
32, 44, 24, 395, 418, 54.6884, 54.6884,7, 7
32, 44, 25, 395, 459, 75.7151, 75.7151,9, 9
32, 44, 26, 395, 487, 99.9341, 116.627,13, 11
32, 44, 27, 395, 361, 20.6519, 20.6519,2, 2
32, 44, 28, 395, 395, 53.2535, 53.2535,6, 6
32, 44, 29, 395, 486, 78.8773, 78.8773,8, 8
32, 44, 30, 395, 433, 64.9559, 64.9559,7, 7
32, 44, 31, 395, 357, 44.2465, 44.2465,4, 4
32, 44, 32, 395, 485, 49.0594, 58.0591,6, 5
32, 44, 33, 395, 450, 45.431, 45.431,5, 5
32, 44, 34, 395, 350, 183.963, 201.776,24, 22
32, 44, 35, 395, 390, 36.9405, 36.9405,5, 5
32, 44, 36, 395, 412, 145.185, 145.185,17, 17
32, 44, 37, 395, 513, 43.1528, 59.5914,6, 4
32, 44, 38, 395, 463, 18.3388, 18.3388,2, 2
32, 44, 39, 395, 420, 48.639, 55.7207,7, 6
32, 44, 40, 395, 422, 49.0191, 49.0191,6, 6
32, 44, 41, 395, 378, 81.9966, 81.9966,9, 9
32, 44, 42, 395, 403, 78.8687, 78.8687,9, 9
32, 44, 43, 395, 418, 51.605, 51.605,6, 6
32, 44, 45, 395, 448, 312.792, 335.957,38, 35
32, 44, 46, 395, 444, 923.58, 1002.63,100, 90
32, 44, 47, 395, 432, 192.109, 245.91,26, 19
32, 45, 1, 448, 311, 13.5754, 13.5754,2, 2
32, 45, 2, 448, 342, 7.3055, 7.3055,1, 1
32, 45, 3, 448, 268, 13.7698, 13.7698,2, 2
32, 45, 4, 448, 482, 28.6183, 58.3819,7, 3
32, 45, 5, 448, 516, 76.6747, 83.349,10, 9
32, 45, 6, 448, 478, 734.094, 1287.79,143, 75
32, 45, 7, 448, 394, 0, 0,0, 0
32, 45, 8, 448, 362, 21.2891, 28.757,4, 3
32, 45, 9, 448, 399, 538.294, 1028.53,123, 60
32, 45, 10, 448, 430, 471.811, 753.955,85, 51
32, 45, 11, 448, 454, 357.017, 594.165,73, 43
32, 45, 12, 448, 442, 105.07, 194.615,21, 10
32, 45, 13, 448, 490, 50.8929, 73.8421,8, 5
32, 45, 14, 448, 408, 60.8303, 67.7395,9, 8
32, 45, 15, 448, 343, 8.16251, 8.16251,1, 1
32, 45, 16, 448, 371, 43.1291, 43.1291,6, 6
32, 45, 17, 448, 376, 29.1589, 29.1589,4, 4
32, 45, 18, 448, 334, 0, 0,0, 0
32, 45, 19, 448, 390, 7.30444, 7.30444,1, 1
32, 45, 20, 448, 441, 8.74444, 8.74444,1, 1
32, 45, 21, 448, 334, 14.8594, 14.8594,2, 2
32, 45, 22, 448, 369, 88.8445, 110.576,13, 10
32, 45, 23, 448, 484, 103.604, 111.29,14, 13
32, 45, 24, 448, 418, 134.756, 161.745,19, 16
32, 45, 25, 448, 459, 40.5837, 40.5837,5, 5
32, 45, 26, 448, 487, 6.68618, 6.68618,1, 1
32, 45, 27, 448, 361, 14.6443, 14.6443,2, 2
32, 45, 28, 448, 395, 6.95225, 6.95225,1, 1
32, 45, 29, 448, 486, 51.9036, 83.2994,11, 7
32, 45, 30, 448, 433, 0, 0,0, 0
32, 45, 31, 448, 357, 7.33624, 7.33624,1, 1
32, 45, 32, 448, 485, 86.7072, 101.159,13, 11
32, 45, 33, 448, 450, 366.727, 687.905,83, 43
32, 45, 34, 448, 350, 67.1956, 74.3495,9, 8
32, 45, 35, 448, 390, 251.353, 369.798,42, 28
32, 45, 36, 448, 412, 128.848, 192.783,23, 15
32, 45, 37, 448, 513, 38.2649, 45.7279,6, 5
32, 45, 38, 448, 463, 421.084, 891.557,106, 48
32, 45, 39, 448, 420, 497.307, 925.894,108, 55
32, 45, 40, 448, 422, 25.8143, 25.8143,3, 3
32, 45, 41, 448, 378, 16.5046, 25.5024,3, 2
32, 45, 42, 448, 403, 24.0551, 31.4692,4, 3
32, 45, 43, 448, 418, 256.054, 558.349,68, 29
32, 45, 44, 448, 395, 306.269, 335.958,38, 35
32, 45, 46, 448, 444, 601.054, 782.092,80, 60
32, 45, 47, 448, 432, 430.521, 645.961,72, 46
32, 46, 1, 444, 311, 7.44289, 7.44289,1, 1
32, 46, 2, 444, 342, 34.4471, 34.4471,4, 4
32, 46, 3, 444, 268, 32.3877, 61.5145,8, 4
32, 46, 4, 444, 482, 32.5925, 53.8934,7, 4
32, 46, 5, 444, 516, 263.205, 315.984,35, 28
32, 46, 6, 444, 478, 713.508, 920.445,105, 79
32, 46, 7, 444, 394, 74.4238, 83.594,10, 9
32, 46, 8, 444, 362, 28.4208, 28.4208,4, 4
32, 46, 9, 444, 399, 72.465, 100.98,12, 8
32, 46, 10, 444, 430, 106.814, 129.126,15, 12
32, 46, 11, 444, 454, 241.017, 280.71,32, 27
32, 46, 12, 444, 442, 202.066, 342.929,39, 22
32, 46, 13, 444, 490, 90.8946, 143.371,15, 9
32, 46, 14, 444, 408, 82.496, 82.496,9, 9
32, 46, 15, 444, 343, 73.3741, 81.0774,9, 8
32, 46, 16, 444, 371, 87.039, 87.039,10, 10
32, 46, 17, 444, 376, 48.2952, 48.2952,6, 6
32, 46, 18, 444, 334, 58.3481, 58.3481,7, 7
32, 46, 19, 444, 390, 31.0561, 31.0561,4, 4
32, 46, 20, 444, 441, 74.771, 74.771,9, 9
32, 46, 21, 444, 334, 124.914, 131.602,14, 13
32, 46, 22, 444, 369, 173.793, 221.353,26, 20
32, 46, 23, 444, 484, 79.0544, 79.0544,9, 9
32, 46, 24, 444, 418, 62.4769, 62.4769,8, 8
32, 46, 25, 444, 459, 68.5199, 68.5199,9, 9
32, 46, 26, 444, 487, 71.2744, 86.2461,11, 9
32, 46, 27, 444, 361, 20.4754, 27.2026,3, 2
32, 46, 28, 444, 395, 50.091, 50.091,5, 5
32, 46, 29, 444, 486, 60.7841, 78.2094,9, 7
32, 46, 30, 444, 433, 44.9122, 52.5365,7, 6
32, 46, 31, 444, 357, 22.6975, 22.6975,3, 3
32, 46, 32, 444, 485, 74.6453, 88.5858,12, 10
32, 46, 33, 444, 450, 40.8384, 40.8384,5, 5
32, 46, 34, 444, 350, 194.035, 207.857,25, 23
32, 46, 35, 444, 390, 92.6511, 92.6511,12, 12
32, 46, 36, 444, 412, 145.086, 191.965,23, 17
32, 46, 37, 444, 513, 82.1314, 89.8195,12, 11
32, 46, 38, 444, 463, 49.7344, 49.7344,6, 6
32, 46, 39, 444, 420, 91.6289, 91.6289,11, 11
32, 46, 40, 444, 422, 48.6996, 48.6996,5, 5
32, 46, 41, 444, 378, 23.3501, 23.3501,3, 3
32, 46, 42, 444, 403, 106.317, 113.1,13, 12
32, 46, 43, 444, 418, 107.106, 116.078,13, 12
32, 46, 44, 444, 395, 860.031, 1002.63,100, 83
32, 46, 45, 444, 448, 643.726, 782.093,80, 63
32, 46, 47, 444, 432, 406.128, 490.999,51, 42
32, 47, 1, 432, 311, 18.2411, 27.4599,3, 2
32, 47, 2, 432, 342, 53.5639, 85.8161,9, 5
32, 47, 3, 432, 268, 17.6995, 25.1266,3, 2
32, 47, 4, 432, 482, 32.1761, 39.0011,5, 4
32, 47, 5, 432, 516, 100.703, 109.725,13, 12
32, 47, 6, 432, 478, 517.908, 722.483,77, 55
32, 47, 7, 432, 394, 59.0738, 82.7317,10, 7
32, 47, 8, 432, 362, 72.8887, 80.3936,10, 9
32, 47, 9, 432, 399, 234.19, 277.243,34, 28
32, 47, 10, 432, 430, 262.693, 305.572,37, 31
32, 47, 11, 432, 454, 242.768, 353.387,41, 28
32, 47, 12, 432, 442, 106.622, 156.571,17, 11
32, 47, 13, 432, 490, 46.4508, 76.4649,8, 5
32, 47, 14, 432, 408, 116.583, 147.113,16, 13
32, 47, 15, 432, 343, 79.7274, 86.4261,11, 10
32, 47, 16, 432, 371, 58.1337, 86.5373,10, 6
32, 47, 17, 432, 376, 46.6585, 62.166,7, 5
32, 47, 18, 432, 334, 45.6754, 72.2017,8, 5
32, 47, 19, 432, 390, 53.0864, 68.0065,8, 6
32, 47, 20, 432, 441, 55.1436, 77.1968,8, 6
32, 47, 21, 432, 334, 90.3927, 101.875,10, 9
32, 47, 22, 432, 369, 249.834, 362.704,37, 24
32, 47, 23, 432, 484, 256.986, 320.166,36, 28
32, 47, 24, 432, 418, 178.97, 211.956,26, 22
32, 47, 25, 432, 459, 78.4216, 118.608,10, 6
32, 47, 26, 432, 487, 61.4357, 82.6396,10, 7
32, 47, 27, 432, 361, 19.8293, 30.544,3, 2
32, 47, 28, 432, 395, 97.8989, 149.292,15, 9
32, 47, 29, 432, 486, 83.2763, 116.195,14, 10
32, 47, 30, 432, 433, 30.6102, 37.5702,5, 4
32, 47, 31, 432, 357, 42.6025, 42.6025,5, 5
32, 47, 32, 432, 485, 98.631, 121.849,15, 12
32, 47, 33, 432, 450, 248.97, 325.887,40, 30
32, 47, 34, 432, 350, 101.404, 139.089,15, 11
32, 47, 35, 432, 390, 230.155, 297.317,32, 24
32, 47, 36, 432, 412, 132.334, 185.466,20, 14
32, 47, 37, 432, 513, 119.018, 144.208,16, 13
32, 47, 38, 432, 463, 266.393, 325.723,41, 33
32, 47, 39, 432, 420, 321.198, 433.272,50, 36
32, 47, 40, 432, 422, 59.1288, 69.6713,7, 6
32, 47, 41, 432, 378, 11.7003, 20.6389,2, 1
32, 47, 42, 432, 403, 124.935, 162.06,18, 14
32, 47, 43, 432, 418, 294.539, 388.77,43, 32
32, 47, 44, 432, 395, 181.583, 245.909,26, 19
32, 47, 45, 432, 448, 437.639, 645.961,72, 47
32, 47, 46, 432, 444, 361.446, 490.998,51, 37
