56, 1, 2, 120, 155, 106.804, 106.804,12, 12
56, 1, 3, 120, 117, 240.542, 260.814,28, 26
56, 1, 4, 120, 238, 19.0809, 37.3662,4, 2
56, 1, 5, 120, 210, 0, 0,0, 0
56, 1, 6, 120, 202, 6.85682, 6.85682,1, 1
56, 1, 7, 120, 160, 0, 0,0, 0
56, 1, 8, 120, 146, 0, 0,0, 0
56, 1, 9, 120, 204, 15.2256, 15.2256,2, 2
56, 1, 10, 120, 204, 6.88684, 6.88684,1, 1
56, 1, 11, 120, 202, 15.3079, 15.3079,2, 2
56, 1, 12, 120, 197, 16.4149, 16.4149,2, 2
56, 1, 13, 120, 197, 0, 0,0, 0
56, 1, 14, 120, 163, 10.156, 16.8986,2, 1
56, 1, 15, 120, 139, 7.26511, 7.26511,1, 1
56, 1, 16, 120, 132, 21.7664, 21.7664,3, 3
56, 1, 17, 120, 139, 37.8583, 45.0382,6, 5
56, 1, 18, 120, 146, 24.8871, 24.8871,3, 3
56, 1, 19, 120, 168, 0, 0,0, 0
56, 1, 20, 120, 189, 0, 0,0, 0
56, 1, 21, 120, 122, 6.89002, 6.89002,1, 1
56, 1, 22, 120, 153, 0, 0,0, 0
56, 1, 23, 120, 180, 15.8667, 15.8667,2, 2
56, 1, 24, 120, 145, 21.7155, 21.7155,3, 3
56, 1, 25, 120, 184, 6.86273, 6.86273,1, 1
56, 1, 26, 120, 207, 7.51979, 7.51979,1, 1
56, 1, 27, 120, 146, 61.7728, 68.6403,9, 8
56, 1, 28, 120, 180, 33.1359, 33.1359,4, 4
56, 1, 29, 120, 200, 0, 0,0, 0
56, 1, 30, 120, 187, 0, 0,0, 0
56, 1, 31, 120, 160, 29.419, 29.419,4, 4
56, 1, 32, 120, 190, 39.8747, 39.8747,5, 5
56, 1, 33, 120, 186, 0, 0,0, 0
56, 1, 34, 120, 148, 22.1367, 22.1367,3, 3
56, 1, 35, 120, 156, 6.80162, 6.80162,1, 1
56, 1, 36, 120, 179, 6.74689, 6.74689,1, 1
56, 1, 37, 120, 185, 15.7506, 15.7506,2, 2
56, 1, 38, 120, 209, 6.71123, 6.71123,1, 1
56, 1, 39, 120, 185, 24.6691, 24.6691,3, 3
56, 1, 40, 120, 173, 0, 0,0, 0
56, 1, 41, 120, 159, 0, 0,0, 0
56, 1, 42, 120, 147, 0, 0,0, 0
56, 1, 43, 120, 171, 0, 0,0, 0
56, 1, 44, 120, 150, 7.22942, 7.22942,1, 1
56, 1, 45, 120, 194, 6.88798, 6.88798,1, 1
56, 1, 46, 120, 176, 0, 0,0, 0
56, 1, 47, 120, 184, 0, 0,0, 0
56, 2, 1, 155, 120, 106.803, 106.803,12, 12
56, 2, 3, 155, 117, 224.136, 277.291,29, 23
56, 2, 4, 155, 238, 32.0475, 55.0841,5, 3
56, 2, 5, 155, 210, 7.95015, 7.95015,1, 1
56, 2, 6, 155, 202, 9.31357, 16.9761,2, 1
56, 2, 7, 155, 160, 26.3689, 34.2056,4, 3
56, 2, 8, 155, 146, 15.09, 15.09,2, 2
56, 2, 9, 155, 204, 0, 0,0, 0
56, 2, 10, 155, 204, 26.0513, 48.1487,4, 2
56, 2, 11, 155, 202, 0, 0,0, 0
56, 2, 12, 155, 197, 24.9074, 40.298,5, 3
56, 2, 13, 155, 197, 27.0341, 27.0341,3, 3
56, 2, 14, 155, 163, 24.057, 32.2009,3, 2
56, 2, 15, 155, 139, 25.117, 39.461,3, 2
56, 2, 16, 155, 132, 33.5575, 52.0246,5, 3
56, 2, 17, 155, 139, 62.6476, 76.6017,5, 4
56, 2, 18, 155, 146, 26.2819, 34.6401,4, 3
56, 2, 19, 155, 168, 30.7563, 30.7563,4, 4
56, 2, 20, 155, 189, 36.4668, 49.4761,4, 3
56, 2, 21, 155, 122, 33.2247, 44.629,5, 4
56, 2, 22, 155, 153, 81.583, 97.6877,8, 7
56, 2, 23, 155, 180, 27.4401, 37.0419,4, 3
56, 2, 24, 155, 145, 0, 0,0, 0
56, 2, 25, 155, 184, 67.5183, 80.4319,7, 6
56, 2, 26, 155, 207, 14.3331, 14.3331,2, 2
56, 2, 27, 155, 146, 84.7431, 103.461,12, 10
56, 2, 28, 155, 180, 149.22, 196.337,18, 13
56, 2, 29, 155, 200, 21.9456, 21.9456,3, 3
56, 2, 30, 155, 187, 88.9322, 110.415,13, 10
56, 2, 31, 155, 160, 125.438, 156.962,18, 14
56, 2, 32, 155, 190, 36.5649, 68.8757,6, 3
56, 2, 33, 155, 186, 17.1172, 17.1172,2, 2
56, 2, 34, 155, 148, 49.2936, 60.5617,6, 5
56, 2, 35, 155, 156, 15.3014, 25.3617,2, 1
56, 2, 36, 155, 179, 45.4061, 54.4075,6, 5
56, 2, 37, 155, 185, 26.2255, 47.7723,4, 2
56, 2, 38, 155, 209, 45.5118, 71.0224,6, 4
56, 2, 39, 155, 185, 31.0269, 40.1571,4, 3
56, 2, 40, 155, 173, 14.6003, 14.6003,2, 2
56, 2, 41, 155, 159, 42.5144, 42.5144,5, 5
56, 2, 42, 155, 147, 31.0034, 31.0034,4, 4
56, 2, 43, 155, 171, 23.3954, 37.0391,5, 3
56, 2, 44, 155, 150, 26.3306, 33.9966,4, 3
56, 2, 45, 155, 194, 0, 0,0, 0
56, 2, 46, 155, 176, 11.2054, 19.6353,2, 1
56, 2, 47, 155, 184, 23.2136, 40.2783,4, 2
56, 3, 1, 117, 120, 215.752, 260.815,28, 23
56, 3, 2, 117, 155, 247.649, 277.29,29, 26
56, 3, 4, 117, 238, 27.4071, 45.3516,4, 2
56, 3, 5, 117, 210, 0, 0,0, 0
56, 3, 6, 117, 202, 7.66254, 7.66254,1, 1
56, 3, 7, 117, 160, 24.6008, 24.6008,3, 3
56, 3, 8, 117, 146, 10.0445, 16.7318,2, 1
56, 3, 9, 117, 204, 0, 0,0, 0
56, 3, 10, 117, 204, 22.1011, 52.5299,6, 2
56, 3, 11, 117, 202, 0, 0,0, 0
56, 3, 12, 117, 197, 17.7621, 17.7621,2, 2
56, 3, 13, 117, 197, 0, 0,0, 0
56, 3, 14, 117, 163, 9.24492, 17.2621,2, 1
56, 3, 15, 117, 139, 16.9826, 33.3554,3, 1
56, 3, 16, 117, 132, 33.5183, 57.8513,6, 3
56, 3, 17, 117, 139, 40.1897, 56.1731,6, 4
56, 3, 18, 117, 146, 42.4292, 65.9925,7, 4
56, 3, 19, 117, 168, 0, 0,0, 0
56, 3, 20, 117, 189, 12.9761, 21.9829,2, 1
56, 3, 21, 117, 122, 12.9607, 28.8279,3, 1
56, 3, 22, 117, 153, 12.3449, 22.4016,2, 1
56, 3, 23, 117, 180, 14.5426, 30.7096,3, 1
56, 3, 24, 117, 145, 31.3987, 31.3987,2, 2
56, 3, 25, 117, 184, 29.7322, 45.6484,5, 3
56, 3, 26, 117, 207, 11.2595, 18.0654,2, 1
56, 3, 27, 117, 146, 63.9411, 73.5979,8, 7
56, 3, 28, 117, 180, 69.8113, 94.8467,11, 8
56, 3, 29, 117, 200, 0, 0,0, 0
56, 3, 30, 117, 187, 22.9747, 22.9747,3, 3
56, 3, 31, 117, 160, 44.1177, 44.1177,6, 6
56, 3, 32, 117, 190, 50.1562, 93.3701,8, 3
56, 3, 33, 117, 186, 0, 0,0, 0
56, 3, 34, 117, 148, 62.8927, 93.9293,9, 5
56, 3, 35, 117, 156, 13.1066, 28.2623,3, 1
56, 3, 36, 117, 179, 16.4706, 24.1391,3, 2
56, 3, 37, 117, 185, 34.3296, 51.0256,4, 2
56, 3, 38, 117, 209, 30.258, 56.4946,6, 3
56, 3, 39, 117, 185, 18.2446, 26.2773,3, 2
56, 3, 40, 117, 173, 0, 0,0, 0
56, 3, 41, 117, 159, 0, 0,0, 0
56, 3, 42, 117, 147, 0, 0,0, 0
56, 3, 43, 117, 171, 9.30054, 9.30054,1, 1
56, 3, 44, 117, 150, 16.0153, 16.0153,2, 2
56, 3, 45, 117, 194, 6.74782, 6.74782,1, 1
56, 3, 46, 117, 176, 8.15687, 15.3314,2, 1
56, 3, 47, 117, 184, 16.5846, 25.1267,3, 2
56, 4, 1, 238, 120, 30.478, 37.3661,4, 3
56, 4, 2, 238, 155, 34.3464, 55.0841,5, 3
56, 4, 3, 238, 117, 24.3167, 45.3513,4, 2
56, 4, 5, 238, 210, 0, 0,0, 0
56, 4, 6, 238, 202, 7.35889, 14.5526,2, 1
56, 4, 7, 238, 160, 7.96703, 15.4708,2, 1
56, 4, 8, 238, 146, 0, 0,0, 0
56, 4, 9, 238, 204, 0, 0,0, 0
56, 4, 10, 238, 204, 16.1475, 23.4578,3, 2
56, 4, 11, 238, 202, 0, 0,0, 0
56, 4, 12, 238, 197, 14.0552, 21.1314,3, 2
56, 4, 13, 238, 197, 0, 0,0, 0
56, 4, 14, 238, 163, 8.31105, 16.5213,2, 1
56, 4, 15, 238, 139, 9.06954, 16.4065,2, 1
56, 4, 16, 238, 132, 10.4454, 18.8913,2, 1
56, 4, 17, 238, 139, 10.8762, 19.7211,2, 1
56, 4, 18, 238, 146, 0, 0,0, 0
56, 4, 19, 238, 168, 6.87818, 6.87818,1, 1
56, 4, 20, 238, 189, 11.6195, 22.8644,2, 1
56, 4, 21, 238, 122, 8.1212, 14.8522,2, 1
56, 4, 22, 238, 153, 12.09, 21.9582,2, 1
56, 4, 23, 238, 180, 7.88895, 14.6375,2, 1
56, 4, 24, 238, 145, 0, 0,0, 0
56, 4, 25, 238, 184, 9.61166, 17.5107,2, 1
56, 4, 26, 238, 207, 0, 0,0, 0
56, 4, 27, 238, 146, 9.63269, 18.9336,2, 1
56, 4, 28, 238, 180, 26.5972, 42.7089,5, 3
56, 4, 29, 238, 200, 6.95598, 6.95598,1, 1
56, 4, 30, 238, 187, 14.4425, 21.5746,3, 2
56, 4, 31, 238, 160, 8.71272, 8.71272,1, 1
56, 4, 32, 238, 190, 31.0858, 49.5141,5, 3
56, 4, 33, 238, 186, 0, 0,0, 0
56, 4, 34, 238, 148, 15.8864, 15.8864,2, 2
56, 4, 35, 238, 156, 8.57108, 15.841,2, 1
56, 4, 36, 238, 179, 7.9509, 15.8445,2, 1
56, 4, 37, 238, 185, 21.1768, 38.0755,4, 2
56, 4, 38, 238, 209, 17.4676, 32.88,4, 2
56, 4, 39, 238, 185, 8.62652, 16.4186,2, 1
56, 4, 40, 238, 173, 13.7404, 13.7404,2, 2
56, 4, 41, 238, 159, 6.68091, 6.68091,1, 1
56, 4, 42, 238, 147, 7.75466, 7.75466,1, 1
56, 4, 43, 238, 171, 6.80652, 6.80652,1, 1
56, 4, 44, 238, 150, 7.64854, 14.8519,2, 1
56, 4, 45, 238, 194, 0, 0,0, 0
56, 4, 46, 238, 176, 7.97135, 15.8521,2, 1
56, 4, 47, 238, 184, 15.9799, 24.5276,3, 2
56, 5, 1, 210, 120, 0, 0,0, 0
56, 5, 2, 210, 155, 7.95012, 7.95012,1, 1
56, 5, 3, 210, 117, 0, 0,0, 0
56, 5, 4, 210, 238, 0, 0,0, 0
56, 5, 6, 210, 202, 146.085, 146.085,16, 16
56, 5, 7, 210, 160, 28.303, 28.303,3, 3
56, 5, 8, 210, 146, 41.9402, 41.9402,5, 5
56, 5, 9, 210, 204, 8.11107, 8.11107,1, 1
56, 5, 10, 210, 204, 0, 0,0, 0
56, 5, 11, 210, 202, 25.7111, 25.7111,3, 3
56, 5, 12, 210, 197, 86.2067, 86.2067,9, 9
56, 5, 13, 210, 197, 47.7255, 47.7255,5, 5
56, 5, 14, 210, 163, 23.1107, 23.1107,3, 3
56, 5, 15, 210, 139, 17.2525, 17.2525,2, 2
56, 5, 16, 210, 132, 0, 0,0, 0
56, 5, 17, 210, 139, 23.5321, 23.5321,3, 3
56, 5, 18, 210, 146, 31.1866, 31.1866,4, 4
56, 5, 19, 210, 168, 7.17141, 7.17141,1, 1
56, 5, 20, 210, 189, 14.818, 14.818,2, 2
56, 5, 21, 210, 122, 43.3498, 43.3498,5, 5
56, 5, 22, 210, 153, 26.6466, 26.6466,3, 3
56, 5, 23, 210, 180, 7.25294, 7.25294,1, 1
56, 5, 24, 210, 145, 17.4577, 17.4577,2, 2
56, 5, 25, 210, 184, 17.461, 17.461,2, 2
56, 5, 26, 210, 207, 39.8173, 39.8173,5, 5
56, 5, 27, 210, 146, 7.61829, 7.61829,1, 1
56, 5, 28, 210, 180, 14.1896, 14.1896,2, 2
56, 5, 29, 210, 200, 15.498, 15.498,1, 1
56, 5, 30, 210, 187, 35.6418, 35.6418,4, 4
56, 5, 31, 210, 160, 7.83825, 7.83825,1, 1
56, 5, 32, 210, 190, 7.28392, 7.28392,1, 1
56, 5, 33, 210, 186, 7.95876, 15.7556,2, 1
56, 5, 34, 210, 148, 25.5272, 25.5272,3, 3
56, 5, 35, 210, 156, 0, 0,0, 0
56, 5, 36, 210, 179, 73.0546, 73.0546,8, 8
56, 5, 37, 210, 185, 7.57892, 7.57892,1, 1
56, 5, 38, 210, 209, 7.42281, 7.42281,1, 1
56, 5, 39, 210, 185, 18.9977, 18.9977,2, 2
56, 5, 40, 210, 173, 15.6931, 23.3085,3, 2
56, 5, 41, 210, 159, 41.2312, 48.403,6, 5
56, 5, 42, 210, 147, 8.64678, 8.64678,1, 1
56, 5, 43, 210, 171, 33.5463, 33.5463,4, 4
56, 5, 44, 210, 150, 136.708, 136.708,13, 13
56, 5, 45, 210, 194, 30.7435, 30.7435,4, 4
56, 5, 46, 210, 176, 126.985, 126.985,15, 15
56, 5, 47, 210, 184, 14.4165, 14.4165,2, 2
56, 6, 1, 202, 120, 6.85682, 6.85682,1, 1
56, 6, 2, 202, 155, 16.9761, 16.9761,2, 2
56, 6, 3, 202, 117, 7.66252, 7.66252,1, 1
56, 6, 4, 202, 238, 14.5526, 14.5526,2, 2
56, 6, 5, 202, 210, 146.085, 146.085,16, 16
56, 6, 7, 202, 160, 39.6362, 39.6362,4, 4
56, 6, 8, 202, 146, 16.0873, 16.0873,2, 2
56, 6, 9, 202, 204, 143.808, 233.313,27, 16
56, 6, 10, 202, 204, 158.876, 238.848,26, 17
56, 6, 11, 202, 202, 138.276, 200.758,23, 15
56, 6, 12, 202, 197, 56.6851, 56.6851,6, 6
56, 6, 13, 202, 197, 14.7227, 14.7227,2, 2
56, 6, 14, 202, 163, 44.4707, 44.4707,5, 5
56, 6, 15, 202, 139, 15.238, 15.238,2, 2
56, 6, 16, 202, 132, 29.9439, 29.9439,4, 4
56, 6, 17, 202, 139, 9.70556, 9.70556,1, 1
56, 6, 18, 202, 146, 24.3756, 24.3756,3, 3
56, 6, 19, 202, 168, 0, 0,0, 0
56, 6, 20, 202, 189, 28.2126, 28.2126,3, 3
56, 6, 21, 202, 122, 30.1519, 30.1519,4, 4
56, 6, 22, 202, 153, 10.419, 10.419,1, 1
56, 6, 23, 202, 180, 26.0811, 26.0811,3, 3
56, 6, 24, 202, 145, 43.6461, 43.6461,6, 6
56, 6, 25, 202, 184, 25.6546, 25.6546,3, 3
56, 6, 26, 202, 207, 8.66107, 8.66107,1, 1
56, 6, 27, 202, 146, 17.6909, 17.6909,2, 2
56, 6, 28, 202, 180, 45.4759, 45.4759,5, 5
56, 6, 29, 202, 200, 21.4547, 21.4547,3, 3
56, 6, 30, 202, 187, 8.84975, 8.84975,1, 1
56, 6, 31, 202, 160, 9.72639, 9.72639,1, 1
56, 6, 32, 202, 190, 93.7966, 100.658,13, 12
56, 6, 33, 202, 186, 145.984, 205.067,26, 18
56, 6, 34, 202, 148, 23.9482, 23.9482,3, 3
56, 6, 35, 202, 156, 85.4674, 146.399,15, 7
56, 6, 36, 202, 179, 46.8862, 46.8862,4, 4
56, 6, 37, 202, 185, 72.218, 78.9791,10, 9
56, 6, 38, 202, 209, 184.173, 280.672,33, 21
56, 6, 39, 202, 185, 249.895, 421.739,45, 23
56, 6, 40, 202, 173, 15.2238, 15.2238,2, 2
56, 6, 41, 202, 159, 36.5644, 36.5644,5, 5
56, 6, 42, 202, 147, 23.1406, 23.1406,3, 3
56, 6, 43, 202, 171, 104.315, 166.816,20, 12
56, 6, 44, 202, 150, 121.644, 129.232,14, 13
56, 6, 45, 202, 194, 338.464, 486.83,52, 34
56, 6, 46, 202, 176, 256.69, 268.21,30, 29
56, 6, 47, 202, 184, 156.227, 200.33,23, 17
56, 7, 1, 160, 120, 0, 0,0, 0
56, 7, 2, 160, 155, 34.2056, 34.2056,4, 4
56, 7, 3, 160, 117, 24.6003, 24.6003,3, 3
56, 7, 4, 160, 238, 15.4708, 15.4708,2, 2
56, 7, 5, 160, 210, 28.3031, 28.3031,3, 3
56, 7, 6, 160, 202, 32.0668, 39.6362,4, 3
56, 7, 8, 160, 146, 112.812, 112.812,13, 13
56, 7, 9, 160, 204, 0, 0,0, 0
56, 7, 10, 160, 204, 8.10886, 8.10886,1, 1
56, 7, 11, 160, 202, 59.8455, 79.4792,8, 6
56, 7, 12, 160, 197, 103.716, 112.504,10, 9
56, 7, 13, 160, 197, 22.9951, 22.9951,3, 3
56, 7, 14, 160, 163, 420.078, 455.59,47, 43
56, 7, 15, 160, 139, 376.247, 417.496,42, 37
56, 7, 16, 160, 132, 24.4657, 24.4657,3, 3
56, 7, 17, 160, 139, 35.4945, 43.1347,5, 4
56, 7, 18, 160, 146, 76.3218, 84.4677,10, 9
56, 7, 19, 160, 168, 21.4046, 21.4046,3, 3
56, 7, 20, 160, 189, 398.756, 437.61,44, 39
56, 7, 21, 160, 122, 35.3595, 43.3772,5, 4
56, 7, 22, 160, 153, 78.3946, 85.4979,10, 9
56, 7, 23, 160, 180, 50.97, 58.3095,7, 6
56, 7, 24, 160, 145, 8.19764, 8.19764,1, 1
56, 7, 25, 160, 184, 438.742, 495.449,53, 46
56, 7, 26, 160, 207, 16.8294, 16.8294,2, 2
56, 7, 27, 160, 146, 15.3538, 15.3538,1, 1
56, 7, 28, 160, 180, 54.3242, 62.7198,7, 6
56, 7, 29, 160, 200, 7.09513, 7.09513,1, 1
56, 7, 30, 160, 187, 27.7686, 27.7686,2, 2
56, 7, 31, 160, 160, 28.1695, 43.1271,5, 3
56, 7, 32, 160, 190, 241.172, 269.213,31, 28
56, 7, 33, 160, 186, 13.9082, 13.9082,2, 2
56, 7, 34, 160, 148, 83.7939, 91.0211,10, 9
56, 7, 35, 160, 156, 51.8976, 51.8976,6, 6
56, 7, 36, 160, 179, 50.7065, 57.5667,6, 5
56, 7, 37, 160, 185, 253.536, 287.88,30, 26
56, 7, 38, 160, 209, 20.3533, 20.3533,2, 2
56, 7, 39, 160, 185, 7.97774, 7.97774,1, 1
56, 7, 40, 160, 173, 7.57929, 7.57929,1, 1
56, 7, 41, 160, 159, 16.1697, 16.1697,2, 2
56, 7, 42, 160, 147, 28.3447, 28.3447,3, 3
56, 7, 43, 160, 171, 51.2304, 63.8046,6, 5
56, 7, 44, 160, 150, 24.2245, 24.2245,2, 2
56, 7, 45, 160, 194, 0, 0,0, 0
56, 7, 46, 160, 176, 60.7442, 68.5543,8, 7
56, 7, 47, 160, 184, 24.8241, 24.8241,3, 3
56, 8, 1, 146, 120, 0, 0,0, 0
56, 8, 2, 146, 155, 15.09, 15.09,2, 2
56, 8, 3, 146, 117, 16.7317, 16.7317,2, 2
56, 8, 4, 146, 238, 0, 0,0, 0
56, 8, 5, 146, 210, 41.9402, 41.9402,5, 5
56, 8, 6, 146, 202, 16.0873, 16.0873,2, 2
56, 8, 7, 146, 160, 97.9001, 112.812,13, 11
56, 8, 9, 146, 204, 0, 0,0, 0
56, 8, 10, 146, 204, 0, 0,0, 0
56, 8, 11, 146, 202, 24.704, 24.704,3, 3
56, 8, 12, 146, 197, 49.9862, 49.9862,5, 5
56, 8, 13, 146, 197, 67.5094, 67.5094,8, 8
56, 8, 14, 146, 163, 80.2477, 87.0635,11, 10
56, 8, 15, 146, 139, 186.033, 195.113,20, 19
56, 8, 16, 146, 132, 8.31497, 16.0659,2, 1
56, 8, 17, 146, 139, 28.208, 28.208,4, 4
56, 8, 18, 146, 146, 78.4119, 92.7811,10, 8
56, 8, 19, 146, 168, 170.775, 170.775,19, 19
56, 8, 20, 146, 189, 190.736, 212.936,23, 20
56, 8, 21, 146, 122, 174.869, 174.869,20, 20
56, 8, 22, 146, 153, 44.2793, 44.2793,5, 5
56, 8, 23, 146, 180, 25.1716, 25.1716,3, 3
56, 8, 24, 146, 145, 0, 0,0, 0
56, 8, 25, 146, 184, 101.608, 108.739,13, 12
56, 8, 26, 146, 207, 61.7967, 68.636,9, 8
56, 8, 27, 146, 146, 0, 0,0, 0
56, 8, 28, 146, 180, 34.7057, 34.7057,4, 4
56, 8, 29, 146, 200, 17.7355, 17.7355,2, 2
56, 8, 30, 146, 187, 23.7868, 23.7868,3, 3
56, 8, 31, 146, 160, 16.6853, 16.6853,2, 2
56, 8, 32, 146, 190, 37.5037, 37.5037,5, 5
56, 8, 33, 146, 186, 24.458, 24.458,3, 3
56, 8, 34, 146, 148, 80.9239, 80.9239,8, 8
56, 8, 35, 146, 156, 18.2394, 18.2394,2, 2
56, 8, 36, 146, 179, 47.1499, 47.1499,5, 5
56, 8, 37, 146, 185, 40.9425, 40.9425,5, 5
56, 8, 38, 146, 209, 0, 0,0, 0
56, 8, 39, 146, 185, 13.9284, 13.9284,2, 2
56, 8, 40, 146, 173, 43.138, 43.138,5, 5
56, 8, 41, 146, 159, 28.2489, 28.2489,3, 3
56, 8, 42, 146, 147, 58.0255, 58.0255,7, 7
56, 8, 43, 146, 171, 14.7829, 14.7829,2, 2
56, 8, 44, 146, 150, 8.45487, 8.45487,1, 1
56, 8, 45, 146, 194, 21.8064, 21.8064,3, 3
56, 8, 46, 146, 176, 13.5307, 13.5307,2, 2
56, 8, 47, 146, 184, 22.0747, 22.0747,3, 3
56, 9, 1, 204, 120, 7.85644, 15.2256,2, 1
56, 9, 2, 204, 155, 0, 0,0, 0
56, 9, 3, 204, 117, 0, 0,0, 0
56, 9, 4, 204, 238, 0, 0,0, 0
56, 9, 5, 204, 210, 8.1111, 8.1111,1, 1
56, 9, 6, 204, 202, 146.459, 233.314,27, 16
56, 9, 7, 204, 160, 0, 0,0, 0
56, 9, 8, 204, 146, 0, 0,0, 0
56, 9, 10, 204, 204, 645.397, 1060.41,110, 57
56, 9, 11, 204, 202, 286.93, 538.003,56, 24
56, 9, 12, 204, 197, 87.6126, 129.814,14, 9
56, 9, 13, 204, 197, 0, 0,0, 0
56, 9, 14, 204, 163, 0, 0,0, 0
56, 9, 15, 204, 139, 0, 0,0, 0
56, 9, 16, 204, 132, 22.952, 30.6583,4, 3
56, 9, 17, 204, 139, 0, 0,0, 0
56, 9, 18, 204, 146, 0, 0,0, 0
56, 9, 19, 204, 168, 0, 0,0, 0
56, 9, 20, 204, 189, 0, 0,0, 0
56, 9, 21, 204, 122, 0, 0,0, 0
56, 9, 22, 204, 153, 0, 0,0, 0
56, 9, 23, 204, 180, 29.7649, 29.7649,4, 4
56, 9, 24, 204, 145, 30.5023, 38.458,5, 4
56, 9, 25, 204, 184, 0, 0,0, 0
56, 9, 26, 204, 207, 0, 0,0, 0
56, 9, 27, 204, 146, 8.24013, 8.24013,1, 1
56, 9, 28, 204, 180, 0, 0,0, 0
56, 9, 29, 204, 200, 14.9258, 14.9258,2, 2
56, 9, 30, 204, 187, 0, 0,0, 0
56, 9, 31, 204, 160, 7.11205, 7.11205,1, 1
56, 9, 32, 204, 190, 17.298, 17.298,2, 2
56, 9, 33, 204, 186, 215.989, 430.385,48, 22
56, 9, 34, 204, 148, 0, 0,0, 0
56, 9, 35, 204, 156, 106.468, 156.302,20, 13
56, 9, 36, 204, 179, 7.11306, 7.11306,1, 1
56, 9, 37, 204, 185, 19.0564, 19.0564,2, 2
56, 9, 38, 204, 209, 344.279, 660.536,81, 39
56, 9, 39, 204, 185, 334.7, 654.459,72, 31
56, 9, 40, 204, 173, 0, 0,0, 0
56, 9, 41, 204, 159, 0, 0,0, 0
56, 9, 42, 204, 147, 14.9343, 21.8654,3, 2
56, 9, 43, 204, 171, 252.705, 483.304,56, 27
56, 9, 44, 204, 150, 0, 0,0, 0
56, 9, 45, 204, 194, 284.561, 453.043,54, 31
56, 9, 46, 204, 176, 8.08199, 8.08199,1, 1
56, 9, 47, 204, 184, 41.6439, 80.5346,10, 5
56, 10, 1, 204, 120, 6.88681, 6.88681,1, 1
56, 10, 2, 204, 155, 26.6966, 48.1479,4, 2
56, 10, 3, 204, 117, 27.1236, 52.5297,6, 3
56, 10, 4, 204, 238, 16.3835, 23.4578,3, 2
56, 10, 5, 204, 210, 0, 0,0, 0
56, 10, 6, 204, 202, 126.47, 238.848,26, 13
56, 10, 7, 204, 160, 8.10886, 8.10886,1, 1
56, 10, 8, 204, 146, 0, 0,0, 0
56, 10, 9, 204, 204, 659.628, 1060.41,110, 60
56, 10, 11, 204, 202, 474.719, 755.182,83, 49
56, 10, 12, 204, 197, 221.855, 244.19,27, 24
56, 10, 13, 204, 197, 22.0555, 22.0555,3, 3
56, 10, 14, 204, 163, 10.4982, 18.3863,2, 1
56, 10, 15, 204, 139, 16.9969, 31.7656,2, 1
56, 10, 16, 204, 132, 38.9037, 51.7962,5, 4
56, 10, 17, 204, 139, 16.8293, 30.346,2, 1
56, 10, 18, 204, 146, 9.44624, 18.8803,2, 1
56, 10, 19, 204, 168, 0, 0,0, 0
56, 10, 20, 204, 189, 10.2697, 20.2204,2, 1
56, 10, 21, 204, 122, 24.3905, 36.8786,2, 1
56, 10, 22, 204, 153, 15.6419, 29.8592,2, 1
56, 10, 23, 204, 180, 50.3202, 72.4347,7, 5
56, 10, 24, 204, 145, 52.0825, 59.0525,8, 7
56, 10, 25, 204, 184, 21.2978, 34.0957,2, 1
56, 10, 26, 204, 207, 9.1751, 9.1751,1, 1
56, 10, 27, 204, 146, 19.4262, 27.9837,3, 2
56, 10, 28, 204, 180, 49.304, 77.7772,6, 4
56, 10, 29, 204, 200, 0, 0,0, 0
56, 10, 30, 204, 187, 13.8431, 13.8431,2, 2
56, 10, 31, 204, 160, 0, 0,0, 0
56, 10, 32, 204, 190, 46.5781, 67.4711,5, 3
56, 10, 33, 204, 186, 165.992, 339.148,42, 19
56, 10, 34, 204, 148, 39.1513, 60.2385,6, 4
56, 10, 35, 204, 156, 120.643, 182.282,19, 13
56, 10, 36, 204, 179, 74.2249, 81.8929,8, 7
56, 10, 37, 204, 185, 39.7866, 65.3208,6, 3
56, 10, 38, 204, 209, 265.035, 632.255,69, 26
56, 10, 39, 204, 185, 471.089, 814.265,90, 48
56, 10, 40, 204, 173, 0, 0,0, 0
56, 10, 41, 204, 159, 0, 0,0, 0
56, 10, 42, 204, 147, 13.8442, 13.8442,2, 2
56, 10, 43, 204, 171, 235.471, 444.957,52, 26
56, 10, 44, 204, 150, 8.15131, 8.15131,1, 1
56, 10, 45, 204, 194, 168.988, 335.001,35, 16
56, 10, 46, 204, 176, 10.6241, 18.8268,2, 1
56, 10, 47, 204, 184, 84.6281, 155.258,18, 9
56, 11, 1, 202, 120, 15.3079, 15.3079,2, 2
56, 11, 2, 202, 155, 0, 0,0, 0
56, 11, 3, 202, 117, 0, 0,0, 0
56, 11, 4, 202, 238, 0, 0,0, 0
56, 11, 5, 202, 210, 25.7111, 25.7111,3, 3
56, 11, 6, 202, 202, 134.381, 200.758,23, 15
56, 11, 7, 202, 160, 60.4965, 79.4792,8, 6
56, 11, 8, 202, 146, 24.704, 24.704,3, 3
56, 11, 9, 202, 204, 394.333, 538.002,56, 38
56, 11, 10, 202, 204, 547.044, 755.182,83, 57
56, 11, 12, 202, 197, 415.186, 450.819,46, 41
56, 11, 13, 202, 197, 118.709, 136.216,17, 15
56, 11, 14, 202, 163, 6.67378, 6.67378,1, 1
56, 11, 15, 202, 139, 61.408, 68.5649,7, 6
56, 11, 16, 202, 132, 25.1671, 25.1671,3, 3
56, 11, 17, 202, 139, 23.6127, 30.5999,4, 3
56, 11, 18, 202, 146, 38.7864, 47.7627,5, 4
56, 11, 19, 202, 168, 6.73515, 6.73515,1, 1
56, 11, 20, 202, 189, 17.7366, 17.7366,2, 2
56, 11, 21, 202, 122, 23.7335, 23.7335,3, 3
56, 11, 22, 202, 153, 0, 0,0, 0
56, 11, 23, 202, 180, 7.09912, 7.09912,1, 1
56, 11, 24, 202, 145, 0, 0,0, 0
56, 11, 25, 202, 184, 11.4223, 19.5874,2, 1
56, 11, 26, 202, 207, 7.22817, 7.22817,1, 1
56, 11, 27, 202, 146, 23.1813, 23.1813,3, 3
56, 11, 28, 202, 180, 52.7958, 61.2753,7, 6
56, 11, 29, 202, 200, 36.3592, 45.0909,5, 4
56, 11, 30, 202, 187, 11.3445, 11.3445,1, 1
56, 11, 31, 202, 160, 38.3706, 46.3689,5, 4
56, 11, 32, 202, 190, 0, 0,0, 0
56, 11, 33, 202, 186, 199.642, 307.538,36, 23
56, 11, 34, 202, 148, 138.21, 146.548,16, 15
56, 11, 35, 202, 156, 102.517, 116.666,12, 10
56, 11, 36, 202, 179, 165.792, 191.959,21, 18
56, 11, 37, 202, 185, 0, 0,0, 0
56, 11, 38, 202, 209, 235.128, 378.041,43, 26
56, 11, 39, 202, 185, 295.345, 405.581,47, 33
56, 11, 40, 202, 173, 14.8119, 14.8119,2, 2
56, 11, 41, 202, 159, 50.7017, 50.7017,6, 6
56, 11, 42, 202, 147, 75.0823, 82.3659,9, 8
56, 11, 43, 202, 171, 247.073, 309.072,36, 28
56, 11, 44, 202, 150, 21.0769, 21.0769,3, 3
56, 11, 45, 202, 194, 139.62, 198.615,25, 17
56, 11, 46, 202, 176, 41.3066, 49.4424,6, 5
56, 11, 47, 202, 184, 60.7314, 60.7314,8, 8
56, 12, 1, 197, 120, 8.77835, 16.4148,2, 1
56, 12, 2, 197, 155, 23.92, 40.2979,5, 3
56, 12, 3, 197, 117, 9.36151, 17.7621,2, 1
56, 12, 4, 197, 238, 14.3746, 27.7982,4, 2
56, 12, 5, 197, 210, 57.1141, 86.2071,9, 6
56, 12, 6, 197, 202, 35.4228, 56.6848,6, 4
56, 12, 7, 197, 160, 77.9625, 112.506,10, 7
56, 12, 8, 197, 146, 36.1832, 49.987,5, 4
56, 12, 9, 197, 204, 104.511, 129.815,14, 11
56, 12, 10, 197, 204, 225.965, 244.192,27, 25
56, 12, 11, 197, 202, 388.668, 450.818,46, 39
56, 12, 13, 197, 197, 270.922, 311.204,34, 29
56, 12, 14, 197, 163, 17.5851, 27.6334,3, 2
56, 12, 15, 197, 139, 77.108, 107.283,10, 7
56, 12, 16, 197, 132, 23.2781, 39.6392,5, 3
56, 12, 17, 197, 139, 41.0967, 50.0957,6, 5
56, 12, 18, 197, 146, 52.894, 62.6612,7, 6
56, 12, 19, 197, 168, 27.9379, 37.0718,4, 3
56, 12, 20, 197, 189, 91.6498, 111.911,12, 10
56, 12, 21, 197, 122, 46.4255, 46.4255,5, 5
56, 12, 22, 197, 153, 40.33, 49.6908,5, 4
56, 12, 23, 197, 180, 23.3326, 30.6136,4, 3
56, 12, 24, 197, 145, 0, 0,0, 0
56, 12, 25, 197, 184, 51.3932, 65.5353,8, 6
56, 12, 26, 197, 207, 16.5535, 24.7323,3, 2
56, 12, 27, 197, 146, 43.5195, 58.5597,5, 4
56, 12, 28, 197, 180, 40.2151, 67.3209,7, 4
56, 12, 29, 197, 200, 45.3103, 45.3103,6, 6
56, 12, 30, 197, 187, 27.1983, 38.8861,4, 3
56, 12, 31, 197, 160, 16.7916, 16.7916,2, 2
56, 12, 32, 197, 190, 11.3589, 21.349,2, 1
56, 12, 33, 197, 186, 60.5326, 71.806,7, 6
56, 12, 34, 197, 148, 147.135, 176.283,22, 18
56, 12, 35, 197, 156, 22.8012, 30.2464,4, 3
56, 12, 36, 197, 179, 223.842, 284.178,26, 21
56, 12, 37, 197, 185, 25.5805, 35.8564,4, 3
56, 12, 38, 197, 209, 23.5247, 46.5091,4, 2
56, 12, 39, 197, 185, 33.3828, 42.7609,5, 4
56, 12, 40, 197, 173, 41.369, 50.8252,6, 5
56, 12, 41, 197, 159, 66.424, 78.1007,8, 7
56, 12, 42, 197, 147, 116.038, 132.033,16, 14
56, 12, 43, 197, 171, 48.58, 62.2245,6, 5
56, 12, 44, 197, 150, 46.9099, 66.5035,5, 4
56, 12, 45, 197, 194, 0, 0,0, 0
56, 12, 46, 197, 176, 55.4022, 85.2588,9, 6
56, 12, 47, 197, 184, 31.6085, 51.2136,5, 3
56, 13, 1, 197, 120, 0, 0,0, 0
56, 13, 2, 197, 155, 27.034, 27.034,3, 3
56, 13, 3, 197, 117, 0, 0,0, 0
56, 13, 4, 197, 238, 0, 0,0, 0
56, 13, 5, 197, 210, 47.7256, 47.7256,5, 5
56, 13, 6, 197, 202, 14.7228, 14.7228,2, 2
56, 13, 7, 197, 160, 22.995, 22.995,3, 3
56, 13, 8, 197, 146, 60.7777, 67.51,8, 7
56, 13, 9, 197, 204, 0, 0,0, 0
56, 13, 10, 197, 204, 22.0557, 22.0557,3, 3
56, 13, 11, 197, 202, 129.284, 136.216,17, 16
56, 13, 12, 197, 197, 303.335, 311.204,34, 33
56, 13, 14, 197, 163, 9.82415, 9.82415,1, 1
56, 13, 15, 197, 139, 27.5224, 27.5224,3, 3
56, 13, 16, 197, 132, 0, 0,0, 0
56, 13, 17, 197, 139, 32.5928, 32.5928,4, 4
56, 13, 18, 197, 146, 41.4289, 41.4289,5, 5
56, 13, 19, 197, 168, 61.1189, 83.8414,10, 7
56, 13, 20, 197, 189, 25.9462, 25.9462,3, 3
56, 13, 21, 197, 122, 55.1672, 62.0338,7, 6
56, 13, 22, 197, 153, 16.6604, 16.6604,2, 2
56, 13, 23, 197, 180, 0, 0,0, 0
56, 13, 24, 197, 145, 0, 0,0, 0
56, 13, 25, 197, 184, 44.6457, 44.6457,5, 5
56, 13, 26, 197, 207, 0, 0,0, 0
56, 13, 27, 197, 146, 7.90508, 7.90508,1, 1
56, 13, 28, 197, 180, 20.9854, 20.9854,2, 2
56, 13, 29, 197, 200, 56.1411, 56.1411,6, 6
56, 13, 30, 197, 187, 44.6859, 44.6859,5, 5
56, 13, 31, 197, 160, 31.2885, 31.2885,3, 3
56, 13, 32, 197, 190, 0, 0,0, 0
56, 13, 33, 197, 186, 35.2529, 35.2529,4, 4
56, 13, 34, 197, 148, 60.344, 60.344,7, 7
56, 13, 35, 197, 156, 0, 0,0, 0
56, 13, 36, 197, 179, 123.609, 123.609,12, 12
56, 13, 37, 197, 185, 0, 0,0, 0
56, 13, 38, 197, 209, 10.5884, 10.5884,1, 1
56, 13, 39, 197, 185, 0, 0,0, 0
56, 13, 40, 197, 173, 77.8603, 77.8603,9, 9
56, 13, 41, 197, 159, 55.3638, 55.3638,5, 5
56, 13, 42, 197, 147, 89.9601, 97.8404,12, 11
56, 13, 43, 197, 171, 28.4653, 28.4653,4, 4
56, 13, 44, 197, 150, 52.4977, 52.4977,3, 3
56, 13, 45, 197, 194, 0, 0,0, 0
56, 13, 46, 197, 176, 8.12427, 8.12427,1, 1
56, 13, 47, 197, 184, 0, 0,0, 0
56, 14, 1, 163, 120, 16.8986, 16.8986,2, 2
56, 14, 2, 163, 155, 32.2008, 32.2008,3, 3
56, 14, 3, 163, 117, 17.2621, 17.2621,2, 2
56, 14, 4, 163, 238, 16.5214, 16.5214,2, 2
56, 14, 5, 163, 210, 23.1106, 23.1106,3, 3
56, 14, 6, 163, 202, 29.9939, 44.4707,5, 3
56, 14, 7, 163, 160, 427.434, 455.591,47, 44
56, 14, 8, 163, 146, 87.0637, 87.0637,11, 11
56, 14, 9, 163, 204, 0, 0,0, 0
56, 14, 10, 163, 204, 18.3864, 18.3864,2, 2
56, 14, 11, 163, 202, 6.67382, 6.67382,1, 1
56, 14, 12, 163, 197, 27.6334, 27.6334,3, 3
56, 14, 13, 163, 197, 9.82427, 9.82427,1, 1
56, 14, 15, 163, 139, 338.202, 377.17,40, 35
56, 14, 16, 163, 132, 110.219, 116.928,13, 12
56, 14, 17, 163, 139, 112.535, 120.289,12, 11
56, 14, 18, 163, 146, 43.3778, 43.3778,6, 6
56, 14, 19, 163, 168, 9.37646, 9.37646,1, 1
56, 14, 20, 163, 189, 282.827, 321.344,37, 32
56, 14, 21, 163, 122, 32.2157, 32.2157,4, 4
56, 14, 22, 163, 153, 100.413, 138.5,17, 12
56, 14, 23, 163, 180, 162.249, 184.35,21, 18
56, 14, 24, 163, 145, 89.1143, 104.128,12, 10
56, 14, 25, 163, 184, 375.217, 406.676,41, 37
56, 14, 26, 163, 207, 17.394, 17.394,2, 2
56, 14, 27, 163, 146, 14.8152, 14.8152,1, 1
56, 14, 28, 163, 180, 45.828, 45.828,4, 4
56, 14, 29, 163, 200, 9.05044, 15.8258,2, 1
56, 14, 30, 163, 187, 24.6318, 24.6318,3, 3
56, 14, 31, 163, 160, 18.6518, 18.6518,2, 2
56, 14, 32, 163, 190, 552.796, 696.408,63, 48
56, 14, 33, 163, 186, 0, 0,0, 0
56, 14, 34, 163, 148, 37.112, 37.112,5, 5
56, 14, 35, 163, 156, 50.9747, 50.9747,5, 5
56, 14, 36, 163, 179, 31.1586, 31.1586,3, 3
56, 14, 37, 163, 185, 434.796, 518.913,54, 44
56, 14, 38, 163, 209, 20.3741, 20.3741,2, 2
56, 14, 39, 163, 185, 40.3416, 54.0975,6, 4
56, 14, 40, 163, 173, 0, 0,0, 0
56, 14, 41, 163, 159, 17.8178, 17.8178,2, 2
56, 14, 42, 163, 147, 7.68105, 7.68105,1, 1
56, 14, 43, 163, 171, 17.8616, 25.329,3, 2
56, 14, 44, 163, 150, 33.5526, 33.5526,4, 4
56, 14, 45, 163, 194, 38.2235, 45.0224,6, 5
56, 14, 46, 163, 176, 45.9729, 45.9729,5, 5
56, 14, 47, 163, 184, 78.2456, 92.8509,10, 8
56, 15, 1, 139, 120, 7.26497, 7.26497,1, 1
56, 15, 2, 139, 155, 39.4606, 39.4606,3, 3
56, 15, 3, 139, 117, 33.3555, 33.3555,3, 3
56, 15, 4, 139, 238, 16.4064, 16.4064,2, 2
56, 15, 5, 139, 210, 17.2525, 17.2525,2, 2
56, 15, 6, 139, 202, 15.238, 15.238,2, 2
56, 15, 7, 139, 160, 402.069, 417.496,42, 40
56, 15, 8, 139, 146, 195.112, 195.112,20, 20
56, 15, 9, 139, 204, 0, 0,0, 0
56, 15, 10, 139, 204, 31.765, 31.765,2, 2
56, 15, 11, 139, 202, 68.5646, 68.5646,7, 7
56, 15, 12, 139, 197, 107.282, 107.282,10, 10
56, 15, 13, 139, 197, 27.5225, 27.5225,3, 3
56, 15, 14, 139, 163, 363.206, 377.17,40, 38
56, 15, 16, 139, 132, 49.9072, 49.9072,5, 5
56, 15, 17, 139, 139, 54.1149, 54.1149,5, 5
56, 15, 18, 139, 146, 95.4237, 95.4237,11, 11
56, 15, 19, 139, 168, 82.0868, 82.0868,10, 10
56, 15, 20, 139, 189, 458.389, 511.451,53, 47
56, 15, 21, 139, 122, 125.885, 132.78,13, 12
56, 15, 22, 139, 153, 116.048, 116.048,12, 12
56, 15, 23, 139, 180, 41.541, 41.541,4, 4
56, 15, 24, 139, 145, 14.2293, 14.2293,2, 2
56, 15, 25, 139, 184, 373.132, 384.007,36, 35
56, 15, 26, 139, 207, 28.6168, 28.6168,4, 4
56, 15, 27, 139, 146, 10.2949, 10.2949,1, 1
56, 15, 28, 139, 180, 58.0601, 58.0601,5, 5
56, 15, 29, 139, 200, 6.81468, 6.81468,1, 1
56, 15, 30, 139, 187, 19.8066, 19.8066,1, 1
56, 15, 31, 139, 160, 22.8792, 22.8792,3, 3
56, 15, 32, 139, 190, 243.3, 260.028,28, 26
56, 15, 33, 139, 186, 46.3186, 46.3186,5, 5
56, 15, 34, 139, 148, 170.304, 170.304,17, 17
56, 15, 35, 139, 156, 35.3723, 35.3723,3, 3
56, 15, 36, 139, 179, 70.4063, 70.4063,8, 8
56, 15, 37, 139, 185, 135.264, 135.264,14, 14
56, 15, 38, 139, 209, 30.2395, 30.2395,2, 2
56, 15, 39, 139, 185, 12.0108, 12.0108,1, 1
56, 15, 40, 139, 173, 17.6218, 17.6218,2, 2
56, 15, 41, 139, 159, 35.3822, 35.3822,4, 4
56, 15, 42, 139, 147, 43.909, 43.909,5, 5
56, 15, 43, 139, 171, 6.81432, 6.81432,1, 1
56, 15, 44, 139, 150, 22.7866, 22.7866,3, 3
56, 15, 45, 139, 194, 0, 0,0, 0
56, 15, 46, 139, 176, 34.9846, 34.9846,4, 4
56, 15, 47, 139, 184, 34.6628, 34.6628,4, 4
56, 16, 1, 132, 120, 21.7664, 21.7664,3, 3
56, 16, 2, 132, 155, 37.3231, 52.0254,5, 3
56, 16, 3, 132, 117, 42.0668, 57.8511,6, 4
56, 16, 4, 132, 238, 18.8915, 18.8915,2, 2
56, 16, 5, 132, 210, 0, 0,0, 0
56, 16, 6, 132, 202, 22.9368, 29.9439,4, 3
56, 16, 7, 132, 160, 16.9767, 24.4657,3, 2
56, 16, 8, 132, 146, 16.066, 16.066,2, 2
56, 16, 9, 132, 204, 22.7249, 30.6583,4, 3
56, 16, 10, 132, 204, 41.5397, 51.7967,5, 4
56, 16, 11, 132, 202, 25.1671, 25.1671,3, 3
56, 16, 12, 132, 197, 24.1905, 39.6394,5, 3
56, 16, 13, 132, 197, 0, 0,0, 0
56, 16, 14, 132, 163, 85.1087, 116.929,13, 9
56, 16, 15, 132, 139, 34.5048, 49.9087,5, 3
56, 16, 17, 132, 139, 210.186, 240.337,24, 20
56, 16, 18, 132, 146, 62.4195, 69.5287,8, 7
56, 16, 19, 132, 168, 17.5971, 17.5971,2, 2
56, 16, 20, 132, 189, 11.9591, 19.5729,2, 1
56, 16, 21, 132, 122, 14.0421, 20.749,2, 1
56, 16, 22, 132, 153, 37.8499, 55.5291,5, 3
56, 16, 23, 132, 180, 39.4842, 48.2205,4, 3
56, 16, 24, 132, 145, 31.0313, 31.0313,4, 4
56, 16, 25, 132, 184, 25.9421, 32.932,3, 2
56, 16, 26, 132, 207, 6.94301, 6.94301,1, 1
56, 16, 27, 132, 146, 20.4787, 30.9093,3, 2
56, 16, 28, 132, 180, 36.7073, 52.8719,4, 2
56, 16, 29, 132, 200, 0, 0,0, 0
56, 16, 30, 132, 187, 6.71604, 6.71604,1, 1
56, 16, 31, 132, 160, 16.278, 16.278,2, 2
56, 16, 32, 132, 190, 110.268, 167.272,17, 10
56, 16, 33, 132, 186, 0, 0,0, 0
56, 16, 34, 132, 148, 37.2831, 53.4432,6, 4
56, 16, 35, 132, 156, 44.0198, 61.2955,5, 3
56, 16, 36, 132, 179, 38.8892, 48.1463,5, 4
56, 16, 37, 132, 185, 91.1705, 119.251,13, 9
56, 16, 38, 132, 209, 25.0269, 44.1974,4, 2
56, 16, 39, 132, 185, 88.8773, 110.944,14, 11
56, 16, 40, 132, 173, 0, 0,0, 0
56, 16, 41, 132, 159, 0, 0,0, 0
56, 16, 42, 132, 147, 0, 0,0, 0
56, 16, 43, 132, 171, 7.87754, 7.87754,1, 1
56, 16, 44, 132, 150, 7.21873, 14.2463,2, 1
56, 16, 45, 132, 194, 21.1659, 28.5837,4, 3
56, 16, 46, 132, 176, 37.3239, 53.1092,6, 4
56, 16, 47, 132, 184, 45.2108, 75.8871,9, 5
56, 17, 1, 139, 120, 30.6559, 45.0381,6, 4
56, 17, 2, 139, 155, 76.6016, 76.6016,5, 5
56, 17, 3, 139, 117, 56.1731, 56.1731,6, 6
56, 17, 4, 139, 238, 19.7212, 19.7212,2, 2
56, 17, 5, 139, 210, 23.5321, 23.5321,3, 3
56, 17, 6, 139, 202, 9.70545, 9.70545,1, 1
56, 17, 7, 139, 160, 43.1348, 43.1348,5, 5
56, 17, 8, 139, 146, 28.2081, 28.2081,4, 4
56, 17, 9, 139, 204, 0, 0,0, 0
56, 17, 10, 139, 204, 30.347, 30.347,2, 2
56, 17, 11, 139, 202, 30.5998, 30.5998,4, 4
56, 17, 12, 139, 197, 50.0957, 50.0957,6, 6
56, 17, 13, 139, 197, 32.5928, 32.5928,4, 4
56, 17, 14, 139, 163, 110.276, 120.289,12, 11
56, 17, 15, 139, 139, 54.1152, 54.1152,5, 5
56, 17, 16, 139, 132, 224.403, 240.336,24, 22
56, 17, 18, 139, 146, 190.367, 203.94,22, 21
56, 17, 19, 139, 168, 105.021, 105.021,12, 12
56, 17, 20, 139, 189, 77.8243, 77.8243,9, 9
56, 17, 21, 139, 122, 20.6467, 20.6467,2, 2
56, 17, 22, 139, 153, 81.7603, 112.053,10, 6
56, 17, 23, 139, 180, 48.6441, 56.2139,5, 4
56, 17, 24, 139, 145, 18.5005, 25.7587,3, 2
56, 17, 25, 139, 184, 117.499, 124.451,10, 9
56, 17, 26, 139, 207, 16.8213, 16.8213,2, 2
56, 17, 27, 139, 146, 25.1552, 25.1552,2, 2
56, 17, 28, 139, 180, 99.833, 99.833,5, 5
56, 17, 29, 139, 200, 8.14551, 8.14551,1, 1
56, 17, 30, 139, 187, 34.7206, 34.7206,4, 4
56, 17, 31, 139, 160, 46.1195, 46.1195,5, 5
56, 17, 32, 139, 190, 67.4452, 81.2998,9, 7
56, 17, 33, 139, 186, 7.67181, 7.67181,1, 1
56, 17, 34, 139, 148, 100.554, 107.718,12, 11
56, 17, 35, 139, 156, 62.7965, 62.7965,5, 5
56, 17, 36, 139, 179, 52.3656, 52.3656,6, 6
56, 17, 37, 139, 185, 77.4708, 77.4708,8, 8
56, 17, 38, 139, 209, 29.6259, 29.6259,2, 2
56, 17, 39, 139, 185, 38.6533, 38.6533,3, 3
56, 17, 40, 139, 173, 15.7469, 15.7469,2, 2
56, 17, 41, 139, 159, 20.5833, 20.5833,2, 2
56, 17, 42, 139, 147, 24.5642, 24.5642,3, 3
56, 17, 43, 139, 171, 29.5768, 36.3902,5, 4
56, 17, 44, 139, 150, 34.9848, 34.9848,4, 4
56, 17, 45, 139, 194, 22.3988, 22.3988,3, 3
56, 17, 46, 139, 176, 26.2232, 26.2232,3, 3
56, 17, 47, 139, 184, 38.6932, 45.5305,5, 4
56, 18, 1, 146, 120, 16.8749, 24.8871,3, 2
56, 18, 2, 146, 155, 34.6401, 34.6401,4, 4
56, 18, 3, 146, 117, 51.2527, 65.9928,7, 5
56, 18, 4, 146, 238, 0, 0,0, 0
56, 18, 5, 146, 210, 31.1866, 31.1866,4, 4
56, 18, 6, 146, 202, 24.3756, 24.3756,3, 3
56, 18, 7, 146, 160, 77.5609, 84.4675,10, 9
56, 18, 8, 146, 146, 92.7812, 92.7812,10, 10
56, 18, 9, 146, 204, 0, 0,0, 0
56, 18, 10, 146, 204, 18.8804, 18.8804,2, 2
56, 18, 11, 146, 202, 47.7627, 47.7627,5, 5
56, 18, 12, 146, 197, 62.6616, 62.6616,7, 7
56, 18, 13, 146, 197, 41.429, 41.429,5, 5
56, 18, 14, 146, 163, 29.6517, 43.3779,6, 4
56, 18, 15, 146, 139, 88.4646, 95.4237,11, 10
56, 18, 16, 146, 132, 62.7756, 69.5286,8, 7
56, 18, 17, 146, 139, 203.939, 203.939,22, 22
56, 18, 19, 146, 168, 209.006, 239.51,27, 23
56, 18, 20, 146, 189, 177.791, 200.169,22, 19
56, 18, 21, 146, 122, 54.9686, 54.9686,7, 7
56, 18, 22, 146, 153, 45.8642, 52.661,6, 5
56, 18, 23, 146, 180, 36.9597, 36.9597,4, 4
56, 18, 24, 146, 145, 18.7225, 18.7225,2, 2
56, 18, 25, 146, 184, 72.0054, 72.0054,9, 9
56, 18, 26, 146, 207, 20.1082, 20.1082,2, 2
56, 18, 27, 146, 146, 32.0709, 32.0709,4, 4
56, 18, 28, 146, 180, 95.8632, 102.616,12, 11
56, 18, 29, 146, 200, 35.2783, 35.2783,4, 4
56, 18, 30, 146, 187, 36.3803, 36.3803,5, 5
56, 18, 31, 146, 160, 45.2282, 45.2282,4, 4
56, 18, 32, 146, 190, 38.2092, 38.2092,4, 4
56, 18, 33, 146, 186, 20.2375, 20.2375,2, 2
56, 18, 34, 146, 148, 88.4871, 95.2676,10, 9
56, 18, 35, 146, 156, 36.1197, 36.1197,4, 4
56, 18, 36, 146, 179, 52.8792, 60.1791,6, 5
56, 18, 37, 146, 185, 24.4444, 24.4444,3, 3
56, 18, 38, 146, 209, 18.2703, 18.2703,2, 2
56, 18, 39, 146, 185, 27.4606, 27.4606,4, 4
56, 18, 40, 146, 173, 15.0566, 15.0566,2, 2
56, 18, 41, 146, 159, 41.3688, 50.6619,6, 5
56, 18, 42, 146, 147, 101.883, 109,11, 10
56, 18, 43, 146, 171, 30.6689, 30.6689,4, 4
56, 18, 44, 146, 150, 33.5832, 33.5832,4, 4
56, 18, 45, 146, 194, 0, 0,0, 0
56, 18, 46, 146, 176, 36.1741, 36.1741,4, 4
56, 18, 47, 146, 184, 23.3252, 23.3252,3, 3
56, 19, 1, 168, 120, 0, 0,0, 0
56, 19, 2, 168, 155, 30.7563, 30.7563,4, 4
56, 19, 3, 168, 117, 0, 0,0, 0
56, 19, 4, 168, 238, 6.87818, 6.87818,1, 1
56, 19, 5, 168, 210, 7.17141, 7.17141,1, 1
56, 19, 6, 168, 202, 0, 0,0, 0
56, 19, 7, 168, 160, 21.4047, 21.4047,3, 3
56, 19, 8, 168, 146, 163.791, 170.774,19, 18
56, 19, 9, 168, 204, 0, 0,0, 0
56, 19, 10, 168, 204, 0, 0,0, 0
56, 19, 11, 168, 202, 6.73515, 6.73515,1, 1
56, 19, 12, 168, 197, 37.0719, 37.0719,4, 4
56, 19, 13, 168, 197, 83.8416, 83.8416,10, 10
56, 19, 14, 168, 163, 9.37653, 9.37653,1, 1
56, 19, 15, 168, 139, 82.0866, 82.0866,10, 10
56, 19, 16, 168, 132, 17.5971, 17.5971,2, 2
56, 19, 17, 168, 139, 105.02, 105.02,12, 12
56, 19, 18, 168, 146, 239.51, 239.51,27, 27
56, 19, 20, 168, 189, 104.881, 104.881,13, 13
56, 19, 21, 168, 122, 62.8747, 62.8747,7, 7
56, 19, 22, 168, 153, 26.2627, 26.2627,3, 3
56, 19, 23, 168, 180, 6.68161, 6.68161,1, 1
56, 19, 24, 168, 145, 0, 0,0, 0
56, 19, 25, 168, 184, 22.3739, 22.3739,3, 3
56, 19, 26, 168, 207, 19.1965, 19.1965,2, 2
56, 19, 27, 168, 146, 7.77825, 7.77825,1, 1
56, 19, 28, 168, 180, 46.6424, 46.6424,5, 5
56, 19, 29, 168, 200, 15.7015, 15.7015,2, 2
56, 19, 30, 168, 187, 51.7244, 66.8758,8, 6
56, 19, 31, 168, 160, 38.1897, 38.1897,4, 4
56, 19, 32, 168, 190, 7.42257, 7.42257,1, 1
56, 19, 33, 168, 186, 21.5569, 21.5569,2, 2
56, 19, 34, 168, 148, 40.8113, 40.8113,5, 5
56, 19, 35, 168, 156, 0, 0,0, 0
56, 19, 36, 168, 179, 38.206, 38.206,5, 5
56, 19, 37, 168, 185, 7.75507, 7.75507,1, 1
56, 19, 38, 168, 209, 0, 0,0, 0
56, 19, 39, 168, 185, 6.95702, 6.95702,1, 1
56, 19, 40, 168, 173, 76.3619, 76.3619,8, 8
56, 19, 41, 168, 159, 48.7752, 48.7752,5, 5
56, 19, 42, 168, 147, 78.2172, 78.2172,9, 9
56, 19, 43, 168, 171, 28.5215, 28.5215,3, 3
56, 19, 44, 168, 150, 31.0273, 31.0273,3, 3
56, 19, 45, 168, 194, 0, 0,0, 0
56, 19, 46, 168, 176, 9.2691, 9.2691,1, 1
56, 19, 47, 168, 184, 19.8586, 19.8586,2, 2
56, 20, 1, 189, 120, 0, 0,0, 0
56, 20, 2, 189, 155, 49.4755, 49.4755,4, 4
56, 20, 3, 189, 117, 21.983, 21.983,2, 2
56, 20, 4, 189, 238, 22.8645, 22.8645,2, 2
56, 20, 5, 189, 210, 14.8181, 14.8181,2, 2
56, 20, 6, 189, 202, 28.212, 28.212,3, 3
56, 20, 7, 189, 160, 430.502, 437.61,44, 43
56, 20, 8, 189, 146, 187.731, 212.937,23, 20
56, 20, 9, 189, 204, 0, 0,0, 0
56, 20, 10, 189, 204, 20.2204, 20.2204,2, 2
56, 20, 11, 189, 202, 17.7367, 17.7367,2, 2
56, 20, 12, 189, 197, 93.9846, 111.911,12, 10
56, 20, 13, 189, 197, 25.9462, 25.9462,3, 3
56, 20, 14, 189, 163, 299.838, 321.344,37, 34
56, 20, 15, 189, 139, 447.161, 511.452,53, 46
56, 20, 16, 189, 132, 19.573, 19.573,2, 2
56, 20, 17, 189, 139, 77.8243, 77.8243,9, 9
56, 20, 18, 189, 146, 170.716, 200.167,22, 18
56, 20, 19, 189, 168, 98.159, 104.882,13, 12
56, 20, 21, 189, 122, 101.23, 109.837,13, 12
56, 20, 22, 189, 153, 115.204, 115.204,11, 11
56, 20, 23, 189, 180, 57.5867, 72.0422,9, 7
56, 20, 24, 189, 145, 23.0685, 23.0685,3, 3
56, 20, 25, 189, 184, 492.504, 572.185,55, 45
56, 20, 26, 189, 207, 16.7234, 16.7234,2, 2
56, 20, 27, 189, 146, 19.1605, 19.1605,1, 1
56, 20, 28, 189, 180, 59.4517, 59.4517,5, 5
56, 20, 29, 189, 200, 21.9984, 21.9984,3, 3
56, 20, 30, 189, 187, 49.8221, 49.8221,6, 6
56, 20, 31, 189, 160, 38.4136, 38.4136,4, 4
56, 20, 32, 189, 190, 278.082, 295.213,33, 31
56, 20, 33, 189, 186, 28.946, 47.735,5, 3
56, 20, 34, 189, 148, 101.574, 145.422,16, 11
56, 20, 35, 189, 156, 40.9314, 40.9314,5, 5
56, 20, 36, 189, 179, 103.07, 127.518,13, 11
56, 20, 37, 189, 185, 211.244, 237.688,25, 22
56, 20, 38, 189, 209, 25.0577, 25.0577,2, 2
56, 20, 39, 189, 185, 13.5484, 13.5484,1, 1
56, 20, 40, 189, 173, 7.26412, 14.1369,2, 1
56, 20, 41, 189, 159, 41.8313, 61.9935,7, 5
56, 20, 42, 189, 147, 55.2935, 70.0881,9, 7
56, 20, 43, 189, 171, 16.5376, 16.5376,2, 2
56, 20, 44, 189, 150, 28.1362, 28.1362,3, 3
56, 20, 45, 189, 194, 8.7444, 8.7444,1, 1
56, 20, 46, 189, 176, 36.3132, 36.3132,4, 4
56, 20, 47, 189, 184, 24.8724, 24.8724,2, 2
56, 21, 1, 122, 120, 6.89, 6.89,1, 1
56, 21, 2, 122, 155, 44.6293, 44.6293,5, 5
56, 21, 3, 122, 117, 28.8283, 28.8283,3, 3
56, 21, 4, 122, 238, 14.8523, 14.8523,2, 2
56, 21, 5, 122, 210, 36.6647, 43.3498,5, 4
56, 21, 6, 122, 202, 30.1519, 30.1519,4, 4
56, 21, 7, 122, 160, 43.3772, 43.3772,5, 5
56, 21, 8, 122, 146, 154.47, 174.869,20, 17
56, 21, 9, 122, 204, 0, 0,0, 0
56, 21, 10, 122, 204, 36.879, 36.879,2, 2
56, 21, 11, 122, 202, 23.7335, 23.7335,3, 3
56, 21, 12, 122, 197, 46.4256, 46.4256,5, 5
56, 21, 13, 122, 197, 62.0338, 62.0338,7, 7
56, 21, 14, 122, 163, 24.7518, 32.2159,4, 3
56, 21, 15, 122, 139, 132.78, 132.78,13, 13
56, 21, 16, 122, 132, 20.7489, 20.7489,2, 2
56, 21, 17, 122, 139, 20.6469, 20.6469,2, 2
56, 21, 18, 122, 146, 48.1522, 54.9686,7, 6
56, 21, 19, 122, 168, 55.8492, 62.8747,7, 6
56, 21, 20, 122, 189, 109.838, 109.838,13, 13
56, 21, 22, 122, 153, 269.459, 284.976,28, 26
56, 21, 23, 122, 180, 100.082, 100.082,11, 11
56, 21, 24, 122, 145, 31.3783, 31.3783,4, 4
56, 21, 25, 122, 184, 94.3775, 94.3775,9, 9
56, 21, 26, 122, 207, 91.8793, 124.489,14, 10
56, 21, 27, 122, 146, 8.30432, 8.30432,1, 1
56, 21, 28, 122, 180, 48.9371, 48.9371,4, 4
56, 21, 29, 122, 200, 22.3321, 22.3321,3, 3
56, 21, 30, 122, 187, 57.6889, 57.6889,6, 6
56, 21, 31, 122, 160, 22.3468, 22.3468,3, 3
56, 21, 32, 122, 190, 56.691, 56.691,4, 4
56, 21, 33, 122, 186, 0, 0,0, 0
56, 21, 34, 122, 148, 131.458, 138.166,14, 13
56, 21, 35, 122, 156, 19.4219, 19.4219,1, 1
56, 21, 36, 122, 179, 73.8311, 82.7384,10, 9
56, 21, 37, 122, 185, 25.3809, 25.3809,2, 2
56, 21, 38, 122, 209, 24.1243, 24.1243,2, 2
56, 21, 39, 122, 185, 11.3632, 11.3632,1, 1
56, 21, 40, 122, 173, 32.825, 32.825,3, 3
56, 21, 41, 122, 159, 55.0301, 55.0301,6, 6
56, 21, 42, 122, 147, 46.1066, 46.1066,6, 6
56, 21, 43, 122, 171, 16.9396, 16.9396,2, 2
56, 21, 44, 122, 150, 100.538, 114.484,12, 10
56, 21, 45, 122, 194, 0, 0,0, 0
56, 21, 46, 122, 176, 83.3716, 90.5715,9, 8
56, 21, 47, 122, 184, 35.2453, 35.2453,3, 3
56, 22, 1, 153, 120, 0, 0,0, 0
56, 22, 2, 153, 155, 97.6867, 97.6867,8, 8
56, 22, 3, 153, 117, 22.4015, 22.4015,2, 2
56, 22, 4, 153, 238, 21.9587, 21.9587,2, 2
56, 22, 5, 153, 210, 26.6465, 26.6465,3, 3
56, 22, 6, 153, 202, 10.4189, 10.4189,1, 1
56, 22, 7, 153, 160, 78.5569, 85.4978,10, 9
56, 22, 8, 153, 146, 35.8783, 44.2791,5, 4
56, 22, 9, 153, 204, 0, 0,0, 0
56, 22, 10, 153, 204, 29.8591, 29.8591,2, 2
56, 22, 11, 153, 202, 0, 0,0, 0
56, 22, 12, 153, 197, 49.6907, 49.6907,5, 5
56, 22, 13, 153, 197, 16.6604, 16.6604,2, 2
56, 22, 14, 153, 163, 109.102, 138.5,17, 13
56, 22, 15, 153, 139, 116.049, 116.049,12, 12
56, 22, 16, 153, 132, 55.5286, 55.5286,5, 5
56, 22, 17, 153, 139, 88.1792, 112.051,10, 7
56, 22, 18, 153, 146, 45.8638, 52.6606,6, 5
56, 22, 19, 153, 168, 26.2624, 26.2624,3, 3
56, 22, 20, 153, 189, 108.368, 115.204,11, 10
56, 22, 21, 153, 122, 253.104, 284.976,28, 24
56, 22, 23, 153, 180, 193.378, 214.684,24, 21
56, 22, 24, 153, 145, 56.5377, 82.6674,9, 6
56, 22, 25, 153, 184, 157.775, 157.775,15, 15
56, 22, 26, 153, 207, 33.9899, 33.9899,4, 4
56, 22, 27, 153, 146, 14.7408, 14.7408,1, 1
56, 22, 28, 153, 180, 79.2928, 79.2928,5, 5
56, 22, 29, 153, 200, 7.92434, 7.92434,1, 1
56, 22, 30, 153, 187, 48.7422, 66.3491,7, 5
56, 22, 31, 153, 160, 32.6352, 32.6352,4, 4
56, 22, 32, 153, 190, 57.0025, 63.9482,6, 5
56, 22, 33, 153, 186, 9.31665, 9.31665,1, 1
56, 22, 34, 153, 148, 114.461, 148.158,16, 12
56, 22, 35, 153, 156, 42.9469, 42.9469,4, 4
56, 22, 36, 153, 179, 29.4132, 29.4132,3, 3
56, 22, 37, 153, 185, 56.1645, 56.1645,6, 6
56, 22, 38, 153, 209, 32.1269, 32.1269,2, 2
56, 22, 39, 153, 185, 43.1731, 50.0055,4, 3
56, 22, 40, 153, 173, 28.3039, 28.3039,4, 4
56, 22, 41, 153, 159, 23.7391, 23.7391,3, 3
56, 22, 42, 153, 147, 41.2625, 48.8416,5, 4
56, 22, 43, 153, 171, 41.0619, 41.0619,5, 5
56, 22, 44, 153, 150, 61.8896, 61.8896,7, 7
56, 22, 45, 153, 194, 25.3028, 56.0963,7, 3
56, 22, 46, 153, 176, 115.31, 122.066,14, 13
56, 22, 47, 153, 184, 112.234, 170.533,18, 11
56, 23, 1, 180, 120, 15.8666, 15.8666,2, 2
56, 23, 2, 180, 155, 37.0419, 37.0419,4, 4
56, 23, 3, 180, 117, 30.7093, 30.7093,3, 3
56, 23, 4, 180, 238, 14.6374, 14.6374,2, 2
56, 23, 5, 180, 210, 7.25294, 7.25294,1, 1
56, 23, 6, 180, 202, 26.0811, 26.0811,3, 3
56, 23, 7, 180, 160, 58.3095, 58.3095,7, 7
56, 23, 8, 180, 146, 18.4539, 25.1716,3, 2
56, 23, 9, 180, 204, 22.5387, 29.7648,4, 3
56, 23, 10, 180, 204, 65.6459, 72.4343,7, 6
56, 23, 11, 180, 202, 7.09912, 7.09912,1, 1
56, 23, 12, 180, 197, 30.6134, 30.6134,4, 4
56, 23, 13, 180, 197, 0, 0,0, 0
56, 23, 14, 180, 163, 161.07, 184.35,21, 18
56, 23, 15, 180, 139, 34.7143, 41.5411,4, 3
56, 23, 16, 180, 132, 41.2735, 48.2194,4, 3
56, 23, 17, 180, 139, 56.2137, 56.2137,5, 5
56, 23, 18, 180, 146, 36.9595, 36.9595,4, 4
56, 23, 19, 180, 168, 6.6816, 6.6816,1, 1
56, 23, 20, 180, 189, 72.0424, 72.0424,9, 9
56, 23, 21, 180, 122, 77.396, 100.082,11, 8
56, 23, 22, 180, 153, 207.601, 214.685,24, 23
56, 23, 24, 180, 145, 373.532, 451.136,48, 38
56, 23, 25, 180, 184, 77.7965, 85.2731,9, 8
56, 23, 26, 180, 207, 14.0776, 14.0776,2, 2
56, 23, 27, 180, 146, 10.0318, 10.0318,1, 1
56, 23, 28, 180, 180, 41.2119, 41.2119,3, 3
56, 23, 29, 180, 200, 7.52804, 7.52804,1, 1
56, 23, 30, 180, 187, 0, 0,0, 0
56, 23, 31, 180, 160, 0, 0,0, 0
56, 23, 32, 180, 190, 134.433, 193.534,22, 14
56, 23, 33, 180, 186, 0, 0,0, 0
56, 23, 34, 180, 148, 37.6673, 37.6673,4, 4
56, 23, 35, 180, 156, 88.2289, 110.229,9, 7
56, 23, 36, 180, 179, 15.6258, 15.6258,2, 2
56, 23, 37, 180, 185, 103.862, 125.98,15, 12
56, 23, 38, 180, 209, 24.4474, 24.4474,2, 2
56, 23, 39, 180, 185, 54.5571, 76.7362,8, 5
56, 23, 40, 180, 173, 0, 0,0, 0
56, 23, 41, 180, 159, 8.36479, 8.36479,1, 1
56, 23, 42, 180, 147, 15.3055, 15.3055,2, 2
56, 23, 43, 180, 171, 0, 0,0, 0
56, 23, 44, 180, 150, 16.0257, 16.0257,2, 2
56, 23, 45, 180, 194, 31.4939, 38.6643,5, 4
56, 23, 46, 180, 176, 38.3068, 38.3068,5, 5
56, 23, 47, 180, 184, 120.927, 144.793,16, 13
56, 24, 1, 145, 120, 14.6209, 21.7155,3, 2
56, 24, 2, 145, 155, 0, 0,0, 0
56, 24, 3, 145, 117, 15.9416, 31.3992,2, 1
56, 24, 4, 145, 238, 0, 0,0, 0
56, 24, 5, 145, 210, 17.4575, 17.4575,2, 2
56, 24, 6, 145, 202, 36.4175, 43.6462,6, 5
56, 24, 7, 145, 160, 8.19767, 8.19767,1, 1
56, 24, 8, 145, 146, 0, 0,0, 0
56, 24, 9, 145, 204, 31.6311, 38.458,5, 4
56, 24, 10, 145, 204, 51.2921, 59.0525,8, 7
56, 24, 11, 145, 202, 0, 0,0, 0
56, 24, 12, 145, 197, 0, 0,0, 0
56, 24, 13, 145, 197, 0, 0,0, 0
56, 24, 14, 145, 163, 87.392, 104.128,12, 10
56, 24, 15, 145, 139, 7.33076, 14.2294,2, 1
56, 24, 16, 145, 132, 31.0312, 31.0312,4, 4
56, 24, 17, 145, 139, 25.7587, 25.7587,3, 3
56, 24, 18, 145, 146, 9.62963, 18.7226,2, 1
56, 24, 19, 145, 168, 0, 0,0, 0
56, 24, 20, 145, 189, 23.0685, 23.0685,3, 3
56, 24, 21, 145, 122, 23.4562, 31.3784,4, 3
56, 24, 22, 145, 153, 74.0522, 82.6672,9, 8
56, 24, 23, 145, 180, 384.926, 451.134,48, 40
56, 24, 25, 145, 184, 36.7317, 50.3512,6, 4
56, 24, 26, 145, 207, 9.41704, 17.885,2, 1
56, 24, 27, 145, 146, 0, 0,0, 0
56, 24, 28, 145, 180, 7.08176, 13.7558,2, 1
56, 24, 29, 145, 200, 0, 0,0, 0
56, 24, 30, 145, 187, 0, 0,0, 0
56, 24, 31, 145, 160, 0, 0,0, 0
56, 24, 32, 145, 190, 105.313, 175.119,19, 11
56, 24, 33, 145, 186, 37.8735, 37.8735,5, 5
56, 24, 34, 145, 148, 30.4094, 50.1887,5, 3
56, 24, 35, 145, 156, 66.4477, 88.4874,10, 7
56, 24, 36, 145, 179, 0, 0,0, 0
56, 24, 37, 145, 185, 58.9658, 91.8668,11, 7
56, 24, 38, 145, 209, 25.1841, 25.1841,3, 3
56, 24, 39, 145, 185, 66.1076, 74.4804,8, 7
56, 24, 40, 145, 173, 0, 0,0, 0
56, 24, 41, 145, 159, 0, 0,0, 0
56, 24, 42, 145, 147, 0, 0,0, 0
56, 24, 43, 145, 171, 29.0755, 29.0755,4, 4
56, 24, 44, 145, 150, 0, 0,0, 0
56, 24, 45, 145, 194, 52.4808, 52.4808,6, 6
56, 24, 46, 145, 176, 6.86002, 6.86002,1, 1
56, 24, 47, 145, 184, 105.365, 116.012,14, 13
56, 25, 1, 184, 120, 6.86272, 6.86272,1, 1
56, 25, 2, 184, 155, 80.4303, 80.4303,7, 7
56, 25, 3, 184, 117, 45.649, 45.649,5, 5
56, 25, 4, 184, 238, 17.5107, 17.5107,2, 2
56, 25, 5, 184, 210, 17.4611, 17.4611,2, 2
56, 25, 6, 184, 202, 25.6546, 25.6546,3, 3
56, 25, 7, 184, 160, 457.947, 495.449,53, 48
56, 25, 8, 184, 146, 101.487, 108.739,13, 12
56, 25, 9, 184, 204, 0, 0,0, 0
56, 25, 10, 184, 204, 34.0956, 34.0956,2, 2
56, 25, 11, 184, 202, 19.5874, 19.5874,2, 2
56, 25, 12, 184, 197, 65.5355, 65.5355,8, 8
56, 25, 13, 184, 197, 44.6459, 44.6459,5, 5
56, 25, 14, 184, 163, 399.168, 406.682,41, 40
56, 25, 15, 184, 139, 353.128, 384.008,36, 33
56, 25, 16, 184, 132, 32.9314, 32.9314,3, 3
56, 25, 17, 184, 139, 115.853, 124.452,10, 9
56, 25, 18, 184, 146, 72.0055, 72.0055,9, 9
56, 25, 19, 184, 168, 22.3739, 22.3739,3, 3
56, 25, 20, 184, 189, 554.885, 572.193,55, 53
56, 25, 21, 184, 122, 94.3768, 94.3768,9, 9
56, 25, 22, 184, 153, 157.773, 157.773,15, 15
56, 25, 23, 184, 180, 77.9946, 85.2733,9, 8
56, 25, 24, 184, 145, 50.3513, 50.3513,6, 6
56, 25, 26, 184, 207, 7.95206, 7.95206,1, 1
56, 25, 27, 184, 146, 27.9478, 27.9478,3, 3
56, 25, 28, 184, 180, 91.4617, 98.2966,9, 8
56, 25, 29, 184, 200, 18.08, 18.08,2, 2
56, 25, 30, 184, 187, 40.2213, 40.2213,5, 5
56, 25, 31, 184, 160, 67.8455, 67.8455,7, 7
56, 25, 32, 184, 190, 341.276, 348.034,34, 33
56, 25, 33, 184, 186, 7.30535, 7.30535,1, 1
56, 25, 34, 184, 148, 83.868, 83.868,9, 9
56, 25, 35, 184, 156, 80.1533, 89.2383,9, 8
56, 25, 36, 184, 179, 74.2012, 74.2012,9, 9
56, 25, 37, 184, 185, 260.64, 275.78,27, 25
56, 25, 38, 184, 209, 24.5656, 24.5656,2, 2
56, 25, 39, 184, 185, 40.3078, 47.05,5, 4
56, 25, 40, 184, 173, 15.0074, 15.0074,2, 2
56, 25, 41, 184, 159, 18.6645, 18.6645,2, 2
56, 25, 42, 184, 147, 25.9152, 25.9152,3, 3
56, 25, 43, 184, 171, 19.2243, 19.2243,2, 2
56, 25, 44, 184, 150, 28.0852, 28.0852,3, 3
56, 25, 45, 184, 194, 7.69895, 7.69895,1, 1
56, 25, 46, 184, 176, 45.7852, 45.7852,6, 6
56, 25, 47, 184, 184, 22.1938, 22.1938,2, 2
56, 26, 1, 207, 120, 7.51979, 7.51979,1, 1
56, 26, 2, 207, 155, 14.3331, 14.3331,2, 2
56, 26, 3, 207, 117, 18.0654, 18.0654,2, 2
56, 26, 4, 207, 238, 0, 0,0, 0
56, 26, 5, 207, 210, 39.8173, 39.8173,5, 5
56, 26, 6, 207, 202, 8.66115, 8.66115,1, 1
56, 26, 7, 207, 160, 16.8293, 16.8293,2, 2
56, 26, 8, 207, 146, 47.1887, 68.6358,9, 6
56, 26, 9, 207, 204, 0, 0,0, 0
56, 26, 10, 207, 204, 9.17517, 9.17517,1, 1
56, 26, 11, 207, 202, 7.22812, 7.22812,1, 1
56, 26, 12, 207, 197, 24.7323, 24.7323,3, 3
56, 26, 13, 207, 197, 0, 0,0, 0
56, 26, 14, 207, 163, 17.394, 17.394,2, 2
56, 26, 15, 207, 139, 28.6169, 28.6169,4, 4
56, 26, 16, 207, 132, 6.94304, 6.94304,1, 1
56, 26, 17, 207, 139, 16.8213, 16.8213,2, 2
56, 26, 18, 207, 146, 20.1082, 20.1082,2, 2
56, 26, 19, 207, 168, 19.1964, 19.1964,2, 2
56, 26, 20, 207, 189, 16.7235, 16.7235,2, 2
56, 26, 21, 207, 122, 92.4434, 124.49,14, 10
56, 26, 22, 207, 153, 33.9898, 33.9898,4, 4
56, 26, 23, 207, 180, 14.0776, 14.0776,2, 2
56, 26, 24, 207, 145, 17.885, 17.885,2, 2
56, 26, 25, 207, 184, 7.95211, 7.95211,1, 1
56, 26, 27, 207, 146, 7.23522, 7.23522,1, 1
56, 26, 28, 207, 180, 21.1085, 21.1085,3, 3
56, 26, 29, 207, 200, 0, 0,0, 0
56, 26, 30, 207, 187, 23.8146, 23.8146,3, 3
56, 26, 31, 207, 160, 7.38362, 7.38362,1, 1
56, 26, 32, 207, 190, 27.7769, 27.7769,3, 3
56, 26, 33, 207, 186, 13.5146, 13.5146,2, 2
56, 26, 34, 207, 148, 48.2026, 61.9773,7, 5
56, 26, 35, 207, 156, 7.04557, 7.04557,1, 1
56, 26, 36, 207, 179, 15.2947, 15.2947,2, 2
56, 26, 37, 207, 185, 17.648, 17.648,2, 2
56, 26, 38, 207, 209, 8.19884, 8.19884,1, 1
56, 26, 39, 207, 185, 0, 0,0, 0
56, 26, 40, 207, 173, 22.4164, 22.4164,3, 3
56, 26, 41, 207, 159, 23.0677, 23.0677,3, 3
56, 26, 42, 207, 147, 14.8721, 14.8721,2, 2
56, 26, 43, 207, 171, 10.7875, 10.7875,1, 1
56, 26, 44, 207, 150, 24.8332, 32.1313,4, 3
56, 26, 45, 207, 194, 0, 0,0, 0
56, 26, 46, 207, 176, 65.4401, 65.4401,8, 8
56, 26, 47, 207, 184, 17.4072, 17.4072,2, 2
56, 27, 1, 146, 120, 61.6289, 68.6403,9, 8
56, 27, 2, 146, 155, 103.461, 103.461,12, 12
56, 27, 3, 146, 117, 66.7716, 73.5981,8, 7
56, 27, 4, 146, 238, 18.9337, 18.9337,2, 2
56, 27, 5, 146, 210, 7.61831, 7.61831,1, 1
56, 27, 6, 146, 202, 17.6909, 17.6909,2, 2
56, 27, 7, 146, 160, 15.3538, 15.3538,1, 1
56, 27, 8, 146, 146, 0, 0,0, 0
56, 27, 9, 146, 204, 8.24015, 8.24015,1, 1
56, 27, 10, 146, 204, 27.9837, 27.9837,3, 3
56, 27, 11, 146, 202, 23.1813, 23.1813,3, 3
56, 27, 12, 146, 197, 58.5604, 58.5604,5, 5
56, 27, 13, 146, 197, 7.90514, 7.90514,1, 1
56, 27, 14, 146, 163, 14.8149, 14.8149,1, 1
56, 27, 15, 146, 139, 10.2946, 10.2946,1, 1
56, 27, 16, 146, 132, 30.9092, 30.9092,3, 3
56, 27, 17, 146, 139, 25.1555, 25.1555,2, 2
56, 27, 18, 146, 146, 32.0709, 32.0709,4, 4
56, 27, 19, 146, 168, 7.77825, 7.77825,1, 1
56, 27, 20, 146, 189, 19.1613, 19.1613,1, 1
56, 27, 21, 146, 122, 8.30432, 8.30432,1, 1
56, 27, 22, 146, 153, 14.7401, 14.7401,1, 1
56, 27, 23, 146, 180, 10.0318, 10.0318,1, 1
56, 27, 24, 146, 145, 0, 0,0, 0
56, 27, 25, 146, 184, 27.9479, 27.9479,3, 3
56, 27, 26, 146, 207, 7.23522, 7.23522,1, 1
56, 27, 28, 146, 180, 436.399, 463.472,44, 41
56, 27, 29, 146, 200, 0, 0,0, 0
56, 27, 30, 146, 187, 100.703, 112.287,11, 10
56, 27, 31, 146, 160, 383.142, 429.716,42, 37
56, 27, 32, 146, 190, 30.9202, 30.9202,3, 3
56, 27, 33, 146, 186, 15.7234, 15.7234,2, 2
56, 27, 34, 146, 148, 26.7817, 26.7817,3, 3
56, 27, 35, 146, 156, 10.5086, 10.5086,1, 1
56, 27, 36, 146, 179, 27.9801, 27.9801,2, 2
56, 27, 37, 146, 185, 22.5863, 22.5863,2, 2
56, 27, 38, 146, 209, 47.4034, 54.7538,4, 3
56, 27, 39, 146, 185, 28.7342, 35.8082,4, 3
56, 27, 40, 146, 173, 7.6038, 7.6038,1, 1
56, 27, 41, 146, 159, 15.3406, 15.3406,2, 2
56, 27, 42, 146, 147, 7.11166, 7.11166,1, 1
56, 27, 43, 146, 171, 51.6845, 51.6845,6, 6
56, 27, 44, 146, 150, 11.501, 11.501,1, 1
56, 27, 45, 146, 194, 0, 0,0, 0
56, 27, 46, 146, 176, 27.2026, 27.2026,3, 3
56, 27, 47, 146, 184, 22.0676, 22.0676,2, 2
56, 28, 1, 180, 120, 33.136, 33.136,4, 4
56, 28, 2, 180, 155, 148.652, 196.336,18, 14
56, 28, 3, 180, 117, 67.9051, 94.8471,11, 8
56, 28, 4, 180, 238, 25.8329, 42.709,5, 3
56, 28, 5, 180, 210, 14.1896, 14.1896,2, 2
56, 28, 6, 180, 202, 35.8104, 45.4759,5, 4
56, 28, 7, 180, 160, 54.9387, 62.7198,7, 6
56, 28, 8, 180, 146, 34.7058, 34.7058,4, 4
56, 28, 9, 180, 204, 0, 0,0, 0
56, 28, 10, 180, 204, 49.3041, 77.7772,6, 4
56, 28, 11, 180, 202, 61.2753, 61.2753,7, 7
56, 28, 12, 180, 197, 49.4783, 67.3206,7, 5
56, 28, 13, 180, 197, 20.9856, 20.9856,2, 2
56, 28, 14, 180, 163, 34.657, 45.8289,4, 3
56, 28, 15, 180, 139, 42.9663, 58.0609,5, 4
56, 28, 16, 180, 132, 27.7122, 52.871,4, 2
56, 28, 17, 180, 139, 68.2395, 99.8295,5, 4
56, 28, 18, 180, 146, 94.3222, 102.615,12, 11
56, 28, 19, 180, 168, 46.6424, 46.6424,5, 5
56, 28, 20, 180, 189, 45.4237, 59.4522,5, 4
56, 28, 21, 180, 122, 36.8487, 48.9371,4, 3
56, 28, 22, 180, 153, 52.783, 79.2939,5, 4
56, 28, 23, 180, 180, 26.5802, 41.2123,3, 2
56, 28, 24, 180, 145, 13.7558, 13.7558,2, 2
56, 28, 25, 180, 184, 83.3338, 98.297,9, 8
56, 28, 26, 180, 207, 21.1086, 21.1086,3, 3
56, 28, 27, 180, 146, 416.357, 463.471,44, 39
56, 28, 29, 180, 200, 21.699, 21.699,3, 3
56, 28, 30, 180, 187, 198.174, 205.647,22, 21
56, 28, 31, 180, 160, 566.128, 634.852,59, 50
56, 28, 32, 180, 190, 37.4259, 67.875,6, 3
56, 28, 33, 180, 186, 28.7846, 28.7846,3, 3
56, 28, 34, 180, 148, 39.9522, 58.0844,6, 4
56, 28, 35, 180, 156, 23.968, 41.2316,2, 1
56, 28, 36, 180, 179, 78.8028, 90.1255,9, 8
56, 28, 37, 180, 185, 25.0842, 45.6895,4, 2
56, 28, 38, 180, 209, 43.2235, 72.0511,5, 3
56, 28, 39, 180, 185, 23.6431, 45.9432,2, 1
56, 28, 40, 180, 173, 7.58105, 7.58105,1, 1
56, 28, 41, 180, 159, 27.5154, 27.5154,3, 3
56, 28, 42, 180, 147, 39.3851, 39.3851,5, 5
56, 28, 43, 180, 171, 68.5647, 68.5647,9, 9
56, 28, 44, 180, 150, 28.1276, 36.3209,4, 3
56, 28, 45, 180, 194, 0, 0,0, 0
56, 28, 46, 180, 176, 31.6941, 43.1685,4, 3
56, 28, 47, 180, 184, 45.6921, 69.9203,6, 4
56, 29, 1, 200, 120, 0, 0,0, 0
56, 29, 2, 200, 155, 21.9456, 21.9456,3, 3
56, 29, 3, 200, 117, 0, 0,0, 0
56, 29, 4, 200, 238, 6.95599, 6.95599,1, 1
56, 29, 5, 200, 210, 15.4981, 15.4981,1, 1
56, 29, 6, 200, 202, 21.4547, 21.4547,3, 3
56, 29, 7, 200, 160, 7.09513, 7.09513,1, 1
56, 29, 8, 200, 146, 17.7356, 17.7356,2, 2
56, 29, 9, 200, 204, 14.9259, 14.9259,2, 2
56, 29, 10, 200, 204, 0, 0,0, 0
56, 29, 11, 200, 202, 45.0909, 45.0909,5, 5
56, 29, 12, 200, 197, 38.1026, 45.3103,6, 5
56, 29, 13, 200, 197, 56.1413, 56.1413,6, 6
56, 29, 14, 200, 163, 15.8257, 15.8257,2, 2
56, 29, 15, 200, 139, 6.81474, 6.81474,1, 1
56, 29, 16, 200, 132, 0, 0,0, 0
56, 29, 17, 200, 139, 8.14557, 8.14557,1, 1
56, 29, 18, 200, 146, 35.2784, 35.2784,4, 4
56, 29, 19, 200, 168, 15.7015, 15.7015,2, 2
56, 29, 20, 200, 189, 15.2969, 21.9985,3, 2
56, 29, 21, 200, 122, 22.3321, 22.3321,3, 3
56, 29, 22, 200, 153, 7.92437, 7.92437,1, 1
56, 29, 23, 200, 180, 7.52804, 7.52804,1, 1
56, 29, 24, 200, 145, 0, 0,0, 0
56, 29, 25, 200, 184, 18.08, 18.08,2, 2
56, 29, 26, 200, 207, 0, 0,0, 0
56, 29, 27, 200, 146, 0, 0,0, 0
56, 29, 28, 200, 180, 21.699, 21.699,3, 3
56, 29, 30, 200, 187, 64.6695, 64.6695,8, 8
56, 29, 31, 200, 160, 7.50777, 7.50777,1, 1
56, 29, 32, 200, 190, 0, 0,0, 0
56, 29, 33, 200, 186, 331.684, 344.524,33, 32
56, 29, 34, 200, 148, 29.2962, 29.2962,4, 4
56, 29, 35, 200, 156, 0, 0,0, 0
56, 29, 36, 200, 179, 32.9566, 32.9566,4, 4
56, 29, 37, 200, 185, 0, 0,0, 0
56, 29, 38, 200, 209, 64.5845, 64.5845,8, 8
56, 29, 39, 200, 185, 7.28353, 7.28353,1, 1
56, 29, 40, 200, 173, 79.1999, 85.9877,10, 9
56, 29, 41, 200, 159, 144.138, 154.432,17, 16
56, 29, 42, 200, 147, 125.542, 143.57,15, 13
56, 29, 43, 200, 171, 74.8251, 74.8251,9, 9
56, 29, 44, 200, 150, 23.9197, 23.9197,3, 3
56, 29, 45, 200, 194, 13.8183, 13.8183,2, 2
56, 29, 46, 200, 176, 7.01359, 7.01359,1, 1
56, 29, 47, 200, 184, 0, 0,0, 0
56, 30, 1, 187, 120, 0, 0,0, 0
56, 30, 2, 187, 155, 101.281, 110.415,13, 12
56, 30, 3, 187, 117, 22.9748, 22.9748,3, 3
56, 30, 4, 187, 238, 21.5746, 21.5746,3, 3
56, 30, 5, 187, 210, 35.6419, 35.6419,4, 4
56, 30, 6, 187, 202, 8.8496, 8.8496,1, 1
56, 30, 7, 187, 160, 27.769, 27.769,2, 2
56, 30, 8, 187, 146, 23.7867, 23.7867,3, 3
56, 30, 9, 187, 204, 0, 0,0, 0
56, 30, 10, 187, 204, 13.843, 13.843,2, 2
56, 30, 11, 187, 202, 11.3444, 11.3444,1, 1
56, 30, 12, 187, 197, 38.8862, 38.8862,4, 4
56, 30, 13, 187, 197, 35.9066, 44.686,5, 4
56, 30, 14, 187, 163, 17.6483, 24.6318,3, 2
56, 30, 15, 187, 139, 19.8066, 19.8066,1, 1
56, 30, 16, 187, 132, 6.716, 6.716,1, 1
56, 30, 17, 187, 139, 26.5013, 34.7206,4, 3
56, 30, 18, 187, 146, 36.3803, 36.3803,5, 5
56, 30, 19, 187, 168, 66.8756, 66.8756,8, 8
56, 30, 20, 187, 189, 49.8221, 49.8221,6, 6
56, 30, 21, 187, 122, 48.4418, 57.6889,6, 5
56, 30, 22, 187, 153, 55.567, 66.3492,7, 6
56, 30, 23, 187, 180, 0, 0,0, 0
56, 30, 24, 187, 145, 0, 0,0, 0
56, 30, 25, 187, 184, 32.9092, 40.2216,5, 4
56, 30, 26, 187, 207, 23.8146, 23.8146,3, 3
56, 30, 27, 187, 146, 98.8186, 112.285,11, 9
56, 30, 28, 187, 180, 177.011, 205.647,22, 19
56, 30, 29, 187, 200, 64.6697, 64.6697,8, 8
56, 30, 31, 187, 160, 223.016, 238.542,25, 23
56, 30, 32, 187, 190, 9.42793, 9.42793,1, 1
56, 30, 33, 187, 186, 24.9565, 24.9565,3, 3
56, 30, 34, 187, 148, 28.7549, 36.7932,5, 4
56, 30, 35, 187, 156, 0, 0,0, 0
56, 30, 36, 187, 179, 39.3473, 47.0939,6, 5
56, 30, 37, 187, 185, 9.71009, 9.71009,1, 1
56, 30, 38, 187, 209, 24.9042, 24.9042,3, 3
56, 30, 39, 187, 185, 15.3472, 15.3472,2, 2
56, 30, 40, 187, 173, 61.425, 69.5982,8, 7
56, 30, 41, 187, 159, 43.9789, 51.8452,6, 5
56, 30, 42, 187, 147, 52.1377, 52.1377,7, 7
56, 30, 43, 187, 171, 31.6278, 31.6278,4, 4
56, 30, 44, 187, 150, 38.387, 47.3936,5, 4
56, 30, 45, 187, 194, 0, 0,0, 0
56, 30, 46, 187, 176, 30.6281, 37.3331,5, 4
56, 30, 47, 187, 184, 23.1795, 23.1795,3, 3
56, 31, 1, 160, 120, 29.419, 29.419,4, 4
56, 31, 2, 160, 155, 125.252, 156.962,18, 14
56, 31, 3, 160, 117, 37.297, 44.1177,6, 5
56, 31, 4, 160, 238, 8.71272, 8.71272,1, 1
56, 31, 5, 160, 210, 7.83826, 7.83826,1, 1
56, 31, 6, 160, 202, 9.72639, 9.72639,1, 1
56, 31, 7, 160, 160, 43.1271, 43.1271,5, 5
56, 31, 8, 160, 146, 16.6853, 16.6853,2, 2
56, 31, 9, 160, 204, 7.11205, 7.11205,1, 1
56, 31, 10, 160, 204, 0, 0,0, 0
56, 31, 11, 160, 202, 46.3691, 46.3691,5, 5
56, 31, 12, 160, 197, 16.7917, 16.7917,2, 2
56, 31, 13, 160, 197, 31.2887, 31.2887,3, 3
56, 31, 14, 160, 163, 18.6517, 18.6517,2, 2
56, 31, 15, 160, 139, 22.8791, 22.8791,3, 3
56, 31, 16, 160, 132, 16.278, 16.278,2, 2
56, 31, 17, 160, 139, 46.1198, 46.1198,5, 5
56, 31, 18, 160, 146, 45.2281, 45.2281,4, 4
56, 31, 19, 160, 168, 38.1897, 38.1897,4, 4
56, 31, 20, 160, 189, 38.4135, 38.4135,4, 4
56, 31, 21, 160, 122, 22.3468, 22.3468,3, 3
56, 31, 22, 160, 153, 32.6353, 32.6353,4, 4
56, 31, 23, 160, 180, 0, 0,0, 0
56, 31, 24, 160, 145, 0, 0,0, 0
56, 31, 25, 160, 184, 67.8455, 67.8455,7, 7
56, 31, 26, 160, 207, 7.38365, 7.38365,1, 1
56, 31, 27, 160, 146, 395.518, 429.715,42, 38
56, 31, 28, 160, 180, 580.15, 634.851,59, 53
56, 31, 29, 160, 200, 7.50777, 7.50777,1, 1
56, 31, 30, 160, 187, 219.868, 238.542,25, 23
56, 31, 32, 160, 190, 0, 0,0, 0
56, 31, 33, 160, 186, 50.0514, 50.0514,6, 6
56, 31, 34, 160, 148, 39.202, 39.202,5, 5
56, 31, 35, 160, 156, 0, 0,0, 0
56, 31, 36, 160, 179, 46.2967, 46.2967,5, 5
56, 31, 37, 160, 185, 6.74341, 6.74341,1, 1
56, 31, 38, 160, 209, 6.76684, 6.76684,1, 1
56, 31, 39, 160, 185, 20.9874, 20.9874,3, 3
56, 31, 40, 160, 173, 21.2595, 21.2595,3, 3
56, 31, 41, 160, 159, 25.6805, 25.6805,3, 3
56, 31, 42, 160, 147, 39.8398, 39.8398,4, 4
56, 31, 43, 160, 171, 55.8565, 55.8565,7, 7
56, 31, 44, 160, 150, 12.4551, 12.4551,1, 1
56, 31, 45, 160, 194, 0, 0,0, 0
56, 31, 46, 160, 176, 14.964, 14.964,2, 2
56, 31, 47, 160, 184, 14.4478, 14.4478,2, 2
56, 32, 1, 190, 120, 24.6602, 39.8746,5, 3
56, 32, 2, 190, 155, 29.1196, 68.8774,6, 2
56, 32, 3, 190, 117, 47.6597, 93.3702,8, 3
56, 32, 4, 190, 238, 23.227, 49.5145,5, 2
56, 32, 5, 190, 210, 7.28396, 7.28396,1, 1
56, 32, 6, 190, 202, 50.8577, 100.658,13, 6
56, 32, 7, 190, 160, 226.21, 269.214,31, 26
56, 32, 8, 190, 146, 37.5037, 37.5037,5, 5
56, 32, 9, 190, 204, 8.72329, 17.298,2, 1
56, 32, 10, 190, 204, 34.3109, 67.4723,5, 2
56, 32, 11, 190, 202, 0, 0,0, 0
56, 32, 12, 190, 197, 21.3494, 21.3494,2, 2
56, 32, 13, 190, 197, 0, 0,0, 0
56, 32, 14, 190, 163, 520.871, 696.414,63, 45
56, 32, 15, 190, 139, 213.896, 260.03,28, 23
56, 32, 16, 190, 132, 117.068, 167.272,17, 11
56, 32, 17, 190, 139, 61.3881, 81.3004,9, 7
56, 32, 18, 190, 146, 28.4347, 38.2093,4, 3
56, 32, 19, 190, 168, 7.42256, 7.42256,1, 1
56, 32, 20, 190, 189, 244.428, 295.212,33, 27
56, 32, 21, 190, 122, 37.8826, 56.6914,4, 3
56, 32, 22, 190, 153, 43.4484, 63.9482,6, 4
56, 32, 23, 190, 180, 86.2845, 193.535,22, 9
56, 32, 24, 190, 145, 85.9287, 175.12,19, 8
56, 32, 25, 190, 184, 290.38, 348.035,34, 28
56, 32, 26, 190, 207, 19.4867, 27.7772,3, 2
56, 32, 27, 190, 146, 14.3659, 30.9204,3, 1
56, 32, 28, 190, 180, 29.1908, 67.8755,6, 2
56, 32, 29, 190, 200, 0, 0,0, 0
56, 32, 30, 190, 187, 9.42786, 9.42786,1, 1
56, 32, 31, 190, 160, 0, 0,0, 0
56, 32, 33, 190, 186, 0, 0,0, 0
56, 32, 34, 190, 148, 57.6879, 79.7765,8, 6
56, 32, 35, 190, 156, 74.4561, 102.109,11, 8
56, 32, 36, 190, 179, 19.3043, 26.9596,3, 2
56, 32, 37, 190, 185, 4832.93, 5155.81,155, 125
56, 32, 38, 190, 209, 24.6288, 61.4009,6, 2
56, 32, 39, 190, 185, 20.5637, 37.8503,4, 2
56, 32, 40, 190, 173, 0, 0,0, 0
56, 32, 41, 190, 159, 0, 0,0, 0
56, 32, 42, 190, 147, 6.97882, 6.97882,1, 1
56, 32, 43, 190, 171, 12.2986, 12.2986,1, 1
56, 32, 44, 190, 150, 10.9652, 10.9652,1, 1
56, 32, 45, 190, 194, 49.1575, 79.341,10, 6
56, 32, 46, 190, 176, 45.7758, 60.4683,8, 6
56, 32, 47, 190, 184, 59.4789, 107.403,13, 7
56, 33, 1, 186, 120, 0, 0,0, 0
56, 33, 2, 186, 155, 17.1169, 17.1169,2, 2
56, 33, 3, 186, 117, 0, 0,0, 0
56, 33, 4, 186, 238, 0, 0,0, 0
56, 33, 5, 186, 210, 15.7556, 15.7556,2, 2
56, 33, 6, 186, 202, 120.9, 205.067,26, 15
56, 33, 7, 186, 160, 13.9081, 13.9081,2, 2
56, 33, 8, 186, 146, 24.458, 24.458,3, 3
56, 33, 9, 186, 204, 198.319, 430.385,48, 20
56, 33, 10, 186, 204, 180.075, 339.148,42, 21
56, 33, 11, 186, 202, 163.417, 307.538,36, 18
56, 33, 12, 186, 197, 64.1391, 71.8066,7, 6
56, 33, 13, 186, 197, 35.253, 35.253,4, 4
56, 33, 14, 186, 163, 0, 0,0, 0
56, 33, 15, 186, 139, 39.2313, 46.3182,5, 4
56, 33, 16, 186, 132, 0, 0,0, 0
56, 33, 17, 186, 139, 7.6718, 7.6718,1, 1
56, 33, 18, 186, 146, 20.2375, 20.2375,2, 2
56, 33, 19, 186, 168, 21.5569, 21.5569,2, 2
56, 33, 20, 186, 189, 47.7343, 47.7343,5, 5
56, 33, 21, 186, 122, 0, 0,0, 0
56, 33, 22, 186, 153, 9.31643, 9.31643,1, 1
56, 33, 23, 186, 180, 0, 0,0, 0
56, 33, 24, 186, 145, 23.1153, 37.8736,5, 3
56, 33, 25, 186, 184, 7.30535, 7.30535,1, 1
56, 33, 26, 186, 207, 13.5146, 13.5146,2, 2
56, 33, 27, 186, 146, 15.7235, 15.7235,2, 2
56, 33, 28, 186, 180, 28.7846, 28.7846,3, 3
56, 33, 29, 186, 200, 318.098, 344.523,33, 30
56, 33, 30, 186, 187, 24.9565, 24.9565,3, 3
56, 33, 31, 186, 160, 50.0513, 50.0513,6, 6
56, 33, 32, 186, 190, 0, 0,0, 0
56, 33, 34, 186, 148, 43.7813, 43.7813,5, 5
56, 33, 35, 186, 156, 50.925, 50.925,7, 7
56, 33, 36, 186, 179, 55.3775, 62.2833,7, 6
56, 33, 37, 186, 185, 0, 0,0, 0
56, 33, 38, 186, 209, 437.394, 754.157,87, 46
56, 33, 39, 186, 185, 196.675, 306.969,34, 20
56, 33, 40, 186, 173, 44.6236, 44.6236,5, 5
56, 33, 41, 186, 159, 64.706, 64.706,7, 7
56, 33, 42, 186, 147, 120.552, 120.552,13, 13
56, 33, 43, 186, 171, 344.568, 649.093,72, 34
56, 33, 44, 186, 150, 0, 0,0, 0
56, 33, 45, 186, 194, 195.332, 341.75,41, 22
56, 33, 46, 186, 176, 18.126, 18.126,2, 2
56, 33, 47, 186, 184, 56.0338, 85.0819,11, 7
56, 34, 1, 148, 120, 15.3129, 22.1366,3, 2
56, 34, 2, 148, 155, 60.5614, 60.5614,6, 6
56, 34, 3, 148, 117, 77.1388, 93.9309,9, 7
56, 34, 4, 148, 238, 15.8864, 15.8864,2, 2
56, 34, 5, 148, 210, 25.5272, 25.5272,3, 3
56, 34, 6, 148, 202, 23.9483, 23.9483,3, 3
56, 34, 7, 148, 160, 91.0212, 91.0212,10, 10
56, 34, 8, 148, 146, 80.9239, 80.9239,8, 8
56, 34, 9, 148, 204, 0, 0,0, 0
56, 34, 10, 148, 204, 36.0235, 60.2382,6, 3
56, 34, 11, 148, 202, 146.548, 146.548,16, 16
56, 34, 12, 148, 197, 162.076, 176.283,22, 20
56, 34, 13, 148, 197, 60.3445, 60.3445,7, 7
56, 34, 14, 148, 163, 37.1122, 37.1122,5, 5
56, 34, 15, 148, 139, 136.362, 170.304,17, 13
56, 34, 16, 148, 132, 46.5146, 53.443,6, 5
56, 34, 17, 148, 139, 83.3166, 107.717,12, 9
56, 34, 18, 148, 146, 84.7667, 95.2672,10, 9
56, 34, 19, 148, 168, 32.329, 40.8114,5, 4
56, 34, 20, 148, 189, 145.422, 145.422,16, 16
56, 34, 21, 148, 122, 127.659, 138.166,14, 13
56, 34, 22, 148, 153, 141.272, 148.157,16, 15
56, 34, 23, 148, 180, 29.0081, 37.6673,4, 3
56, 34, 24, 148, 145, 35.0742, 50.1878,5, 3
56, 34, 25, 148, 184, 75.5366, 83.8679,9, 8
56, 34, 26, 148, 207, 52.1154, 61.9769,7, 6
56, 34, 27, 148, 146, 26.7816, 26.7816,3, 3
56, 34, 28, 148, 180, 43.6198, 58.0842,6, 4
56, 34, 29, 148, 200, 29.2963, 29.2963,4, 4
56, 34, 30, 148, 187, 36.7932, 36.7932,5, 5
56, 34, 31, 148, 160, 39.202, 39.202,5, 5
56, 34, 32, 148, 190, 60.7916, 79.7759,8, 6
56, 34, 33, 148, 186, 43.7813, 43.7813,5, 5
56, 34, 35, 148, 156, 100.652, 123.932,15, 12
56, 34, 36, 148, 179, 306.706, 345.045,40, 35
56, 34, 37, 148, 185, 42.6859, 50.3533,6, 5
56, 34, 38, 148, 209, 37.4118, 45.6106,4, 3
56, 34, 39, 148, 185, 100.755, 100.755,11, 11
56, 34, 40, 148, 173, 48.1532, 48.1532,5, 5
56, 34, 41, 148, 159, 66.6648, 66.6648,8, 8
56, 34, 42, 148, 147, 62.3972, 62.3972,7, 7
56, 34, 43, 148, 171, 23.6112, 23.6112,3, 3
56, 34, 44, 148, 150, 64.3273, 64.3273,8, 8
56, 34, 45, 148, 194, 43.0154, 43.0154,5, 5
56, 34, 46, 148, 176, 69.5608, 69.5608,9, 9
56, 34, 47, 148, 184, 57.763, 57.763,6, 6
56, 35, 1, 156, 120, 6.80164, 6.80164,1, 1
56, 35, 2, 156, 155, 25.3622, 25.3622,2, 2
56, 35, 3, 156, 117, 28.2626, 28.2626,3, 3
56, 35, 4, 156, 238, 15.841, 15.841,2, 2
56, 35, 5, 156, 210, 0, 0,0, 0
56, 35, 6, 156, 202, 114.465, 146.398,15, 11
56, 35, 7, 156, 160, 51.8978, 51.8978,6, 6
56, 35, 8, 156, 146, 18.2393, 18.2393,2, 2
56, 35, 9, 156, 204, 149.115, 156.302,20, 19
56, 35, 10, 156, 204, 167.891, 182.282,19, 17
56, 35, 11, 156, 202, 100.685, 116.666,12, 10
56, 35, 12, 156, 197, 30.2463, 30.2463,4, 4
56, 35, 13, 156, 197, 0, 0,0, 0
56, 35, 14, 156, 163, 50.9744, 50.9744,5, 5
56, 35, 15, 156, 139, 35.3735, 35.3735,3, 3
56, 35, 16, 156, 132, 61.2942, 61.2942,5, 5
56, 35, 17, 156, 139, 53.3607, 62.798,5, 4
56, 35, 18, 156, 146, 36.1195, 36.1195,4, 4
56, 35, 19, 156, 168, 0, 0,0, 0
56, 35, 20, 156, 189, 40.9312, 40.9312,5, 5
56, 35, 21, 156, 122, 19.4217, 19.4217,1, 1
56, 35, 22, 156, 153, 42.9455, 42.9455,4, 4
56, 35, 23, 156, 180, 103.503, 110.229,9, 8
56, 35, 24, 156, 145, 72.6079, 88.4872,10, 8
56, 35, 25, 156, 184, 82.0302, 89.2382,9, 8
56, 35, 26, 156, 207, 7.04554, 7.04554,1, 1
56, 35, 27, 156, 146, 10.5085, 10.5085,1, 1
56, 35, 28, 156, 180, 41.2312, 41.2312,2, 2
56, 35, 29, 156, 200, 0, 0,0, 0
56, 35, 30, 156, 187, 0, 0,0, 0
56, 35, 31, 156, 160, 0, 0,0, 0
56, 35, 32, 156, 190, 102.109, 102.109,11, 11
56, 35, 33, 156, 186, 36.829, 50.9249,7, 5
56, 35, 34, 156, 148, 116.668, 123.932,15, 14
56, 35, 36, 156, 179, 60.4797, 90.1512,11, 7
56, 35, 37, 156, 185, 32.8271, 32.8271,3, 3
56, 35, 38, 156, 209, 161.832, 192.786,21, 17
56, 35, 39, 156, 185, 310.953, 359.573,38, 32
56, 35, 40, 156, 173, 0, 0,0, 0
56, 35, 41, 156, 159, 0, 0,0, 0
56, 35, 42, 156, 147, 8.27355, 8.27355,1, 1
56, 35, 43, 156, 171, 135.982, 157.826,18, 15
56, 35, 44, 156, 150, 14.1083, 14.1083,2, 2
56, 35, 45, 156, 194, 161.469, 184.944,20, 17
56, 35, 46, 156, 176, 34.5704, 34.5704,4, 4
56, 35, 47, 156, 184, 86.9441, 104.116,11, 9
56, 36, 1, 179, 120, 6.74685, 6.74685,1, 1
56, 36, 2, 179, 155, 54.4075, 54.4075,6, 6
56, 36, 3, 179, 117, 24.1391, 24.1391,3, 3
56, 36, 4, 179, 238, 15.8445, 15.8445,2, 2
56, 36, 5, 179, 210, 64.0425, 73.0544,8, 7
56, 36, 6, 179, 202, 46.8856, 46.8856,4, 4
56, 36, 7, 179, 160, 57.5665, 57.5665,6, 6
56, 36, 8, 179, 146, 38.9551, 47.1497,5, 4
56, 36, 9, 179, 204, 7.11313, 7.11313,1, 1
56, 36, 10, 179, 204, 81.8937, 81.8937,8, 8
56, 36, 11, 179, 202, 191.959, 191.959,21, 21
56, 36, 12, 179, 197, 246.177, 284.178,26, 21
56, 36, 13, 179, 197, 123.609, 123.609,12, 12
56, 36, 14, 179, 163, 31.1587, 31.1587,3, 3
56, 36, 15, 179, 139, 63.7364, 70.4064,8, 7
56, 36, 16, 179, 132, 48.1465, 48.1465,5, 5
56, 36, 17, 179, 139, 52.3656, 52.3656,6, 6
56, 36, 18, 179, 146, 60.1794, 60.1794,6, 6
56, 36, 19, 179, 168, 38.206, 38.206,5, 5
56, 36, 20, 179, 189, 120.736, 127.518,13, 12
56, 36, 21, 179, 122, 72.2735, 82.7384,10, 9
56, 36, 22, 179, 153, 29.4131, 29.4131,3, 3
56, 36, 23, 179, 180, 15.6258, 15.6258,2, 2
56, 36, 24, 179, 145, 0, 0,0, 0
56, 36, 25, 179, 184, 74.201, 74.201,9, 9
56, 36, 26, 179, 207, 15.2946, 15.2946,2, 2
56, 36, 27, 179, 146, 27.979, 27.979,2, 2
56, 36, 28, 179, 180, 90.1251, 90.1251,9, 9
56, 36, 29, 179, 200, 32.9564, 32.9564,4, 4
56, 36, 30, 179, 187, 39.4965, 47.0939,6, 5
56, 36, 31, 179, 160, 46.2967, 46.2967,5, 5
56, 36, 32, 179, 190, 26.9601, 26.9601,3, 3
56, 36, 33, 179, 186, 62.2832, 62.2832,7, 7
56, 36, 34, 179, 148, 335.83, 345.046,40, 39
56, 36, 35, 179, 156, 76.4474, 90.1512,11, 9
56, 36, 37, 179, 185, 19.3774, 19.3774,2, 2
56, 36, 38, 179, 209, 29.2883, 29.2883,2, 2
56, 36, 39, 179, 185, 148.954, 172.14,18, 15
56, 36, 40, 179, 173, 36.1483, 43.6286,5, 4
56, 36, 41, 179, 159, 104.507, 113.334,12, 11
56, 36, 42, 179, 147, 100.079, 114.968,14, 12
56, 36, 43, 179, 171, 51.039, 51.039,6, 6
56, 36, 44, 179, 150, 71.0575, 71.0575,7, 7
56, 36, 45, 179, 194, 15.3736, 15.3736,2, 2
56, 36, 46, 179, 176, 69.7284, 76.4045,9, 8
56, 36, 47, 179, 184, 45.496, 45.496,4, 4
56, 37, 1, 185, 120, 15.7505, 15.7505,2, 2
56, 37, 2, 185, 155, 31.2411, 47.7719,4, 2
56, 37, 3, 185, 117, 42.4205, 51.0253,4, 3
56, 37, 4, 185, 238, 21.1767, 38.0755,4, 2
56, 37, 5, 185, 210, 7.57894, 7.57894,1, 1
56, 37, 6, 185, 202, 55.8235, 78.9791,10, 7
56, 37, 7, 185, 160, 269.557, 287.881,30, 28
56, 37, 8, 185, 146, 33.0434, 40.9421,5, 4
56, 37, 9, 185, 204, 10.2886, 19.0563,2, 1
56, 37, 10, 185, 204, 58.1419, 65.322,6, 5
56, 37, 11, 185, 202, 0, 0,0, 0
56, 37, 12, 185, 197, 29.1409, 35.8565,4, 3
56, 37, 13, 185, 197, 0, 0,0, 0
56, 37, 14, 185, 163, 439.511, 518.914,54, 45
56, 37, 15, 185, 139, 135.264, 135.264,14, 14
56, 37, 16, 185, 132, 98.3646, 119.246,13, 10
56, 37, 17, 185, 139, 60.997, 77.4705,8, 6
56, 37, 18, 185, 146, 24.4443, 24.4443,3, 3
56, 37, 19, 185, 168, 7.75504, 7.75504,1, 1
56, 37, 20, 185, 189, 203.467, 237.688,25, 21
56, 37, 21, 185, 122, 25.3808, 25.3808,2, 2
56, 37, 22, 185, 153, 47.7634, 56.1644,6, 5
56, 37, 23, 185, 180, 103.276, 125.98,15, 12
56, 37, 24, 185, 145, 67.3764, 91.8667,11, 8
56, 37, 25, 185, 184, 275.781, 275.781,27, 27
56, 37, 26, 185, 207, 17.6479, 17.6479,2, 2
56, 37, 27, 185, 146, 13.0403, 22.5864,2, 1
56, 37, 28, 185, 180, 29.8687, 45.6875,4, 2
56, 37, 29, 185, 200, 0, 0,0, 0
56, 37, 30, 185, 187, 9.71017, 9.71017,1, 1
56, 37, 31, 185, 160, 6.74339, 6.74339,1, 1
56, 37, 32, 185, 190, 4931.86, 5153.55,155, 132
56, 37, 33, 185, 186, 0, 0,0, 0
56, 37, 34, 185, 148, 50.3535, 50.3535,6, 6
56, 37, 35, 185, 156, 32.8272, 32.8272,3, 3
56, 37, 36, 185, 179, 11.5044, 19.3774,2, 1
56, 37, 38, 185, 209, 23.5173, 40.5887,4, 2
56, 37, 39, 185, 185, 18.4882, 26.1917,3, 2
56, 37, 40, 185, 173, 0, 0,0, 0
56, 37, 41, 185, 159, 0, 0,0, 0
56, 37, 42, 185, 147, 0, 0,0, 0
56, 37, 43, 185, 171, 14.048, 14.048,1, 1
56, 37, 44, 185, 150, 17.8734, 17.8734,2, 2
56, 37, 45, 185, 194, 24.285, 31.6938,4, 3
56, 37, 46, 185, 176, 31.1713, 45.9879,6, 4
56, 37, 47, 185, 184, 43.9655, 59.3824,7, 5
56, 38, 1, 209, 120, 6.71122, 6.71122,1, 1
56, 38, 2, 209, 155, 47.2412, 71.0223,6, 4
56, 38, 3, 209, 117, 37.8705, 56.4946,6, 4
56, 38, 4, 209, 238, 17.1115, 32.8799,4, 2
56, 38, 5, 209, 210, 7.42274, 7.42274,1, 1
56, 38, 6, 209, 202, 141.523, 280.672,33, 15
56, 38, 7, 209, 160, 12.3089, 20.3531,2, 1
56, 38, 8, 209, 146, 0, 0,0, 0
56, 38, 9, 209, 204, 278.119, 660.537,81, 32
56, 38, 10, 209, 204, 292.052, 632.258,69, 29
56, 38, 11, 209, 202, 171.126, 378.042,43, 18
56, 38, 12, 209, 197, 29.2579, 46.509,4, 2
56, 38, 13, 209, 197, 10.5884, 10.5884,1, 1
56, 38, 14, 209, 163, 11.5357, 20.3741,2, 1
56, 38, 15, 209, 139, 18.624, 30.2398,2, 1
56, 38, 16, 209, 132, 24.059, 44.1971,4, 2
56, 38, 17, 209, 139, 15.4812, 29.6257,2, 1
56, 38, 18, 209, 146, 10.3872, 18.2702,2, 1
56, 38, 19, 209, 168, 0, 0,0, 0
56, 38, 20, 209, 189, 13.4897, 25.0576,2, 1
56, 38, 21, 209, 122, 15.5428, 24.1256,2, 1
56, 38, 22, 209, 153, 17.8186, 32.1269,2, 1
56, 38, 23, 209, 180, 13.742, 24.4475,2, 1
56, 38, 24, 209, 145, 25.1841, 25.1841,3, 3
56, 38, 25, 209, 184, 15.0039, 24.5656,2, 1
56, 38, 26, 209, 207, 8.19882, 8.19882,1, 1
56, 38, 27, 209, 146, 42.7034, 54.7546,4, 3
56, 38, 28, 209, 180, 43.2239, 72.0514,5, 3
56, 38, 29, 209, 200, 56.4256, 64.5846,8, 7
56, 38, 30, 209, 187, 17.3187, 24.9042,3, 2
56, 38, 31, 209, 160, 6.7668, 6.7668,1, 1
56, 38, 32, 209, 190, 36.4625, 61.4004,6, 3
56, 38, 33, 209, 186, 367.268, 754.159,87, 38
56, 38, 34, 209, 148, 35.5773, 45.6107,4, 3
56, 38, 35, 209, 156, 124.527, 192.787,21, 13
56, 38, 36, 209, 179, 19.0255, 29.2881,2, 1
56, 38, 37, 209, 185, 23.5174, 40.5887,4, 2
56, 38, 39, 209, 185, 293.406, 509.431,56, 30
56, 38, 40, 209, 173, 0, 0,0, 0
56, 38, 41, 209, 159, 14.6112, 14.6112,2, 2
56, 38, 42, 209, 147, 16.6398, 24.9538,3, 2
56, 38, 43, 209, 171, 277.39, 641.596,73, 29
56, 38, 44, 209, 150, 10.4176, 18.3387,2, 1
56, 38, 45, 209, 194, 203.591, 439.592,53, 23
56, 38, 46, 209, 176, 10.8653, 20.0928,2, 1
56, 38, 47, 209, 184, 65.8104, 119.836,15, 8
56, 39, 1, 185, 120, 24.6689, 24.6689,3, 3
56, 39, 2, 185, 155, 33.4435, 40.1568,4, 3
56, 39, 3, 185, 117, 26.2774, 26.2774,3, 3
56, 39, 4, 185, 238, 16.4186, 16.4186,2, 2
56, 39, 5, 185, 210, 18.9976, 18.9976,2, 2
56, 39, 6, 185, 202, 216.426, 421.739,45, 20
56, 39, 7, 185, 160, 7.97781, 7.97781,1, 1
56, 39, 8, 185, 146, 13.9284, 13.9284,2, 2
56, 39, 9, 185, 204, 367.704, 654.456,72, 37
56, 39, 10, 185, 204, 493.241, 814.264,90, 50
56, 39, 11, 185, 202, 243.014, 405.581,47, 26
56, 39, 12, 185, 197, 42.7609, 42.7609,5, 5
56, 39, 13, 185, 197, 0, 0,0, 0
56, 39, 14, 185, 163, 46.0072, 54.0975,6, 5
56, 39, 15, 185, 139, 12.0109, 12.0109,1, 1
56, 39, 16, 185, 132, 97.4251, 110.943,14, 12
56, 39, 17, 185, 139, 38.6529, 38.6529,3, 3
56, 39, 18, 185, 146, 27.4606, 27.4606,4, 4
56, 39, 19, 185, 168, 6.957, 6.957,1, 1
56, 39, 20, 185, 189, 13.5484, 13.5484,1, 1
56, 39, 21, 185, 122, 11.3629, 11.3629,1, 1
56, 39, 22, 185, 153, 50.0054, 50.0054,4, 4
56, 39, 23, 185, 180, 63.0508, 76.7361,8, 6
56, 39, 24, 185, 145, 66.9549, 74.4807,8, 7
56, 39, 25, 185, 184, 47.0493, 47.0493,5, 5
56, 39, 26, 185, 207, 0, 0,0, 0
56, 39, 27, 185, 146, 35.8085, 35.8085,4, 4
56, 39, 28, 185, 180, 45.9441, 45.9441,2, 2
56, 39, 29, 185, 200, 7.28358, 7.28358,1, 1
56, 39, 30, 185, 187, 15.3472, 15.3472,2, 2
56, 39, 31, 185, 160, 14.134, 20.9874,3, 2
56, 39, 32, 185, 190, 37.8505, 37.8505,4, 4
56, 39, 33, 185, 186, 196.454, 306.97,34, 20
56, 39, 34, 185, 148, 100.755, 100.755,11, 11
56, 39, 35, 185, 156, 247.103, 359.574,38, 25
56, 39, 36, 185, 179, 164.373, 172.14,18, 17
56, 39, 37, 185, 185, 26.1917, 26.1917,3, 3
56, 39, 38, 185, 209, 299.225, 509.43,56, 30
56, 39, 40, 185, 173, 0, 0,0, 0
56, 39, 41, 185, 159, 6.80541, 6.80541,1, 1
56, 39, 42, 185, 147, 6.76009, 6.76009,1, 1
56, 39, 43, 185, 171, 241.943, 397.589,45, 25
56, 39, 44, 185, 150, 18.0661, 18.0661,2, 2
56, 39, 45, 185, 194, 287.772, 483.205,56, 31
56, 39, 46, 185, 176, 29.9102, 29.9102,3, 3
56, 39, 47, 185, 184, 113.199, 155.617,18, 12
56, 40, 1, 173, 120, 0, 0,0, 0
56, 40, 2, 173, 155, 7.39692, 14.6002,2, 1
56, 40, 3, 173, 117, 0, 0,0, 0
56, 40, 4, 173, 238, 13.7404, 13.7404,2, 2
56, 40, 5, 173, 210, 23.3086, 23.3086,3, 3
56, 40, 6, 173, 202, 15.2238, 15.2238,2, 2
56, 40, 7, 173, 160, 7.57929, 7.57929,1, 1
56, 40, 8, 173, 146, 43.1377, 43.1377,5, 5
56, 40, 9, 173, 204, 0, 0,0, 0
56, 40, 10, 173, 204, 0, 0,0, 0
56, 40, 11, 173, 202, 14.8118, 14.8118,2, 2
56, 40, 12, 173, 197, 50.825, 50.825,6, 6
56, 40, 13, 173, 197, 69.5562, 77.8602,9, 8
56, 40, 14, 173, 163, 0, 0,0, 0
56, 40, 15, 173, 139, 17.6217, 17.6217,2, 2
56, 40, 16, 173, 132, 0, 0,0, 0
56, 40, 17, 173, 139, 8.31112, 15.7469,2, 1
56, 40, 18, 173, 146, 15.0566, 15.0566,2, 2
56, 40, 19, 173, 168, 69.6555, 76.3622,8, 7
56, 40, 20, 173, 189, 14.1369, 14.1369,2, 2
56, 40, 21, 173, 122, 32.8255, 32.8255,3, 3
56, 40, 22, 173, 153, 28.3039, 28.3039,4, 4
56, 40, 23, 173, 180, 0, 0,0, 0
56, 40, 24, 173, 145, 0, 0,0, 0
56, 40, 25, 173, 184, 7.61333, 15.0074,2, 1
56, 40, 26, 173, 207, 22.4164, 22.4164,3, 3
56, 40, 27, 173, 146, 7.60383, 7.60383,1, 1
56, 40, 28, 173, 180, 7.58109, 7.58109,1, 1
56, 40, 29, 173, 200, 85.9876, 85.9876,10, 10
56, 40, 30, 173, 187, 61.4953, 69.5981,8, 7
56, 40, 31, 173, 160, 14.2357, 21.2594,3, 2
56, 40, 32, 173, 190, 0, 0,0, 0
56, 40, 33, 173, 186, 44.6239, 44.6239,5, 5
56, 40, 34, 173, 148, 36.0534, 48.1532,5, 4
56, 40, 35, 173, 156, 0, 0,0, 0
56, 40, 36, 173, 179, 34.9757, 43.6285,5, 4
56, 40, 37, 173, 185, 0, 0,0, 0
56, 40, 38, 173, 209, 0, 0,0, 0
56, 40, 39, 173, 185, 0, 0,0, 0
56, 40, 41, 173, 159, 449.951, 484.483,47, 43
56, 40, 42, 173, 147, 309.026, 326.53,34, 32
56, 40, 43, 173, 171, 88.5486, 88.5486,11, 11
56, 40, 44, 173, 150, 34.8871, 34.8871,4, 4
56, 40, 45, 173, 194, 0, 0,0, 0
56, 40, 46, 173, 176, 11.1858, 11.1858,1, 1
56, 40, 47, 173, 184, 11.7974, 11.7974,1, 1
56, 41, 1, 159, 120, 0, 0,0, 0
56, 41, 2, 159, 155, 42.5144, 42.5144,5, 5
56, 41, 3, 159, 117, 0, 0,0, 0
56, 41, 4, 159, 238, 6.68091, 6.68091,1, 1
56, 41, 5, 159, 210, 48.4032, 48.4032,6, 6
56, 41, 6, 159, 202, 36.5646, 36.5646,5, 5
56, 41, 7, 159, 160, 16.1697, 16.1697,2, 2
56, 41, 8, 159, 146, 28.2484, 28.2484,3, 3
56, 41, 9, 159, 204, 0, 0,0, 0
56, 41, 10, 159, 204, 0, 0,0, 0
56, 41, 11, 159, 202, 50.7017, 50.7017,6, 6
56, 41, 12, 159, 197, 78.1006, 78.1006,8, 8
56, 41, 13, 159, 197, 55.364, 55.364,5, 5
56, 41, 14, 159, 163, 17.8178, 17.8178,2, 2
56, 41, 15, 159, 139, 35.3822, 35.3822,4, 4
56, 41, 16, 159, 132, 0, 0,0, 0
56, 41, 17, 159, 139, 20.5833, 20.5833,2, 2
56, 41, 18, 159, 146, 50.662, 50.662,6, 6
56, 41, 19, 159, 168, 48.7748, 48.7748,5, 5
56, 41, 20, 159, 189, 61.9934, 61.9934,7, 7
56, 41, 21, 159, 122, 55.0303, 55.0303,6, 6
56, 41, 22, 159, 153, 23.739, 23.739,3, 3
56, 41, 23, 159, 180, 8.36486, 8.36486,1, 1
56, 41, 24, 159, 145, 0, 0,0, 0
56, 41, 25, 159, 184, 18.6645, 18.6645,2, 2
56, 41, 26, 159, 207, 23.0677, 23.0677,3, 3
56, 41, 27, 159, 146, 15.3407, 15.3407,2, 2
56, 41, 28, 159, 180, 27.5154, 27.5154,3, 3
56, 41, 29, 159, 200, 154.432, 154.432,17, 17
56, 41, 30, 159, 187, 51.8452, 51.8452,6, 6
56, 41, 31, 159, 160, 25.6806, 25.6806,3, 3
56, 41, 32, 159, 190, 0, 0,0, 0
56, 41, 33, 159, 186, 64.7058, 64.7058,7, 7
56, 41, 34, 159, 148, 66.6643, 66.6643,8, 8
56, 41, 35, 159, 156, 0, 0,0, 0
56, 41, 36, 159, 179, 113.334, 113.334,12, 12
56, 41, 37, 159, 185, 0, 0,0, 0
56, 41, 38, 159, 209, 14.6112, 14.6112,2, 2
56, 41, 39, 159, 185, 6.80546, 6.80546,1, 1
56, 41, 40, 159, 173, 450.794, 484.484,47, 43
56, 41, 42, 159, 147, 383.015, 390.047,36, 35
56, 41, 43, 159, 171, 155.292, 164.171,17, 16
56, 41, 44, 159, 150, 26.895, 26.895,2, 2
56, 41, 45, 159, 194, 0, 0,0, 0
56, 41, 46, 159, 176, 7.45768, 7.45768,1, 1
56, 41, 47, 159, 184, 0, 0,0, 0
56, 42, 1, 147, 120, 0, 0,0, 0
56, 42, 2, 147, 155, 31.0034, 31.0034,4, 4
56, 42, 3, 147, 117, 0, 0,0, 0
56, 42, 4, 147, 238, 7.75466, 7.75466,1, 1
56, 42, 5, 147, 210, 8.64674, 8.64674,1, 1
56, 42, 6, 147, 202, 23.1406, 23.1406,3, 3
56, 42, 7, 147, 160, 28.345, 28.345,3, 3
56, 42, 8, 147, 146, 50.6042, 58.0253,7, 6
56, 42, 9, 147, 204, 21.8655, 21.8655,3, 3
56, 42, 10, 147, 204, 13.8441, 13.8441,2, 2
56, 42, 11, 147, 202, 82.3656, 82.3656,9, 9
56, 42, 12, 147, 197, 110.27, 132.033,16, 13
56, 42, 13, 147, 197, 90.7293, 97.8403,12, 11
56, 42, 14, 147, 163, 7.68105, 7.68105,1, 1
56, 42, 15, 147, 139, 43.909, 43.909,5, 5
56, 42, 16, 147, 132, 0, 0,0, 0
56, 42, 17, 147, 139, 24.5642, 24.5642,3, 3
56, 42, 18, 147, 146, 101.884, 109.001,11, 10
56, 42, 19, 147, 168, 71.4708, 78.2177,9, 8
56, 42, 20, 147, 189, 63.0618, 70.088,9, 8
56, 42, 21, 147, 122, 46.1065, 46.1065,6, 6
56, 42, 22, 147, 153, 48.8417, 48.8417,5, 5
56, 42, 23, 147, 180, 8.1367, 15.3056,2, 1
56, 42, 24, 147, 145, 0, 0,0, 0
56, 42, 25, 147, 184, 25.915, 25.915,3, 3
56, 42, 26, 147, 207, 14.8721, 14.8721,2, 2
56, 42, 27, 147, 146, 7.11166, 7.11166,1, 1
56, 42, 28, 147, 180, 32.2906, 39.3848,5, 4
56, 42, 29, 147, 200, 136.881, 143.568,15, 14
56, 42, 30, 147, 187, 52.1376, 52.1376,7, 7
56, 42, 31, 147, 160, 31.8731, 39.8401,4, 3
56, 42, 32, 147, 190, 6.97884, 6.97884,1, 1
56, 42, 33, 147, 186, 113.051, 120.553,13, 12
56, 42, 34, 147, 148, 62.3973, 62.3973,7, 7
56, 42, 35, 147, 156, 8.2736, 8.2736,1, 1
56, 42, 36, 147, 179, 107.916, 114.968,14, 13
56, 42, 37, 147, 185, 0, 0,0, 0
56, 42, 38, 147, 209, 24.9539, 24.9539,3, 3
56, 42, 39, 147, 185, 6.76009, 6.76009,1, 1
56, 42, 40, 147, 173, 302.691, 326.53,34, 31
56, 42, 41, 147, 159, 373.241, 390.045,36, 34
56, 42, 43, 147, 171, 339.562, 346.679,37, 36
56, 42, 44, 147, 150, 19.2067, 19.2067,2, 2
56, 42, 45, 147, 194, 0, 0,0, 0
56, 42, 46, 147, 176, 44.8284, 44.8284,5, 5
56, 42, 47, 147, 184, 53.0042, 53.0042,6, 6
56, 43, 1, 171, 120, 0, 0,0, 0
56, 43, 2, 171, 155, 30.168, 37.0392,5, 4
56, 43, 3, 171, 117, 9.30059, 9.30059,1, 1
56, 43, 4, 171, 238, 6.80663, 6.80663,1, 1
56, 43, 5, 171, 210, 33.5462, 33.5462,4, 4
56, 43, 6, 171, 202, 128.364, 166.816,20, 15
56, 43, 7, 171, 160, 63.8058, 63.8058,6, 6
56, 43, 8, 171, 146, 7.574, 14.783,2, 1
56, 43, 9, 171, 204, 208.531, 483.303,56, 22
56, 43, 10, 171, 204, 253.768, 444.959,52, 28
56, 43, 11, 171, 202, 170.025, 309.072,36, 18
56, 43, 12, 171, 197, 62.2246, 62.2246,6, 6
56, 43, 13, 171, 197, 28.4653, 28.4653,4, 4
56, 43, 14, 171, 163, 25.3291, 25.3291,3, 3
56, 43, 15, 171, 139, 6.81432, 6.81432,1, 1
56, 43, 16, 171, 132, 7.87761, 7.87761,1, 1
56, 43, 17, 171, 139, 36.3903, 36.3903,5, 5
56, 43, 18, 171, 146, 23.2117, 30.6688,4, 3
56, 43, 19, 171, 168, 21.6457, 28.5215,3, 2
56, 43, 20, 171, 189, 16.5378, 16.5378,2, 2
56, 43, 21, 171, 122, 16.9394, 16.9394,2, 2
56, 43, 22, 171, 153, 34.1729, 41.0619,5, 4
56, 43, 23, 171, 180, 0, 0,0, 0
56, 43, 24, 171, 145, 21.9657, 29.0755,4, 3
56, 43, 25, 171, 184, 19.2241, 19.2241,2, 2
56, 43, 26, 171, 207, 10.7875, 10.7875,1, 1
56, 43, 27, 171, 146, 44.5088, 51.6851,6, 5
56, 43, 28, 171, 180, 54.4583, 68.565,9, 7
56, 43, 29, 171, 200, 59.4294, 74.8255,9, 7
56, 43, 30, 171, 187, 24.7614, 31.6279,4, 3
56, 43, 31, 171, 160, 41.1656, 55.8565,7, 5
56, 43, 32, 171, 190, 12.2985, 12.2985,1, 1
56, 43, 33, 171, 186, 316.23, 649.092,72, 31
56, 43, 34, 171, 148, 15.7504, 23.6112,3, 2
56, 43, 35, 171, 156, 90.5294, 157.826,18, 10
56, 43, 36, 171, 179, 43.6561, 51.0392,6, 5
56, 43, 37, 171, 185, 14.0482, 14.0482,1, 1
56, 43, 38, 171, 209, 356.387, 641.596,73, 37
56, 43, 39, 171, 185, 262.25, 397.59,45, 27
56, 43, 40, 171, 173, 81.8649, 88.5485,11, 10
56, 43, 41, 171, 159, 130.722, 164.17,17, 13
56, 43, 42, 171, 147, 274.872, 346.679,37, 29
56, 43, 44, 171, 150, 33.7462, 33.7462,4, 4
56, 43, 45, 171, 194, 127.926, 286.224,35, 14
56, 43, 46, 171, 176, 44.5289, 44.5289,5, 5
56, 43, 47, 171, 184, 80.4976, 167.463,18, 8
56, 44, 1, 150, 120, 7.22942, 7.22942,1, 1
56, 44, 2, 150, 155, 33.9965, 33.9965,4, 4
56, 44, 3, 150, 117, 16.0152, 16.0152,2, 2
56, 44, 4, 150, 238, 14.8519, 14.8519,2, 2
56, 44, 5, 150, 210, 126.5, 136.708,13, 12
56, 44, 6, 150, 202, 120.735, 129.232,14, 13
56, 44, 7, 150, 160, 24.2243, 24.2243,2, 2
56, 44, 8, 150, 146, 8.45489, 8.45489,1, 1
56, 44, 9, 150, 204, 0, 0,0, 0
56, 44, 10, 150, 204, 8.1513, 8.1513,1, 1
56, 44, 11, 150, 202, 14.1089, 21.0769,3, 2
56, 44, 12, 150, 197, 66.504, 66.504,5, 5
56, 44, 13, 150, 197, 52.4916, 52.4916,3, 3
56, 44, 14, 150, 163, 33.5528, 33.5528,4, 4
56, 44, 15, 150, 139, 22.7866, 22.7866,3, 3
56, 44, 16, 150, 132, 14.2463, 14.2463,2, 2
56, 44, 17, 150, 139, 34.9847, 34.9847,4, 4
56, 44, 18, 150, 146, 33.5833, 33.5833,4, 4
56, 44, 19, 150, 168, 31.0276, 31.0276,3, 3
56, 44, 20, 150, 189, 28.1366, 28.1366,3, 3
56, 44, 21, 150, 122, 107.41, 114.484,12, 11
56, 44, 22, 150, 153, 61.8892, 61.8892,7, 7
56, 44, 23, 150, 180, 16.0257, 16.0257,2, 2
56, 44, 24, 150, 145, 0, 0,0, 0
56, 44, 25, 150, 184, 28.0852, 28.0852,3, 3
56, 44, 26, 150, 207, 32.1312, 32.1312,4, 4
56, 44, 27, 150, 146, 11.5009, 11.5009,1, 1
56, 44, 28, 150, 180, 36.3208, 36.3208,4, 4
56, 44, 29, 150, 200, 23.9197, 23.9197,3, 3
56, 44, 30, 150, 187, 47.3937, 47.3937,5, 5
56, 44, 31, 150, 160, 12.455, 12.455,1, 1
56, 44, 32, 150, 190, 10.9651, 10.9651,1, 1
56, 44, 33, 150, 186, 0, 0,0, 0
56, 44, 34, 150, 148, 64.3273, 64.3273,8, 8
56, 44, 35, 150, 156, 14.1083, 14.1083,2, 2
56, 44, 36, 150, 179, 71.0563, 71.0563,7, 7
56, 44, 37, 150, 185, 17.8735, 17.8735,2, 2
56, 44, 38, 150, 209, 18.3389, 18.3389,2, 2
56, 44, 39, 150, 185, 18.066, 18.066,2, 2
56, 44, 40, 150, 173, 34.887, 34.887,4, 4
56, 44, 41, 150, 159, 26.8938, 26.8938,2, 2
56, 44, 42, 150, 147, 19.2067, 19.2067,2, 2
56, 44, 43, 150, 171, 33.746, 33.746,4, 4
56, 44, 45, 150, 194, 113.586, 113.586,14, 14
56, 44, 46, 150, 176, 384.813, 392.294,39, 38
56, 44, 47, 150, 184, 52.4505, 52.4505,6, 6
56, 45, 1, 194, 120, 6.88796, 6.88796,1, 1
56, 45, 2, 194, 155, 0, 0,0, 0
56, 45, 3, 194, 117, 6.74782, 6.74782,1, 1
56, 45, 4, 194, 238, 0, 0,0, 0
56, 45, 5, 194, 210, 30.7435, 30.7435,4, 4
56, 45, 6, 194, 202, 306.737, 486.831,52, 31
56, 45, 7, 194, 160, 0, 0,0, 0
56, 45, 8, 194, 146, 14.3385, 21.8065,3, 2
56, 45, 9, 194, 204, 255.549, 453.044,54, 28
56, 45, 10, 194, 204, 206.497, 335.001,35, 20
56, 45, 11, 194, 202, 122.917, 198.616,25, 15
56, 45, 12, 194, 197, 0, 0,0, 0
56, 45, 13, 194, 197, 0, 0,0, 0
56, 45, 14, 194, 163, 38.1132, 45.0225,6, 5
56, 45, 15, 194, 139, 0, 0,0, 0
56, 45, 16, 194, 132, 28.5837, 28.5837,4, 4
56, 45, 17, 194, 139, 22.3989, 22.3989,3, 3
56, 45, 18, 194, 146, 0, 0,0, 0
56, 45, 19, 194, 168, 0, 0,0, 0
56, 45, 20, 194, 189, 8.74444, 8.74444,1, 1
56, 45, 21, 194, 122, 0, 0,0, 0
56, 45, 22, 194, 153, 34.3653, 56.0966,7, 4
56, 45, 23, 194, 180, 38.6643, 38.6643,5, 5
56, 45, 24, 194, 145, 34.4202, 52.4807,6, 4
56, 45, 25, 194, 184, 7.69898, 7.69898,1, 1
56, 45, 26, 194, 207, 0, 0,0, 0
56, 45, 27, 194, 146, 0, 0,0, 0
56, 45, 28, 194, 180, 0, 0,0, 0
56, 45, 29, 194, 200, 13.8183, 13.8183,2, 2
56, 45, 30, 194, 187, 0, 0,0, 0
56, 45, 31, 194, 160, 0, 0,0, 0
56, 45, 32, 194, 190, 64.8896, 79.3409,10, 8
56, 45, 33, 194, 186, 191.747, 341.75,41, 22
56, 45, 34, 194, 148, 35.8616, 43.0155,5, 4
56, 45, 35, 194, 156, 144.19, 184.945,20, 15
56, 45, 36, 194, 179, 15.3737, 15.3737,2, 2
56, 45, 37, 194, 185, 24.2306, 31.6936,4, 3
56, 45, 38, 194, 209, 227.037, 439.592,53, 26
56, 45, 39, 194, 185, 290.296, 483.208,56, 31
56, 45, 40, 194, 173, 0, 0,0, 0
56, 45, 41, 194, 159, 0, 0,0, 0
56, 45, 42, 194, 147, 0, 0,0, 0
56, 45, 43, 194, 171, 127.77, 286.223,35, 14
56, 45, 44, 194, 150, 113.587, 113.587,14, 14
56, 45, 46, 194, 176, 231.743, 254.839,28, 25
56, 45, 47, 194, 184, 144.592, 228.363,25, 15
56, 46, 1, 176, 120, 0, 0,0, 0
56, 46, 2, 176, 155, 19.6355, 19.6355,2, 2
56, 46, 3, 176, 117, 15.3314, 15.3314,2, 2
56, 46, 4, 176, 238, 15.8521, 15.8521,2, 2
56, 46, 5, 176, 210, 105.157, 126.985,15, 12
56, 46, 6, 176, 202, 253.215, 268.21,30, 28
56, 46, 7, 176, 160, 59.3841, 68.5543,8, 7
56, 46, 8, 176, 146, 13.5307, 13.5307,2, 2
56, 46, 9, 176, 204, 8.08201, 8.08201,1, 1
56, 46, 10, 176, 204, 18.8268, 18.8268,2, 2
56, 46, 11, 176, 202, 49.4422, 49.4422,6, 6
56, 46, 12, 176, 197, 58.5788, 85.2593,9, 6
56, 46, 13, 176, 197, 8.1243, 8.1243,1, 1
56, 46, 14, 176, 163, 45.9733, 45.9733,5, 5
56, 46, 15, 176, 139, 27.2813, 34.9847,4, 3
56, 46, 16, 176, 132, 53.1092, 53.1092,6, 6
56, 46, 17, 176, 139, 26.2234, 26.2234,3, 3
56, 46, 18, 176, 146, 36.1741, 36.1741,4, 4
56, 46, 19, 176, 168, 9.26908, 9.26908,1, 1
56, 46, 20, 176, 189, 36.3134, 36.3134,4, 4
56, 46, 21, 176, 122, 83.8843, 90.572,9, 8
56, 46, 22, 176, 153, 107.14, 122.067,14, 12
56, 46, 23, 176, 180, 38.3068, 38.3068,5, 5
56, 46, 24, 176, 145, 6.86006, 6.86006,1, 1
56, 46, 25, 176, 184, 45.7852, 45.7852,6, 6
56, 46, 26, 176, 207, 50.4685, 65.4402,8, 6
56, 46, 27, 176, 146, 20.4754, 27.2026,3, 2
56, 46, 28, 176, 180, 43.1685, 43.1685,4, 4
56, 46, 29, 176, 200, 7.01358, 7.01358,1, 1
56, 46, 30, 176, 187, 29.7089, 37.3332,5, 4
56, 46, 31, 176, 160, 14.964, 14.964,2, 2
56, 46, 32, 176, 190, 53.5599, 60.4682,8, 7
56, 46, 33, 176, 186, 18.126, 18.126,2, 2
56, 46, 34, 176, 148, 69.561, 69.561,9, 9
56, 46, 35, 176, 156, 34.5704, 34.5704,4, 4
56, 46, 36, 176, 179, 68.4553, 76.4044,9, 8
56, 46, 37, 176, 185, 38.3, 45.988,6, 5
56, 46, 38, 176, 209, 20.0933, 20.0933,2, 2
56, 46, 39, 176, 185, 29.9107, 29.9107,3, 3
56, 46, 40, 176, 173, 11.1855, 11.1855,1, 1
56, 46, 41, 176, 159, 7.45768, 7.45768,1, 1
56, 46, 42, 176, 147, 38.0435, 44.8271,5, 4
56, 46, 43, 176, 171, 35.5574, 44.5292,5, 4
56, 46, 44, 176, 150, 362.582, 392.295,39, 36
56, 46, 45, 176, 194, 246.585, 254.839,28, 27
56, 46, 47, 176, 184, 150.25, 158.556,15, 14
56, 47, 1, 184, 120, 0, 0,0, 0
56, 47, 2, 184, 155, 24.8966, 40.2778,4, 2
56, 47, 3, 184, 117, 17.6995, 25.1266,3, 2
56, 47, 4, 184, 238, 17.7026, 24.5276,3, 2
56, 47, 5, 184, 210, 14.4165, 14.4165,2, 2
56, 47, 6, 184, 202, 166.179, 200.33,23, 19
56, 47, 7, 184, 160, 17.0827, 24.8241,3, 2
56, 47, 8, 184, 146, 22.0747, 22.0747,3, 3
56, 47, 9, 184, 204, 66.4554, 80.5347,10, 8
56, 47, 10, 184, 204, 133.168, 155.258,18, 15
56, 47, 11, 184, 202, 53.5706, 60.7314,8, 7
56, 47, 12, 184, 197, 33.4827, 51.2137,5, 3
56, 47, 13, 184, 197, 0, 0,0, 0
56, 47, 14, 184, 163, 70.3925, 92.8505,10, 8
56, 47, 15, 184, 139, 27.9636, 34.6623,4, 3
56, 47, 16, 184, 132, 47.4835, 75.8871,9, 5
56, 47, 17, 184, 139, 30.0222, 45.5296,5, 3
56, 47, 18, 184, 146, 15.8209, 23.3252,3, 2
56, 47, 19, 184, 168, 19.8586, 19.8586,2, 2
56, 47, 20, 184, 189, 13.772, 24.8716,2, 1
56, 47, 21, 184, 122, 35.2453, 35.2453,3, 3
56, 47, 22, 184, 153, 109.033, 170.534,18, 11
56, 47, 23, 184, 180, 122.206, 144.793,16, 13
56, 47, 24, 184, 145, 90.7105, 116.012,14, 11
56, 47, 25, 184, 184, 14.8255, 22.1938,2, 1
56, 47, 26, 184, 207, 10.7208, 17.4076,2, 1
56, 47, 27, 184, 146, 11.3529, 22.0676,2, 1
56, 47, 28, 184, 180, 51.0858, 69.9202,6, 4
56, 47, 29, 184, 200, 0, 0,0, 0
56, 47, 30, 184, 187, 16.2196, 23.1795,3, 2
56, 47, 31, 184, 160, 14.4478, 14.4478,2, 2
56, 47, 32, 184, 190, 84.1843, 107.402,13, 10
56, 47, 33, 184, 186, 70.5928, 85.0819,11, 9
56, 47, 34, 184, 148, 37.8932, 57.7632,6, 4
56, 47, 35, 184, 156, 86.8861, 104.116,11, 9
56, 47, 36, 184, 179, 33.0825, 45.4959,4, 3
56, 47, 37, 184, 185, 44.0341, 59.3826,7, 5
56, 47, 38, 184, 209, 96.2799, 119.836,15, 12
56, 47, 39, 184, 185, 121.287, 155.616,18, 14
56, 47, 40, 184, 173, 11.7975, 11.7975,1, 1
56, 47, 41, 184, 159, 0, 0,0, 0
56, 47, 42, 184, 147, 34.5485, 53.0044,6, 4
56, 47, 43, 184, 171, 113.746, 167.463,18, 12
56, 47, 44, 184, 150, 43.3072, 52.4505,6, 5
56, 47, 45, 184, 194, 156.675, 228.363,25, 17
56, 47, 46, 184, 176, 118.879, 158.556,15, 11
