58, 1, 2, 109, 143, 96.5875, 96.5875,11, 11
58, 1, 3, 109, 105, 240.542, 260.814,28, 26
58, 1, 4, 109, 220, 19.0806, 37.3656,4, 2
58, 1, 5, 109, 190, 0, 0,0, 0
58, 1, 6, 109, 182, 6.85686, 6.85686,1, 1
58, 1, 7, 109, 149, 0, 0,0, 0
58, 1, 8, 109, 140, 0, 0,0, 0
58, 1, 9, 109, 188, 15.2256, 15.2256,2, 2
58, 1, 10, 109, 186, 6.88684, 6.88684,1, 1
58, 1, 11, 109, 183, 15.3079, 15.3079,2, 2
58, 1, 12, 109, 187, 16.4148, 16.4148,2, 2
58, 1, 13, 109, 186, 0, 0,0, 0
58, 1, 14, 109, 157, 10.156, 16.8986,2, 1
58, 1, 15, 109, 130, 7.26502, 7.26502,1, 1
58, 1, 16, 109, 122, 21.7665, 21.7665,3, 3
58, 1, 17, 109, 130, 37.8581, 45.0379,6, 5
58, 1, 18, 109, 137, 16.4155, 16.4155,2, 2
58, 1, 19, 109, 153, 0, 0,0, 0
58, 1, 20, 109, 171, 0, 0,0, 0
58, 1, 21, 109, 110, 0, 0,0, 0
58, 1, 22, 109, 142, 0, 0,0, 0
58, 1, 23, 109, 167, 15.8666, 15.8666,2, 2
58, 1, 24, 109, 139, 21.7155, 21.7155,3, 3
58, 1, 25, 109, 173, 6.86277, 6.86277,1, 1
58, 1, 26, 109, 194, 0, 0,0, 0
58, 1, 27, 109, 134, 45.8922, 52.7597,7, 6
58, 1, 28, 109, 169, 33.1358, 33.1358,4, 4
58, 1, 29, 109, 193, 0, 0,0, 0
58, 1, 30, 109, 175, 0, 0,0, 0
58, 1, 31, 109, 151, 21.0954, 21.0954,3, 3
58, 1, 32, 109, 181, 39.8746, 39.8746,5, 5
58, 1, 33, 109, 175, 0, 0,0, 0
58, 1, 34, 109, 138, 22.1368, 22.1368,3, 3
58, 1, 35, 109, 147, 6.80158, 6.80158,1, 1
58, 1, 36, 109, 170, 6.74687, 6.74687,1, 1
58, 1, 37, 109, 176, 15.7506, 15.7506,2, 2
58, 1, 38, 109, 194, 6.71125, 6.71125,1, 1
58, 1, 39, 109, 177, 24.6689, 24.6689,3, 3
58, 1, 40, 109, 161, 0, 0,0, 0
58, 1, 41, 109, 146, 0, 0,0, 0
58, 1, 42, 109, 142, 0, 0,0, 0
58, 1, 43, 109, 163, 0, 0,0, 0
58, 1, 44, 109, 140, 7.22946, 7.22946,1, 1
58, 1, 45, 109, 180, 6.88802, 6.88802,1, 1
58, 1, 46, 109, 162, 0, 0,0, 0
58, 1, 47, 109, 167, 0, 0,0, 0
58, 2, 1, 143, 109, 96.5874, 96.5874,11, 11
58, 2, 3, 143, 105, 213.929, 258.409,27, 22
58, 2, 4, 143, 220, 32.0475, 55.0841,5, 3
58, 2, 5, 143, 190, 7.95015, 7.95015,1, 1
58, 2, 6, 143, 182, 9.31357, 16.9761,2, 1
58, 2, 7, 143, 149, 26.3689, 34.2056,4, 3
58, 2, 8, 143, 140, 26.5231, 26.5231,3, 3
58, 2, 9, 143, 188, 0, 0,0, 0
58, 2, 10, 143, 186, 26.0513, 48.1487,4, 2
58, 2, 11, 143, 183, 0, 0,0, 0
58, 2, 12, 143, 187, 24.9074, 40.298,5, 3
58, 2, 13, 143, 186, 27.0341, 27.0341,3, 3
58, 2, 14, 143, 157, 24.057, 32.2009,3, 2
58, 2, 15, 143, 130, 25.117, 39.461,3, 2
58, 2, 16, 143, 122, 33.5575, 52.0246,5, 3
58, 2, 17, 143, 130, 62.6476, 76.6017,5, 4
58, 2, 18, 143, 137, 26.2819, 34.6401,4, 3
58, 2, 19, 143, 153, 30.7563, 30.7563,4, 4
58, 2, 20, 143, 171, 36.4668, 49.4761,4, 3
58, 2, 21, 143, 110, 13.6329, 13.6329,2, 2
58, 2, 22, 143, 142, 65.739, 81.8437,6, 5
58, 2, 23, 143, 167, 27.4401, 37.0419,4, 3
58, 2, 24, 143, 139, 0, 0,0, 0
58, 2, 25, 143, 173, 59.9295, 72.8431,6, 5
58, 2, 26, 143, 194, 0, 0,0, 0
58, 2, 27, 143, 134, 77.4622, 88.2503,10, 9
58, 2, 28, 143, 169, 149.22, 180.341,16, 13
58, 2, 29, 143, 193, 21.9456, 21.9456,3, 3
58, 2, 30, 143, 175, 82.1291, 96.9059,11, 9
58, 2, 31, 143, 151, 115.603, 122.657,14, 13
58, 2, 32, 143, 181, 36.5649, 68.8757,6, 3
58, 2, 33, 143, 175, 17.1172, 17.1172,2, 2
58, 2, 34, 143, 138, 49.2936, 60.5617,6, 5
58, 2, 35, 143, 147, 15.3014, 25.3617,2, 1
58, 2, 36, 143, 170, 45.4061, 54.4075,6, 5
58, 2, 37, 143, 176, 26.2255, 47.7723,4, 2
58, 2, 38, 143, 194, 38.3985, 63.9091,5, 3
58, 2, 39, 143, 177, 22.2448, 31.375,3, 2
58, 2, 40, 143, 161, 14.6003, 14.6003,2, 2
58, 2, 41, 143, 146, 42.5144, 42.5144,5, 5
58, 2, 42, 143, 142, 23.6333, 23.6333,3, 3
58, 2, 43, 143, 163, 23.3954, 37.0391,5, 3
58, 2, 44, 143, 140, 26.3306, 33.9966,4, 3
58, 2, 45, 143, 180, 0, 0,0, 0
58, 2, 46, 143, 162, 11.2054, 19.6353,2, 1
58, 2, 47, 143, 167, 23.2136, 40.2783,4, 2
58, 3, 1, 105, 109, 215.752, 260.815,28, 23
58, 3, 2, 105, 143, 228.768, 258.409,27, 24
58, 3, 4, 105, 220, 27.4071, 45.3516,4, 2
58, 3, 5, 105, 190, 0, 0,0, 0
58, 3, 6, 105, 182, 7.66254, 7.66254,1, 1
58, 3, 7, 105, 149, 24.6008, 24.6008,3, 3
58, 3, 8, 105, 140, 10.0445, 16.7318,2, 1
58, 3, 9, 105, 188, 0, 0,0, 0
58, 3, 10, 105, 186, 22.1011, 52.5299,6, 2
58, 3, 11, 105, 183, 0, 0,0, 0
58, 3, 12, 105, 187, 17.7621, 17.7621,2, 2
58, 3, 13, 105, 186, 0, 0,0, 0
58, 3, 14, 105, 157, 9.24492, 17.2621,2, 1
58, 3, 15, 105, 130, 16.9826, 33.3554,3, 1
58, 3, 16, 105, 122, 33.5183, 57.8513,6, 3
58, 3, 17, 105, 130, 40.1897, 56.1731,6, 4
58, 3, 18, 105, 137, 33.4488, 49.3531,5, 3
58, 3, 19, 105, 153, 0, 0,0, 0
58, 3, 20, 105, 171, 12.9761, 21.9829,2, 1
58, 3, 21, 105, 110, 0, 0,0, 0
58, 3, 22, 105, 142, 12.3449, 22.4016,2, 1
58, 3, 23, 105, 167, 14.5426, 30.7096,3, 1
58, 3, 24, 105, 139, 31.3987, 31.3987,2, 2
58, 3, 25, 105, 173, 29.7322, 45.6484,5, 3
58, 3, 26, 105, 194, 0, 0,0, 0
58, 3, 27, 105, 134, 53.3917, 63.0485,7, 6
58, 3, 28, 105, 169, 69.8113, 94.8467,11, 8
58, 3, 29, 105, 193, 0, 0,0, 0
58, 3, 30, 105, 175, 22.9747, 22.9747,3, 3
58, 3, 31, 105, 151, 44.1177, 44.1177,6, 6
58, 3, 32, 105, 181, 50.1562, 93.3701,8, 3
58, 3, 33, 105, 175, 0, 0,0, 0
58, 3, 34, 105, 138, 62.8927, 93.9293,9, 5
58, 3, 35, 105, 147, 13.1066, 28.2623,3, 1
58, 3, 36, 105, 170, 16.4706, 24.1391,3, 2
58, 3, 37, 105, 176, 34.3296, 51.0256,4, 2
58, 3, 38, 105, 194, 30.258, 56.4946,6, 3
58, 3, 39, 105, 177, 18.2446, 26.2773,3, 2
58, 3, 40, 105, 161, 0, 0,0, 0
58, 3, 41, 105, 146, 0, 0,0, 0
58, 3, 42, 105, 142, 0, 0,0, 0
58, 3, 43, 105, 163, 9.30054, 9.30054,1, 1
58, 3, 44, 105, 140, 16.0153, 16.0153,2, 2
58, 3, 45, 105, 180, 6.74782, 6.74782,1, 1
58, 3, 46, 105, 162, 8.15687, 15.3314,2, 1
58, 3, 47, 105, 167, 16.5846, 25.1267,3, 2
58, 4, 1, 220, 109, 30.478, 37.3661,4, 3
58, 4, 2, 220, 143, 34.3464, 55.0841,5, 3
58, 4, 3, 220, 105, 24.3167, 45.3513,4, 2
58, 4, 5, 220, 190, 0, 0,0, 0
58, 4, 6, 220, 182, 7.35889, 14.5526,2, 1
58, 4, 7, 220, 149, 7.96703, 15.4708,2, 1
58, 4, 8, 220, 140, 0, 0,0, 0
58, 4, 9, 220, 188, 0, 0,0, 0
58, 4, 10, 220, 186, 16.1475, 23.4578,3, 2
58, 4, 11, 220, 183, 0, 0,0, 0
58, 4, 12, 220, 187, 14.0552, 21.1314,3, 2
58, 4, 13, 220, 186, 0, 0,0, 0
58, 4, 14, 220, 157, 8.31105, 16.5213,2, 1
58, 4, 15, 220, 130, 9.06954, 16.4065,2, 1
58, 4, 16, 220, 122, 10.4454, 18.8913,2, 1
58, 4, 17, 220, 130, 10.8762, 19.7211,2, 1
58, 4, 18, 220, 137, 0, 0,0, 0
58, 4, 19, 220, 153, 6.87818, 6.87818,1, 1
58, 4, 20, 220, 171, 11.6195, 22.8644,2, 1
58, 4, 21, 220, 110, 0, 0,0, 0
58, 4, 22, 220, 142, 12.09, 21.9582,2, 1
58, 4, 23, 220, 167, 7.88895, 14.6375,2, 1
58, 4, 24, 220, 139, 0, 0,0, 0
58, 4, 25, 220, 173, 9.61166, 17.5107,2, 1
58, 4, 26, 220, 194, 0, 0,0, 0
58, 4, 27, 220, 134, 9.63269, 18.9336,2, 1
58, 4, 28, 220, 169, 26.5972, 42.7089,5, 3
58, 4, 29, 220, 193, 6.95598, 6.95598,1, 1
58, 4, 30, 220, 175, 14.4425, 21.5746,3, 2
58, 4, 31, 220, 151, 8.71272, 8.71272,1, 1
58, 4, 32, 220, 181, 31.0858, 49.5141,5, 3
58, 4, 33, 220, 175, 0, 0,0, 0
58, 4, 34, 220, 138, 15.8864, 15.8864,2, 2
58, 4, 35, 220, 147, 8.57108, 15.841,2, 1
58, 4, 36, 220, 170, 7.9509, 15.8445,2, 1
58, 4, 37, 220, 176, 21.1768, 38.0755,4, 2
58, 4, 38, 220, 194, 17.4676, 32.88,4, 2
58, 4, 39, 220, 177, 8.62652, 16.4186,2, 1
58, 4, 40, 220, 161, 6.97884, 6.97884,1, 1
58, 4, 41, 220, 146, 6.68091, 6.68091,1, 1
58, 4, 42, 220, 142, 7.75466, 7.75466,1, 1
58, 4, 43, 220, 163, 6.80652, 6.80652,1, 1
58, 4, 44, 220, 140, 7.64854, 14.8519,2, 1
58, 4, 45, 220, 180, 0, 0,0, 0
58, 4, 46, 220, 162, 7.97135, 15.8521,2, 1
58, 4, 47, 220, 167, 15.9799, 24.5276,3, 2
58, 5, 1, 190, 109, 0, 0,0, 0
58, 5, 2, 190, 143, 7.95012, 7.95012,1, 1
58, 5, 3, 190, 105, 0, 0,0, 0
58, 5, 4, 190, 220, 0, 0,0, 0
58, 5, 6, 190, 182, 114.889, 114.889,13, 13
58, 5, 7, 190, 149, 28.303, 28.303,3, 3
58, 5, 8, 190, 140, 51.1671, 51.1671,6, 6
58, 5, 9, 190, 188, 0, 0,0, 0
58, 5, 10, 190, 186, 0, 0,0, 0
58, 5, 11, 190, 183, 25.7111, 25.7111,3, 3
58, 5, 12, 190, 187, 86.2067, 86.2067,9, 9
58, 5, 13, 190, 186, 47.7255, 47.7255,5, 5
58, 5, 14, 190, 157, 23.1107, 23.1107,3, 3
58, 5, 15, 190, 130, 17.2525, 17.2525,2, 2
58, 5, 16, 190, 122, 0, 0,0, 0
58, 5, 17, 190, 130, 16.4345, 16.4345,2, 2
58, 5, 18, 190, 137, 31.1866, 31.1866,4, 4
58, 5, 19, 190, 153, 7.17141, 7.17141,1, 1
58, 5, 20, 190, 171, 14.818, 14.818,2, 2
58, 5, 21, 190, 110, 43.3498, 43.3498,5, 5
58, 5, 22, 190, 142, 17.4765, 17.4765,2, 2
58, 5, 23, 190, 167, 0, 0,0, 0
58, 5, 24, 190, 139, 9.15715, 9.15715,1, 1
58, 5, 25, 190, 173, 17.461, 17.461,2, 2
58, 5, 26, 190, 194, 39.8173, 39.8173,5, 5
58, 5, 27, 190, 134, 7.61829, 7.61829,1, 1
58, 5, 28, 190, 169, 14.1896, 14.1896,2, 2
58, 5, 29, 190, 193, 15.498, 15.498,1, 1
58, 5, 30, 190, 175, 35.6418, 35.6418,4, 4
58, 5, 31, 190, 151, 7.83825, 7.83825,1, 1
58, 5, 32, 190, 181, 7.28392, 7.28392,1, 1
58, 5, 33, 190, 175, 7.95876, 15.7556,2, 1
58, 5, 34, 190, 138, 16.4732, 16.4732,2, 2
58, 5, 35, 190, 147, 0, 0,0, 0
58, 5, 36, 190, 170, 66.0301, 66.0301,7, 7
58, 5, 37, 190, 176, 7.57892, 7.57892,1, 1
58, 5, 38, 190, 194, 7.42281, 7.42281,1, 1
58, 5, 39, 190, 177, 9.98644, 9.98644,1, 1
58, 5, 40, 190, 161, 15.6931, 23.3085,3, 2
58, 5, 41, 190, 146, 34.4404, 41.6122,5, 4
58, 5, 42, 190, 142, 8.64678, 8.64678,1, 1
58, 5, 43, 190, 163, 25.3485, 25.3485,3, 3
58, 5, 44, 190, 140, 136.708, 136.708,13, 13
58, 5, 45, 190, 180, 15.6842, 15.6842,2, 2
58, 5, 46, 190, 162, 119.118, 119.118,14, 14
58, 5, 47, 190, 167, 7.46231, 7.46231,1, 1
58, 6, 1, 182, 109, 6.85682, 6.85682,1, 1
58, 6, 2, 182, 143, 16.9761, 16.9761,2, 2
58, 6, 3, 182, 105, 7.66252, 7.66252,1, 1
58, 6, 4, 182, 220, 14.5526, 14.5526,2, 2
58, 6, 5, 182, 190, 114.889, 114.889,13, 13
58, 6, 7, 182, 149, 39.6362, 39.6362,4, 4
58, 6, 8, 182, 140, 9.2735, 9.2735,1, 1
58, 6, 9, 182, 188, 120.942, 178.518,20, 13
58, 6, 10, 182, 186, 137.353, 188.816,21, 15
58, 6, 11, 182, 183, 107.866, 130.867,15, 12
58, 6, 12, 182, 187, 56.6851, 56.6851,6, 6
58, 6, 13, 182, 186, 14.7227, 14.7227,2, 2
58, 6, 14, 182, 157, 44.4707, 44.4707,5, 5
58, 6, 15, 182, 130, 15.238, 15.238,2, 2
58, 6, 16, 182, 122, 29.9439, 29.9439,4, 4
58, 6, 17, 182, 130, 9.70556, 9.70556,1, 1
58, 6, 18, 182, 137, 24.3756, 24.3756,3, 3
58, 6, 19, 182, 153, 0, 0,0, 0
58, 6, 20, 182, 171, 28.2126, 28.2126,3, 3
58, 6, 21, 182, 110, 23.4029, 23.4029,3, 3
58, 6, 22, 182, 142, 10.419, 10.419,1, 1
58, 6, 23, 182, 167, 26.0811, 26.0811,3, 3
58, 6, 24, 182, 139, 43.6461, 43.6461,6, 6
58, 6, 25, 182, 173, 25.6546, 25.6546,3, 3
58, 6, 26, 182, 194, 8.66107, 8.66107,1, 1
58, 6, 27, 182, 134, 17.6909, 17.6909,2, 2
58, 6, 28, 182, 169, 45.4759, 45.4759,5, 5
58, 6, 29, 182, 193, 21.4547, 21.4547,3, 3
58, 6, 30, 182, 175, 8.84975, 8.84975,1, 1
58, 6, 31, 182, 151, 9.72639, 9.72639,1, 1
58, 6, 32, 182, 181, 93.7966, 100.658,13, 12
58, 6, 33, 182, 175, 128.44, 150.356,19, 16
58, 6, 34, 182, 138, 17.0026, 17.0026,2, 2
58, 6, 35, 182, 147, 85.4674, 138.491,14, 7
58, 6, 36, 182, 170, 46.8862, 46.8862,4, 4
58, 6, 37, 182, 176, 72.218, 78.9791,10, 9
58, 6, 38, 182, 194, 168.855, 236.754,27, 19
58, 6, 39, 182, 177, 231.102, 349.802,36, 21
58, 6, 40, 182, 161, 15.2238, 15.2238,2, 2
58, 6, 41, 182, 146, 36.5644, 36.5644,5, 5
58, 6, 42, 182, 142, 23.1406, 23.1406,3, 3
58, 6, 43, 182, 163, 82.0772, 112.932,14, 10
58, 6, 44, 182, 140, 112.253, 112.253,12, 12
58, 6, 45, 182, 180, 327.569, 448.714,47, 33
58, 6, 46, 182, 162, 227.426, 238.945,26, 25
58, 6, 47, 182, 167, 156.227, 200.33,23, 17
58, 7, 1, 149, 109, 0, 0,0, 0
58, 7, 2, 149, 143, 34.2056, 34.2056,4, 4
58, 7, 3, 149, 105, 24.6008, 24.6008,3, 3
58, 7, 4, 149, 220, 15.471, 15.471,2, 2
58, 7, 5, 149, 190, 28.3031, 28.3031,3, 3
58, 7, 6, 149, 182, 32.0667, 39.6361,4, 3
58, 7, 8, 149, 140, 102.587, 102.587,12, 12
58, 7, 9, 149, 188, 0, 0,0, 0
58, 7, 10, 149, 186, 8.10879, 8.10879,1, 1
58, 7, 11, 149, 183, 59.8458, 79.4797,8, 6
58, 7, 12, 149, 187, 103.719, 112.507,10, 9
58, 7, 13, 149, 186, 22.995, 22.995,3, 3
58, 7, 14, 149, 157, 405.467, 440.979,45, 41
58, 7, 15, 149, 130, 337.458, 369.955,38, 34
58, 7, 16, 149, 122, 16.155, 16.155,2, 2
58, 7, 17, 149, 130, 35.4946, 43.1348,5, 4
58, 7, 18, 149, 137, 61.0605, 69.2062,8, 7
58, 7, 19, 149, 153, 14.4192, 14.4192,2, 2
58, 7, 20, 149, 171, 360.957, 399.811,40, 35
58, 7, 21, 149, 110, 24.5009, 24.5009,3, 3
58, 7, 22, 149, 142, 69.9114, 77.0147,9, 8
58, 7, 23, 149, 167, 31.386, 38.7256,5, 4
58, 7, 24, 149, 139, 0, 0,0, 0
58, 7, 25, 149, 173, 423.604, 480.311,51, 44
58, 7, 26, 149, 194, 16.8293, 16.8293,2, 2
58, 7, 27, 149, 134, 15.3538, 15.3538,1, 1
58, 7, 28, 149, 169, 54.3245, 62.7202,7, 6
58, 7, 29, 149, 193, 7.09518, 7.09518,1, 1
58, 7, 30, 149, 175, 27.7686, 27.7686,2, 2
58, 7, 31, 149, 151, 28.1695, 43.1271,5, 3
58, 7, 32, 149, 181, 225.161, 253.202,29, 26
58, 7, 33, 149, 175, 13.9081, 13.9081,2, 2
58, 7, 34, 149, 138, 83.7945, 91.0218,10, 9
58, 7, 35, 149, 147, 51.8973, 51.8973,6, 6
58, 7, 36, 149, 170, 50.7062, 57.5664,6, 5
58, 7, 37, 149, 176, 241.273, 275.617,29, 25
58, 7, 38, 149, 194, 20.3531, 20.3531,2, 2
58, 7, 39, 149, 177, 7.97783, 7.97783,1, 1
58, 7, 40, 149, 161, 7.57929, 7.57929,1, 1
58, 7, 41, 149, 146, 16.1697, 16.1697,2, 2
58, 7, 42, 149, 142, 28.3451, 28.3451,3, 3
58, 7, 43, 149, 163, 51.2313, 63.8055,6, 5
58, 7, 44, 149, 140, 24.2244, 24.2244,2, 2
58, 7, 45, 149, 180, 0, 0,0, 0
58, 7, 46, 149, 162, 53.2014, 61.0115,7, 6
58, 7, 47, 149, 167, 16.9581, 16.9581,2, 2
58, 8, 1, 140, 109, 0, 0,0, 0
58, 8, 2, 140, 143, 26.523, 26.523,3, 3
58, 8, 3, 140, 105, 16.7317, 16.7317,2, 2
58, 8, 4, 140, 220, 0, 0,0, 0
58, 8, 5, 140, 190, 51.1671, 51.1671,6, 6
58, 8, 6, 140, 182, 9.27347, 9.27347,1, 1
58, 8, 7, 140, 149, 87.6744, 102.587,12, 10
58, 8, 9, 140, 188, 0, 0,0, 0
58, 8, 10, 140, 186, 0, 0,0, 0
58, 8, 11, 140, 183, 24.704, 24.704,3, 3
58, 8, 12, 140, 187, 49.9862, 49.9862,5, 5
58, 8, 13, 140, 186, 73.1625, 73.1625,8, 8
58, 8, 14, 140, 157, 93.101, 99.9169,12, 11
58, 8, 15, 140, 130, 176.745, 185.825,19, 18
58, 8, 16, 140, 122, 8.31497, 16.0659,2, 1
58, 8, 17, 140, 130, 43.7956, 43.7956,5, 5
58, 8, 18, 140, 137, 78.4119, 92.7811,10, 8
58, 8, 19, 140, 153, 153.694, 153.694,17, 17
58, 8, 20, 140, 171, 190.736, 212.936,23, 20
58, 8, 21, 140, 110, 152.33, 152.33,18, 18
58, 8, 22, 140, 142, 37.5386, 37.5386,4, 4
58, 8, 23, 140, 167, 18.2439, 18.2439,2, 2
58, 8, 24, 140, 139, 0, 0,0, 0
58, 8, 25, 140, 173, 116.298, 123.429,14, 13
58, 8, 26, 140, 194, 61.7967, 68.636,9, 8
58, 8, 27, 140, 134, 0, 0,0, 0
58, 8, 28, 140, 169, 52.9168, 52.9168,5, 5
58, 8, 29, 140, 193, 26.2549, 26.2549,3, 3
58, 8, 30, 140, 175, 46.1147, 46.1147,5, 5
58, 8, 31, 140, 151, 35.8202, 35.8202,3, 3
58, 8, 32, 140, 181, 37.5037, 37.5037,5, 5
58, 8, 33, 140, 175, 24.458, 24.458,3, 3
58, 8, 34, 140, 138, 78.6921, 78.6921,8, 8
58, 8, 35, 140, 147, 18.2394, 18.2394,2, 2
58, 8, 36, 140, 170, 58.2105, 58.2105,6, 6
58, 8, 37, 140, 176, 34.1284, 34.1284,4, 4
58, 8, 38, 140, 194, 0, 0,0, 0
58, 8, 39, 140, 177, 13.9284, 13.9284,2, 2
58, 8, 40, 140, 161, 33.8951, 33.8951,4, 4
58, 8, 41, 140, 146, 42.2826, 42.2826,4, 4
58, 8, 42, 140, 142, 58.0255, 58.0255,7, 7
58, 8, 43, 140, 163, 14.7829, 14.7829,2, 2
58, 8, 44, 140, 140, 23.6901, 23.6901,2, 2
58, 8, 45, 140, 180, 15.0145, 15.0145,2, 2
58, 8, 46, 140, 162, 6.71073, 6.71073,1, 1
58, 8, 47, 140, 167, 15.3607, 15.3607,2, 2
58, 9, 1, 188, 109, 7.85644, 15.2256,2, 1
58, 9, 2, 188, 143, 0, 0,0, 0
58, 9, 3, 188, 105, 0, 0,0, 0
58, 9, 4, 188, 220, 0, 0,0, 0
58, 9, 5, 188, 190, 0, 0,0, 0
58, 9, 6, 188, 182, 121.531, 178.518,20, 13
58, 9, 7, 188, 149, 0, 0,0, 0
58, 9, 8, 188, 140, 0, 0,0, 0
58, 9, 10, 188, 186, 572.25, 923.542,96, 51
58, 9, 11, 188, 183, 202.339, 367.074,39, 17
58, 9, 12, 188, 187, 76.912, 119.114,13, 8
58, 9, 13, 188, 186, 0, 0,0, 0
58, 9, 14, 188, 157, 0, 0,0, 0
58, 9, 15, 188, 130, 0, 0,0, 0
58, 9, 16, 188, 122, 14.7792, 14.7792,2, 2
58, 9, 17, 188, 130, 0, 0,0, 0
58, 9, 18, 188, 137, 0, 0,0, 0
58, 9, 19, 188, 153, 0, 0,0, 0
58, 9, 20, 188, 171, 0, 0,0, 0
58, 9, 21, 188, 110, 0, 0,0, 0
58, 9, 22, 188, 142, 0, 0,0, 0
58, 9, 23, 188, 167, 29.7649, 29.7649,4, 4
58, 9, 24, 188, 139, 30.5023, 38.458,5, 4
58, 9, 25, 188, 173, 0, 0,0, 0
58, 9, 26, 188, 194, 0, 0,0, 0
58, 9, 27, 188, 134, 8.24013, 8.24013,1, 1
58, 9, 28, 188, 169, 0, 0,0, 0
58, 9, 29, 188, 193, 14.9258, 14.9258,2, 2
58, 9, 30, 188, 175, 0, 0,0, 0
58, 9, 31, 188, 151, 7.11205, 7.11205,1, 1
58, 9, 32, 188, 181, 17.298, 17.298,2, 2
58, 9, 33, 188, 175, 209.083, 423.48,47, 21
58, 9, 34, 188, 138, 0, 0,0, 0
58, 9, 35, 188, 147, 106.468, 156.302,20, 13
58, 9, 36, 188, 170, 7.11306, 7.11306,1, 1
58, 9, 37, 188, 176, 19.0564, 19.0564,2, 2
58, 9, 38, 188, 194, 328.874, 638.21,78, 37
58, 9, 39, 188, 177, 325.762, 645.521,71, 30
58, 9, 40, 188, 161, 0, 0,0, 0
58, 9, 41, 188, 146, 0, 0,0, 0
58, 9, 42, 188, 142, 14.9343, 21.8654,3, 2
58, 9, 43, 188, 163, 244.447, 460.438,53, 26
58, 9, 44, 188, 140, 0, 0,0, 0
58, 9, 45, 188, 180, 266.563, 427.625,51, 29
58, 9, 46, 188, 162, 8.08199, 8.08199,1, 1
58, 9, 47, 188, 167, 41.6439, 80.5346,10, 5
58, 10, 1, 186, 109, 6.88681, 6.88681,1, 1
58, 10, 2, 186, 143, 26.6966, 48.1479,4, 2
58, 10, 3, 186, 105, 27.1236, 52.5297,6, 3
58, 10, 4, 186, 220, 16.3835, 23.4578,3, 2
58, 10, 5, 186, 190, 0, 0,0, 0
58, 10, 6, 186, 182, 109.894, 188.816,21, 11
58, 10, 7, 186, 149, 8.10886, 8.10886,1, 1
58, 10, 8, 186, 140, 0, 0,0, 0
58, 10, 9, 186, 188, 584.852, 923.541,96, 53
58, 10, 11, 186, 183, 390.506, 539.014,59, 41
58, 10, 12, 186, 187, 206.804, 229.139,25, 22
58, 10, 13, 186, 186, 22.0555, 22.0555,3, 3
58, 10, 14, 186, 157, 10.4982, 18.3863,2, 1
58, 10, 15, 186, 130, 16.9969, 31.7656,2, 1
58, 10, 16, 186, 122, 38.9037, 51.7962,5, 4
58, 10, 17, 186, 130, 16.8293, 30.346,2, 1
58, 10, 18, 186, 137, 9.44624, 18.8803,2, 1
58, 10, 19, 186, 153, 0, 0,0, 0
58, 10, 20, 186, 171, 10.2697, 20.2204,2, 1
58, 10, 21, 186, 110, 0, 0,0, 0
58, 10, 22, 186, 142, 15.6419, 29.8592,2, 1
58, 10, 23, 186, 167, 39.821, 54.3554,5, 4
58, 10, 24, 186, 139, 44.3804, 51.3504,7, 6
58, 10, 25, 186, 173, 21.2978, 34.0957,2, 1
58, 10, 26, 186, 194, 0, 0,0, 0
58, 10, 27, 186, 134, 12.4469, 21.0045,2, 1
58, 10, 28, 186, 169, 42.2456, 70.7188,5, 3
58, 10, 29, 186, 193, 0, 0,0, 0
58, 10, 30, 186, 175, 13.8431, 13.8431,2, 2
58, 10, 31, 186, 151, 0, 0,0, 0
58, 10, 32, 186, 181, 46.5781, 67.4711,5, 3
58, 10, 33, 186, 175, 157.566, 302.479,37, 18
58, 10, 34, 186, 138, 30.0343, 51.1216,5, 3
58, 10, 35, 186, 147, 120.643, 154.244,16, 13
58, 10, 36, 186, 170, 74.2249, 81.8929,8, 7
58, 10, 37, 186, 176, 39.7866, 65.3208,6, 3
58, 10, 38, 186, 194, 257.335, 584.21,64, 25
58, 10, 39, 186, 177, 442.537, 713.601,79, 45
58, 10, 40, 186, 161, 0, 0,0, 0
58, 10, 41, 186, 146, 0, 0,0, 0
58, 10, 42, 186, 142, 13.8442, 13.8442,2, 2
58, 10, 43, 186, 163, 220.454, 397.308,46, 24
58, 10, 44, 186, 140, 8.15131, 8.15131,1, 1
58, 10, 45, 186, 180, 152.143, 289.403,30, 14
58, 10, 46, 186, 162, 10.6241, 18.8268,2, 1
58, 10, 47, 186, 167, 84.6281, 148.096,17, 9
58, 11, 1, 183, 109, 15.3079, 15.3079,2, 2
58, 11, 2, 183, 143, 0, 0,0, 0
58, 11, 3, 183, 105, 0, 0,0, 0
58, 11, 4, 183, 220, 0, 0,0, 0
58, 11, 5, 183, 190, 25.711, 25.711,3, 3
58, 11, 6, 183, 182, 105.362, 130.867,15, 12
58, 11, 7, 183, 149, 60.4968, 79.4798,8, 6
58, 11, 8, 183, 140, 24.7042, 24.7042,3, 3
58, 11, 9, 183, 188, 308.278, 367.069,39, 31
58, 11, 10, 183, 186, 450.053, 539.015,59, 48
58, 11, 12, 183, 187, 392.696, 420.952,43, 39
58, 11, 13, 183, 186, 118.709, 136.216,17, 15
58, 11, 14, 183, 157, 6.67383, 6.67383,1, 1
58, 11, 15, 183, 130, 61.4077, 68.5645,7, 6
58, 11, 16, 183, 122, 25.1669, 25.1669,3, 3
58, 11, 17, 183, 130, 23.6127, 30.5999,4, 3
58, 11, 18, 183, 137, 38.7863, 47.7625,5, 4
58, 11, 19, 183, 153, 6.73515, 6.73515,1, 1
58, 11, 20, 183, 171, 17.7366, 17.7366,2, 2
58, 11, 21, 183, 110, 23.7334, 23.7334,3, 3
58, 11, 22, 183, 142, 0, 0,0, 0
58, 11, 23, 183, 167, 0, 0,0, 0
58, 11, 24, 183, 139, 0, 0,0, 0
58, 11, 25, 183, 173, 11.4224, 19.5874,2, 1
58, 11, 26, 183, 194, 7.22812, 7.22812,1, 1
58, 11, 27, 183, 134, 23.1812, 23.1812,3, 3
58, 11, 28, 183, 169, 52.7956, 61.2752,7, 6
58, 11, 29, 183, 193, 36.3591, 45.0908,5, 4
58, 11, 30, 183, 175, 11.3444, 11.3444,1, 1
58, 11, 31, 183, 151, 30.616, 38.6143,4, 3
58, 11, 32, 183, 181, 0, 0,0, 0
58, 11, 33, 183, 175, 187.628, 262.009,31, 22
58, 11, 34, 183, 138, 138.211, 146.549,16, 15
58, 11, 35, 183, 147, 87.5591, 94.7257,10, 9
58, 11, 36, 183, 170, 145.243, 171.409,19, 16
58, 11, 37, 183, 176, 0, 0,0, 0
58, 11, 38, 183, 194, 197.429, 270.357,31, 22
58, 11, 39, 183, 177, 233.381, 251.258,30, 28
58, 11, 40, 183, 161, 14.8118, 14.8118,2, 2
58, 11, 41, 183, 146, 50.7017, 50.7017,6, 6
58, 11, 42, 183, 142, 75.082, 82.3656,9, 8
58, 11, 43, 183, 163, 229.021, 259.391,30, 26
58, 11, 44, 183, 140, 21.0768, 21.0768,3, 3
58, 11, 45, 183, 180, 122.802, 143.805,19, 16
58, 11, 46, 183, 162, 34.5148, 42.6507,5, 4
58, 11, 47, 183, 167, 49.9287, 49.9287,7, 7
58, 12, 1, 187, 109, 8.77839, 16.4148,2, 1
58, 12, 2, 187, 143, 23.92, 40.298,5, 3
58, 12, 3, 187, 105, 9.36151, 17.7621,2, 1
58, 12, 4, 187, 220, 14.3746, 27.7982,4, 2
58, 12, 5, 187, 190, 57.114, 86.207,9, 6
58, 12, 6, 187, 182, 35.4226, 56.6844,6, 4
58, 12, 7, 187, 149, 77.9627, 112.507,10, 7
58, 12, 8, 187, 140, 36.1833, 49.987,5, 4
58, 12, 9, 187, 188, 93.8106, 119.114,13, 10
58, 12, 10, 187, 186, 210.913, 229.141,25, 23
58, 12, 11, 187, 183, 358.802, 420.952,43, 36
58, 12, 13, 187, 186, 245.391, 278.638,31, 27
58, 12, 14, 187, 157, 17.5851, 27.6335,3, 2
58, 12, 15, 187, 130, 77.1074, 107.282,10, 7
58, 12, 16, 187, 122, 23.2782, 39.6392,5, 3
58, 12, 17, 187, 130, 41.0966, 50.0957,6, 5
58, 12, 18, 187, 137, 52.894, 62.6612,7, 6
58, 12, 19, 187, 153, 18.9027, 28.0367,3, 2
58, 12, 20, 187, 171, 91.65, 111.911,12, 10
58, 12, 21, 187, 110, 33.9771, 33.9771,4, 4
58, 12, 22, 187, 142, 40.33, 49.6909,5, 4
58, 12, 23, 187, 167, 23.3326, 30.6136,4, 3
58, 12, 24, 187, 139, 0, 0,0, 0
58, 12, 25, 187, 173, 51.3934, 65.5356,8, 6
58, 12, 26, 187, 194, 16.5535, 24.7323,3, 2
58, 12, 27, 187, 134, 43.5195, 58.5597,5, 4
58, 12, 28, 187, 169, 40.2151, 67.3208,7, 4
58, 12, 29, 187, 193, 45.3103, 45.3103,6, 6
58, 12, 30, 187, 175, 27.1985, 38.8862,4, 3
58, 12, 31, 187, 151, 16.7916, 16.7916,2, 2
58, 12, 32, 187, 181, 11.3589, 21.349,2, 1
58, 12, 33, 187, 175, 60.5326, 71.8059,7, 6
58, 12, 34, 187, 138, 147.135, 176.283,22, 18
58, 12, 35, 187, 147, 15.7262, 23.1714,3, 2
58, 12, 36, 187, 170, 223.842, 284.178,26, 21
58, 12, 37, 187, 176, 25.5807, 35.8567,4, 3
58, 12, 38, 187, 194, 23.5246, 46.5089,4, 2
58, 12, 39, 187, 177, 33.3829, 42.7609,5, 4
58, 12, 40, 187, 161, 34.6249, 44.0811,5, 4
58, 12, 41, 187, 146, 66.424, 78.1006,8, 7
58, 12, 42, 187, 142, 116.038, 132.033,16, 14
58, 12, 43, 187, 163, 48.5798, 62.2242,6, 5
58, 12, 44, 187, 140, 46.9099, 66.5035,5, 4
58, 12, 45, 187, 180, 0, 0,0, 0
58, 12, 46, 187, 162, 47.2212, 77.0779,8, 5
58, 12, 47, 187, 167, 31.6086, 51.2137,5, 3
58, 13, 1, 186, 109, 0, 0,0, 0
58, 13, 2, 186, 143, 27.0344, 27.0344,3, 3
58, 13, 3, 186, 105, 0, 0,0, 0
58, 13, 4, 186, 220, 0, 0,0, 0
58, 13, 5, 186, 190, 47.7255, 47.7255,5, 5
58, 13, 6, 186, 182, 14.7227, 14.7227,2, 2
58, 13, 7, 186, 149, 22.9951, 22.9951,3, 3
58, 13, 8, 186, 140, 73.1624, 73.1624,8, 8
58, 13, 9, 186, 188, 0, 0,0, 0
58, 13, 10, 186, 186, 22.0555, 22.0555,3, 3
58, 13, 11, 186, 183, 129.284, 136.216,17, 16
58, 13, 12, 186, 187, 270.768, 278.637,31, 30
58, 13, 14, 186, 157, 9.82415, 9.82415,1, 1
58, 13, 15, 186, 130, 27.522, 27.522,3, 3
58, 13, 16, 186, 122, 0, 0,0, 0
58, 13, 17, 186, 130, 32.5927, 32.5927,4, 4
58, 13, 18, 186, 137, 41.429, 41.429,5, 5
58, 13, 19, 186, 153, 51.9629, 66.6519,8, 6
58, 13, 20, 186, 171, 25.9458, 25.9458,3, 3
58, 13, 21, 186, 110, 47.4343, 54.3008,6, 5
58, 13, 22, 186, 142, 16.6605, 16.6605,2, 2
58, 13, 23, 186, 167, 0, 0,0, 0
58, 13, 24, 186, 139, 0, 0,0, 0
58, 13, 25, 186, 173, 44.6459, 44.6459,5, 5
58, 13, 26, 186, 194, 0, 0,0, 0
58, 13, 27, 186, 134, 7.90514, 7.90514,1, 1
58, 13, 28, 186, 169, 20.9855, 20.9855,2, 2
58, 13, 29, 186, 193, 56.1413, 56.1413,6, 6
58, 13, 30, 186, 175, 44.6858, 44.6858,5, 5
58, 13, 31, 186, 151, 31.2887, 31.2887,3, 3
58, 13, 32, 186, 181, 0, 0,0, 0
58, 13, 33, 186, 175, 35.253, 35.253,4, 4
58, 13, 34, 186, 138, 60.3444, 60.3444,7, 7
58, 13, 35, 186, 147, 0, 0,0, 0
58, 13, 36, 186, 170, 107.854, 107.854,10, 10
58, 13, 37, 186, 176, 0, 0,0, 0
58, 13, 38, 186, 194, 10.5884, 10.5884,1, 1
58, 13, 39, 186, 177, 0, 0,0, 0
58, 13, 40, 186, 161, 77.8601, 77.8601,9, 9
58, 13, 41, 186, 146, 46.1964, 46.1964,4, 4
58, 13, 42, 186, 142, 87.5203, 87.5203,11, 11
58, 13, 43, 186, 163, 21.518, 21.518,3, 3
58, 13, 44, 186, 140, 52.4917, 52.4917,3, 3
58, 13, 45, 186, 180, 0, 0,0, 0
58, 13, 46, 186, 162, 8.1243, 8.1243,1, 1
58, 13, 47, 186, 167, 0, 0,0, 0
58, 14, 1, 157, 109, 16.8986, 16.8986,2, 2
58, 14, 2, 157, 143, 32.2008, 32.2008,3, 3
58, 14, 3, 157, 105, 17.2621, 17.2621,2, 2
58, 14, 4, 157, 220, 16.5214, 16.5214,2, 2
58, 14, 5, 157, 190, 23.1105, 23.1105,3, 3
58, 14, 6, 157, 182, 29.9939, 44.4707,5, 3
58, 14, 7, 157, 149, 412.822, 440.979,45, 42
58, 14, 8, 157, 140, 99.9171, 99.9171,12, 12
58, 14, 9, 157, 188, 0, 0,0, 0
58, 14, 10, 157, 186, 18.3864, 18.3864,2, 2
58, 14, 11, 157, 183, 6.67382, 6.67382,1, 1
58, 14, 12, 157, 187, 27.6334, 27.6334,3, 3
58, 14, 13, 157, 186, 9.82415, 9.82415,1, 1
58, 14, 15, 157, 130, 309.119, 331.726,35, 32
58, 14, 16, 157, 122, 73.8737, 80.5828,10, 9
58, 14, 17, 157, 130, 112.534, 120.288,12, 11
58, 14, 18, 157, 137, 29.1367, 29.1367,4, 4
58, 14, 19, 157, 153, 9.37656, 9.37656,1, 1
58, 14, 20, 157, 171, 260.533, 299.049,34, 29
58, 14, 21, 157, 110, 24.1312, 24.1312,3, 3
58, 14, 22, 157, 142, 84.1699, 122.257,15, 10
58, 14, 23, 157, 167, 134.277, 156.379,18, 15
58, 14, 24, 157, 139, 80.7248, 95.7385,11, 9
58, 14, 25, 157, 173, 367.748, 399.206,40, 36
58, 14, 26, 157, 194, 17.394, 17.394,2, 2
58, 14, 27, 157, 134, 14.8152, 14.8152,1, 1
58, 14, 28, 157, 169, 45.828, 45.828,4, 4
58, 14, 29, 157, 193, 9.05044, 15.8258,2, 1
58, 14, 30, 157, 175, 24.6317, 24.6317,3, 3
58, 14, 31, 157, 151, 18.6518, 18.6518,2, 2
58, 14, 32, 157, 181, 513.486, 657.099,59, 44
58, 14, 33, 157, 175, 0, 0,0, 0
58, 14, 34, 157, 138, 29.4702, 29.4702,4, 4
58, 14, 35, 157, 147, 50.9747, 50.9747,5, 5
58, 14, 36, 157, 170, 31.1585, 31.1585,3, 3
58, 14, 37, 157, 176, 397.949, 482.066,50, 40
58, 14, 38, 157, 194, 20.3741, 20.3741,2, 2
58, 14, 39, 157, 177, 40.3416, 54.0975,6, 4
58, 14, 40, 157, 161, 0, 0,0, 0
58, 14, 41, 157, 146, 17.8179, 17.8179,2, 2
58, 14, 42, 157, 142, 7.68105, 7.68105,1, 1
58, 14, 43, 157, 163, 9.12596, 9.12596,1, 1
58, 14, 44, 157, 140, 26.4165, 26.4165,3, 3
58, 14, 45, 157, 180, 38.2235, 45.0224,6, 5
58, 14, 46, 157, 162, 45.9729, 45.9729,5, 5
58, 14, 47, 157, 167, 70.155, 84.7603,9, 7
58, 15, 1, 130, 109, 7.26506, 7.26506,1, 1
58, 15, 2, 130, 143, 39.4611, 39.4611,3, 3
58, 15, 3, 130, 105, 33.3561, 33.3561,3, 3
58, 15, 4, 130, 220, 16.4064, 16.4064,2, 2
58, 15, 5, 130, 190, 17.2525, 17.2525,2, 2
58, 15, 6, 130, 182, 15.2379, 15.2379,2, 2
58, 15, 7, 130, 149, 354.53, 369.957,38, 36
58, 15, 8, 130, 140, 185.825, 185.825,19, 19
58, 15, 9, 130, 188, 0, 0,0, 0
58, 15, 10, 130, 186, 31.7653, 31.7653,2, 2
58, 15, 11, 130, 183, 68.5649, 68.5649,7, 7
58, 15, 12, 130, 187, 107.281, 107.281,10, 10
58, 15, 13, 130, 186, 27.5219, 27.5219,3, 3
58, 15, 14, 130, 157, 324.625, 331.726,35, 34
58, 15, 16, 130, 122, 49.9078, 49.9078,5, 5
58, 15, 17, 130, 130, 54.1144, 54.1144,5, 5
58, 15, 18, 130, 137, 95.4237, 95.4237,11, 11
58, 15, 19, 130, 153, 66.6399, 66.6399,8, 8
58, 15, 20, 130, 171, 431.105, 469.281,48, 44
58, 15, 21, 130, 110, 94.6537, 101.548,11, 10
58, 15, 22, 130, 142, 108.494, 108.494,11, 11
58, 15, 23, 130, 167, 41.5411, 41.5411,4, 4
58, 15, 24, 130, 139, 14.2293, 14.2293,2, 2
58, 15, 25, 130, 173, 329.613, 340.488,31, 30
58, 15, 26, 130, 194, 20.7531, 20.7531,3, 3
58, 15, 27, 130, 134, 10.2945, 10.2945,1, 1
58, 15, 28, 130, 169, 58.0604, 58.0604,5, 5
58, 15, 29, 130, 193, 6.81473, 6.81473,1, 1
58, 15, 30, 130, 175, 19.808, 19.808,1, 1
58, 15, 31, 130, 151, 22.8791, 22.8791,3, 3
58, 15, 32, 130, 181, 235.417, 252.144,27, 25
58, 15, 33, 130, 175, 46.3183, 46.3183,5, 5
58, 15, 34, 130, 138, 170.304, 170.304,17, 17
58, 15, 35, 130, 147, 35.3733, 35.3733,3, 3
58, 15, 36, 130, 170, 70.4062, 70.4062,8, 8
58, 15, 37, 130, 176, 120.595, 120.595,12, 12
58, 15, 38, 130, 194, 30.2409, 30.2409,2, 2
58, 15, 39, 130, 177, 12.0112, 12.0112,1, 1
58, 15, 40, 130, 161, 17.6219, 17.6219,2, 2
58, 15, 41, 130, 146, 35.3824, 35.3824,4, 4
58, 15, 42, 130, 142, 43.909, 43.909,5, 5
58, 15, 43, 130, 163, 6.81428, 6.81428,1, 1
58, 15, 44, 130, 140, 16.0965, 16.0965,2, 2
58, 15, 45, 130, 180, 0, 0,0, 0
58, 15, 46, 130, 162, 34.9847, 34.9847,4, 4
58, 15, 47, 130, 167, 34.6622, 34.6622,4, 4
58, 16, 1, 122, 109, 21.7664, 21.7664,3, 3
58, 16, 2, 122, 143, 37.3231, 52.0254,5, 3
58, 16, 3, 122, 105, 42.0668, 57.8511,6, 4
58, 16, 4, 122, 220, 18.8915, 18.8915,2, 2
58, 16, 5, 122, 190, 0, 0,0, 0
58, 16, 6, 122, 182, 22.9368, 29.9439,4, 3
58, 16, 7, 122, 149, 8.66607, 16.1552,2, 1
58, 16, 8, 122, 140, 16.066, 16.066,2, 2
58, 16, 9, 122, 188, 14.7792, 14.7792,2, 2
58, 16, 10, 122, 186, 41.5397, 51.7967,5, 4
58, 16, 11, 122, 183, 25.1671, 25.1671,3, 3
58, 16, 12, 122, 187, 24.1905, 39.6394,5, 3
58, 16, 13, 122, 186, 0, 0,0, 0
58, 16, 14, 122, 157, 64.1852, 80.5827,10, 8
58, 16, 15, 122, 130, 34.5048, 49.9087,5, 3
58, 16, 17, 122, 130, 185.119, 206.954,21, 18
58, 16, 18, 122, 137, 62.4195, 69.5287,8, 7
58, 16, 19, 122, 153, 17.5971, 17.5971,2, 2
58, 16, 20, 122, 171, 11.9591, 19.5729,2, 1
58, 16, 21, 122, 110, 0, 0,0, 0
58, 16, 22, 122, 142, 37.8499, 55.5291,5, 3
58, 16, 23, 122, 167, 39.4842, 48.2205,4, 3
58, 16, 24, 122, 139, 31.0313, 31.0313,4, 4
58, 16, 25, 122, 173, 25.9421, 32.932,3, 2
58, 16, 26, 122, 194, 6.94301, 6.94301,1, 1
58, 16, 27, 122, 134, 20.4787, 30.9093,3, 2
58, 16, 28, 122, 169, 36.7073, 52.8719,4, 2
58, 16, 29, 122, 193, 0, 0,0, 0
58, 16, 30, 122, 175, 6.71604, 6.71604,1, 1
58, 16, 31, 122, 151, 16.278, 16.278,2, 2
58, 16, 32, 122, 181, 103.443, 160.447,16, 9
58, 16, 33, 122, 175, 0, 0,0, 0
58, 16, 34, 122, 138, 27.1647, 34.6927,4, 3
58, 16, 35, 122, 147, 44.0198, 61.2955,5, 3
58, 16, 36, 122, 170, 38.8892, 48.1463,5, 4
58, 16, 37, 122, 176, 91.1705, 119.251,13, 9
58, 16, 38, 122, 194, 25.0269, 44.1974,4, 2
58, 16, 39, 122, 177, 81.2527, 103.319,13, 10
58, 16, 40, 122, 161, 0, 0,0, 0
58, 16, 41, 122, 146, 0, 0,0, 0
58, 16, 42, 122, 142, 0, 0,0, 0
58, 16, 43, 122, 163, 7.87754, 7.87754,1, 1
58, 16, 44, 122, 140, 7.21873, 14.2463,2, 1
58, 16, 45, 122, 180, 21.1659, 28.5837,4, 3
58, 16, 46, 122, 162, 37.3239, 53.1092,6, 4
58, 16, 47, 122, 167, 45.2108, 75.8871,9, 5
58, 17, 1, 130, 109, 30.6561, 45.0383,6, 4
58, 17, 2, 130, 143, 76.6058, 76.6058,5, 5
58, 17, 3, 130, 105, 56.1732, 56.1732,6, 6
58, 17, 4, 130, 220, 19.7212, 19.7212,2, 2
58, 17, 5, 130, 190, 16.4345, 16.4345,2, 2
58, 17, 6, 130, 182, 9.70556, 9.70556,1, 1
58, 17, 7, 130, 149, 43.1347, 43.1347,5, 5
58, 17, 8, 130, 140, 43.7956, 43.7956,5, 5
58, 17, 9, 130, 188, 0, 0,0, 0
58, 17, 10, 130, 186, 30.3462, 30.3462,2, 2
58, 17, 11, 130, 183, 30.5998, 30.5998,4, 4
58, 17, 12, 130, 187, 50.0959, 50.0959,6, 6
58, 17, 13, 130, 186, 32.5928, 32.5928,4, 4
58, 17, 14, 130, 157, 110.273, 120.286,12, 11
58, 17, 15, 130, 130, 54.1148, 54.1148,5, 5
58, 17, 16, 130, 122, 199.336, 206.953,21, 20
58, 17, 18, 130, 137, 183.103, 196.677,21, 20
58, 17, 19, 130, 153, 97.119, 97.119,11, 11
58, 17, 20, 130, 171, 77.8233, 77.8233,9, 9
58, 17, 21, 130, 110, 6.68621, 6.68621,1, 1
58, 17, 22, 130, 142, 81.7652, 112.058,10, 6
58, 17, 23, 130, 167, 39.8138, 47.3836,4, 3
58, 17, 24, 130, 139, 18.5004, 25.7585,3, 2
58, 17, 25, 130, 173, 105.978, 112.931,9, 8
58, 17, 26, 130, 194, 16.8213, 16.8213,2, 2
58, 17, 27, 130, 134, 25.1554, 25.1554,2, 2
58, 17, 28, 130, 169, 99.8302, 99.8302,5, 5
58, 17, 29, 130, 193, 8.14557, 8.14557,1, 1
58, 17, 30, 130, 175, 34.7209, 34.7209,4, 4
58, 17, 31, 130, 151, 38.7346, 38.7346,4, 4
58, 17, 32, 130, 181, 67.4456, 81.3001,9, 7
58, 17, 33, 130, 175, 7.67178, 7.67178,1, 1
58, 17, 34, 130, 138, 88.2476, 88.2476,10, 10
58, 17, 35, 130, 147, 62.7982, 62.7982,5, 5
58, 17, 36, 130, 170, 52.3653, 52.3653,6, 6
58, 17, 37, 130, 176, 77.4706, 77.4706,8, 8
58, 17, 38, 130, 194, 29.6255, 29.6255,2, 2
58, 17, 39, 130, 177, 38.655, 38.655,3, 3
58, 17, 40, 130, 161, 15.7469, 15.7469,2, 2
58, 17, 41, 130, 146, 20.5835, 20.5835,2, 2
58, 17, 42, 130, 142, 24.5642, 24.5642,3, 3
58, 17, 43, 130, 163, 21.6738, 28.4873,4, 3
58, 17, 44, 130, 140, 34.9847, 34.9847,4, 4
58, 17, 45, 130, 180, 22.3989, 22.3989,3, 3
58, 17, 46, 130, 162, 26.2234, 26.2234,3, 3
58, 17, 47, 130, 167, 38.6925, 45.5297,5, 4
58, 18, 1, 137, 109, 16.4155, 16.4155,2, 2
58, 18, 2, 137, 143, 34.6401, 34.6401,4, 4
58, 18, 3, 137, 105, 49.3531, 49.3531,5, 5
58, 18, 4, 137, 220, 0, 0,0, 0
58, 18, 5, 137, 190, 31.1867, 31.1867,4, 4
58, 18, 6, 137, 182, 24.3757, 24.3757,3, 3
58, 18, 7, 137, 149, 62.2995, 69.2062,8, 7
58, 18, 8, 137, 140, 92.7812, 92.7812,10, 10
58, 18, 9, 137, 188, 0, 0,0, 0
58, 18, 10, 137, 186, 18.8803, 18.8803,2, 2
58, 18, 11, 137, 183, 47.7626, 47.7626,5, 5
58, 18, 12, 137, 187, 62.6613, 62.6613,7, 7
58, 18, 13, 137, 186, 41.429, 41.429,5, 5
58, 18, 14, 137, 157, 22.2685, 29.1366,4, 3
58, 18, 15, 137, 130, 88.4645, 95.4236,11, 10
58, 18, 16, 137, 122, 62.7757, 69.5288,8, 7
58, 18, 17, 137, 130, 196.68, 196.68,21, 21
58, 18, 19, 137, 153, 177.612, 201.11,22, 19
58, 18, 20, 137, 171, 167.782, 190.16,21, 18
58, 18, 21, 137, 110, 44.6046, 44.6046,6, 6
58, 18, 22, 137, 142, 39.0917, 45.8885,5, 4
58, 18, 23, 137, 167, 30.1504, 30.1504,3, 3
58, 18, 24, 137, 139, 18.7225, 18.7225,2, 2
58, 18, 25, 137, 173, 49.7784, 49.7784,6, 6
58, 18, 26, 137, 194, 10.6605, 10.6605,1, 1
58, 18, 27, 137, 134, 22.9244, 22.9244,3, 3
58, 18, 28, 137, 169, 95.8636, 102.616,12, 11
58, 18, 29, 137, 193, 26.136, 26.136,3, 3
58, 18, 30, 137, 175, 29.3398, 29.3398,4, 4
58, 18, 31, 137, 151, 45.2297, 45.2297,4, 4
58, 18, 32, 137, 181, 38.2092, 38.2092,4, 4
58, 18, 33, 137, 175, 20.2376, 20.2376,2, 2
58, 18, 34, 137, 138, 88.0618, 88.0618,9, 9
58, 18, 35, 137, 147, 36.1198, 36.1198,4, 4
58, 18, 36, 137, 170, 52.8794, 60.1794,6, 5
58, 18, 37, 137, 176, 24.4443, 24.4443,3, 3
58, 18, 38, 137, 194, 18.2703, 18.2703,2, 2
58, 18, 39, 137, 177, 27.4606, 27.4606,4, 4
58, 18, 40, 137, 161, 15.0566, 15.0566,2, 2
58, 18, 41, 137, 146, 41.3687, 50.6619,6, 5
58, 18, 42, 137, 142, 94.6552, 101.772,10, 9
58, 18, 43, 137, 163, 30.6688, 30.6688,4, 4
58, 18, 44, 137, 140, 25.2371, 25.2371,3, 3
58, 18, 45, 137, 180, 0, 0,0, 0
58, 18, 46, 137, 162, 36.1742, 36.1742,4, 4
58, 18, 47, 137, 167, 23.3252, 23.3252,3, 3
58, 19, 1, 153, 109, 0, 0,0, 0
58, 19, 2, 153, 143, 30.7563, 30.7563,4, 4
58, 19, 3, 153, 105, 0, 0,0, 0
58, 19, 4, 153, 220, 6.87814, 6.87814,1, 1
58, 19, 5, 153, 190, 7.17141, 7.17141,1, 1
58, 19, 6, 153, 182, 0, 0,0, 0
58, 19, 7, 153, 149, 14.4193, 14.4193,2, 2
58, 19, 8, 153, 140, 146.71, 153.693,17, 16
58, 19, 9, 153, 188, 0, 0,0, 0
58, 19, 10, 153, 186, 0, 0,0, 0
58, 19, 11, 153, 183, 6.73515, 6.73515,1, 1
58, 19, 12, 153, 187, 28.0366, 28.0366,3, 3
58, 19, 13, 153, 186, 66.652, 66.652,8, 8
58, 19, 14, 153, 157, 9.37658, 9.37658,1, 1
58, 19, 15, 153, 130, 66.6402, 66.6402,8, 8
58, 19, 16, 153, 122, 17.597, 17.597,2, 2
58, 19, 17, 153, 130, 97.1198, 97.1198,11, 11
58, 19, 18, 153, 137, 201.11, 201.11,22, 22
58, 19, 20, 153, 171, 88.7391, 88.7391,11, 11
58, 19, 21, 153, 110, 62.8751, 62.8751,7, 7
58, 19, 22, 153, 142, 26.2625, 26.2625,3, 3
58, 19, 23, 153, 167, 6.68161, 6.68161,1, 1
58, 19, 24, 153, 139, 0, 0,0, 0
58, 19, 25, 153, 173, 15.3976, 15.3976,2, 2
58, 19, 26, 153, 194, 19.1963, 19.1963,2, 2
58, 19, 27, 153, 134, 7.77819, 7.77819,1, 1
58, 19, 28, 153, 169, 46.6423, 46.6423,5, 5
58, 19, 29, 153, 193, 15.7015, 15.7015,2, 2
58, 19, 30, 153, 175, 44.81, 59.9615,7, 5
58, 19, 31, 153, 151, 30.8876, 30.8876,3, 3
58, 19, 32, 153, 181, 7.42254, 7.42254,1, 1
58, 19, 33, 153, 175, 21.5567, 21.5567,2, 2
58, 19, 34, 153, 138, 40.8111, 40.8111,5, 5
58, 19, 35, 153, 147, 0, 0,0, 0
58, 19, 36, 153, 170, 30.7124, 30.7124,4, 4
58, 19, 37, 153, 176, 7.75504, 7.75504,1, 1
58, 19, 38, 153, 194, 0, 0,0, 0
58, 19, 39, 153, 177, 6.95702, 6.95702,1, 1
58, 19, 40, 153, 161, 76.3623, 76.3623,8, 8
58, 19, 41, 153, 146, 48.7748, 48.7748,5, 5
58, 19, 42, 153, 142, 63.3002, 63.3002,8, 8
58, 19, 43, 153, 163, 28.5214, 28.5214,3, 3
58, 19, 44, 153, 140, 31.0272, 31.0272,3, 3
58, 19, 45, 153, 180, 0, 0,0, 0
58, 19, 46, 153, 162, 9.26901, 9.26901,1, 1
58, 19, 47, 153, 167, 19.8582, 19.8582,2, 2
58, 20, 1, 171, 109, 0, 0,0, 0
58, 20, 2, 171, 143, 49.4761, 49.4761,4, 4
58, 20, 3, 171, 105, 21.9829, 21.9829,2, 2
58, 20, 4, 171, 220, 22.8644, 22.8644,2, 2
58, 20, 5, 171, 190, 14.818, 14.818,2, 2
58, 20, 6, 171, 182, 28.212, 28.212,3, 3
58, 20, 7, 171, 149, 392.704, 399.812,40, 39
58, 20, 8, 171, 140, 187.731, 212.938,23, 20
58, 20, 9, 171, 188, 0, 0,0, 0
58, 20, 10, 171, 186, 20.2204, 20.2204,2, 2
58, 20, 11, 171, 183, 17.7366, 17.7366,2, 2
58, 20, 12, 171, 187, 93.9848, 111.911,12, 10
58, 20, 13, 171, 186, 25.9462, 25.9462,3, 3
58, 20, 14, 171, 157, 284.805, 299.049,34, 32
58, 20, 15, 171, 130, 404.992, 469.283,48, 41
58, 20, 16, 171, 122, 19.573, 19.573,2, 2
58, 20, 17, 171, 130, 77.8243, 77.8243,9, 9
58, 20, 18, 171, 137, 168.699, 190.159,21, 18
58, 20, 19, 171, 153, 82.0162, 88.7391,11, 10
58, 20, 21, 171, 110, 84.6911, 93.2983,11, 10
58, 20, 22, 171, 142, 96.4528, 96.4528,9, 9
58, 20, 23, 171, 167, 40.6818, 47.9157,6, 5
58, 20, 24, 171, 139, 23.0685, 23.0685,3, 3
58, 20, 25, 171, 173, 466.17, 522.315,50, 43
58, 20, 26, 171, 194, 16.7235, 16.7235,2, 2
58, 20, 27, 171, 134, 19.1605, 19.1605,1, 1
58, 20, 28, 171, 169, 50.1045, 50.1045,4, 4
58, 20, 29, 171, 193, 21.9984, 21.9984,3, 3
58, 20, 30, 171, 175, 49.8221, 49.8221,6, 6
58, 20, 31, 171, 151, 20.1388, 20.1388,2, 2
58, 20, 32, 171, 181, 262.151, 270.589,30, 29
58, 20, 33, 171, 175, 28.9457, 47.7348,5, 3
58, 20, 34, 171, 138, 101.574, 145.422,16, 11
58, 20, 35, 171, 147, 33.5789, 33.5789,4, 4
58, 20, 36, 171, 170, 103.07, 127.518,13, 11
58, 20, 37, 171, 176, 209.205, 209.205,22, 22
58, 20, 38, 171, 194, 25.0577, 25.0577,2, 2
58, 20, 39, 171, 177, 13.5486, 13.5486,1, 1
58, 20, 40, 171, 161, 7.26415, 14.1369,2, 1
58, 20, 41, 171, 146, 41.8314, 61.9936,7, 5
58, 20, 42, 171, 142, 55.2934, 70.088,9, 7
58, 20, 43, 171, 163, 16.5377, 16.5377,2, 2
58, 20, 44, 171, 140, 28.1365, 28.1365,3, 3
58, 20, 45, 171, 180, 8.74436, 8.74436,1, 1
58, 20, 46, 171, 162, 36.3132, 36.3132,4, 4
58, 20, 47, 171, 167, 24.8724, 24.8724,2, 2
58, 21, 1, 110, 109, 0, 0,0, 0
58, 21, 2, 110, 143, 13.6328, 13.6328,2, 2
58, 21, 3, 110, 105, 0, 0,0, 0
58, 21, 4, 110, 220, 0, 0,0, 0
58, 21, 5, 110, 190, 36.6647, 43.3498,5, 4
58, 21, 6, 110, 182, 23.4029, 23.4029,3, 3
58, 21, 7, 110, 149, 24.5008, 24.5008,3, 3
58, 21, 8, 110, 140, 131.931, 152.33,18, 15
58, 21, 9, 110, 188, 0, 0,0, 0
58, 21, 10, 110, 186, 0, 0,0, 0
58, 21, 11, 110, 183, 23.7335, 23.7335,3, 3
58, 21, 12, 110, 187, 33.977, 33.977,4, 4
58, 21, 13, 110, 186, 54.3008, 54.3008,6, 6
58, 21, 14, 110, 157, 16.6672, 24.1312,3, 2
58, 21, 15, 110, 130, 101.548, 101.548,11, 11
58, 21, 16, 110, 122, 0, 0,0, 0
58, 21, 17, 110, 130, 6.68619, 6.68619,1, 1
58, 21, 18, 110, 137, 37.7881, 44.6045,6, 5
58, 21, 19, 110, 153, 55.8492, 62.8747,7, 6
58, 21, 20, 110, 171, 93.2982, 93.2982,11, 11
58, 21, 22, 110, 142, 197.361, 197.361,20, 20
58, 21, 23, 110, 167, 73.2659, 73.2659,9, 9
58, 21, 24, 110, 139, 15.2893, 15.2893,2, 2
58, 21, 25, 110, 173, 38.0406, 38.0406,5, 5
58, 21, 26, 110, 194, 64.8741, 97.4838,11, 7
58, 21, 27, 110, 134, 0, 0,0, 0
58, 21, 28, 110, 169, 20.6009, 20.6009,2, 2
58, 21, 29, 110, 193, 22.3321, 22.3321,3, 3
58, 21, 30, 110, 175, 57.6889, 57.6889,6, 6
58, 21, 31, 110, 151, 15.2202, 15.2202,2, 2
58, 21, 32, 110, 181, 16.5151, 16.5151,2, 2
58, 21, 33, 110, 175, 0, 0,0, 0
58, 21, 34, 110, 138, 95.4653, 102.173,11, 10
58, 21, 35, 110, 147, 0, 0,0, 0
58, 21, 36, 110, 170, 59.2303, 68.1376,8, 7
58, 21, 37, 110, 176, 7.40487, 7.40487,1, 1
58, 21, 38, 110, 194, 0, 0,0, 0
58, 21, 39, 110, 177, 0, 0,0, 0
58, 21, 40, 110, 161, 25.5034, 25.5034,2, 2
58, 21, 41, 110, 146, 55.0301, 55.0301,6, 6
58, 21, 42, 110, 142, 46.1066, 46.1066,6, 6
58, 21, 43, 110, 163, 16.9396, 16.9396,2, 2
58, 21, 44, 110, 140, 90.8259, 104.771,11, 9
58, 21, 45, 110, 180, 0, 0,0, 0
58, 21, 46, 110, 162, 43.3137, 50.5136,5, 4
58, 21, 47, 110, 167, 16.3607, 16.3607,1, 1
58, 22, 1, 142, 109, 0, 0,0, 0
58, 22, 2, 142, 143, 81.8424, 81.8424,6, 6
58, 22, 3, 142, 105, 22.401, 22.401,2, 2
58, 22, 4, 142, 220, 21.9582, 21.9582,2, 2
58, 22, 5, 142, 190, 17.4766, 17.4766,2, 2
58, 22, 6, 142, 182, 10.419, 10.419,1, 1
58, 22, 7, 142, 149, 77.0151, 77.0151,9, 9
58, 22, 8, 142, 140, 37.5386, 37.5386,4, 4
58, 22, 9, 142, 188, 0, 0,0, 0
58, 22, 10, 142, 186, 29.8591, 29.8591,2, 2
58, 22, 11, 142, 183, 0, 0,0, 0
58, 22, 12, 142, 187, 49.6904, 49.6904,5, 5
58, 22, 13, 142, 186, 16.6605, 16.6605,2, 2
58, 22, 14, 142, 157, 92.8589, 122.258,15, 11
58, 22, 15, 142, 130, 108.494, 108.494,11, 11
58, 22, 16, 142, 122, 55.5287, 55.5287,5, 5
58, 22, 17, 142, 130, 88.1839, 112.056,10, 7
58, 22, 18, 142, 137, 39.0921, 45.8889,5, 4
58, 22, 19, 142, 153, 26.2626, 26.2626,3, 3
58, 22, 20, 142, 171, 89.6154, 96.4518,9, 8
58, 22, 21, 142, 110, 179.992, 197.361,20, 18
58, 22, 23, 142, 167, 193.379, 214.685,24, 21
58, 22, 24, 142, 139, 56.538, 82.6677,9, 6
58, 22, 25, 142, 173, 140.8, 140.8,13, 13
58, 22, 26, 142, 194, 33.99, 33.99,4, 4
58, 22, 27, 142, 134, 14.74, 14.74,1, 1
58, 22, 28, 142, 169, 79.2933, 79.2933,5, 5
58, 22, 29, 142, 193, 7.92437, 7.92437,1, 1
58, 22, 30, 142, 175, 48.742, 66.3489,7, 5
58, 22, 31, 142, 151, 32.6353, 32.6353,4, 4
58, 22, 32, 142, 181, 48.0611, 55.0067,5, 4
58, 22, 33, 142, 175, 9.31646, 9.31646,1, 1
58, 22, 34, 142, 138, 79.1904, 101.242,12, 9
58, 22, 35, 142, 147, 35.8621, 35.8621,3, 3
58, 22, 36, 142, 170, 29.4134, 29.4134,3, 3
58, 22, 37, 142, 176, 47.5464, 47.5464,5, 5
58, 22, 38, 142, 194, 32.1268, 32.1268,2, 2
58, 22, 39, 142, 177, 43.1743, 50.0067,4, 3
58, 22, 40, 142, 161, 14.2527, 14.2527,2, 2
58, 22, 41, 142, 146, 23.739, 23.739,3, 3
58, 22, 42, 142, 142, 29.6313, 37.2106,4, 3
58, 22, 43, 142, 163, 41.0623, 41.0623,5, 5
58, 22, 44, 142, 140, 51.6949, 51.6949,6, 6
58, 22, 45, 142, 180, 25.3031, 56.0967,7, 3
58, 22, 46, 142, 162, 104.066, 110.822,13, 12
58, 22, 47, 142, 167, 105.077, 163.376,17, 10
58, 23, 1, 167, 109, 15.8666, 15.8666,2, 2
58, 23, 2, 167, 143, 37.0417, 37.0417,4, 4
58, 23, 3, 167, 105, 30.7095, 30.7095,3, 3
58, 23, 4, 167, 220, 14.6375, 14.6375,2, 2
58, 23, 5, 167, 190, 0, 0,0, 0
58, 23, 6, 167, 182, 26.0811, 26.0811,3, 3
58, 23, 7, 167, 149, 38.7255, 38.7255,5, 5
58, 23, 8, 167, 140, 11.5259, 18.2436,2, 1
58, 23, 9, 167, 188, 22.5387, 29.7647,4, 3
58, 23, 10, 167, 186, 54.3549, 54.3549,5, 5
58, 23, 11, 167, 183, 0, 0,0, 0
58, 23, 12, 167, 187, 30.6136, 30.6136,4, 4
58, 23, 13, 167, 186, 0, 0,0, 0
58, 23, 14, 167, 157, 149.598, 156.379,18, 17
58, 23, 15, 167, 130, 34.7142, 41.541,4, 3
58, 23, 16, 167, 122, 41.2745, 48.2204,4, 3
58, 23, 17, 167, 130, 47.3831, 47.3831,4, 4
58, 23, 18, 167, 137, 30.1502, 30.1502,3, 3
58, 23, 19, 167, 153, 6.6816, 6.6816,1, 1
58, 23, 20, 167, 171, 47.9156, 47.9156,6, 6
58, 23, 21, 167, 110, 50.5801, 73.2659,9, 6
58, 23, 22, 167, 142, 207.6, 214.685,24, 23
58, 23, 24, 167, 139, 332.421, 410.025,45, 35
58, 23, 25, 167, 173, 68.8679, 76.3445,8, 7
58, 23, 26, 167, 194, 6.68219, 6.68219,1, 1
58, 23, 27, 167, 134, 10.0316, 10.0316,1, 1
58, 23, 28, 167, 169, 41.2119, 41.2119,3, 3
58, 23, 29, 167, 193, 7.52801, 7.52801,1, 1
58, 23, 30, 167, 175, 0, 0,0, 0
58, 23, 31, 167, 151, 0, 0,0, 0
58, 23, 32, 167, 181, 134.431, 193.531,22, 14
58, 23, 33, 167, 175, 0, 0,0, 0
58, 23, 34, 167, 138, 28.7826, 28.7826,3, 3
58, 23, 35, 167, 147, 86.0633, 95.9131,8, 7
58, 23, 36, 167, 170, 15.6258, 15.6258,2, 2
58, 23, 37, 167, 176, 103.862, 125.979,15, 12
58, 23, 38, 167, 194, 24.4473, 24.4473,2, 2
58, 23, 39, 167, 177, 54.5574, 76.7363,8, 5
58, 23, 40, 167, 161, 0, 0,0, 0
58, 23, 41, 167, 146, 8.36486, 8.36486,1, 1
58, 23, 42, 167, 142, 15.3056, 15.3056,2, 2
58, 23, 43, 167, 163, 0, 0,0, 0
58, 23, 44, 167, 140, 6.90936, 6.90936,1, 1
58, 23, 45, 167, 180, 31.494, 38.6645,5, 4
58, 23, 46, 167, 162, 38.3068, 38.3068,5, 5
58, 23, 47, 167, 167, 91.3668, 106.198,12, 10
58, 24, 1, 139, 109, 14.6209, 21.7155,3, 2
58, 24, 2, 139, 143, 0, 0,0, 0
58, 24, 3, 139, 105, 15.9418, 31.3994,2, 1
58, 24, 4, 139, 220, 0, 0,0, 0
58, 24, 5, 139, 190, 9.15706, 9.15706,1, 1
58, 24, 6, 139, 182, 36.4175, 43.6463,6, 5
58, 24, 7, 139, 149, 0, 0,0, 0
58, 24, 8, 139, 140, 0, 0,0, 0
58, 24, 9, 139, 188, 31.6311, 38.458,5, 4
58, 24, 10, 139, 186, 43.5898, 51.3503,7, 6
58, 24, 11, 139, 183, 0, 0,0, 0
58, 24, 12, 139, 187, 0, 0,0, 0
58, 24, 13, 139, 186, 0, 0,0, 0
58, 24, 14, 139, 157, 79.0025, 95.7386,11, 9
58, 24, 15, 139, 130, 7.33076, 14.2294,2, 1
58, 24, 16, 139, 122, 31.0312, 31.0312,4, 4
58, 24, 17, 139, 130, 25.7587, 25.7587,3, 3
58, 24, 18, 139, 137, 9.62963, 18.7225,2, 1
58, 24, 19, 139, 153, 0, 0,0, 0
58, 24, 20, 139, 171, 23.0685, 23.0685,3, 3
58, 24, 21, 139, 110, 15.2893, 15.2893,2, 2
58, 24, 22, 139, 142, 74.0521, 82.6672,9, 8
58, 24, 23, 139, 167, 343.817, 410.025,45, 37
58, 24, 25, 139, 173, 36.7318, 50.3513,6, 4
58, 24, 26, 139, 194, 0, 0,0, 0
58, 24, 27, 139, 134, 0, 0,0, 0
58, 24, 28, 139, 169, 7.08174, 13.7558,2, 1
58, 24, 29, 139, 193, 0, 0,0, 0
58, 24, 30, 139, 175, 0, 0,0, 0
58, 24, 31, 139, 151, 0, 0,0, 0
58, 24, 32, 139, 181, 105.313, 175.119,19, 11
58, 24, 33, 139, 175, 37.8735, 37.8735,5, 5
58, 24, 34, 139, 138, 21.2273, 41.0066,4, 2
58, 24, 35, 139, 147, 66.4477, 88.4874,10, 7
58, 24, 36, 139, 170, 0, 0,0, 0
58, 24, 37, 139, 176, 58.9658, 91.8667,11, 7
58, 24, 38, 139, 194, 25.1841, 25.1841,3, 3
58, 24, 39, 139, 177, 66.1072, 74.48,8, 7
58, 24, 40, 139, 161, 0, 0,0, 0
58, 24, 41, 139, 146, 0, 0,0, 0
58, 24, 42, 139, 142, 0, 0,0, 0
58, 24, 43, 139, 163, 29.0755, 29.0755,4, 4
58, 24, 44, 139, 140, 0, 0,0, 0
58, 24, 45, 139, 180, 36.6836, 36.6836,4, 4
58, 24, 46, 139, 162, 6.86002, 6.86002,1, 1
58, 24, 47, 139, 167, 105.365, 116.012,14, 13
58, 25, 1, 173, 109, 6.86276, 6.86276,1, 1
58, 25, 2, 173, 143, 72.8427, 72.8427,6, 6
58, 25, 3, 173, 105, 45.6484, 45.6484,5, 5
58, 25, 4, 173, 220, 17.5108, 17.5108,2, 2
58, 25, 5, 173, 190, 17.4612, 17.4612,2, 2
58, 25, 6, 173, 182, 25.6546, 25.6546,3, 3
58, 25, 7, 173, 149, 442.809, 480.311,51, 46
58, 25, 8, 173, 140, 116.176, 123.428,14, 13
58, 25, 9, 173, 188, 0, 0,0, 0
58, 25, 10, 173, 186, 34.0975, 34.0975,2, 2
58, 25, 11, 173, 183, 19.5875, 19.5875,2, 2
58, 25, 12, 173, 187, 65.5353, 65.5353,8, 8
58, 25, 13, 173, 186, 44.6458, 44.6458,5, 5
58, 25, 14, 173, 157, 391.694, 399.207,40, 39
58, 25, 15, 173, 130, 318.538, 340.489,31, 29
58, 25, 16, 173, 122, 32.9326, 32.9326,3, 3
58, 25, 17, 173, 130, 104.331, 112.93,9, 8
58, 25, 18, 173, 137, 49.7783, 49.7783,6, 6
58, 25, 19, 173, 153, 15.3975, 15.3975,2, 2
58, 25, 20, 173, 171, 505.005, 522.313,50, 48
58, 25, 21, 173, 110, 38.0407, 38.0407,5, 5
58, 25, 22, 173, 142, 140.801, 140.801,13, 13
58, 25, 23, 173, 167, 69.066, 76.3447,8, 7
58, 25, 24, 173, 139, 50.3511, 50.3511,6, 6
58, 25, 26, 173, 194, 0, 0,0, 0
58, 25, 27, 173, 134, 18.573, 18.573,2, 2
58, 25, 28, 173, 169, 84.0772, 90.9121,8, 7
58, 25, 29, 173, 193, 18.0798, 18.0798,2, 2
58, 25, 30, 173, 175, 40.2215, 40.2215,5, 5
58, 25, 31, 173, 151, 67.845, 67.845,7, 7
58, 25, 32, 173, 181, 304.997, 311.754,30, 29
58, 25, 33, 173, 175, 7.30537, 7.30537,1, 1
58, 25, 34, 173, 138, 83.8685, 83.8685,9, 9
58, 25, 35, 173, 147, 64.4611, 73.5461,7, 6
58, 25, 36, 173, 170, 67.0725, 67.0725,8, 8
58, 25, 37, 173, 176, 241.806, 256.946,25, 23
58, 25, 38, 173, 194, 24.5656, 24.5656,2, 2
58, 25, 39, 173, 177, 40.3072, 47.0493,5, 4
58, 25, 40, 173, 161, 15.0074, 15.0074,2, 2
58, 25, 41, 173, 146, 18.6644, 18.6644,2, 2
58, 25, 42, 173, 142, 25.9149, 25.9149,3, 3
58, 25, 43, 173, 163, 9.24212, 9.24212,1, 1
58, 25, 44, 173, 140, 28.0856, 28.0856,3, 3
58, 25, 45, 173, 180, 7.69892, 7.69892,1, 1
58, 25, 46, 173, 162, 45.7854, 45.7854,6, 6
58, 25, 47, 173, 167, 22.1937, 22.1937,2, 2
58, 26, 1, 194, 109, 0, 0,0, 0
58, 26, 2, 194, 143, 0, 0,0, 0
58, 26, 3, 194, 105, 0, 0,0, 0
58, 26, 4, 194, 220, 0, 0,0, 0
58, 26, 5, 194, 190, 39.8173, 39.8173,5, 5
58, 26, 6, 194, 182, 8.66107, 8.66107,1, 1
58, 26, 7, 194, 149, 16.8294, 16.8294,2, 2
58, 26, 8, 194, 140, 47.1889, 68.636,9, 6
58, 26, 9, 194, 188, 0, 0,0, 0
58, 26, 10, 194, 186, 0, 0,0, 0
58, 26, 11, 194, 183, 7.22817, 7.22817,1, 1
58, 26, 12, 194, 187, 24.7325, 24.7325,3, 3
58, 26, 13, 194, 186, 0, 0,0, 0
58, 26, 14, 194, 157, 17.394, 17.394,2, 2
58, 26, 15, 194, 130, 20.7531, 20.7531,3, 3
58, 26, 16, 194, 122, 6.94302, 6.94302,1, 1
58, 26, 17, 194, 130, 16.8213, 16.8213,2, 2
58, 26, 18, 194, 137, 10.6604, 10.6604,1, 1
58, 26, 19, 194, 153, 19.1966, 19.1966,2, 2
58, 26, 20, 194, 171, 16.7234, 16.7234,2, 2
58, 26, 21, 194, 110, 65.4372, 97.484,11, 7
58, 26, 22, 194, 142, 33.99, 33.99,4, 4
58, 26, 23, 194, 167, 6.68222, 6.68222,1, 1
58, 26, 24, 194, 139, 0, 0,0, 0
58, 26, 25, 194, 173, 0, 0,0, 0
58, 26, 27, 194, 134, 7.23522, 7.23522,1, 1
58, 26, 28, 194, 169, 14.1771, 14.1771,2, 2
58, 26, 29, 194, 193, 0, 0,0, 0
58, 26, 30, 194, 175, 23.8147, 23.8147,3, 3
58, 26, 31, 194, 151, 7.38365, 7.38365,1, 1
58, 26, 32, 194, 181, 9.08028, 9.08028,1, 1
58, 26, 33, 194, 175, 13.5146, 13.5146,2, 2
58, 26, 34, 194, 138, 28.5288, 35.4727,5, 4
58, 26, 35, 194, 147, 0, 0,0, 0
58, 26, 36, 194, 170, 15.2947, 15.2947,2, 2
58, 26, 37, 194, 176, 10.0225, 10.0225,1, 1
58, 26, 38, 194, 194, 0, 0,0, 0
58, 26, 39, 194, 177, 0, 0,0, 0
58, 26, 40, 194, 161, 22.4164, 22.4164,3, 3
58, 26, 41, 194, 146, 23.0678, 23.0678,3, 3
58, 26, 42, 194, 142, 14.872, 14.872,2, 2
58, 26, 43, 194, 163, 10.7875, 10.7875,1, 1
58, 26, 44, 194, 140, 24.8331, 32.1313,4, 3
58, 26, 45, 194, 180, 0, 0,0, 0
58, 26, 46, 194, 162, 65.4402, 65.4402,8, 8
58, 26, 47, 194, 167, 17.4076, 17.4076,2, 2
58, 27, 1, 134, 109, 45.7483, 52.7597,7, 6
58, 27, 2, 134, 143, 88.2502, 88.2502,10, 10
58, 27, 3, 134, 105, 56.2222, 63.0487,7, 6
58, 27, 4, 134, 220, 18.9337, 18.9337,2, 2
58, 27, 5, 134, 190, 7.61831, 7.61831,1, 1
58, 27, 6, 134, 182, 17.6909, 17.6909,2, 2
58, 27, 7, 134, 149, 15.3538, 15.3538,1, 1
58, 27, 8, 134, 140, 0, 0,0, 0
58, 27, 9, 134, 188, 8.24015, 8.24015,1, 1
58, 27, 10, 134, 186, 21.0045, 21.0045,2, 2
58, 27, 11, 134, 183, 23.1813, 23.1813,3, 3
58, 27, 12, 134, 187, 58.5604, 58.5604,5, 5
58, 27, 13, 134, 186, 7.90514, 7.90514,1, 1
58, 27, 14, 134, 157, 14.8149, 14.8149,1, 1
58, 27, 15, 134, 130, 10.2946, 10.2946,1, 1
58, 27, 16, 134, 122, 30.9092, 30.9092,3, 3
58, 27, 17, 134, 130, 25.1555, 25.1555,2, 2
58, 27, 18, 134, 137, 22.9242, 22.9242,3, 3
58, 27, 19, 134, 153, 7.77825, 7.77825,1, 1
58, 27, 20, 134, 171, 19.1613, 19.1613,1, 1
58, 27, 21, 134, 110, 0, 0,0, 0
58, 27, 22, 134, 142, 14.7401, 14.7401,1, 1
58, 27, 23, 134, 167, 10.0318, 10.0318,1, 1
58, 27, 24, 134, 139, 0, 0,0, 0
58, 27, 25, 134, 173, 18.5728, 18.5728,2, 2
58, 27, 26, 134, 194, 7.23522, 7.23522,1, 1
58, 27, 28, 134, 169, 414.655, 441.728,41, 38
58, 27, 29, 134, 193, 0, 0,0, 0
58, 27, 30, 134, 175, 100.703, 112.287,11, 10
58, 27, 31, 134, 151, 364.008, 410.582,40, 35
58, 27, 32, 134, 181, 30.9202, 30.9202,3, 3
58, 27, 33, 134, 175, 15.7234, 15.7234,2, 2
58, 27, 34, 134, 138, 26.7817, 26.7817,3, 3
58, 27, 35, 134, 147, 10.5086, 10.5086,1, 1
58, 27, 36, 134, 170, 27.9801, 27.9801,2, 2
58, 27, 37, 134, 176, 22.5863, 22.5863,2, 2
58, 27, 38, 134, 194, 43.5612, 43.5612,3, 3
58, 27, 39, 134, 177, 21.3586, 28.4326,3, 2
58, 27, 40, 134, 161, 7.6038, 7.6038,1, 1
58, 27, 41, 134, 146, 15.3406, 15.3406,2, 2
58, 27, 42, 134, 142, 7.11166, 7.11166,1, 1
58, 27, 43, 134, 163, 44.2072, 44.2072,5, 5
58, 27, 44, 134, 140, 11.501, 11.501,1, 1
58, 27, 45, 134, 180, 0, 0,0, 0
58, 27, 46, 134, 162, 27.2026, 27.2026,3, 3
58, 27, 47, 134, 167, 22.0676, 22.0676,2, 2
58, 28, 1, 169, 109, 33.1359, 33.1359,4, 4
58, 28, 2, 169, 143, 140.123, 180.341,16, 13
58, 28, 3, 169, 105, 67.9047, 94.8467,11, 8
58, 28, 4, 169, 220, 25.8331, 42.7091,5, 3
58, 28, 5, 169, 190, 14.1896, 14.1896,2, 2
58, 28, 6, 169, 182, 35.8106, 45.4762,5, 4
58, 28, 7, 169, 149, 54.939, 62.7202,7, 6
58, 28, 8, 169, 140, 52.9182, 52.9182,5, 5
58, 28, 9, 169, 188, 0, 0,0, 0
58, 28, 10, 169, 186, 42.2467, 70.7193,5, 3
58, 28, 11, 169, 183, 61.2752, 61.2752,7, 7
58, 28, 12, 169, 187, 49.4786, 67.3208,7, 5
58, 28, 13, 169, 186, 20.9855, 20.9855,2, 2
58, 28, 14, 169, 157, 34.6566, 45.8283,4, 3
58, 28, 15, 169, 130, 42.967, 58.0604,5, 4
58, 28, 16, 169, 122, 27.7109, 52.8678,4, 2
58, 28, 17, 169, 130, 68.2384, 99.8247,5, 4
58, 28, 18, 169, 137, 94.3226, 102.616,12, 11
58, 28, 19, 169, 153, 46.6423, 46.6423,5, 5
58, 28, 20, 169, 171, 36.0757, 50.1043,4, 3
58, 28, 21, 169, 110, 20.6008, 20.6008,2, 2
58, 28, 22, 169, 142, 52.7802, 79.2934,5, 4
58, 28, 23, 169, 167, 26.5802, 41.2124,3, 2
58, 28, 24, 169, 139, 13.7558, 13.7558,2, 2
58, 28, 25, 169, 173, 75.9488, 90.9125,8, 7
58, 28, 26, 169, 194, 14.1771, 14.1771,2, 2
58, 28, 27, 169, 134, 394.614, 441.729,41, 36
58, 28, 29, 169, 193, 21.699, 21.699,3, 3
58, 28, 30, 169, 175, 190.393, 197.866,21, 20
58, 28, 31, 169, 151, 526.363, 588.065,55, 47
58, 28, 32, 169, 181, 37.4258, 67.875,6, 3
58, 28, 33, 169, 175, 28.7843, 28.7843,3, 3
58, 28, 34, 169, 138, 39.9522, 58.0843,6, 4
58, 28, 35, 169, 147, 23.9655, 41.2298,2, 1
58, 28, 36, 169, 170, 71.7969, 83.1198,8, 7
58, 28, 37, 169, 176, 25.0829, 45.6879,4, 2
58, 28, 38, 169, 194, 43.224, 72.0516,5, 3
58, 28, 39, 169, 177, 23.6424, 45.9444,2, 1
58, 28, 40, 169, 161, 7.58108, 7.58108,1, 1
58, 28, 41, 169, 146, 19.3407, 19.3407,2, 2
58, 28, 42, 169, 142, 39.3848, 39.3848,5, 5
58, 28, 43, 169, 163, 60.5441, 60.5441,8, 8
58, 28, 44, 169, 140, 28.1274, 36.3206,4, 3
58, 28, 45, 169, 180, 0, 0,0, 0
58, 28, 46, 169, 162, 31.6943, 43.1686,4, 3
58, 28, 47, 169, 167, 45.6924, 69.9199,6, 4
58, 29, 1, 193, 109, 0, 0,0, 0
58, 29, 2, 193, 143, 21.9456, 21.9456,3, 3
58, 29, 3, 193, 105, 0, 0,0, 0
58, 29, 4, 193, 220, 6.95603, 6.95603,1, 1
58, 29, 5, 193, 190, 15.4977, 15.4977,1, 1
58, 29, 6, 193, 182, 21.4549, 21.4549,3, 3
58, 29, 7, 193, 149, 7.09518, 7.09518,1, 1
58, 29, 8, 193, 140, 26.2548, 26.2548,3, 3
58, 29, 9, 193, 188, 14.9257, 14.9257,2, 2
58, 29, 10, 193, 186, 0, 0,0, 0
58, 29, 11, 193, 183, 45.0909, 45.0909,5, 5
58, 29, 12, 193, 187, 38.1026, 45.3104,6, 5
58, 29, 13, 193, 186, 56.1412, 56.1412,6, 6
58, 29, 14, 193, 157, 15.8258, 15.8258,2, 2
58, 29, 15, 193, 130, 6.81468, 6.81468,1, 1
58, 29, 16, 193, 122, 0, 0,0, 0
58, 29, 17, 193, 130, 8.14551, 8.14551,1, 1
58, 29, 18, 193, 137, 26.136, 26.136,3, 3
58, 29, 19, 193, 153, 15.7015, 15.7015,2, 2
58, 29, 20, 193, 171, 15.2968, 21.9984,3, 2
58, 29, 21, 193, 110, 22.332, 22.332,3, 3
58, 29, 22, 193, 142, 7.92434, 7.92434,1, 1
58, 29, 23, 193, 167, 7.52804, 7.52804,1, 1
58, 29, 24, 193, 139, 0, 0,0, 0
58, 29, 25, 193, 173, 18.0798, 18.0798,2, 2
58, 29, 26, 193, 194, 0, 0,0, 0
58, 29, 27, 193, 134, 0, 0,0, 0
58, 29, 28, 193, 169, 21.699, 21.699,3, 3
58, 29, 30, 193, 175, 64.6696, 64.6696,8, 8
58, 29, 31, 193, 151, 7.50777, 7.50777,1, 1
58, 29, 32, 193, 181, 0, 0,0, 0
58, 29, 33, 193, 175, 331.684, 344.523,33, 32
58, 29, 34, 193, 138, 29.2963, 29.2963,4, 4
58, 29, 35, 193, 147, 0, 0,0, 0
58, 29, 36, 193, 170, 32.9564, 32.9564,4, 4
58, 29, 37, 193, 176, 0, 0,0, 0
58, 29, 38, 193, 194, 64.5846, 64.5846,8, 8
58, 29, 39, 193, 177, 7.28355, 7.28355,1, 1
58, 29, 40, 193, 161, 79.1998, 85.9875,10, 9
58, 29, 41, 193, 146, 118.084, 128.379,14, 13
58, 29, 42, 193, 142, 112.47, 130.497,14, 12
58, 29, 43, 193, 163, 63.9412, 63.9412,8, 8
58, 29, 44, 193, 140, 23.9198, 23.9198,3, 3
58, 29, 45, 193, 180, 13.8184, 13.8184,2, 2
58, 29, 46, 193, 162, 7.01367, 7.01367,1, 1
58, 29, 47, 193, 167, 0, 0,0, 0
58, 30, 1, 175, 109, 0, 0,0, 0
58, 30, 2, 175, 143, 87.772, 96.9058,11, 10
58, 30, 3, 175, 105, 22.9748, 22.9748,3, 3
58, 30, 4, 175, 220, 21.5746, 21.5746,3, 3
58, 30, 5, 175, 190, 35.6419, 35.6419,4, 4
58, 30, 6, 175, 182, 8.8496, 8.8496,1, 1
58, 30, 7, 175, 149, 27.769, 27.769,2, 2
58, 30, 8, 175, 140, 35.1735, 46.1147,5, 4
58, 30, 9, 175, 188, 0, 0,0, 0
58, 30, 10, 175, 186, 13.843, 13.843,2, 2
58, 30, 11, 175, 183, 11.3444, 11.3444,1, 1
58, 30, 12, 175, 187, 38.8862, 38.8862,4, 4
58, 30, 13, 175, 186, 35.9066, 44.686,5, 4
58, 30, 14, 175, 157, 17.6483, 24.6318,3, 2
58, 30, 15, 175, 130, 19.8066, 19.8066,1, 1
58, 30, 16, 175, 122, 6.716, 6.716,1, 1
58, 30, 17, 175, 130, 26.5013, 34.7206,4, 3
58, 30, 18, 175, 137, 29.3398, 29.3398,4, 4
58, 30, 19, 175, 153, 59.9614, 59.9614,7, 7
58, 30, 20, 175, 171, 49.8221, 49.8221,6, 6
58, 30, 21, 175, 110, 48.4418, 57.6889,6, 5
58, 30, 22, 175, 142, 55.567, 66.3492,7, 6
58, 30, 23, 175, 167, 0, 0,0, 0
58, 30, 24, 175, 139, 0, 0,0, 0
58, 30, 25, 175, 173, 32.9092, 40.2216,5, 4
58, 30, 26, 175, 194, 23.8146, 23.8146,3, 3
58, 30, 27, 175, 134, 98.8186, 112.285,11, 9
58, 30, 28, 175, 169, 169.23, 197.867,21, 18
58, 30, 29, 175, 193, 64.6697, 64.6697,8, 8
58, 30, 31, 175, 151, 223.016, 238.542,25, 23
58, 30, 32, 175, 181, 9.42793, 9.42793,1, 1
58, 30, 33, 175, 175, 24.9565, 24.9565,3, 3
58, 30, 34, 175, 138, 28.7549, 36.7932,5, 4
58, 30, 35, 175, 147, 0, 0,0, 0
58, 30, 36, 175, 170, 39.3473, 47.0939,6, 5
58, 30, 37, 175, 176, 9.71009, 9.71009,1, 1
58, 30, 38, 175, 194, 16.8058, 16.8058,2, 2
58, 30, 39, 175, 177, 7.02174, 7.02174,1, 1
58, 30, 40, 175, 161, 61.425, 69.5982,8, 7
58, 30, 41, 175, 146, 43.9789, 51.8452,6, 5
58, 30, 42, 175, 142, 42.4881, 42.4881,6, 6
58, 30, 43, 175, 163, 31.6278, 31.6278,4, 4
58, 30, 44, 175, 140, 38.387, 47.3936,5, 4
58, 30, 45, 175, 180, 0, 0,0, 0
58, 30, 46, 175, 162, 30.6281, 37.3331,5, 4
58, 30, 47, 175, 167, 23.1795, 23.1795,3, 3
58, 31, 1, 151, 109, 21.0954, 21.0954,3, 3
58, 31, 2, 151, 143, 107.829, 122.657,14, 12
58, 31, 3, 151, 105, 37.297, 44.1177,6, 5
58, 31, 4, 151, 220, 8.71272, 8.71272,1, 1
58, 31, 5, 151, 190, 7.83832, 7.83832,1, 1
58, 31, 6, 151, 182, 9.72666, 9.72666,1, 1
58, 31, 7, 151, 149, 43.1272, 43.1272,5, 5
58, 31, 8, 151, 140, 35.8206, 35.8206,3, 3
58, 31, 9, 151, 188, 7.11212, 7.11212,1, 1
58, 31, 10, 151, 186, 0, 0,0, 0
58, 31, 11, 151, 183, 38.6144, 38.6144,4, 4
58, 31, 12, 151, 187, 16.7915, 16.7915,2, 2
58, 31, 13, 151, 186, 31.2887, 31.2887,3, 3
58, 31, 14, 151, 157, 18.6519, 18.6519,2, 2
58, 31, 15, 151, 130, 22.8792, 22.8792,3, 3
58, 31, 16, 151, 122, 16.278, 16.278,2, 2
58, 31, 17, 151, 130, 38.7343, 38.7343,4, 4
58, 31, 18, 151, 137, 45.2292, 45.2292,4, 4
58, 31, 19, 151, 153, 30.8876, 30.8876,3, 3
58, 31, 20, 151, 171, 20.1388, 20.1388,2, 2
58, 31, 21, 151, 110, 15.2202, 15.2202,2, 2
58, 31, 22, 151, 142, 32.6353, 32.6353,4, 4
58, 31, 23, 151, 167, 0, 0,0, 0
58, 31, 24, 151, 139, 0, 0,0, 0
58, 31, 25, 151, 173, 67.8453, 67.8453,7, 7
58, 31, 26, 151, 194, 7.38362, 7.38362,1, 1
58, 31, 27, 151, 134, 376.386, 410.583,40, 36
58, 31, 28, 151, 169, 533.365, 588.066,55, 49
58, 31, 29, 151, 193, 7.50777, 7.50777,1, 1
58, 31, 30, 151, 175, 219.868, 238.542,25, 23
58, 31, 32, 151, 181, 0, 0,0, 0
58, 31, 33, 151, 175, 50.0516, 50.0516,6, 6
58, 31, 34, 151, 138, 39.202, 39.202,5, 5
58, 31, 35, 151, 147, 0, 0,0, 0
58, 31, 36, 151, 170, 46.2967, 46.2967,5, 5
58, 31, 37, 151, 176, 6.74338, 6.74338,1, 1
58, 31, 38, 151, 194, 6.7668, 6.7668,1, 1
58, 31, 39, 151, 177, 14.134, 14.134,2, 2
58, 31, 40, 151, 161, 21.2594, 21.2594,3, 3
58, 31, 41, 151, 146, 25.6806, 25.6806,3, 3
58, 31, 42, 151, 142, 39.8402, 39.8402,4, 4
58, 31, 43, 151, 163, 47.4886, 47.4886,6, 6
58, 31, 44, 151, 140, 12.4554, 12.4554,1, 1
58, 31, 45, 151, 180, 0, 0,0, 0
58, 31, 46, 151, 162, 14.9639, 14.9639,2, 2
58, 31, 47, 151, 167, 14.4478, 14.4478,2, 2
58, 32, 1, 181, 109, 24.66, 39.8745,5, 3
58, 32, 2, 181, 143, 29.118, 68.8761,6, 2
58, 32, 3, 181, 105, 47.6606, 93.3711,8, 3
58, 32, 4, 181, 220, 23.2266, 49.5137,5, 2
58, 32, 5, 181, 190, 7.28393, 7.28393,1, 1
58, 32, 6, 181, 182, 50.8573, 100.657,13, 6
58, 32, 7, 181, 149, 210.199, 253.202,29, 24
58, 32, 8, 181, 140, 37.5038, 37.5038,5, 5
58, 32, 9, 181, 188, 8.72337, 17.2981,2, 1
58, 32, 10, 181, 186, 34.3121, 67.4738,5, 2
58, 32, 11, 181, 183, 0, 0,0, 0
58, 32, 12, 181, 187, 21.3492, 21.3492,2, 2
58, 32, 13, 181, 186, 0, 0,0, 0
58, 32, 14, 181, 157, 489.546, 657.1,59, 42
58, 32, 15, 181, 130, 206.012, 252.146,27, 22
58, 32, 16, 181, 122, 117.068, 160.447,16, 11
58, 32, 17, 181, 130, 61.3879, 81.3001,9, 7
58, 32, 18, 181, 137, 28.4347, 38.2093,4, 3
58, 32, 19, 181, 153, 7.42253, 7.42253,1, 1
58, 32, 20, 181, 171, 219.805, 270.589,30, 24
58, 32, 21, 181, 110, 16.5149, 16.5149,2, 2
58, 32, 22, 181, 142, 34.5079, 55.0076,5, 3
58, 32, 23, 181, 167, 86.2827, 193.532,22, 9
58, 32, 24, 181, 139, 85.9275, 175.119,19, 8
58, 32, 25, 181, 173, 261.693, 311.756,30, 25
58, 32, 26, 181, 194, 9.08028, 9.08028,1, 1
58, 32, 27, 181, 134, 14.3654, 30.9197,3, 1
58, 32, 28, 181, 169, 29.1914, 67.8755,6, 2
58, 32, 29, 181, 193, 0, 0,0, 0
58, 32, 30, 181, 175, 9.42801, 9.42801,1, 1
58, 32, 31, 181, 151, 0, 0,0, 0
58, 32, 33, 181, 175, 0, 0,0, 0
58, 32, 34, 181, 138, 49.4014, 71.4896,7, 5
58, 32, 35, 181, 147, 73.6167, 94.1956,10, 8
58, 32, 36, 181, 170, 19.3049, 26.9602,3, 2
58, 32, 37, 181, 176, 4623.89, 4939.16,150, 121
58, 32, 38, 181, 194, 24.6289, 61.4009,6, 2
58, 32, 39, 181, 177, 20.5639, 37.8506,4, 2
58, 32, 40, 181, 161, 0, 0,0, 0
58, 32, 41, 181, 146, 0, 0,0, 0
58, 32, 42, 181, 142, 6.97886, 6.97886,1, 1
58, 32, 43, 181, 163, 12.2985, 12.2985,1, 1
58, 32, 44, 181, 140, 10.9654, 10.9654,1, 1
58, 32, 45, 181, 180, 49.1577, 79.3412,10, 6
58, 32, 46, 181, 162, 45.7756, 60.468,8, 6
58, 32, 47, 181, 167, 59.4788, 107.403,13, 7
58, 33, 1, 175, 109, 0, 0,0, 0
58, 33, 2, 175, 143, 17.1172, 17.1172,2, 2
58, 33, 3, 175, 105, 0, 0,0, 0
58, 33, 4, 175, 220, 0, 0,0, 0
58, 33, 5, 175, 190, 15.7553, 15.7553,2, 2
58, 33, 6, 175, 182, 104.087, 150.356,19, 13
58, 33, 7, 175, 149, 13.9081, 13.9081,2, 2
58, 33, 8, 175, 140, 24.4579, 24.4579,3, 3
58, 33, 9, 175, 188, 191.412, 423.478,47, 19
58, 33, 10, 175, 186, 164.975, 302.478,37, 19
58, 33, 11, 175, 183, 143.413, 262.009,31, 16
58, 33, 12, 175, 187, 64.138, 71.8056,7, 6
58, 33, 13, 175, 186, 35.2528, 35.2528,4, 4
58, 33, 14, 175, 157, 0, 0,0, 0
58, 33, 15, 175, 130, 39.2316, 46.3185,5, 4
58, 33, 16, 175, 122, 0, 0,0, 0
58, 33, 17, 175, 130, 7.67182, 7.67182,1, 1
58, 33, 18, 175, 137, 20.2376, 20.2376,2, 2
58, 33, 19, 175, 153, 21.5567, 21.5567,2, 2
58, 33, 20, 175, 171, 47.7347, 47.7347,5, 5
58, 33, 21, 175, 110, 0, 0,0, 0
58, 33, 22, 175, 142, 9.31653, 9.31653,1, 1
58, 33, 23, 175, 167, 0, 0,0, 0
58, 33, 24, 175, 139, 23.1153, 37.8735,5, 3
58, 33, 25, 175, 173, 7.30537, 7.30537,1, 1
58, 33, 26, 175, 194, 13.5146, 13.5146,2, 2
58, 33, 27, 175, 134, 15.7234, 15.7234,2, 2
58, 33, 28, 175, 169, 28.7844, 28.7844,3, 3
58, 33, 29, 175, 193, 318.097, 344.523,33, 30
58, 33, 30, 175, 175, 24.9565, 24.9565,3, 3
58, 33, 31, 175, 151, 50.0515, 50.0515,6, 6
58, 33, 32, 175, 181, 0, 0,0, 0
58, 33, 34, 175, 138, 43.7815, 43.7815,5, 5
58, 33, 35, 175, 147, 43.5974, 43.5974,6, 6
58, 33, 36, 175, 170, 55.3774, 62.2832,7, 6
58, 33, 37, 175, 176, 0, 0,0, 0
58, 33, 38, 175, 194, 413.223, 714.749,82, 43
58, 33, 39, 175, 177, 182.852, 285.911,32, 19
58, 33, 40, 175, 161, 44.6237, 44.6237,5, 5
58, 33, 41, 175, 146, 57.2947, 57.2947,6, 6
58, 33, 42, 175, 142, 120.553, 120.553,13, 13
58, 33, 43, 175, 163, 344.472, 629.867,70, 34
58, 33, 44, 175, 140, 0, 0,0, 0
58, 33, 45, 175, 180, 177.818, 307.692,37, 20
58, 33, 46, 175, 162, 18.126, 18.126,2, 2
58, 33, 47, 175, 167, 56.034, 85.082,11, 7
58, 34, 1, 138, 109, 15.3129, 22.1366,3, 2
58, 34, 2, 138, 143, 60.5614, 60.5614,6, 6
58, 34, 3, 138, 105, 77.1388, 93.9309,9, 7
58, 34, 4, 138, 220, 15.8864, 15.8864,2, 2
58, 34, 5, 138, 190, 16.4732, 16.4732,2, 2
58, 34, 6, 138, 182, 17.0026, 17.0026,2, 2
58, 34, 7, 138, 149, 91.0212, 91.0212,10, 10
58, 34, 8, 138, 140, 78.6921, 78.6921,8, 8
58, 34, 9, 138, 188, 0, 0,0, 0
58, 34, 10, 138, 186, 34.072, 51.1212,5, 3
58, 34, 11, 138, 183, 146.548, 146.548,16, 16
58, 34, 12, 138, 187, 162.076, 176.283,22, 20
58, 34, 13, 138, 186, 60.3445, 60.3445,7, 7
58, 34, 14, 138, 157, 29.4703, 29.4703,4, 4
58, 34, 15, 138, 130, 136.362, 170.304,17, 13
58, 34, 16, 138, 122, 27.7641, 34.6925,4, 3
58, 34, 17, 138, 130, 63.8471, 88.2475,10, 7
58, 34, 18, 138, 137, 77.56, 88.0605,9, 8
58, 34, 19, 138, 153, 32.329, 40.8114,5, 4
58, 34, 20, 138, 171, 145.422, 145.422,16, 16
58, 34, 21, 138, 110, 102.173, 102.173,11, 11
58, 34, 22, 138, 142, 94.357, 101.241,12, 11
58, 34, 23, 138, 167, 20.1231, 28.7823,3, 2
58, 34, 24, 138, 139, 25.8921, 41.0058,4, 2
58, 34, 25, 138, 173, 75.5366, 83.8679,9, 8
58, 34, 26, 138, 194, 35.4727, 35.4727,5, 5
58, 34, 27, 138, 134, 26.7816, 26.7816,3, 3
58, 34, 28, 138, 169, 43.6198, 58.0842,6, 4
58, 34, 29, 138, 193, 29.2963, 29.2963,4, 4
58, 34, 30, 138, 175, 36.7932, 36.7932,5, 5
58, 34, 31, 138, 151, 39.202, 39.202,5, 5
58, 34, 32, 138, 181, 52.5042, 71.4884,7, 5
58, 34, 33, 138, 175, 43.7813, 43.7813,5, 5
58, 34, 35, 138, 147, 91.8918, 108.198,13, 11
58, 34, 36, 138, 170, 285.757, 316.096,37, 33
58, 34, 37, 138, 176, 42.6859, 50.3533,6, 5
58, 34, 38, 138, 194, 37.4118, 45.6106,4, 3
58, 34, 39, 138, 177, 78.2408, 78.2408,9, 9
58, 34, 40, 138, 161, 40.1799, 40.1799,4, 4
58, 34, 41, 138, 146, 66.6648, 66.6648,8, 8
58, 34, 42, 138, 142, 62.3972, 62.3972,7, 7
58, 34, 43, 138, 163, 23.6112, 23.6112,3, 3
58, 34, 44, 138, 140, 64.3273, 64.3273,8, 8
58, 34, 45, 138, 180, 23.3602, 23.3602,3, 3
58, 34, 46, 138, 162, 61.2159, 61.2159,8, 8
58, 34, 47, 138, 167, 23.9839, 23.9839,3, 3
58, 35, 1, 147, 109, 6.80164, 6.80164,1, 1
58, 35, 2, 147, 143, 25.3616, 25.3616,2, 2
58, 35, 3, 147, 105, 28.2623, 28.2623,3, 3
58, 35, 4, 147, 220, 15.8409, 15.8409,2, 2
58, 35, 5, 147, 190, 0, 0,0, 0
58, 35, 6, 147, 182, 106.558, 138.492,14, 10
58, 35, 7, 147, 149, 51.8974, 51.8974,6, 6
58, 35, 8, 147, 140, 18.2394, 18.2394,2, 2
58, 35, 9, 147, 188, 149.115, 156.302,20, 19
58, 35, 10, 147, 186, 147.433, 154.245,16, 15
58, 35, 11, 147, 183, 78.7444, 94.726,10, 8
58, 35, 12, 147, 187, 23.1714, 23.1714,3, 3
58, 35, 13, 147, 186, 0, 0,0, 0
58, 35, 14, 147, 157, 50.9748, 50.9748,5, 5
58, 35, 15, 147, 130, 35.3726, 35.3726,3, 3
58, 35, 16, 147, 122, 61.2922, 61.2922,5, 5
58, 35, 17, 147, 130, 53.3591, 62.7963,5, 4
58, 35, 18, 147, 137, 36.1196, 36.1196,4, 4
58, 35, 19, 147, 153, 0, 0,0, 0
58, 35, 20, 147, 171, 33.5789, 33.5789,4, 4
58, 35, 21, 147, 110, 0, 0,0, 0
58, 35, 22, 147, 142, 35.8632, 35.8632,3, 3
58, 35, 23, 147, 167, 89.1876, 95.9138,8, 7
58, 35, 24, 147, 139, 72.6078, 88.4872,10, 8
58, 35, 25, 147, 173, 73.546, 73.546,7, 7
58, 35, 26, 147, 194, 0, 0,0, 0
58, 35, 27, 147, 134, 10.5085, 10.5085,1, 1
58, 35, 28, 147, 169, 41.2291, 41.2291,2, 2
58, 35, 29, 147, 193, 0, 0,0, 0
58, 35, 30, 147, 175, 0, 0,0, 0
58, 35, 31, 147, 151, 0, 0,0, 0
58, 35, 32, 147, 181, 94.1947, 94.1947,10, 10
58, 35, 33, 147, 175, 29.5013, 43.5973,6, 4
58, 35, 34, 147, 138, 100.934, 108.198,13, 12
58, 35, 36, 147, 170, 60.4795, 90.1512,11, 7
58, 35, 37, 147, 176, 32.8274, 32.8274,3, 3
58, 35, 38, 147, 194, 161.833, 192.787,21, 17
58, 35, 39, 147, 177, 310.954, 359.574,38, 32
58, 35, 40, 147, 161, 0, 0,0, 0
58, 35, 41, 147, 146, 0, 0,0, 0
58, 35, 42, 147, 142, 8.27358, 8.27358,1, 1
58, 35, 43, 147, 163, 135.982, 157.826,18, 15
58, 35, 44, 147, 140, 14.1084, 14.1084,2, 2
58, 35, 45, 147, 180, 143.894, 167.369,18, 15
58, 35, 46, 147, 162, 24.813, 24.813,3, 3
58, 35, 47, 147, 167, 86.9449, 104.117,11, 9
58, 36, 1, 170, 109, 6.74689, 6.74689,1, 1
58, 36, 2, 170, 143, 54.4075, 54.4075,6, 6
58, 36, 3, 170, 105, 24.1391, 24.1391,3, 3
58, 36, 4, 170, 220, 15.8445, 15.8445,2, 2
58, 36, 5, 170, 190, 57.0181, 66.0301,7, 6
58, 36, 6, 170, 182, 46.8861, 46.8861,4, 4
58, 36, 7, 170, 149, 57.5666, 57.5666,6, 6
58, 36, 8, 170, 140, 50.0159, 58.2106,6, 5
58, 36, 9, 170, 188, 7.11308, 7.11308,1, 1
58, 36, 10, 170, 186, 81.8929, 81.8929,8, 8
58, 36, 11, 170, 183, 171.409, 171.409,19, 19
58, 36, 12, 170, 187, 246.177, 284.178,26, 21
58, 36, 13, 170, 186, 107.854, 107.854,10, 10
58, 36, 14, 170, 157, 31.1593, 31.1593,3, 3
58, 36, 15, 170, 130, 63.7364, 70.4063,8, 7
58, 36, 16, 170, 122, 48.1463, 48.1463,5, 5
58, 36, 17, 170, 130, 52.3653, 52.3653,6, 6
58, 36, 18, 170, 137, 60.179, 60.179,6, 6
58, 36, 19, 170, 153, 30.7124, 30.7124,4, 4
58, 36, 20, 170, 171, 120.736, 127.518,13, 12
58, 36, 21, 170, 110, 57.6728, 68.1377,8, 7
58, 36, 22, 170, 142, 29.4135, 29.4135,3, 3
58, 36, 23, 170, 167, 15.6259, 15.6259,2, 2
58, 36, 24, 170, 139, 0, 0,0, 0
58, 36, 25, 170, 173, 67.0726, 67.0726,8, 8
58, 36, 26, 170, 194, 15.2946, 15.2946,2, 2
58, 36, 27, 170, 134, 27.9801, 27.9801,2, 2
58, 36, 28, 170, 169, 83.1202, 83.1202,8, 8
58, 36, 29, 170, 193, 32.9566, 32.9566,4, 4
58, 36, 30, 170, 175, 39.4968, 47.0942,6, 5
58, 36, 31, 170, 151, 46.2967, 46.2967,5, 5
58, 36, 32, 170, 181, 26.9595, 26.9595,3, 3
58, 36, 33, 170, 175, 62.2833, 62.2833,7, 7
58, 36, 34, 170, 138, 306.88, 316.096,37, 36
58, 36, 35, 170, 147, 76.4474, 90.1512,11, 9
58, 36, 37, 170, 176, 19.3773, 19.3773,2, 2
58, 36, 38, 170, 194, 29.2893, 29.2893,2, 2
58, 36, 39, 170, 177, 147.1, 162.791,17, 15
58, 36, 40, 170, 161, 36.1483, 43.6286,5, 4
58, 36, 41, 170, 146, 97.7926, 106.62,11, 10
58, 36, 42, 170, 142, 100.079, 114.968,14, 12
58, 36, 43, 170, 163, 51.0387, 51.0387,6, 6
58, 36, 44, 170, 140, 71.0567, 71.0567,7, 7
58, 36, 45, 170, 180, 15.3737, 15.3737,2, 2
58, 36, 46, 170, 162, 55.6074, 62.2836,7, 6
58, 36, 47, 170, 167, 45.4958, 45.4958,4, 4
58, 37, 1, 176, 109, 15.7505, 15.7505,2, 2
58, 37, 2, 176, 143, 31.2419, 47.773,4, 2
58, 37, 3, 176, 105, 42.4214, 51.026,4, 3
58, 37, 4, 176, 220, 21.1767, 38.0755,4, 2
58, 37, 5, 176, 190, 7.57894, 7.57894,1, 1
58, 37, 6, 176, 182, 55.8235, 78.9792,10, 7
58, 37, 7, 176, 149, 257.294, 275.618,29, 27
58, 37, 8, 176, 140, 26.2297, 34.1283,4, 3
58, 37, 9, 176, 188, 10.2886, 19.0565,2, 1
58, 37, 10, 176, 186, 58.1406, 65.3207,6, 5
58, 37, 11, 176, 183, 0, 0,0, 0
58, 37, 12, 176, 187, 29.1407, 35.8562,4, 3
58, 37, 13, 176, 186, 0, 0,0, 0
58, 37, 14, 176, 157, 410.208, 482.066,50, 42
58, 37, 15, 176, 130, 120.595, 120.595,12, 12
58, 37, 16, 176, 122, 98.3678, 119.249,13, 10
58, 37, 17, 176, 130, 60.9968, 77.4702,8, 6
58, 37, 18, 176, 137, 24.4443, 24.4443,3, 3
58, 37, 19, 176, 153, 7.75507, 7.75507,1, 1
58, 37, 20, 176, 171, 182.972, 209.205,22, 19
58, 37, 21, 176, 110, 7.40487, 7.40487,1, 1
58, 37, 22, 176, 142, 39.1454, 47.5463,5, 4
58, 37, 23, 176, 167, 103.276, 125.98,15, 12
58, 37, 24, 176, 139, 67.3762, 91.8663,11, 8
58, 37, 25, 176, 173, 256.946, 256.946,25, 25
58, 37, 26, 176, 194, 10.0225, 10.0225,1, 1
58, 37, 27, 176, 134, 13.0403, 22.5862,2, 1
58, 37, 28, 176, 169, 29.8703, 45.6892,4, 2
58, 37, 29, 176, 193, 0, 0,0, 0
58, 37, 30, 176, 175, 9.71033, 9.71033,1, 1
58, 37, 31, 176, 151, 6.74341, 6.74341,1, 1
58, 37, 32, 176, 181, 4717.98, 4939.67,150, 127
58, 37, 33, 176, 175, 0, 0,0, 0
58, 37, 34, 176, 138, 50.3533, 50.3533,6, 6
58, 37, 35, 176, 147, 32.8269, 32.8269,3, 3
58, 37, 36, 176, 170, 11.5043, 19.3772,2, 1
58, 37, 38, 176, 194, 23.5165, 40.5876,4, 2
58, 37, 39, 176, 177, 18.4882, 26.1918,3, 2
58, 37, 40, 176, 161, 0, 0,0, 0
58, 37, 41, 176, 146, 0, 0,0, 0
58, 37, 42, 176, 142, 0, 0,0, 0
58, 37, 43, 176, 163, 14.048, 14.048,1, 1
58, 37, 44, 176, 140, 10.9371, 10.9371,1, 1
58, 37, 45, 176, 180, 24.285, 31.6937,4, 3
58, 37, 46, 176, 162, 31.1713, 45.988,6, 4
58, 37, 47, 176, 167, 43.9659, 59.3826,7, 5
58, 38, 1, 194, 109, 6.7112, 6.7112,1, 1
58, 38, 2, 194, 143, 40.1265, 63.9075,5, 3
58, 38, 3, 194, 105, 37.8708, 56.4949,6, 4
58, 38, 4, 194, 220, 17.1115, 32.88,4, 2
58, 38, 5, 194, 190, 7.42281, 7.42281,1, 1
58, 38, 6, 194, 182, 118.837, 236.754,27, 12
58, 38, 7, 194, 149, 12.3092, 20.3533,2, 1
58, 38, 8, 194, 140, 0, 0,0, 0
58, 38, 9, 194, 188, 278.118, 638.21,78, 32
58, 38, 10, 194, 186, 264.604, 584.21,64, 26
58, 38, 11, 194, 183, 128.192, 270.357,31, 14
58, 38, 12, 194, 187, 29.2581, 46.5093,4, 2
58, 38, 13, 194, 186, 10.5884, 10.5884,1, 1
58, 38, 14, 194, 157, 11.5357, 20.374,2, 1
58, 38, 15, 194, 130, 18.6251, 30.2411,2, 1
58, 38, 16, 194, 122, 24.059, 44.197,4, 2
58, 38, 17, 194, 130, 15.4808, 29.6253,2, 1
58, 38, 18, 194, 137, 10.3873, 18.2703,2, 1
58, 38, 19, 194, 153, 0, 0,0, 0
58, 38, 20, 194, 171, 13.4896, 25.0574,2, 1
58, 38, 21, 194, 110, 0, 0,0, 0
58, 38, 22, 194, 142, 17.819, 32.1268,2, 1
58, 38, 23, 194, 167, 13.7423, 24.4475,2, 1
58, 38, 24, 194, 139, 25.1841, 25.1841,3, 3
58, 38, 25, 194, 173, 15.0039, 24.5656,2, 1
58, 38, 26, 194, 194, 0, 0,0, 0
58, 38, 27, 194, 134, 31.5094, 43.5608,3, 2
58, 38, 28, 194, 169, 43.2234, 72.0509,5, 3
58, 38, 29, 194, 193, 56.4256, 64.5845,8, 7
58, 38, 30, 194, 175, 9.22039, 16.8058,2, 1
58, 38, 31, 194, 151, 6.76684, 6.76684,1, 1
58, 38, 32, 194, 181, 36.4624, 61.4004,6, 3
58, 38, 33, 194, 175, 349.328, 714.749,82, 36
58, 38, 34, 194, 138, 35.5777, 45.6111,4, 3
58, 38, 35, 194, 147, 124.526, 192.786,21, 13
58, 38, 36, 194, 170, 19.0267, 29.2891,2, 1
58, 38, 37, 194, 176, 23.5165, 40.5877,4, 2
58, 38, 39, 194, 177, 284.154, 491.598,54, 29
58, 38, 40, 194, 161, 0, 0,0, 0
58, 38, 41, 194, 146, 14.6112, 14.6112,2, 2
58, 38, 42, 194, 142, 16.6395, 24.9537,3, 2
58, 38, 43, 194, 163, 260.578, 594.48,67, 27
58, 38, 44, 194, 140, 10.4177, 18.3389,2, 1
58, 38, 45, 194, 180, 193.85, 422.877,51, 22
58, 38, 46, 194, 162, 10.8657, 20.0932,2, 1
58, 38, 47, 194, 167, 65.8104, 119.836,15, 8
58, 39, 1, 177, 109, 24.6689, 24.6689,3, 3
58, 39, 2, 177, 143, 31.3747, 31.3747,3, 3
58, 39, 3, 177, 105, 26.2774, 26.2774,3, 3
58, 39, 4, 177, 220, 16.4186, 16.4186,2, 2
58, 39, 5, 177, 190, 9.98638, 9.98638,1, 1
58, 39, 6, 177, 182, 188.335, 349.802,36, 17
58, 39, 7, 177, 149, 7.97781, 7.97781,1, 1
58, 39, 8, 177, 140, 13.9284, 13.9284,2, 2
58, 39, 9, 177, 188, 366.726, 645.518,71, 37
58, 39, 10, 177, 186, 446.47, 713.6,79, 45
58, 39, 11, 177, 183, 177.863, 251.258,30, 20
58, 39, 12, 177, 187, 42.7609, 42.7609,5, 5
58, 39, 13, 177, 186, 0, 0,0, 0
58, 39, 14, 177, 157, 46.0072, 54.0975,6, 5
58, 39, 15, 177, 130, 12.0109, 12.0109,1, 1
58, 39, 16, 177, 122, 89.8005, 103.318,13, 11
58, 39, 17, 177, 130, 38.6529, 38.6529,3, 3
58, 39, 18, 177, 137, 27.4606, 27.4606,4, 4
58, 39, 19, 177, 153, 6.957, 6.957,1, 1
58, 39, 20, 177, 171, 13.5484, 13.5484,1, 1
58, 39, 21, 177, 110, 0, 0,0, 0
58, 39, 22, 177, 142, 50.0054, 50.0054,4, 4
58, 39, 23, 177, 167, 63.0508, 76.7361,8, 6
58, 39, 24, 177, 139, 66.9549, 74.4807,8, 7
58, 39, 25, 177, 173, 47.0493, 47.0493,5, 5
58, 39, 26, 177, 194, 0, 0,0, 0
58, 39, 27, 177, 134, 28.433, 28.433,3, 3
58, 39, 28, 177, 169, 45.9441, 45.9441,2, 2
58, 39, 29, 177, 193, 7.28358, 7.28358,1, 1
58, 39, 30, 177, 175, 7.02174, 7.02174,1, 1
58, 39, 31, 177, 151, 14.134, 14.134,2, 2
58, 39, 32, 177, 181, 37.8505, 37.8505,4, 4
58, 39, 33, 177, 175, 183.237, 285.911,32, 19
58, 39, 34, 177, 138, 78.2409, 78.2409,9, 9
58, 39, 35, 177, 147, 247.103, 359.574,38, 25
58, 39, 36, 177, 170, 155.025, 162.791,17, 16
58, 39, 37, 177, 176, 26.1917, 26.1917,3, 3
58, 39, 38, 177, 194, 288.616, 491.597,54, 29
58, 39, 40, 177, 161, 0, 0,0, 0
58, 39, 41, 177, 146, 0, 0,0, 0
58, 39, 42, 177, 142, 6.76009, 6.76009,1, 1
58, 39, 43, 177, 163, 222.807, 367.478,42, 23
58, 39, 44, 177, 140, 18.0661, 18.0661,2, 2
58, 39, 45, 177, 180, 269.1, 432.407,50, 29
58, 39, 46, 177, 162, 29.9102, 29.9102,3, 3
58, 39, 47, 177, 167, 113.199, 155.617,18, 12
58, 40, 1, 161, 109, 0, 0,0, 0
58, 40, 2, 161, 143, 7.39692, 14.6002,2, 1
58, 40, 3, 161, 105, 0, 0,0, 0
58, 40, 4, 161, 220, 6.97878, 6.97878,1, 1
58, 40, 5, 161, 190, 23.3086, 23.3086,3, 3
58, 40, 6, 161, 182, 15.2238, 15.2238,2, 2
58, 40, 7, 161, 149, 7.57929, 7.57929,1, 1
58, 40, 8, 161, 140, 33.8948, 33.8948,4, 4
58, 40, 9, 161, 188, 0, 0,0, 0
58, 40, 10, 161, 186, 0, 0,0, 0
58, 40, 11, 161, 183, 14.8118, 14.8118,2, 2
58, 40, 12, 161, 187, 44.0808, 44.0808,5, 5
58, 40, 13, 161, 186, 69.5562, 77.8602,9, 8
58, 40, 14, 161, 157, 0, 0,0, 0
58, 40, 15, 161, 130, 17.6217, 17.6217,2, 2
58, 40, 16, 161, 122, 0, 0,0, 0
58, 40, 17, 161, 130, 8.31112, 15.7469,2, 1
58, 40, 18, 161, 137, 15.0566, 15.0566,2, 2
58, 40, 19, 161, 153, 69.6555, 76.3622,8, 7
58, 40, 20, 161, 171, 14.1369, 14.1369,2, 2
58, 40, 21, 161, 110, 25.5039, 25.5039,2, 2
58, 40, 22, 161, 142, 14.2527, 14.2527,2, 2
58, 40, 23, 161, 167, 0, 0,0, 0
58, 40, 24, 161, 139, 0, 0,0, 0
58, 40, 25, 161, 173, 7.61333, 15.0074,2, 1
58, 40, 26, 161, 194, 22.4164, 22.4164,3, 3
58, 40, 27, 161, 134, 7.60383, 7.60383,1, 1
58, 40, 28, 161, 169, 7.58109, 7.58109,1, 1
58, 40, 29, 161, 193, 85.9876, 85.9876,10, 10
58, 40, 30, 161, 175, 61.4953, 69.5981,8, 7
58, 40, 31, 161, 151, 14.2357, 21.2594,3, 2
58, 40, 32, 161, 181, 0, 0,0, 0
58, 40, 33, 161, 175, 44.6239, 44.6239,5, 5
58, 40, 34, 161, 138, 28.08, 40.1799,4, 3
58, 40, 35, 161, 147, 0, 0,0, 0
58, 40, 36, 161, 170, 34.9757, 43.6285,5, 4
58, 40, 37, 161, 176, 0, 0,0, 0
58, 40, 38, 161, 194, 0, 0,0, 0
58, 40, 39, 161, 177, 0, 0,0, 0
58, 40, 41, 161, 146, 401.172, 435.704,43, 39
58, 40, 42, 161, 142, 299.419, 316.923,33, 31
58, 40, 43, 161, 163, 88.5486, 88.5486,11, 11
58, 40, 44, 161, 140, 25.7251, 25.7251,3, 3
58, 40, 45, 161, 180, 0, 0,0, 0
58, 40, 46, 161, 162, 11.1858, 11.1858,1, 1
58, 40, 47, 161, 167, 11.7974, 11.7974,1, 1
58, 41, 1, 146, 109, 0, 0,0, 0
58, 41, 2, 146, 143, 42.514, 42.514,5, 5
58, 41, 3, 146, 105, 0, 0,0, 0
58, 41, 4, 146, 220, 6.68091, 6.68091,1, 1
58, 41, 5, 146, 190, 41.6122, 41.6122,5, 5
58, 41, 6, 146, 182, 36.5645, 36.5645,5, 5
58, 41, 7, 146, 149, 16.1697, 16.1697,2, 2
58, 41, 8, 146, 140, 42.2826, 42.2826,4, 4
58, 41, 9, 146, 188, 0, 0,0, 0
58, 41, 10, 146, 186, 0, 0,0, 0
58, 41, 11, 146, 183, 50.7018, 50.7018,6, 6
58, 41, 12, 146, 187, 78.1008, 78.1008,8, 8
58, 41, 13, 146, 186, 46.1967, 46.1967,4, 4
58, 41, 14, 146, 157, 17.8181, 17.8181,2, 2
58, 41, 15, 146, 130, 35.3824, 35.3824,4, 4
58, 41, 16, 146, 122, 0, 0,0, 0
58, 41, 17, 146, 130, 20.5835, 20.5835,2, 2
58, 41, 18, 146, 137, 50.662, 50.662,6, 6
58, 41, 19, 146, 153, 48.7752, 48.7752,5, 5
58, 41, 20, 146, 171, 61.9936, 61.9936,7, 7
58, 41, 21, 146, 110, 55.0302, 55.0302,6, 6
58, 41, 22, 146, 142, 23.7389, 23.7389,3, 3
58, 41, 23, 146, 167, 8.36479, 8.36479,1, 1
58, 41, 24, 146, 139, 0, 0,0, 0
58, 41, 25, 146, 173, 18.6645, 18.6645,2, 2
58, 41, 26, 146, 194, 23.0678, 23.0678,3, 3
58, 41, 27, 146, 134, 15.3406, 15.3406,2, 2
58, 41, 28, 146, 169, 19.3407, 19.3407,2, 2
58, 41, 29, 146, 193, 128.378, 128.378,14, 14
58, 41, 30, 146, 175, 51.8454, 51.8454,6, 6
58, 41, 31, 146, 151, 25.6805, 25.6805,3, 3
58, 41, 32, 146, 181, 0, 0,0, 0
58, 41, 33, 146, 175, 57.2952, 57.2952,6, 6
58, 41, 34, 146, 138, 66.6647, 66.6647,8, 8
58, 41, 35, 146, 147, 0, 0,0, 0
58, 41, 36, 146, 170, 106.62, 106.62,11, 11
58, 41, 37, 146, 176, 0, 0,0, 0
58, 41, 38, 146, 194, 14.6111, 14.6111,2, 2
58, 41, 39, 146, 177, 0, 0,0, 0
58, 41, 40, 146, 161, 402.017, 435.708,43, 39
58, 41, 42, 146, 142, 375.582, 382.614,35, 34
58, 41, 43, 146, 163, 137.73, 146.609,15, 14
58, 41, 44, 146, 140, 26.8941, 26.8941,2, 2
58, 41, 45, 146, 180, 0, 0,0, 0
58, 41, 46, 146, 162, 7.45771, 7.45771,1, 1
58, 41, 47, 146, 167, 0, 0,0, 0
58, 42, 1, 142, 109, 0, 0,0, 0
58, 42, 2, 142, 143, 23.6333, 23.6333,3, 3
58, 42, 3, 142, 105, 0, 0,0, 0
58, 42, 4, 142, 220, 7.75463, 7.75463,1, 1
58, 42, 5, 142, 190, 8.64674, 8.64674,1, 1
58, 42, 6, 142, 182, 23.1406, 23.1406,3, 3
58, 42, 7, 142, 149, 28.3447, 28.3447,3, 3
58, 42, 8, 142, 140, 50.6044, 58.0255,7, 6
58, 42, 9, 142, 188, 21.8654, 21.8654,3, 3
58, 42, 10, 142, 186, 13.8442, 13.8442,2, 2
58, 42, 11, 142, 183, 82.3658, 82.3658,9, 9
58, 42, 12, 142, 187, 110.271, 132.033,16, 13
58, 42, 13, 142, 186, 80.4092, 87.5203,11, 10
58, 42, 14, 142, 157, 7.68105, 7.68105,1, 1
58, 42, 15, 142, 130, 43.9089, 43.9089,5, 5
58, 42, 16, 142, 122, 0, 0,0, 0
58, 42, 17, 142, 130, 24.5642, 24.5642,3, 3
58, 42, 18, 142, 137, 94.6546, 101.772,10, 9
58, 42, 19, 142, 153, 56.5529, 63.2998,8, 7
58, 42, 20, 142, 171, 63.0618, 70.0881,9, 8
58, 42, 21, 142, 110, 46.1066, 46.1066,6, 6
58, 42, 22, 142, 142, 37.2105, 37.2105,4, 4
58, 42, 23, 142, 167, 8.13663, 15.3055,2, 1
58, 42, 24, 142, 139, 0, 0,0, 0
58, 42, 25, 142, 173, 25.9152, 25.9152,3, 3
58, 42, 26, 142, 194, 14.872, 14.872,2, 2
58, 42, 27, 142, 134, 7.11166, 7.11166,1, 1
58, 42, 28, 142, 169, 32.291, 39.3851,5, 4
58, 42, 29, 142, 193, 123.81, 130.497,14, 13
58, 42, 30, 142, 175, 42.4881, 42.4881,6, 6
58, 42, 31, 142, 151, 31.8728, 39.8397,4, 3
58, 42, 32, 142, 181, 6.97882, 6.97882,1, 1
58, 42, 33, 142, 175, 113.05, 120.552,13, 12
58, 42, 34, 142, 138, 62.3971, 62.3971,7, 7
58, 42, 35, 142, 147, 8.27357, 8.27357,1, 1
58, 42, 36, 142, 170, 107.917, 114.968,14, 13
58, 42, 37, 142, 176, 0, 0,0, 0
58, 42, 38, 142, 194, 24.9537, 24.9537,3, 3
58, 42, 39, 142, 177, 6.76009, 6.76009,1, 1
58, 42, 40, 142, 161, 293.084, 316.923,33, 30
58, 42, 41, 142, 146, 365.808, 382.612,35, 33
58, 42, 43, 142, 163, 339.563, 346.68,37, 36
58, 42, 44, 142, 140, 8.46424, 8.46424,1, 1
58, 42, 45, 142, 180, 0, 0,0, 0
58, 42, 46, 142, 162, 44.8272, 44.8272,5, 5
58, 42, 47, 142, 167, 53.0044, 53.0044,6, 6
58, 43, 1, 163, 109, 0, 0,0, 0
58, 43, 2, 163, 143, 30.168, 37.0392,5, 4
58, 43, 3, 163, 105, 9.30059, 9.30059,1, 1
58, 43, 4, 163, 220, 6.80663, 6.80663,1, 1
58, 43, 5, 163, 190, 25.3483, 25.3483,3, 3
58, 43, 6, 163, 182, 99.4675, 112.932,14, 12
58, 43, 7, 163, 149, 63.8058, 63.8058,6, 6
58, 43, 8, 163, 140, 7.574, 14.783,2, 1
58, 43, 9, 163, 188, 207.457, 460.438,53, 22
58, 43, 10, 163, 186, 219.78, 397.31,46, 24
58, 43, 11, 163, 183, 136.516, 259.391,30, 14
58, 43, 12, 163, 187, 62.2246, 62.2246,6, 6
58, 43, 13, 163, 186, 21.5179, 21.5179,3, 3
58, 43, 14, 163, 157, 9.12603, 9.12603,1, 1
58, 43, 15, 163, 130, 6.81432, 6.81432,1, 1
58, 43, 16, 163, 122, 7.87761, 7.87761,1, 1
58, 43, 17, 163, 130, 28.4871, 28.4871,4, 4
58, 43, 18, 163, 137, 23.2117, 30.6688,4, 3
58, 43, 19, 163, 153, 21.6457, 28.5215,3, 2
58, 43, 20, 163, 171, 16.5378, 16.5378,2, 2
58, 43, 21, 163, 110, 16.9394, 16.9394,2, 2
58, 43, 22, 163, 142, 34.1729, 41.0619,5, 4
58, 43, 23, 163, 167, 0, 0,0, 0
58, 43, 24, 163, 139, 21.9657, 29.0755,4, 3
58, 43, 25, 163, 173, 9.24207, 9.24207,1, 1
58, 43, 26, 163, 194, 10.7875, 10.7875,1, 1
58, 43, 27, 163, 134, 37.0315, 44.2078,5, 4
58, 43, 28, 163, 169, 46.4374, 60.5441,8, 6
58, 43, 29, 163, 193, 48.5452, 63.9413,8, 6
58, 43, 30, 163, 175, 24.7614, 31.6279,4, 3
58, 43, 31, 163, 151, 32.7976, 47.4885,6, 4
58, 43, 32, 163, 181, 12.2985, 12.2985,1, 1
58, 43, 33, 163, 175, 306.313, 629.867,70, 30
58, 43, 34, 163, 138, 15.7504, 23.6112,3, 2
58, 43, 35, 163, 147, 90.5294, 157.826,18, 10
58, 43, 36, 163, 170, 43.6561, 51.0392,6, 5
58, 43, 37, 163, 176, 14.0482, 14.0482,1, 1
58, 43, 38, 163, 194, 340.78, 594.481,67, 35
58, 43, 39, 163, 177, 246.873, 367.478,42, 26
58, 43, 40, 163, 161, 81.8649, 88.5485,11, 10
58, 43, 41, 163, 146, 113.161, 146.609,15, 11
58, 43, 42, 163, 142, 274.872, 346.679,37, 29
58, 43, 44, 163, 140, 26.6964, 26.6964,3, 3
58, 43, 45, 163, 180, 110.148, 237.792,29, 12
58, 43, 46, 163, 162, 44.5289, 44.5289,5, 5
58, 43, 47, 163, 167, 80.4976, 167.463,18, 8
58, 44, 1, 140, 109, 7.22942, 7.22942,1, 1
58, 44, 2, 140, 143, 33.9965, 33.9965,4, 4
58, 44, 3, 140, 105, 16.0152, 16.0152,2, 2
58, 44, 4, 140, 220, 14.8519, 14.8519,2, 2
58, 44, 5, 140, 190, 126.5, 136.708,13, 12
58, 44, 6, 140, 182, 103.756, 112.252,12, 11
58, 44, 7, 140, 149, 24.2243, 24.2243,2, 2
58, 44, 8, 140, 140, 23.69, 23.69,2, 2
58, 44, 9, 140, 188, 0, 0,0, 0
58, 44, 10, 140, 186, 8.1513, 8.1513,1, 1
58, 44, 11, 140, 183, 14.1089, 21.0769,3, 2
58, 44, 12, 140, 187, 66.504, 66.504,5, 5
58, 44, 13, 140, 186, 52.4916, 52.4916,3, 3
58, 44, 14, 140, 157, 26.4166, 26.4166,3, 3
58, 44, 15, 140, 130, 16.0965, 16.0965,2, 2
58, 44, 16, 140, 122, 14.2463, 14.2463,2, 2
58, 44, 17, 140, 130, 34.9847, 34.9847,4, 4
58, 44, 18, 140, 137, 25.2371, 25.2371,3, 3
58, 44, 19, 140, 153, 31.0276, 31.0276,3, 3
58, 44, 20, 140, 171, 28.1366, 28.1366,3, 3
58, 44, 21, 140, 110, 97.6982, 104.772,11, 10
58, 44, 22, 140, 142, 51.6948, 51.6948,6, 6
58, 44, 23, 140, 167, 6.90938, 6.90938,1, 1
58, 44, 24, 140, 139, 0, 0,0, 0
58, 44, 25, 140, 173, 28.0852, 28.0852,3, 3
58, 44, 26, 140, 194, 32.1312, 32.1312,4, 4
58, 44, 27, 140, 134, 11.5009, 11.5009,1, 1
58, 44, 28, 140, 169, 36.3208, 36.3208,4, 4
58, 44, 29, 140, 193, 23.9197, 23.9197,3, 3
58, 44, 30, 140, 175, 47.3937, 47.3937,5, 5
58, 44, 31, 140, 151, 12.455, 12.455,1, 1
58, 44, 32, 140, 181, 10.9651, 10.9651,1, 1
58, 44, 33, 140, 175, 0, 0,0, 0
58, 44, 34, 140, 138, 64.3273, 64.3273,8, 8
58, 44, 35, 140, 147, 14.1083, 14.1083,2, 2
58, 44, 36, 140, 170, 71.0563, 71.0563,7, 7
58, 44, 37, 140, 176, 10.937, 10.937,1, 1
58, 44, 38, 140, 194, 18.3389, 18.3389,2, 2
58, 44, 39, 140, 177, 18.066, 18.066,2, 2
58, 44, 40, 140, 161, 25.7249, 25.7249,3, 3
58, 44, 41, 140, 146, 26.8938, 26.8938,2, 2
58, 44, 42, 140, 142, 8.46427, 8.46427,1, 1
58, 44, 43, 140, 163, 26.6963, 26.6963,3, 3
58, 44, 45, 140, 180, 105.313, 105.313,13, 13
58, 44, 46, 140, 162, 360.283, 367.764,37, 36
58, 44, 47, 140, 167, 52.4505, 52.4505,6, 6
58, 45, 1, 180, 109, 6.88796, 6.88796,1, 1
58, 45, 2, 180, 143, 0, 0,0, 0
58, 45, 3, 180, 105, 6.74782, 6.74782,1, 1
58, 45, 4, 180, 220, 0, 0,0, 0
58, 45, 5, 180, 190, 15.6842, 15.6842,2, 2
58, 45, 6, 180, 182, 293.109, 448.715,47, 29
58, 45, 7, 180, 149, 0, 0,0, 0
58, 45, 8, 180, 140, 7.54661, 15.0146,2, 1
58, 45, 9, 180, 188, 254.628, 427.625,51, 28
58, 45, 10, 180, 186, 185.769, 289.403,30, 18
58, 45, 11, 180, 183, 85.1584, 143.805,19, 11
58, 45, 12, 180, 187, 0, 0,0, 0
58, 45, 13, 180, 186, 0, 0,0, 0
58, 45, 14, 180, 157, 38.1132, 45.0225,6, 5
58, 45, 15, 180, 130, 0, 0,0, 0
58, 45, 16, 180, 122, 28.5837, 28.5837,4, 4
58, 45, 17, 180, 130, 22.3989, 22.3989,3, 3
58, 45, 18, 180, 137, 0, 0,0, 0
58, 45, 19, 180, 153, 0, 0,0, 0
58, 45, 20, 180, 171, 8.74444, 8.74444,1, 1
58, 45, 21, 180, 110, 0, 0,0, 0
58, 45, 22, 180, 142, 34.3653, 56.0966,7, 4
58, 45, 23, 180, 167, 38.6643, 38.6643,5, 5
58, 45, 24, 180, 139, 18.6231, 36.6836,4, 2
58, 45, 25, 180, 173, 7.69898, 7.69898,1, 1
58, 45, 26, 180, 194, 0, 0,0, 0
58, 45, 27, 180, 134, 0, 0,0, 0
58, 45, 28, 180, 169, 0, 0,0, 0
58, 45, 29, 180, 193, 13.8183, 13.8183,2, 2
58, 45, 30, 180, 175, 0, 0,0, 0
58, 45, 31, 180, 151, 0, 0,0, 0
58, 45, 32, 180, 181, 64.8896, 79.3409,10, 8
58, 45, 33, 180, 175, 180.295, 307.692,37, 21
58, 45, 34, 180, 138, 23.3603, 23.3603,3, 3
58, 45, 35, 180, 147, 136.218, 167.371,18, 14
58, 45, 36, 180, 170, 15.3737, 15.3737,2, 2
58, 45, 37, 180, 176, 24.2306, 31.6936,4, 3
58, 45, 38, 180, 194, 227.037, 422.877,51, 26
58, 45, 39, 180, 177, 290.108, 432.41,50, 31
58, 45, 40, 180, 161, 0, 0,0, 0
58, 45, 41, 180, 146, 0, 0,0, 0
58, 45, 42, 180, 142, 0, 0,0, 0
58, 45, 43, 180, 163, 109.97, 237.791,29, 12
58, 45, 44, 180, 140, 105.313, 105.313,13, 13
58, 45, 46, 180, 162, 190.099, 213.195,24, 21
58, 45, 47, 180, 167, 129.527, 206.446,22, 13
58, 46, 1, 162, 109, 0, 0,0, 0
58, 46, 2, 162, 143, 19.6355, 19.6355,2, 2
58, 46, 3, 162, 105, 15.3314, 15.3314,2, 2
58, 46, 4, 162, 220, 15.8521, 15.8521,2, 2
58, 46, 5, 162, 190, 97.2909, 119.119,14, 11
58, 46, 6, 162, 182, 223.95, 238.945,26, 24
58, 46, 7, 162, 149, 51.8415, 61.0117,7, 6
58, 46, 8, 162, 140, 6.71072, 6.71072,1, 1
58, 46, 9, 162, 188, 8.08201, 8.08201,1, 1
58, 46, 10, 162, 186, 18.8268, 18.8268,2, 2
58, 46, 11, 162, 183, 42.6501, 42.6501,5, 5
58, 46, 12, 162, 187, 50.3979, 77.0783,8, 5
58, 46, 13, 162, 186, 8.1243, 8.1243,1, 1
58, 46, 14, 162, 157, 45.9733, 45.9733,5, 5
58, 46, 15, 162, 130, 27.2813, 34.9847,4, 3
58, 46, 16, 162, 122, 53.1092, 53.1092,6, 6
58, 46, 17, 162, 130, 26.2234, 26.2234,3, 3
58, 46, 18, 162, 137, 36.1741, 36.1741,4, 4
58, 46, 19, 162, 153, 9.26908, 9.26908,1, 1
58, 46, 20, 162, 171, 36.3134, 36.3134,4, 4
58, 46, 21, 162, 110, 50.514, 50.514,5, 5
58, 46, 22, 162, 142, 95.8951, 110.822,13, 11
58, 46, 23, 162, 167, 38.3068, 38.3068,5, 5
58, 46, 24, 162, 139, 6.86006, 6.86006,1, 1
58, 46, 25, 162, 173, 45.7852, 45.7852,6, 6
58, 46, 26, 162, 194, 50.4685, 65.4402,8, 6
58, 46, 27, 162, 134, 20.4754, 27.2026,3, 2
58, 46, 28, 162, 169, 43.1685, 43.1685,4, 4
58, 46, 29, 162, 193, 7.01358, 7.01358,1, 1
58, 46, 30, 162, 175, 29.7089, 37.3332,5, 4
58, 46, 31, 162, 151, 14.964, 14.964,2, 2
58, 46, 32, 162, 181, 53.5599, 60.4682,8, 7
58, 46, 33, 162, 175, 18.126, 18.126,2, 2
58, 46, 34, 162, 138, 61.2161, 61.2161,8, 8
58, 46, 35, 162, 147, 24.8132, 24.8132,3, 3
58, 46, 36, 162, 170, 54.3345, 62.2836,7, 6
58, 46, 37, 162, 176, 38.3, 45.988,6, 5
58, 46, 38, 162, 194, 20.0933, 20.0933,2, 2
58, 46, 39, 162, 177, 29.9107, 29.9107,3, 3
58, 46, 40, 162, 161, 11.1855, 11.1855,1, 1
58, 46, 41, 162, 146, 7.45768, 7.45768,1, 1
58, 46, 42, 162, 142, 38.0435, 44.8271,5, 4
58, 46, 43, 162, 163, 35.5574, 44.5292,5, 4
58, 46, 44, 162, 140, 338.051, 367.764,37, 34
58, 46, 45, 162, 180, 204.94, 213.195,24, 23
58, 46, 47, 162, 167, 141.318, 149.624,14, 13
58, 47, 1, 167, 109, 0, 0,0, 0
58, 47, 2, 167, 143, 24.8971, 40.2782,4, 2
58, 47, 3, 167, 105, 17.6994, 25.1266,3, 2
58, 47, 4, 167, 220, 17.7027, 24.5277,3, 2
58, 47, 5, 167, 190, 7.4623, 7.4623,1, 1
58, 47, 6, 167, 182, 166.181, 200.331,23, 19
58, 47, 7, 167, 149, 9.21658, 16.9581,2, 1
58, 47, 8, 167, 140, 15.3607, 15.3607,2, 2
58, 47, 9, 167, 188, 66.4555, 80.5348,10, 8
58, 47, 10, 167, 186, 126.006, 148.096,17, 14
58, 47, 11, 167, 183, 42.7679, 49.9287,7, 6
58, 47, 12, 167, 187, 33.4827, 51.2137,5, 3
58, 47, 13, 167, 186, 0, 0,0, 0
58, 47, 14, 167, 157, 62.302, 84.7605,9, 7
58, 47, 15, 167, 130, 27.9642, 34.6629,4, 3
58, 47, 16, 167, 122, 47.4842, 75.8877,9, 5
58, 47, 17, 167, 130, 30.0228, 45.5303,5, 3
58, 47, 18, 167, 137, 15.8209, 23.3251,3, 2
58, 47, 19, 167, 153, 19.8582, 19.8582,2, 2
58, 47, 20, 167, 171, 13.7724, 24.8723,2, 1
58, 47, 21, 167, 110, 16.3605, 16.3605,1, 1
58, 47, 22, 167, 142, 101.873, 163.374,17, 10
58, 47, 23, 167, 167, 90.3113, 106.198,12, 10
58, 47, 24, 167, 139, 90.7102, 116.012,14, 11
58, 47, 25, 167, 173, 14.8253, 22.1937,2, 1
58, 47, 26, 167, 194, 10.7205, 17.4072,2, 1
58, 47, 27, 167, 134, 11.3531, 22.0681,2, 1
58, 47, 28, 167, 169, 51.0857, 69.9202,6, 4
58, 47, 29, 167, 193, 0, 0,0, 0
58, 47, 30, 167, 175, 16.2195, 23.1795,3, 2
58, 47, 31, 167, 151, 14.4478, 14.4478,2, 2
58, 47, 32, 167, 181, 84.1845, 107.403,13, 10
58, 47, 33, 167, 175, 70.593, 85.0821,11, 9
58, 47, 34, 167, 138, 23.984, 23.984,3, 3
58, 47, 35, 167, 147, 86.887, 104.117,11, 9
58, 47, 36, 167, 170, 33.0823, 45.4961,4, 3
58, 47, 37, 167, 176, 44.0339, 59.3825,7, 5
58, 47, 38, 167, 194, 96.2796, 119.836,15, 12
58, 47, 39, 167, 177, 121.287, 155.617,18, 14
58, 47, 40, 167, 161, 11.7974, 11.7974,1, 1
58, 47, 41, 167, 146, 0, 0,0, 0
58, 47, 42, 167, 142, 34.5484, 53.0043,6, 4
58, 47, 43, 167, 163, 113.746, 167.463,18, 12
58, 47, 44, 167, 140, 43.3073, 52.4508,6, 5
58, 47, 45, 167, 180, 141.607, 206.443,22, 15
58, 47, 46, 167, 162, 109.948, 149.626,14, 10
