20, 1, 2, 638, 605, 459.188, 493.405,56, 52
20, 1, 3, 638, 528, 1127.4, 1303.38,137, 115
20, 1, 4, 638, 838, 85.3929, 111.526,14, 11
20, 1, 5, 638, 883, 30.9078, 37.9155,5, 4
20, 1, 6, 638, 786, 61.8269, 78.3907,10, 8
20, 1, 7, 638, 692, 57.673, 57.673,7, 7
20, 1, 8, 638, 720, 0, 0,0, 0
20, 1, 9, 638, 616, 15.2256, 15.2256,2, 2
20, 1, 10, 638, 709, 35.1803, 35.1803,5, 5
20, 1, 11, 638, 742, 44.3334, 51.1323,7, 6
20, 1, 12, 638, 708, 31.6956, 45.4987,6, 4
20, 1, 13, 638, 882, 36.8858, 50.5424,7, 5
20, 1, 14, 638, 745, 141.3, 158.014,18, 16
20, 1, 15, 638, 642, 22.1102, 22.1102,3, 3
20, 1, 16, 638, 731, 207.402, 237.247,29, 25
20, 1, 17, 638, 677, 166.762, 188.072,23, 20
20, 1, 18, 638, 609, 73.8555, 87.8668,11, 9
20, 1, 19, 638, 678, 6.69207, 6.69207,1, 1
20, 1, 20, 638, 735, 22.3478, 22.3478,3, 3
20, 1, 21, 638, 607, 6.89002, 6.89002,1, 1
20, 1, 22, 638, 637, 24.2497, 31.6094,4, 3
20, 1, 23, 638, 877, 102.123, 116.593,15, 13
20, 1, 24, 638, 753, 106.321, 130.722,17, 14
20, 1, 25, 638, 758, 136.279, 172.6,21, 16
20, 1, 26, 638, 838, 66.3497, 124.058,15, 8
20, 1, 27, 638, 625, 180.847, 240.218,31, 23
20, 1, 28, 638, 690, 170.23, 191.297,24, 21
20, 1, 29, 638, 779, 0, 0,0, 0
20, 1, 30, 638, 781, 37.2633, 45.1322,6, 5
20, 1, 31, 638, 614, 149.392, 252.382,32, 19
20, 1, 32, 638, 858, 163.382, 194.779,25, 21
20, 1, 33, 638, 703, 14.1266, 14.1266,2, 2
20, 1, 34, 638, 608, 37.315, 37.315,5, 5
20, 1, 35, 638, 659, 80.4965, 87.3241,11, 10
20, 1, 36, 638, 707, 29.2748, 36.3551,5, 4
20, 1, 37, 638, 880, 187.715, 236.916,28, 22
20, 1, 38, 638, 729, 86.3251, 116.32,15, 11
20, 1, 39, 638, 681, 46.6502, 46.6502,6, 6
20, 1, 40, 638, 696, 7.54864, 7.54864,1, 1
20, 1, 41, 638, 610, 14.3741, 14.3741,2, 2
20, 1, 42, 638, 641, 6.76233, 6.76233,1, 1
20, 1, 43, 638, 620, 31.8062, 38.7252,5, 4
20, 1, 44, 638, 667, 30.5138, 30.5138,4, 4
20, 1, 45, 638, 757, 28.0788, 28.0788,4, 4
20, 1, 46, 638, 765, 23.2511, 30.8007,4, 3
20, 1, 47, 638, 785, 76.5049, 114.953,14, 9
20, 2, 1, 605, 638, 461.597, 493.403,56, 52
20, 2, 3, 605, 528, 964.538, 1102.49,119, 103
20, 2, 4, 605, 838, 94.8438, 124.699,14, 11
20, 2, 5, 605, 883, 67.1112, 74.3398,9, 8
20, 2, 6, 605, 786, 67.3393, 106.022,13, 8
20, 2, 7, 605, 692, 229.921, 326.268,41, 28
20, 2, 8, 605, 720, 189.104, 272.848,33, 22
20, 2, 9, 605, 616, 0, 0,0, 0
20, 2, 10, 605, 709, 43.5499, 65.6474,6, 4
20, 2, 11, 605, 742, 46.6795, 68.7562,8, 5
20, 2, 12, 605, 708, 93.8364, 146.275,17, 10
20, 2, 13, 605, 882, 78.7648, 86.766,9, 8
20, 2, 14, 605, 745, 88.1919, 96.3359,11, 10
20, 2, 15, 605, 642, 191.32, 267.291,30, 21
20, 2, 16, 605, 731, 81.4392, 106.934,12, 9
20, 2, 17, 605, 677, 201.114, 255.727,26, 20
20, 2, 18, 605, 609, 221.454, 295.465,34, 24
20, 2, 19, 605, 678, 152.985, 190.731,24, 19
20, 2, 20, 605, 735, 158.382, 216.415,24, 17
20, 2, 21, 605, 607, 127.253, 183.977,22, 15
20, 2, 22, 605, 637, 225.368, 293.144,31, 23
20, 2, 23, 605, 877, 55.0922, 72.191,9, 7
20, 2, 24, 605, 753, 14.4626, 14.4626,2, 2
20, 2, 25, 605, 758, 218.017, 298.587,32, 22
20, 2, 26, 605, 838, 108.658, 129.732,16, 13
20, 2, 27, 605, 625, 293.982, 345.487,41, 35
20, 2, 28, 605, 690, 559.862, 706.159,78, 60
20, 2, 29, 605, 779, 104.523, 129.811,16, 13
20, 2, 30, 605, 781, 262.99, 298.394,36, 31
20, 2, 31, 605, 614, 448.317, 561.612,65, 50
20, 2, 32, 605, 858, 70.2918, 117.186,12, 7
20, 2, 33, 605, 703, 102.575, 134.829,16, 12
20, 2, 34, 605, 608, 151.426, 222.639,25, 16
20, 2, 35, 605, 659, 41.61, 58.5714,6, 4
20, 2, 36, 605, 707, 116.344, 133.305,14, 12
20, 2, 37, 605, 880, 52.2789, 73.8256,7, 5
20, 2, 38, 605, 729, 53.6839, 79.1945,7, 5
20, 2, 39, 605, 681, 66.6515, 75.7817,8, 7
20, 2, 40, 605, 696, 83.0707, 106.121,12, 9
20, 2, 41, 605, 610, 135.96, 173.115,20, 15
20, 2, 42, 605, 641, 99.4005, 107.174,13, 12
20, 2, 43, 605, 620, 146.861, 168.609,20, 17
20, 2, 44, 605, 667, 59.5482, 74.6405,9, 7
20, 2, 45, 605, 757, 7.30548, 7.30548,1, 1
20, 2, 46, 605, 765, 83.1251, 99.738,12, 10
20, 2, 47, 605, 785, 87.9103, 120.258,13, 9
20, 3, 1, 528, 638, 1118.34, 1303.38,137, 114
20, 3, 2, 528, 605, 919.19, 1102.49,119, 97
20, 3, 4, 528, 838, 74.9291, 140.907,16, 8
20, 3, 5, 528, 883, 37.2332, 52.5496,7, 5
20, 3, 6, 528, 786, 61.3569, 90.6815,12, 8
20, 3, 7, 528, 692, 60.2636, 82.1127,11, 8
20, 3, 8, 528, 720, 77.9163, 152.965,20, 10
20, 3, 9, 528, 616, 26.4843, 26.4843,3, 3
20, 3, 10, 528, 709, 57.1842, 87.6132,11, 7
20, 3, 11, 528, 742, 36.6755, 43.6283,6, 5
20, 3, 12, 528, 708, 49.4531, 49.4531,6, 6
20, 3, 13, 528, 882, 7.04842, 14.0968,2, 1
20, 3, 14, 528, 745, 38.0766, 46.0939,5, 4
20, 3, 15, 528, 642, 85.5645, 126.064,15, 10
20, 3, 16, 528, 731, 141.433, 172.884,21, 17
20, 3, 17, 528, 677, 115.208, 138.35,17, 14
20, 3, 18, 528, 609, 146.756, 170.319,20, 17
20, 3, 19, 528, 678, 22.2204, 43.3054,6, 3
20, 3, 20, 528, 735, 75.3288, 99.3505,12, 9
20, 3, 21, 528, 607, 41.5539, 57.4213,7, 5
20, 3, 22, 528, 637, 19.2674, 36.2407,4, 2
20, 3, 23, 528, 877, 68.1569, 92.5905,11, 8
20, 3, 24, 528, 753, 74.6131, 74.6131,8, 8
20, 3, 25, 528, 758, 75.238, 91.1542,11, 9
20, 3, 26, 528, 838, 33.2862, 56.0923,7, 4
20, 3, 27, 528, 625, 194.545, 204.202,24, 23
20, 3, 28, 528, 690, 252.281, 305.549,36, 29
20, 3, 29, 528, 779, 33.5062, 40.4727,5, 4
20, 3, 30, 528, 781, 100.353, 121.874,16, 13
20, 3, 31, 528, 614, 165.01, 180.345,23, 21
20, 3, 32, 528, 858, 178.653, 228.728,26, 20
20, 3, 33, 528, 703, 23.8074, 23.8074,3, 3
20, 3, 34, 528, 608, 62.8941, 93.9305,9, 5
20, 3, 35, 528, 659, 35.2823, 50.438,6, 4
20, 3, 36, 528, 707, 26.8485, 42.1409,5, 3
20, 3, 37, 528, 880, 124.68, 141.376,15, 13
20, 3, 38, 528, 729, 68.6199, 94.8566,11, 8
20, 3, 39, 528, 681, 68.9874, 77.0202,9, 8
20, 3, 40, 528, 696, 0, 0,0, 0
20, 3, 41, 528, 610, 7.05978, 7.05978,1, 1
20, 3, 42, 528, 641, 12.2949, 12.2949,1, 1
20, 3, 43, 528, 620, 36.8594, 36.8594,5, 5
20, 3, 44, 528, 667, 32.8215, 32.8215,4, 4
20, 3, 45, 528, 757, 20.7937, 20.7937,3, 3
20, 3, 46, 528, 765, 55.1511, 99.2982,13, 7
20, 3, 47, 528, 785, 23.5967, 32.1387,4, 3
20, 4, 1, 838, 638, 84.2727, 111.526,14, 10
20, 4, 2, 838, 605, 80.8148, 124.698,14, 9
20, 4, 3, 838, 528, 73.5677, 140.907,16, 8
20, 4, 5, 838, 883, 48.1685, 162.189,21, 6
20, 4, 6, 838, 786, 94.5358, 181.939,21, 11
20, 4, 7, 838, 692, 130.967, 465.679,57, 14
20, 4, 8, 838, 720, 191.903, 844.492,109, 23
20, 4, 9, 838, 616, 32.618, 64.1919,8, 4
20, 4, 10, 838, 709, 62.7954, 96.2266,11, 7
20, 4, 11, 838, 742, 56.5646, 170.539,20, 6
20, 4, 12, 838, 708, 97.7005, 193.44,17, 8
20, 4, 13, 838, 882, 131.439, 291.6,38, 17
20, 4, 14, 838, 745, 79.5452, 94.8181,12, 10
20, 4, 15, 838, 642, 78.0841, 165.339,22, 10
20, 4, 16, 838, 731, 51.0016, 88.6392,11, 6
20, 4, 17, 838, 677, 77.0626, 144.807,18, 9
20, 4, 18, 838, 609, 134.938, 321.919,40, 16
20, 4, 19, 838, 678, 122.779, 582.624,74, 14
20, 4, 20, 838, 735, 84.3274, 224.259,28, 10
20, 4, 21, 838, 607, 100.308, 453.172,59, 12
20, 4, 22, 838, 637, 82.818, 285.459,32, 8
20, 4, 23, 838, 877, 40.2702, 84.6405,11, 5
20, 4, 24, 838, 753, 7.42316, 7.42316,1, 1
20, 4, 25, 838, 758, 111.73, 244.864,30, 13
20, 4, 26, 838, 838, 208.898, 976.576,122, 24
20, 4, 27, 838, 625, 49.8141, 59.1151,7, 6
20, 4, 28, 838, 690, 96.7512, 255.433,32, 11
20, 4, 29, 838, 779, 51.5505, 65.5235,9, 7
20, 4, 30, 838, 781, 71.1003, 361.682,45, 8
20, 4, 31, 838, 614, 32.8447, 32.8447,4, 4
20, 4, 32, 838, 858, 31.0858, 49.5141,5, 3
20, 4, 33, 838, 703, 21.9766, 21.9766,3, 3
20, 4, 34, 838, 608, 48.6257, 74.6712,9, 6
20, 4, 35, 838, 659, 33.666, 63.5444,8, 4
20, 4, 36, 838, 707, 65.7467, 127.549,12, 6
20, 4, 37, 838, 880, 34.6122, 51.5109,6, 4
20, 4, 38, 838, 729, 26.3402, 41.7526,5, 3
20, 4, 39, 838, 681, 41.653, 63.4407,8, 5
20, 4, 40, 838, 696, 84.493, 189.307,25, 11
20, 4, 41, 838, 610, 59.4099, 80.9805,9, 6
20, 4, 42, 838, 641, 63.4798, 85.3949,11, 8
20, 4, 43, 838, 620, 35.8308, 35.8308,5, 5
20, 4, 44, 838, 667, 35.4126, 42.616,6, 5
20, 4, 45, 838, 757, 81.5465, 132.386,15, 9
20, 4, 46, 838, 765, 108.13, 275.022,35, 13
20, 4, 47, 838, 785, 77.7138, 145.593,19, 10
20, 5, 1, 883, 638, 23.4316, 37.9156,5, 3
20, 5, 2, 883, 605, 66.0154, 74.3398,9, 8
20, 5, 3, 883, 528, 38.4342, 52.5498,7, 5
20, 5, 4, 883, 838, 134.032, 162.189,21, 17
20, 5, 6, 883, 786, 625.878, 751.289,86, 70
20, 5, 7, 883, 692, 171.025, 250.058,30, 20
20, 5, 8, 883, 720, 216.818, 300.841,38, 26
20, 5, 9, 883, 616, 76.5119, 90.612,12, 10
20, 5, 10, 883, 709, 95.2301, 108.863,14, 12
20, 5, 11, 883, 742, 172.339, 187.868,22, 20
20, 5, 12, 883, 708, 304.75, 358.335,38, 32
20, 5, 13, 883, 882, 282.507, 382.195,45, 32
20, 5, 14, 883, 745, 73.8319, 73.8319,10, 10
20, 5, 15, 883, 642, 131.916, 184.638,20, 14
20, 5, 16, 883, 731, 50.3968, 57.1503,8, 7
20, 5, 17, 883, 677, 67.6255, 67.6255,9, 9
20, 5, 18, 883, 609, 115.218, 131.513,16, 14
20, 5, 19, 883, 678, 165.015, 194.411,25, 21
20, 5, 20, 883, 735, 148.973, 204.154,24, 17
20, 5, 21, 883, 607, 212.231, 274.991,33, 25
20, 5, 22, 883, 637, 147.584, 200.881,25, 18
20, 5, 23, 883, 877, 73.9703, 114.431,14, 9
20, 5, 24, 883, 753, 85.3586, 141.523,16, 9
20, 5, 25, 883, 758, 130.545, 162.22,20, 16
20, 5, 26, 883, 838, 225.789, 284.333,34, 26
20, 5, 27, 883, 625, 25.3371, 32.9554,4, 3
20, 5, 28, 883, 690, 102.838, 176.549,20, 11
20, 5, 29, 883, 779, 190.951, 233.977,25, 20
20, 5, 30, 883, 781, 151.395, 206.114,25, 18
20, 5, 31, 883, 614, 99.6633, 151.073,18, 12
20, 5, 32, 883, 858, 55.2891, 62.573,8, 7
20, 5, 33, 883, 703, 98.0226, 120.977,15, 12
20, 5, 34, 883, 608, 219.788, 268.446,32, 26
20, 5, 35, 883, 659, 72.9473, 88.0062,12, 10
20, 5, 36, 883, 707, 246.83, 277.251,31, 27
20, 5, 37, 883, 880, 71.1877, 85.5168,11, 9
20, 5, 38, 883, 729, 66.5712, 88.0172,11, 8
20, 5, 39, 883, 681, 98.2889, 127.087,16, 12
20, 5, 40, 883, 696, 184.725, 229.343,29, 23
20, 5, 41, 883, 610, 161.992, 211.942,27, 20
20, 5, 42, 883, 641, 176.396, 245.157,28, 20
20, 5, 43, 883, 620, 132.598, 164.78,20, 16
20, 5, 44, 883, 667, 589.59, 706.944,76, 62
20, 5, 45, 883, 757, 139.773, 146.697,18, 17
20, 5, 46, 883, 765, 429.252, 460.18,51, 47
20, 5, 47, 883, 785, 213.297, 256.623,32, 26
20, 6, 1, 786, 638, 78.391, 78.391,10, 10
20, 6, 2, 786, 605, 74.8699, 106.022,13, 9
20, 6, 3, 786, 528, 60.2924, 90.6814,12, 8
20, 6, 4, 786, 838, 74.6931, 181.939,21, 9
20, 6, 5, 786, 883, 671.165, 751.29,86, 75
20, 6, 7, 786, 692, 153.347, 161.337,16, 15
20, 6, 8, 786, 720, 144.189, 158.093,18, 16
20, 6, 9, 786, 616, 539.212, 925.728,110, 61
20, 6, 10, 786, 709, 659.386, 970.389,113, 73
20, 6, 11, 786, 742, 698.501, 1080.6,125, 74
20, 6, 12, 786, 708, 371.692, 608.276,66, 39
20, 6, 13, 786, 882, 284.888, 521.487,60, 31
20, 6, 14, 786, 745, 103.553, 117.814,15, 13
20, 6, 15, 786, 642, 105.725, 129.368,15, 12
20, 6, 16, 786, 731, 151.319, 182.639,23, 19
20, 6, 17, 786, 677, 81.7219, 89.8171,11, 10
20, 6, 18, 786, 609, 79.5869, 87.0384,11, 10
20, 6, 19, 786, 678, 46.063, 61.2107,7, 5
20, 6, 20, 786, 735, 161.56, 182.753,22, 19
20, 6, 21, 786, 607, 121.05, 128.168,15, 14
20, 6, 22, 786, 637, 202.33, 241.432,26, 21
20, 6, 23, 786, 877, 225.361, 294.129,34, 26
20, 6, 24, 786, 753, 275.662, 358.818,40, 30
20, 6, 25, 786, 758, 155.294, 162.408,17, 16
20, 6, 26, 786, 838, 124.739, 152.375,18, 14
20, 6, 27, 786, 625, 35.5429, 35.5429,4, 4
20, 6, 28, 786, 690, 126.951, 141.811,14, 12
20, 6, 29, 786, 779, 235.539, 343.427,42, 28
20, 6, 30, 786, 781, 55.0252, 62.2157,8, 7
20, 6, 31, 786, 614, 124.254, 139.611,17, 15
20, 6, 32, 786, 858, 182.911, 204.061,27, 24
20, 6, 33, 786, 703, 461.149, 822.081,101, 53
20, 6, 34, 786, 608, 265.463, 358.399,41, 29
20, 6, 35, 786, 659, 342.508, 520.42,60, 37
20, 6, 36, 786, 707, 295.3, 406.536,47, 33
20, 6, 37, 786, 880, 110.501, 138.797,18, 14
20, 6, 38, 786, 729, 464.353, 785.377,95, 53
20, 6, 39, 786, 681, 614.282, 1007.14,112, 63
20, 6, 40, 786, 696, 143.183, 195.075,24, 17
20, 6, 41, 786, 610, 152.265, 174.869,21, 18
20, 6, 42, 786, 641, 188.623, 231.642,29, 23
20, 6, 43, 786, 620, 427.018, 771.776,92, 48
20, 6, 44, 786, 667, 737.463, 858.198,95, 80
20, 6, 45, 786, 757, 1285.29, 1856.7,207, 136
20, 6, 46, 786, 765, 1170.31, 1537.66,173, 129
20, 6, 47, 786, 785, 914.338, 1254.37,138, 95
20, 7, 1, 692, 638, 50.5382, 57.6729,7, 6
20, 7, 2, 692, 605, 239.04, 326.268,41, 29
20, 7, 3, 692, 528, 60.5526, 82.1127,11, 8
20, 7, 4, 692, 838, 204.047, 465.679,57, 23
20, 7, 5, 692, 883, 189.576, 250.058,30, 22
20, 7, 6, 692, 786, 126.18, 161.337,16, 12
20, 7, 8, 692, 720, 677.229, 958.499,114, 79
20, 7, 9, 692, 616, 7.97437, 22.7769,3, 1
20, 7, 10, 692, 709, 76.8522, 76.8522,10, 10
20, 7, 11, 692, 742, 231.546, 282.548,30, 24
20, 7, 12, 692, 708, 203.193, 228.977,23, 20
20, 7, 13, 692, 882, 96.9662, 105.419,14, 13
20, 7, 14, 692, 745, 1334.73, 1479.74,152, 135
20, 7, 15, 692, 642, 1329.53, 1466.13,155, 137
20, 7, 16, 692, 731, 191.987, 207.136,25, 23
20, 7, 17, 692, 677, 408.01, 514.605,57, 43
20, 7, 18, 692, 609, 481.179, 569.328,68, 56
20, 7, 19, 692, 678, 293.508, 520.762,64, 34
20, 7, 20, 692, 735, 1156.42, 1344.62,143, 119
20, 7, 21, 692, 607, 294.384, 466.102,55, 34
20, 7, 22, 692, 637, 521.864, 661.899,77, 59
20, 7, 23, 692, 877, 349.518, 399.164,50, 43
20, 7, 24, 692, 753, 176.99, 191.969,24, 22
20, 7, 25, 692, 758, 1668.07, 1833.22,184, 164
20, 7, 26, 692, 838, 231.772, 463.553,54, 26
20, 7, 27, 692, 625, 114.247, 141.266,16, 13
20, 7, 28, 692, 690, 317.046, 468.784,53, 34
20, 7, 29, 692, 779, 79.9486, 86.8259,9, 8
20, 7, 30, 692, 781, 199.922, 277.658,30, 22
20, 7, 31, 692, 614, 190.973, 281.069,34, 22
20, 7, 32, 692, 858, 670.221, 719.38,83, 77
20, 7, 33, 692, 703, 74.8528, 93.8017,11, 9
20, 7, 34, 692, 608, 308.585, 341.871,38, 34
20, 7, 35, 692, 659, 136.854, 136.854,17, 17
20, 7, 36, 692, 707, 222.271, 250.494,28, 24
20, 7, 37, 692, 880, 730.26, 771.708,85, 80
20, 7, 38, 692, 729, 36.1789, 36.1789,4, 4
20, 7, 39, 692, 681, 99.8188, 99.8188,13, 13
20, 7, 40, 692, 696, 120.023, 162.077,19, 14
20, 7, 41, 692, 610, 89.5614, 121.664,14, 10
20, 7, 42, 692, 641, 84.1333, 98.5687,12, 10
20, 7, 43, 692, 620, 189.815, 217.769,23, 20
20, 7, 44, 692, 667, 83.4799, 106.599,12, 9
20, 7, 45, 692, 757, 69.0719, 69.0719,9, 9
20, 7, 46, 692, 765, 230.217, 272.827,31, 26
20, 7, 47, 692, 785, 179.834, 205.312,24, 21
20, 8, 1, 720, 638, 0, 0,0, 0
20, 8, 2, 720, 605, 166.203, 272.848,33, 19
20, 8, 3, 720, 528, 67.5922, 152.965,20, 8
20, 8, 4, 720, 838, 186.064, 844.492,109, 22
20, 8, 5, 720, 883, 148.585, 300.841,38, 18
20, 8, 6, 720, 786, 133.956, 158.093,18, 16
20, 8, 7, 720, 692, 551.978, 958.5,114, 64
20, 8, 9, 720, 616, 0, 0,0, 0
20, 8, 10, 720, 709, 31.6981, 31.6981,4, 4
20, 8, 11, 720, 742, 142.302, 236.379,28, 16
20, 8, 12, 720, 708, 241.829, 315.055,35, 27
20, 8, 13, 720, 882, 610.995, 1249.39,151, 67
20, 8, 14, 720, 745, 257.607, 278.298,35, 32
20, 8, 15, 720, 642, 978.831, 1217.87,132, 102
20, 8, 16, 720, 731, 80.5775, 102.953,13, 10
20, 8, 17, 720, 677, 143.394, 218.358,29, 19
20, 8, 18, 720, 609, 295.186, 552.161,65, 32
20, 8, 19, 720, 678, 899.986, 1700.5,193, 94
20, 8, 20, 720, 735, 912.592, 1169.91,132, 100
20, 8, 21, 720, 607, 616.366, 1012.93,117, 67
20, 8, 22, 720, 637, 284.945, 470.552,55, 32
20, 8, 23, 720, 877, 89.3487, 103.005,13, 11
20, 8, 24, 720, 753, 31.4207, 38.402,5, 4
20, 8, 25, 720, 758, 447.724, 636.425,74, 50
20, 8, 26, 720, 838, 388.859, 1183.57,142, 43
20, 8, 27, 720, 625, 53.6603, 60.5282,8, 7
20, 8, 28, 720, 690, 242.582, 509.999,62, 28
20, 8, 29, 720, 779, 179.83, 250.835,31, 21
20, 8, 30, 720, 781, 348.547, 1117.26,125, 33
20, 8, 31, 720, 614, 174.298, 268.387,33, 21
20, 8, 32, 720, 858, 187.06, 193.928,25, 24
20, 8, 33, 720, 703, 110.918, 154.293,18, 13
20, 8, 34, 720, 608, 240.569, 279.847,30, 25
20, 8, 35, 720, 659, 73.4337, 73.4337,9, 9
20, 8, 36, 720, 707, 170.035, 184.201,22, 20
20, 8, 37, 720, 880, 165.052, 179.824,23, 21
20, 8, 38, 720, 729, 20.5658, 20.5658,3, 3
20, 8, 39, 720, 681, 49.5625, 49.5625,6, 6
20, 8, 40, 720, 696, 314.653, 622.253,69, 32
20, 8, 41, 720, 610, 233.563, 374.988,44, 26
20, 8, 42, 720, 641, 159.381, 183.367,22, 19
20, 8, 43, 720, 620, 122.295, 165.06,19, 14
20, 8, 44, 720, 667, 83.7517, 100.985,12, 10
20, 8, 45, 720, 757, 45.2782, 45.2782,6, 6
20, 8, 46, 720, 765, 156.437, 271.21,34, 19
20, 8, 47, 720, 785, 166.205, 230.068,28, 20
20, 9, 1, 616, 638, 7.85644, 15.2256,2, 1
20, 9, 2, 616, 605, 0, 0,0, 0
20, 9, 3, 616, 528, 17.7257, 26.4842,3, 2
20, 9, 4, 616, 838, 40.9174, 64.1918,8, 5
20, 9, 5, 616, 883, 83.2219, 90.6126,12, 11
20, 9, 6, 616, 786, 499.494, 925.728,110, 56
20, 9, 7, 616, 692, 22.7769, 22.7769,3, 3
20, 9, 8, 616, 720, 0, 0,0, 0
20, 9, 10, 616, 709, 1874.86, 3357.37,343, 166
20, 9, 11, 616, 742, 882.549, 1657.92,171, 80
20, 9, 12, 616, 708, 317.44, 459.938,50, 33
20, 9, 13, 616, 882, 85.8501, 131.732,17, 11
20, 9, 14, 616, 745, 6.79735, 6.79735,1, 1
20, 9, 15, 616, 642, 0, 0,0, 0
20, 9, 16, 616, 731, 80.0313, 128.987,17, 10
20, 9, 17, 616, 677, 24.7486, 24.7486,3, 3
20, 9, 18, 616, 609, 0, 0,0, 0
20, 9, 19, 616, 678, 7.49115, 7.49115,1, 1
20, 9, 20, 616, 735, 6.73526, 6.73526,1, 1
20, 9, 21, 616, 607, 0, 0,0, 0
20, 9, 22, 616, 637, 0, 0,0, 0
20, 9, 23, 616, 877, 158.498, 343.017,38, 18
20, 9, 24, 616, 753, 228.589, 571.212,64, 24
20, 9, 25, 616, 758, 22.2181, 36.1452,5, 3
20, 9, 26, 616, 838, 14.7328, 14.7328,2, 2
20, 9, 27, 616, 625, 54.2621, 60.9688,8, 7
20, 9, 28, 616, 690, 31.0601, 38.0739,5, 4
20, 9, 29, 616, 779, 162.814, 201.688,25, 20
20, 9, 30, 616, 781, 0, 0,0, 0
20, 9, 31, 616, 614, 28.9759, 35.8915,5, 4
20, 9, 32, 616, 858, 51.0666, 66.0489,8, 6
20, 9, 33, 616, 703, 558.355, 1132.99,135, 62
20, 9, 34, 616, 608, 15.1434, 15.1434,2, 2
20, 9, 35, 616, 659, 403.299, 688.403,83, 47
20, 9, 36, 616, 707, 192.839, 288.452,32, 21
20, 9, 37, 616, 880, 82.1424, 130.34,17, 10
20, 9, 38, 616, 729, 779.448, 1674.1,201, 87
20, 9, 39, 616, 681, 927.594, 1697.72,192, 96
20, 9, 40, 616, 696, 41.1859, 63.4913,8, 5
20, 9, 41, 616, 610, 35.9633, 35.9633,5, 5
20, 9, 42, 616, 641, 102.983, 116.711,15, 13
20, 9, 43, 616, 620, 554.412, 1110.51,126, 58
20, 9, 44, 616, 667, 32.8644, 41.3629,5, 4
20, 9, 45, 616, 757, 686.641, 1364.7,160, 74
20, 9, 46, 616, 765, 200.889, 350.979,41, 24
20, 9, 47, 616, 785, 229.518, 525.905,61, 25
20, 10, 1, 709, 638, 35.1801, 35.1801,5, 5
20, 10, 2, 709, 605, 44.1959, 65.6473,6, 4
20, 10, 3, 709, 528, 62.2071, 87.6135,11, 8
20, 10, 4, 709, 838, 89.1515, 96.2259,11, 10
20, 10, 5, 709, 883, 102, 108.863,14, 13
20, 10, 6, 709, 786, 470.869, 970.39,113, 52
20, 10, 7, 709, 692, 76.8519, 76.8519,10, 10
20, 10, 8, 709, 720, 24.1962, 31.6981,4, 3
20, 10, 9, 709, 616, 1791.49, 3357.37,343, 164
20, 10, 11, 709, 742, 1765.77, 2846.52,301, 177
20, 10, 12, 709, 708, 804.088, 936.707,106, 89
20, 10, 13, 709, 882, 298.654, 341.751,43, 37
20, 10, 14, 709, 745, 58.8368, 66.7248,8, 7
20, 10, 15, 709, 642, 67.5464, 82.3152,8, 7
20, 10, 16, 709, 731, 215.826, 297.077,33, 23
20, 10, 17, 709, 677, 112.703, 147.334,16, 12
20, 10, 18, 709, 609, 87.6334, 104.803,12, 10
20, 10, 19, 709, 678, 15.2601, 15.2601,2, 2
20, 10, 20, 709, 735, 43.0284, 52.9789,6, 5
20, 10, 21, 709, 607, 43.2662, 55.7547,4, 3
20, 10, 22, 709, 637, 35.9144, 50.1322,4, 3
20, 10, 23, 709, 877, 213.028, 539.569,58, 22
20, 10, 24, 709, 753, 344.167, 931.191,102, 36
20, 10, 25, 709, 758, 52.4188, 71.9797,7, 5
20, 10, 26, 709, 838, 30.6957, 30.6957,4, 4
20, 10, 27, 709, 625, 50.9892, 59.5469,7, 6
20, 10, 28, 709, 690, 155.424, 199.421,21, 17
20, 10, 29, 709, 779, 159.076, 263.266,32, 19
20, 10, 30, 709, 781, 41.3928, 41.3928,5, 5
20, 10, 31, 709, 614, 32.9821, 32.9821,4, 4
20, 10, 32, 709, 858, 163.667, 221.723,24, 17
20, 10, 33, 709, 703, 641.912, 1193.86,139, 68
20, 10, 34, 709, 608, 152.224, 173.311,20, 18
20, 10, 35, 709, 659, 559.2, 952.047,103, 60
20, 10, 36, 709, 707, 361.508, 493.38,54, 38
20, 10, 37, 709, 880, 122.161, 183.746,21, 13
20, 10, 38, 709, 729, 879.903, 1744.17,200, 93
20, 10, 39, 709, 681, 1334.26, 2297.89,256, 139
20, 10, 40, 709, 696, 98.6009, 113.737,14, 12
20, 10, 41, 709, 610, 126.596, 140.3,16, 14
20, 10, 42, 709, 641, 197.358, 246.345,32, 25
20, 10, 43, 709, 620, 640.038, 1253.09,152, 73
20, 10, 44, 709, 667, 82.2498, 92.5792,11, 10
20, 10, 45, 709, 757, 606.137, 1235,135, 61
20, 10, 46, 709, 765, 273.101, 567.246,65, 31
20, 10, 47, 709, 785, 296.304, 737.281,86, 33
20, 11, 1, 742, 638, 43.9506, 51.1322,7, 6
20, 11, 2, 742, 605, 44.8892, 68.7562,8, 5
20, 11, 3, 742, 528, 43.6283, 43.6283,6, 6
20, 11, 4, 742, 838, 144.13, 170.539,20, 17
20, 11, 5, 742, 883, 187.868, 187.868,22, 22
20, 11, 6, 742, 786, 633.787, 1080.6,125, 68
20, 11, 7, 742, 692, 232.435, 282.549,30, 24
20, 11, 8, 742, 720, 210.716, 236.38,28, 25
20, 11, 9, 742, 616, 1016.22, 1657.92,171, 96
20, 11, 10, 742, 709, 1905.74, 2846.53,301, 190
20, 11, 12, 742, 708, 1596.68, 1904.82,195, 158
20, 11, 13, 742, 882, 736.5, 833.262,99, 87
20, 11, 14, 742, 745, 69.3386, 76.8917,10, 9
20, 11, 15, 742, 642, 210.715, 247.59,27, 23
20, 11, 16, 742, 731, 143.372, 187.322,23, 17
20, 11, 17, 742, 677, 131.511, 182.476,23, 16
20, 11, 18, 742, 609, 207.552, 247.834,30, 25
20, 11, 19, 742, 678, 100.415, 149.123,18, 12
20, 11, 20, 742, 735, 126.139, 146.442,16, 14
20, 11, 21, 742, 607, 157.556, 183.777,22, 19
20, 11, 22, 742, 637, 90.1698, 97.0024,11, 10
20, 11, 23, 742, 877, 153.449, 246.06,28, 17
20, 11, 24, 742, 753, 217.438, 405.222,43, 22
20, 11, 25, 742, 758, 139.938, 184.786,19, 14
20, 11, 26, 742, 838, 144.786, 158.959,21, 19
20, 11, 27, 742, 625, 71.5257, 71.5257,8, 8
20, 11, 28, 742, 690, 207.973, 255.712,29, 23
20, 11, 29, 742, 779, 283.024, 396.76,47, 32
20, 11, 30, 742, 781, 113.849, 128.195,16, 14
20, 11, 31, 742, 614, 191.242, 216.696,26, 23
20, 11, 32, 742, 858, 100.373, 114.947,14, 12
20, 11, 33, 742, 703, 740.951, 1141.8,132, 81
20, 11, 34, 742, 608, 373.822, 445.352,47, 38
20, 11, 35, 742, 659, 511.919, 756.976,86, 56
20, 11, 36, 742, 707, 727.784, 901.31,100, 79
20, 11, 37, 742, 880, 100.734, 130.339,16, 12
20, 11, 38, 742, 729, 635.545, 959.94,117, 76
20, 11, 39, 742, 681, 1042.17, 1588.37,183, 115
20, 11, 40, 742, 696, 227.537, 283.399,34, 27
20, 11, 41, 742, 610, 233.866, 336.217,39, 26
20, 11, 42, 742, 641, 524.562, 706.629,81, 57
20, 11, 43, 742, 620, 772.384, 1069.99,124, 86
20, 11, 44, 742, 667, 193.721, 193.721,23, 23
20, 11, 45, 742, 757, 554.199, 913.722,109, 63
20, 11, 46, 742, 765, 408.561, 594.824,68, 46
20, 11, 47, 742, 785, 400.24, 653.945,76, 45
20, 12, 1, 708, 638, 37.8621, 45.4986,6, 5
20, 12, 2, 708, 605, 101, 146.275,17, 11
20, 12, 3, 708, 528, 41.0524, 49.453,6, 5
20, 12, 4, 708, 838, 91.3671, 193.44,17, 8
20, 12, 5, 708, 883, 297.165, 358.336,38, 32
20, 12, 6, 708, 786, 367.382, 608.276,66, 39
20, 12, 7, 708, 692, 169.091, 228.977,23, 17
20, 12, 8, 708, 720, 254.35, 315.055,35, 29
20, 12, 9, 708, 616, 337.08, 459.938,50, 35
20, 12, 10, 708, 709, 794.729, 936.707,106, 89
20, 12, 11, 708, 742, 1617.31, 1904.82,195, 161
20, 12, 13, 708, 882, 1253.82, 1550.84,177, 139
20, 12, 14, 708, 745, 48.7969, 65.545,8, 6
20, 12, 15, 708, 642, 200.363, 238.457,24, 20
20, 12, 16, 708, 731, 89.1404, 119.374,16, 12
20, 12, 17, 708, 677, 100.07, 109.069,14, 13
20, 12, 18, 708, 609, 204.637, 221.805,27, 25
20, 12, 19, 708, 678, 162.562, 200.436,24, 19
20, 12, 20, 708, 735, 197.085, 224.353,26, 23
20, 12, 21, 708, 607, 181.26, 205.717,23, 20
20, 12, 22, 708, 637, 110.381, 119.742,12, 11
20, 12, 23, 708, 877, 68.349, 75.6299,10, 9
20, 12, 24, 708, 753, 41.5667, 41.5667,5, 5
20, 12, 25, 708, 758, 165.196, 204.373,24, 19
20, 12, 26, 708, 838, 135.014, 174.233,21, 16
20, 12, 27, 708, 625, 74.8287, 89.8691,9, 8
20, 12, 28, 708, 690, 160.9, 220.977,23, 16
20, 12, 29, 708, 779, 250.022, 325.537,33, 26
20, 12, 30, 708, 781, 126.246, 144.847,17, 15
20, 12, 31, 708, 614, 116.538, 130.163,16, 14
20, 12, 32, 708, 858, 83.8715, 110.064,13, 10
20, 12, 33, 708, 703, 235.463, 287.957,31, 25
20, 12, 34, 708, 608, 431.042, 523.374,59, 47
20, 12, 35, 708, 659, 180.623, 201.942,24, 21
20, 12, 36, 708, 707, 823.385, 1033.2,103, 81
20, 12, 37, 708, 880, 97.3653, 122.071,14, 11
20, 12, 38, 708, 729, 76.222, 99.2067,11, 9
20, 12, 39, 708, 681, 196.077, 226.272,27, 23
20, 12, 40, 708, 696, 281.612, 345.999,40, 32
20, 12, 41, 708, 610, 387.675, 501.553,59, 44
20, 12, 42, 708, 641, 542.03, 655.12,76, 61
20, 12, 43, 708, 620, 275.865, 364.552,41, 30
20, 12, 44, 708, 667, 274.794, 336.252,37, 30
20, 12, 45, 708, 757, 212.679, 312.636,36, 25
20, 12, 46, 708, 765, 360.013, 552.221,63, 40
20, 12, 47, 708, 785, 210.456, 316.358,36, 23
20, 13, 1, 882, 638, 43.7113, 50.5424,7, 6
20, 13, 2, 882, 605, 74.5927, 86.7659,9, 8
20, 13, 3, 882, 528, 14.0969, 14.0969,2, 2
20, 13, 4, 882, 838, 103.47, 291.601,38, 13
20, 13, 5, 882, 883, 284.927, 382.195,45, 32
20, 13, 6, 882, 786, 288.112, 521.487,60, 32
20, 13, 7, 882, 692, 91.6515, 105.419,14, 12
20, 13, 8, 882, 720, 697.621, 1249.39,151, 79
20, 13, 9, 882, 616, 86.0723, 131.732,17, 11
20, 13, 10, 882, 709, 288.381, 341.752,43, 36
20, 13, 11, 882, 742, 691.126, 833.263,99, 81
20, 13, 12, 882, 708, 1236.66, 1550.84,177, 138
20, 13, 14, 882, 745, 36.9607, 36.9607,5, 5
20, 13, 15, 882, 642, 120.116, 149.299,18, 14
20, 13, 16, 882, 731, 36.559, 43.6701,6, 5
20, 13, 17, 882, 677, 76.8341, 76.8341,10, 10
20, 13, 18, 882, 609, 131.452, 146.468,18, 16
20, 13, 19, 882, 678, 296.396, 420.181,51, 35
20, 13, 20, 882, 735, 132.676, 146.265,18, 16
20, 13, 21, 882, 607, 234.561, 285.961,34, 27
20, 13, 22, 882, 637, 63.0051, 75.5996,8, 7
20, 13, 23, 882, 877, 64.2886, 138.295,18, 8
20, 13, 24, 882, 753, 24.2781, 52.2846,7, 3
20, 13, 25, 882, 758, 139.826, 146.602,18, 17
20, 13, 26, 882, 838, 231.601, 362.474,46, 28
20, 13, 27, 882, 625, 23.1379, 23.1379,3, 3
20, 13, 28, 882, 690, 115.859, 131.316,14, 12
20, 13, 29, 882, 779, 308.259, 412.184,50, 36
20, 13, 30, 882, 781, 207.168, 357.315,42, 23
20, 13, 31, 882, 614, 113.648, 131.398,14, 12
20, 13, 32, 882, 858, 30.6044, 59.0399,8, 4
20, 13, 33, 882, 703, 219.629, 270.158,33, 26
20, 13, 34, 882, 608, 296.754, 349.842,40, 34
20, 13, 35, 882, 659, 70.0743, 70.0743,9, 9
20, 13, 36, 882, 707, 499.146, 570.839,67, 57
20, 13, 37, 882, 880, 24.9319, 40.1546,5, 3
20, 13, 38, 882, 729, 54.8052, 76.0476,10, 7
20, 13, 39, 882, 681, 102.196, 124.51,16, 13
20, 13, 40, 882, 696, 505.872, 683.566,74, 53
20, 13, 41, 882, 610, 399.462, 507.589,54, 41
20, 13, 42, 882, 641, 344.414, 443.195,50, 37
20, 13, 43, 882, 620, 149.572, 177.432,22, 18
20, 13, 44, 882, 667, 192.972, 279.42,28, 18
20, 13, 45, 882, 757, 106.546, 144.97,17, 12
20, 13, 46, 882, 765, 293.075, 501.703,58, 33
20, 13, 47, 882, 785, 121.546, 196.06,23, 14
20, 14, 1, 745, 638, 131.876, 158.013,18, 15
20, 14, 2, 745, 605, 96.3357, 96.3357,11, 11
20, 14, 3, 745, 528, 46.0939, 46.0939,5, 5
20, 14, 4, 745, 838, 87.8613, 94.8183,12, 11
20, 14, 5, 745, 883, 66.8664, 73.8318,10, 9
20, 14, 6, 745, 786, 96.4593, 117.814,15, 12
20, 14, 7, 745, 692, 1410.36, 1479.74,152, 144
20, 14, 8, 745, 720, 278.298, 278.298,35, 35
20, 14, 9, 745, 616, 6.7974, 6.7974,1, 1
20, 14, 10, 745, 709, 58.9371, 66.7247,8, 7
20, 14, 11, 745, 742, 69.0418, 76.8914,10, 9
20, 14, 12, 745, 708, 65.5447, 65.5447,8, 8
20, 14, 13, 745, 882, 36.9606, 36.9606,5, 5
20, 14, 15, 745, 642, 851.011, 904.724,103, 96
20, 14, 16, 745, 731, 362.384, 377.742,45, 43
20, 14, 17, 745, 677, 580.456, 618.028,66, 61
20, 14, 18, 745, 609, 260.464, 268.909,32, 31
20, 14, 19, 745, 678, 114.553, 114.553,14, 14
20, 14, 20, 745, 735, 823.769, 905.325,104, 93
20, 14, 21, 745, 607, 110.118, 110.118,14, 14
20, 14, 22, 745, 637, 311.07, 377.958,43, 34
20, 14, 23, 745, 877, 563.368, 600.106,69, 64
20, 14, 24, 745, 753, 396.836, 425.537,49, 45
20, 14, 25, 745, 758, 1315.63, 1404.05,141, 129
20, 14, 26, 745, 838, 81.4314, 81.4314,10, 10
20, 14, 27, 745, 625, 111.137, 163.438,17, 11
20, 14, 28, 745, 690, 171.859, 179.733,19, 18
20, 14, 29, 745, 779, 35.1116, 41.887,5, 4
20, 14, 30, 745, 781, 54.595, 54.595,7, 7
20, 14, 31, 745, 614, 71.1596, 78.3444,9, 8
20, 14, 32, 745, 858, 1558.56, 1774.69,180, 155
20, 14, 33, 745, 703, 7.30026, 7.30026,1, 1
20, 14, 34, 745, 608, 182.735, 182.735,22, 22
20, 14, 35, 745, 659, 208.6, 208.6,24, 24
20, 14, 36, 745, 707, 93.6849, 100.565,12, 11
20, 14, 37, 745, 880, 1517.5, 1736.76,186, 158
20, 14, 38, 745, 729, 20.3741, 20.3741,2, 2
20, 14, 39, 745, 681, 138.84, 152.596,19, 17
20, 14, 40, 745, 696, 7.52052, 7.52052,1, 1
20, 14, 41, 745, 610, 26.4236, 26.4236,3, 3
20, 14, 42, 745, 641, 60.5108, 60.5108,8, 8
20, 14, 43, 745, 620, 38.7008, 46.1682,6, 5
20, 14, 44, 745, 667, 116.147, 116.147,15, 15
20, 14, 45, 745, 757, 105.1, 111.898,15, 14
20, 14, 46, 745, 765, 155.07, 155.07,18, 18
20, 14, 47, 745, 785, 214.959, 237.203,28, 25
20, 15, 1, 642, 638, 22.1101, 22.1101,3, 3
20, 15, 2, 642, 605, 210.71, 267.292,30, 22
20, 15, 3, 642, 528, 126.064, 126.064,15, 15
20, 15, 4, 642, 838, 121.711, 165.339,22, 16
20, 15, 5, 642, 883, 158.843, 184.639,20, 17
20, 15, 6, 642, 786, 105.985, 129.368,15, 12
20, 15, 7, 642, 692, 1352.56, 1466.13,155, 140
20, 15, 8, 642, 720, 1041.07, 1217.87,132, 109
20, 15, 9, 642, 616, 0, 0,0, 0
20, 15, 10, 642, 709, 74.9441, 82.3157,8, 7
20, 15, 11, 642, 742, 210.596, 247.59,27, 23
20, 15, 12, 642, 708, 223.469, 238.457,24, 22
20, 15, 13, 642, 882, 141.551, 149.299,18, 17
20, 15, 14, 642, 745, 876.148, 904.724,103, 99
20, 15, 16, 642, 731, 140.023, 140.023,16, 16
20, 15, 17, 642, 677, 312.481, 349.126,42, 37
20, 15, 18, 642, 609, 544.165, 603.057,62, 55
20, 15, 19, 642, 678, 423.292, 487.838,58, 49
20, 15, 20, 642, 735, 1844.88, 2026.74,206, 186
20, 15, 21, 642, 607, 526.353, 609.144,64, 53
20, 15, 22, 642, 637, 519.809, 558.352,63, 58
20, 15, 23, 642, 877, 271.475, 271.475,34, 34
20, 15, 24, 642, 753, 136.637, 136.637,17, 17
20, 15, 25, 642, 758, 1082.25, 1172.64,123, 112
20, 15, 26, 642, 838, 193.543, 213.794,28, 25
20, 15, 27, 642, 625, 103.885, 103.885,12, 12
20, 15, 28, 642, 690, 259.829, 313.708,34, 27
20, 15, 29, 642, 779, 120.05, 120.05,16, 16
20, 15, 30, 642, 781, 174.248, 211.227,23, 19
20, 15, 31, 642, 614, 171.001, 182.813,22, 21
20, 15, 32, 642, 858, 523.585, 562.839,65, 60
20, 15, 33, 642, 703, 149.396, 156.604,18, 17
20, 15, 34, 642, 608, 422.645, 444.034,50, 47
20, 15, 35, 642, 659, 127.319, 142.992,17, 15
20, 15, 36, 642, 707, 199.785, 199.785,22, 22
20, 15, 37, 642, 880, 385.147, 393.762,44, 43
20, 15, 38, 642, 729, 77.2466, 84.0707,9, 8
20, 15, 39, 642, 681, 51.5468, 59.2408,7, 6
20, 15, 40, 642, 696, 127.265, 127.265,14, 14
20, 15, 41, 642, 610, 134.651, 156.551,20, 17
20, 15, 42, 642, 641, 166.915, 166.915,19, 19
20, 15, 43, 642, 620, 125.455, 139.174,17, 15
20, 15, 44, 642, 667, 153.229, 173.977,22, 19
20, 15, 45, 642, 757, 44.1209, 44.1209,6, 6
20, 15, 46, 642, 765, 155.289, 155.289,18, 18
20, 15, 47, 642, 785, 187.847, 225.93,28, 23
20, 16, 1, 731, 638, 230.159, 237.247,29, 28
20, 16, 2, 731, 605, 92.2317, 106.934,12, 10
20, 16, 3, 731, 528, 150.199, 172.886,21, 18
20, 16, 4, 731, 838, 88.6394, 88.6394,11, 11
20, 16, 5, 731, 883, 50.4314, 57.1503,8, 7
20, 16, 6, 731, 786, 124.824, 182.639,23, 16
20, 16, 7, 731, 692, 192.808, 207.135,25, 23
20, 16, 8, 731, 720, 95.8426, 102.953,13, 12
20, 16, 9, 731, 616, 93.2, 128.987,17, 12
20, 16, 10, 731, 709, 196.793, 297.078,33, 21
20, 16, 11, 731, 742, 139.398, 187.321,23, 17
20, 16, 12, 731, 708, 90.1815, 119.374,16, 12
20, 16, 13, 731, 882, 43.67, 43.67,6, 6
20, 16, 14, 731, 745, 323.896, 377.739,45, 38
20, 16, 15, 731, 642, 124.62, 140.024,16, 14
20, 16, 17, 731, 677, 920.79, 1094.39,120, 98
20, 16, 18, 731, 609, 415.827, 437.514,51, 48
20, 16, 19, 731, 678, 142.907, 151.141,19, 18
20, 16, 20, 731, 735, 148.993, 171.225,20, 17
20, 16, 21, 731, 607, 21.4403, 28.1473,3, 2
20, 16, 22, 731, 637, 85.448, 109.819,12, 9
20, 16, 23, 731, 877, 204.144, 282.808,31, 21
20, 16, 24, 731, 753, 252.335, 289.149,37, 32
20, 16, 25, 731, 758, 202.161, 232.622,27, 23
20, 16, 26, 731, 838, 58.2461, 65.4253,9, 8
20, 16, 27, 731, 625, 167.397, 206.978,26, 21
20, 16, 28, 731, 690, 248.207, 271.571,32, 29
20, 16, 29, 731, 779, 52.6684, 74.7737,9, 6
20, 16, 30, 731, 781, 43.2431, 43.2431,6, 6
20, 16, 31, 731, 614, 149.451, 157.062,20, 19
20, 16, 32, 731, 858, 526.938, 702.088,79, 57
20, 16, 33, 731, 703, 44.3217, 102.106,11, 4
20, 16, 34, 731, 608, 108.581, 134.805,16, 13
20, 16, 35, 731, 659, 317.252, 378.416,45, 37
20, 16, 36, 731, 707, 109.845, 140.773,17, 13
20, 16, 37, 731, 880, 478.227, 620.292,74, 56
20, 16, 38, 731, 729, 76.4191, 102.935,12, 9
20, 16, 39, 731, 681, 305.87, 422.367,50, 35
20, 16, 40, 731, 696, 26.4396, 33.8007,4, 3
20, 16, 41, 731, 610, 14.7119, 14.7119,2, 2
20, 16, 42, 731, 641, 30.9617, 37.8961,5, 4
20, 16, 43, 731, 620, 42.0366, 71.6555,9, 5
20, 16, 44, 731, 667, 42.0378, 58.3635,7, 5
20, 16, 45, 731, 757, 114.929, 129.615,17, 15
20, 16, 46, 731, 765, 135.933, 188.708,23, 16
20, 16, 47, 731, 785, 154.569, 216.592,26, 18
20, 17, 1, 677, 638, 173.689, 188.071,23, 21
20, 17, 2, 677, 605, 234.155, 255.726,26, 23
20, 17, 3, 677, 528, 138.35, 138.35,17, 17
20, 17, 4, 677, 838, 121.942, 144.807,18, 15
20, 17, 5, 677, 883, 67.6255, 67.6255,9, 9
20, 17, 6, 677, 786, 75.2418, 89.8168,11, 9
20, 17, 7, 677, 692, 464.082, 514.606,57, 50
20, 17, 8, 677, 720, 183.018, 218.357,29, 24
20, 17, 9, 677, 616, 17.4413, 24.7484,3, 2
20, 17, 10, 677, 709, 139.134, 147.335,16, 15
20, 17, 11, 677, 742, 159.079, 182.476,23, 20
20, 17, 12, 677, 708, 101.749, 109.069,14, 13
20, 17, 13, 677, 882, 70.0367, 76.8343,10, 9
20, 17, 14, 677, 745, 547.376, 618.029,66, 59
20, 17, 15, 677, 642, 335.217, 349.126,42, 40
20, 17, 16, 677, 731, 974.192, 1094.39,120, 106
20, 17, 18, 677, 609, 856.045, 929.865,104, 95
20, 17, 19, 677, 678, 386.902, 430.734,53, 47
20, 17, 20, 677, 735, 311.519, 311.519,36, 36
20, 17, 21, 677, 607, 148.037, 184.967,22, 17
20, 17, 22, 677, 637, 276.013, 314.003,33, 28
20, 17, 23, 677, 877, 263.061, 293.806,32, 28
20, 17, 24, 677, 753, 118.77, 141.169,18, 15
20, 17, 25, 677, 758, 594.085, 674.172,73, 63
20, 17, 26, 677, 838, 128.916, 142.511,19, 17
20, 17, 27, 677, 625, 200.375, 210.031,24, 23
20, 17, 28, 677, 690, 351.945, 384.426,39, 35
20, 17, 29, 677, 779, 27.5439, 27.5439,3, 3
20, 17, 30, 677, 781, 189.752, 197.253,23, 22
20, 17, 31, 677, 614, 236.11, 257.219,31, 28
20, 17, 32, 677, 858, 341.737, 383.295,43, 38
20, 17, 33, 677, 703, 63.0152, 77.4054,10, 8
20, 17, 34, 677, 608, 292.699, 324.107,38, 34
20, 17, 35, 677, 659, 259.368, 282.796,32, 29
20, 17, 36, 677, 707, 175.098, 181.851,22, 21
20, 17, 37, 677, 880, 308.909, 335.032,38, 35
20, 17, 38, 677, 729, 46.2, 46.2,4, 4
20, 17, 39, 677, 681, 176.498, 183.372,22, 21
20, 17, 40, 677, 696, 52.4321, 52.4321,7, 7
20, 17, 41, 677, 610, 56.6247, 56.6247,6, 6
20, 17, 42, 677, 641, 79.2501, 79.2501,10, 10
20, 17, 43, 677, 620, 78.8802, 85.6937,11, 10
20, 17, 44, 677, 667, 108.395, 115.106,15, 14
20, 17, 45, 677, 757, 98.5444, 105.487,14, 13
20, 17, 46, 677, 765, 98.1048, 113.234,14, 12
20, 17, 47, 677, 785, 125.599, 132.436,15, 14
20, 18, 1, 609, 638, 79.8547, 87.8668,11, 10
20, 18, 2, 609, 605, 256.522, 295.465,34, 29
20, 18, 3, 609, 528, 155.58, 170.32,20, 18
20, 18, 4, 609, 838, 222.432, 321.919,40, 26
20, 18, 5, 609, 883, 99.058, 131.513,16, 12
20, 18, 6, 609, 786, 72.9752, 87.0386,11, 9
20, 18, 7, 609, 692, 479.918, 569.329,68, 56
20, 18, 8, 609, 720, 403.792, 552.161,65, 45
20, 18, 9, 609, 616, 0, 0,0, 0
20, 18, 10, 609, 709, 88.3753, 104.803,12, 10
20, 18, 11, 609, 742, 217.915, 247.834,30, 26
20, 18, 12, 609, 708, 193.408, 221.804,27, 23
20, 18, 13, 609, 882, 138.078, 146.467,18, 17
20, 18, 14, 609, 745, 240.64, 268.909,32, 28
20, 18, 15, 609, 642, 534.378, 603.06,62, 53
20, 18, 16, 609, 731, 409.122, 437.514,51, 47
20, 18, 17, 609, 677, 851.067, 929.867,104, 94
20, 18, 19, 609, 678, 742.072, 909.632,108, 85
20, 18, 20, 609, 735, 608.093, 727.295,81, 66
20, 18, 21, 609, 607, 207.657, 311.057,39, 25
20, 18, 22, 609, 637, 227.093, 289.597,34, 26
20, 18, 23, 609, 877, 85.659, 85.659,11, 11
20, 18, 24, 609, 753, 80.1079, 80.1079,10, 10
20, 18, 25, 609, 758, 373.562, 413.692,49, 44
20, 18, 26, 609, 838, 224.737, 386.097,45, 24
20, 18, 27, 609, 625, 186.513, 228.839,29, 23
20, 18, 28, 609, 690, 381.316, 463.183,56, 45
20, 18, 29, 609, 779, 113.236, 113.236,14, 14
20, 18, 30, 609, 781, 314.73, 413.911,51, 38
20, 18, 31, 609, 614, 285.663, 379.196,43, 31
20, 18, 32, 609, 858, 119.795, 135.241,16, 14
20, 18, 33, 609, 703, 77.8974, 84.9295,10, 9
20, 18, 34, 609, 608, 366.681, 407.284,46, 41
20, 18, 35, 609, 659, 157.845, 174.76,21, 19
20, 18, 36, 609, 707, 193.304, 214.909,23, 20
20, 18, 37, 609, 880, 106.671, 106.671,14, 14
20, 18, 38, 609, 729, 48.4753, 48.4753,6, 6
20, 18, 39, 609, 681, 131.564, 131.564,17, 17
20, 18, 40, 609, 696, 154.376, 188.836,23, 18
20, 18, 41, 609, 610, 158.894, 175.752,22, 20
20, 18, 42, 609, 641, 236.725, 277.162,29, 24
20, 18, 43, 609, 620, 80.1617, 80.1617,10, 10
20, 18, 44, 609, 667, 93.6313, 110.551,13, 11
20, 18, 45, 609, 757, 29.9355, 29.9355,4, 4
20, 18, 46, 609, 765, 169.144, 204.247,23, 19
20, 18, 47, 609, 785, 108.454, 123.28,14, 12
20, 19, 1, 678, 638, 6.69206, 6.69206,1, 1
20, 19, 2, 678, 605, 134.122, 190.73,24, 16
20, 19, 3, 678, 528, 29.6994, 43.3053,6, 4
20, 19, 4, 678, 838, 146.331, 582.624,74, 17
20, 19, 5, 678, 883, 125.029, 194.411,25, 16
20, 19, 6, 678, 786, 54.5176, 61.2105,7, 6
20, 19, 7, 678, 692, 237.731, 520.763,64, 27
20, 19, 8, 678, 720, 949.126, 1700.5,193, 100
20, 19, 9, 678, 616, 7.49113, 7.49113,1, 1
20, 19, 10, 678, 709, 15.2601, 15.2601,2, 2
20, 19, 11, 678, 742, 111.471, 149.123,18, 13
20, 19, 12, 678, 708, 186.609, 200.436,24, 22
20, 19, 13, 678, 882, 330.246, 420.181,51, 39
20, 19, 14, 678, 745, 106.596, 114.553,14, 13
20, 19, 15, 678, 642, 402.756, 487.838,58, 47
20, 19, 16, 678, 731, 137.199, 151.141,19, 17
20, 19, 17, 678, 677, 333.085, 430.733,53, 40
20, 19, 18, 678, 609, 730.02, 909.632,108, 84
20, 19, 20, 678, 735, 438.677, 589.192,72, 53
20, 19, 21, 678, 607, 311.664, 669.504,80, 34
20, 19, 22, 678, 637, 140.55, 284.345,33, 15
20, 19, 23, 678, 877, 32.635, 46.1585,6, 4
20, 19, 24, 678, 753, 28.04, 28.04,4, 4
20, 19, 25, 678, 758, 231.428, 348.05,43, 27
20, 19, 26, 678, 838, 328.12, 972.226,119, 36
20, 19, 27, 678, 625, 78.1337, 92.3282,11, 9
20, 19, 28, 678, 690, 234.831, 446.195,54, 27
20, 19, 29, 678, 779, 169.378, 206.494,26, 21
20, 19, 30, 678, 781, 457.901, 883.374,103, 51
20, 19, 31, 678, 614, 167.512, 211.225,25, 19
20, 19, 32, 678, 858, 53.4271, 53.4271,7, 7
20, 19, 33, 678, 703, 128.101, 137.294,16, 15
20, 19, 34, 678, 608, 227.032, 283.319,34, 27
20, 19, 35, 678, 659, 79.5096, 79.5096,10, 10
20, 19, 36, 678, 707, 152.488, 181.656,21, 17
20, 19, 37, 678, 880, 58.8001, 65.8591,9, 8
20, 19, 38, 678, 729, 7.59493, 7.59493,1, 1
20, 19, 39, 678, 681, 51.0909, 51.0909,7, 7
20, 19, 40, 678, 696, 359.39, 562.916,67, 40
20, 19, 41, 678, 610, 248.906, 286.97,33, 28
20, 19, 42, 678, 641, 241.983, 257.694,30, 28
20, 19, 43, 678, 620, 134.344, 141.031,16, 15
20, 19, 44, 678, 667, 87.7593, 102.162,12, 10
20, 19, 45, 678, 757, 30.605, 30.605,4, 4
20, 19, 46, 678, 765, 94.1352, 154.611,20, 12
20, 19, 47, 678, 785, 79.8156, 126.356,15, 9
20, 20, 1, 735, 638, 22.348, 22.348,3, 3
20, 20, 2, 735, 605, 179.414, 216.416,24, 19
20, 20, 3, 735, 528, 92.6303, 99.3502,12, 11
20, 20, 4, 735, 838, 173.564, 224.259,28, 21
20, 20, 5, 735, 883, 181.341, 204.153,24, 21
20, 20, 6, 735, 786, 161.417, 182.752,22, 19
20, 20, 7, 735, 692, 1230.47, 1344.62,143, 128
20, 20, 8, 735, 720, 1035.1, 1169.91,132, 115
20, 20, 9, 735, 616, 6.73529, 6.73529,1, 1
20, 20, 10, 735, 709, 52.979, 52.979,6, 6
20, 20, 11, 735, 742, 137.831, 146.443,16, 15
20, 20, 12, 735, 708, 192.671, 224.353,26, 22
20, 20, 13, 735, 882, 139.333, 146.265,18, 17
20, 20, 14, 735, 745, 830.853, 905.326,104, 94
20, 20, 15, 735, 642, 1844.96, 2026.75,206, 185
20, 20, 16, 735, 731, 155.165, 171.225,20, 18
20, 20, 17, 735, 677, 295.231, 311.519,36, 34
20, 20, 18, 735, 609, 601.507, 727.295,81, 65
20, 20, 19, 735, 678, 511.927, 589.192,72, 61
20, 20, 21, 735, 607, 470.744, 493.488,56, 53
20, 20, 22, 735, 637, 504.979, 542.653,59, 54
20, 20, 23, 735, 877, 265.21, 288.165,35, 32
20, 20, 24, 735, 753, 159.143, 159.143,21, 21
20, 20, 25, 735, 758, 1483.08, 1673.97,170, 146
20, 20, 26, 735, 838, 311.485, 368.065,43, 36
20, 20, 27, 735, 625, 150, 180.9,20, 16
20, 20, 28, 735, 690, 262.782, 316.215,36, 29
20, 20, 29, 735, 779, 134.18, 143.167,16, 15
20, 20, 30, 735, 781, 257.794, 327.21,38, 29
20, 20, 31, 735, 614, 192.517, 223.088,26, 22
20, 20, 32, 735, 858, 703.926, 758.728,87, 80
20, 20, 33, 735, 703, 110.408, 129.197,15, 13
20, 20, 34, 735, 608, 346.377, 412.44,44, 37
20, 20, 35, 735, 659, 102.218, 102.218,13, 13
20, 20, 36, 735, 707, 226.482, 250.929,26, 24
20, 20, 37, 735, 880, 651.906, 742.995,82, 71
20, 20, 38, 735, 729, 40.3752, 40.3752,4, 4
20, 20, 39, 735, 681, 56.7356, 63.4163,8, 7
20, 20, 40, 735, 696, 158.117, 171.949,21, 19
20, 20, 41, 735, 610, 138.786, 165.72,20, 17
20, 20, 42, 735, 641, 157.797, 172.592,21, 19
20, 20, 43, 735, 620, 77.2374, 77.2374,9, 9
20, 20, 44, 735, 667, 127.564, 127.564,14, 14
20, 20, 45, 735, 757, 97.7836, 105.176,13, 12
20, 20, 46, 735, 765, 161.283, 168.077,21, 20
20, 20, 47, 735, 785, 162.819, 169.516,20, 19
20, 21, 1, 607, 638, 6.89004, 6.89004,1, 1
20, 21, 2, 607, 605, 140.649, 183.976,22, 16
20, 21, 3, 607, 528, 57.4209, 57.4209,7, 7
20, 21, 4, 607, 838, 147.436, 453.172,59, 18
20, 21, 5, 607, 883, 172.48, 274.991,33, 19
20, 21, 6, 607, 786, 112.778, 128.167,15, 13
20, 21, 7, 607, 692, 283.062, 466.102,55, 32
20, 21, 8, 607, 720, 644.457, 1012.93,117, 69
20, 21, 9, 607, 616, 0, 0,0, 0
20, 21, 10, 607, 709, 55.7544, 55.7544,4, 4
20, 21, 11, 607, 742, 146.718, 183.775,22, 17
20, 21, 12, 607, 708, 168.478, 205.716,23, 19
20, 21, 13, 607, 882, 231.022, 285.961,34, 27
20, 21, 14, 607, 745, 95.805, 110.118,14, 12
20, 21, 15, 607, 642, 505.306, 609.145,64, 52
20, 21, 16, 607, 731, 28.1471, 28.1471,3, 3
20, 21, 17, 607, 677, 116.499, 184.967,22, 13
20, 21, 18, 607, 609, 172.668, 311.057,39, 20
20, 21, 19, 607, 678, 359.676, 669.502,80, 40
20, 21, 20, 607, 735, 426.044, 493.488,56, 48
20, 21, 22, 607, 637, 983.269, 1154.11,128, 107
20, 21, 23, 607, 877, 355.67, 391.624,49, 44
20, 21, 24, 607, 753, 123.414, 123.414,16, 16
20, 21, 25, 607, 758, 301.801, 393.233,45, 33
20, 21, 26, 607, 838, 548.526, 851.979,101, 63
20, 21, 27, 607, 625, 39.4856, 39.4856,4, 4
20, 21, 28, 607, 690, 224.151, 321.042,34, 23
20, 21, 29, 607, 779, 81.5178, 81.5178,11, 11
20, 21, 30, 607, 781, 233.025, 406.726,46, 25
20, 21, 31, 607, 614, 130.111, 193.691,21, 14
20, 21, 32, 607, 858, 86.158, 86.158,8, 8
20, 21, 33, 607, 703, 95.6072, 142.32,17, 11
20, 21, 34, 607, 608, 322.849, 401.477,43, 33
20, 21, 35, 607, 659, 44.256, 44.256,4, 4
20, 21, 36, 607, 707, 185.742, 223.182,25, 21
20, 21, 37, 607, 880, 62.8758, 62.8758,7, 7
20, 21, 38, 607, 729, 38.6341, 38.6341,4, 4
20, 21, 39, 607, 681, 51.6706, 51.6706,6, 6
20, 21, 40, 607, 696, 191.039, 270.223,30, 20
20, 21, 41, 607, 610, 182.846, 262.476,30, 20
20, 21, 42, 607, 641, 156.637, 212.684,23, 17
20, 21, 43, 607, 620, 92.8858, 123.526,15, 11
20, 21, 44, 607, 667, 284.515, 349.562,41, 32
20, 21, 45, 607, 757, 31.5753, 46.4652,6, 4
20, 21, 46, 607, 765, 183.991, 198.136,23, 21
20, 21, 47, 607, 785, 197.618, 242.111,28, 22
20, 22, 1, 637, 638, 31.6094, 31.6094,4, 4
20, 22, 2, 637, 605, 239.696, 293.143,31, 24
20, 22, 3, 637, 528, 36.2412, 36.2412,4, 4
20, 22, 4, 637, 838, 197.701, 285.459,32, 21
20, 22, 5, 637, 883, 171.846, 200.881,25, 21
20, 22, 6, 637, 786, 182.478, 241.431,26, 19
20, 22, 7, 637, 692, 587.662, 661.901,77, 67
20, 22, 8, 637, 720, 397.399, 470.552,55, 46
20, 22, 9, 637, 616, 0, 0,0, 0
20, 22, 10, 637, 709, 50.132, 50.132,4, 4
20, 22, 11, 637, 742, 82.3172, 97.0023,11, 9
20, 22, 12, 637, 708, 119.743, 119.743,12, 12
20, 22, 13, 637, 882, 75.6, 75.6,8, 8
20, 22, 14, 637, 745, 326.025, 377.958,43, 36
20, 22, 15, 637, 642, 541.87, 558.353,63, 61
20, 22, 16, 637, 731, 95.3789, 109.819,12, 10
20, 22, 17, 637, 677, 257.94, 314.002,33, 26
20, 22, 18, 637, 609, 245.662, 289.597,34, 28
20, 22, 19, 637, 678, 229.861, 284.343,33, 26
20, 22, 20, 637, 735, 476.505, 542.652,59, 50
20, 22, 21, 637, 607, 990.87, 1154.11,128, 107
20, 22, 23, 637, 877, 748.936, 807.777,92, 84
20, 22, 24, 637, 753, 299.877, 350.201,42, 36
20, 22, 25, 637, 758, 510.201, 571.656,62, 54
20, 22, 26, 637, 838, 319.876, 385.431,45, 37
20, 22, 27, 637, 625, 58.9323, 70.2238,7, 6
20, 22, 28, 637, 690, 242.343, 280.762,29, 24
20, 22, 29, 637, 779, 69.2503, 69.2503,8, 8
20, 22, 30, 637, 781, 136.126, 198.179,21, 14
20, 22, 31, 637, 614, 137.331, 174.194,21, 16
20, 22, 32, 637, 858, 114.716, 129.216,14, 12
20, 22, 33, 637, 703, 78.2846, 85.4375,10, 9
20, 22, 34, 637, 608, 323.653, 398.943,42, 33
20, 22, 35, 637, 659, 110.359, 117.873,13, 12
20, 22, 36, 637, 707, 143.476, 174.882,20, 16
20, 22, 37, 637, 880, 167.39, 174.82,21, 20
20, 22, 38, 637, 729, 49.0798, 49.0798,4, 4
20, 22, 39, 637, 681, 139.398, 162.543,17, 14
20, 22, 40, 637, 696, 110.667, 133.312,17, 14
20, 22, 41, 637, 610, 105.678, 105.678,13, 13
20, 22, 42, 637, 641, 98.3472, 120.611,13, 10
20, 22, 43, 637, 620, 97.2631, 104.353,12, 11
20, 22, 44, 637, 667, 241.922, 311.27,37, 28
20, 22, 45, 637, 757, 118.318, 158.733,19, 14
20, 22, 46, 637, 765, 296.247, 329.069,39, 35
20, 22, 47, 637, 785, 445.808, 583.096,63, 46
20, 23, 1, 877, 638, 116.593, 116.593,15, 15
20, 23, 2, 877, 605, 72.1907, 72.1907,9, 9
20, 23, 3, 877, 528, 92.5907, 92.5907,11, 11
20, 23, 4, 877, 838, 84.6407, 84.6407,11, 11
20, 23, 5, 877, 883, 68.8354, 114.43,14, 8
20, 23, 6, 877, 786, 221.916, 294.129,34, 25
20, 23, 7, 877, 692, 346.056, 399.164,50, 43
20, 23, 8, 877, 720, 96.2869, 103.005,13, 12
20, 23, 9, 877, 616, 202.221, 343.018,38, 22
20, 23, 10, 877, 709, 305.667, 539.569,58, 31
20, 23, 11, 877, 742, 153.324, 246.059,28, 17
20, 23, 12, 877, 708, 75.6299, 75.6299,10, 10
20, 23, 13, 877, 882, 116.927, 138.295,18, 15
20, 23, 14, 877, 745, 567.128, 600.106,69, 65
20, 23, 15, 877, 642, 250.315, 271.474,34, 31
20, 23, 16, 877, 731, 216.212, 282.807,31, 23
20, 23, 17, 877, 677, 251.147, 293.806,32, 27
20, 23, 18, 877, 609, 85.6588, 85.6588,11, 11
20, 23, 19, 877, 678, 46.1585, 46.1585,6, 6
20, 23, 20, 877, 735, 281.419, 288.165,35, 34
20, 23, 21, 877, 607, 354.718, 391.624,49, 44
20, 23, 22, 877, 637, 744.271, 807.777,92, 84
20, 23, 24, 877, 753, 1823.16, 2270.44,235, 181
20, 23, 25, 877, 758, 324.622, 368.846,42, 36
20, 23, 26, 877, 838, 194.314, 209.577,27, 25
20, 23, 27, 877, 625, 30.6575, 30.6575,4, 4
20, 23, 28, 877, 690, 70.0794, 76.8215,8, 7
20, 23, 29, 877, 779, 98.267, 129.182,17, 13
20, 23, 30, 877, 781, 22.8487, 22.8487,3, 3
20, 23, 31, 877, 614, 31.029, 31.029,4, 4
20, 23, 32, 877, 858, 639.079, 765.313,91, 74
20, 23, 33, 877, 703, 97.4391, 157.27,19, 11
20, 23, 34, 877, 608, 147.45, 147.45,18, 18
20, 23, 35, 877, 659, 313.081, 446.505,44, 30
20, 23, 36, 877, 707, 114.153, 166.837,21, 14
20, 23, 37, 877, 880, 605.916, 661.176,79, 72
20, 23, 38, 877, 729, 86.7787, 168.706,21, 10
20, 23, 39, 877, 681, 220.595, 342.7,36, 22
20, 23, 40, 877, 696, 55.8317, 92.2291,12, 7
20, 23, 41, 877, 610, 21.8235, 21.8235,3, 3
20, 23, 42, 877, 641, 209.91, 282.127,37, 27
20, 23, 43, 877, 620, 109.451, 149.139,17, 12
20, 23, 44, 877, 667, 141.593, 157.119,20, 18
20, 23, 45, 877, 757, 253.801, 361.573,42, 30
20, 23, 46, 877, 765, 258.742, 334.208,40, 31
20, 23, 47, 877, 785, 573.214, 786.022,90, 64
20, 24, 1, 753, 638, 123.627, 130.721,17, 16
20, 24, 2, 753, 605, 14.4625, 14.4625,2, 2
20, 24, 3, 753, 528, 51.6533, 74.6148,8, 6
20, 24, 4, 753, 838, 7.42319, 7.42319,1, 1
20, 24, 5, 753, 883, 86.6628, 141.523,16, 9
20, 24, 6, 753, 786, 223.898, 358.817,40, 24
20, 24, 7, 753, 692, 183.041, 191.969,24, 23
20, 24, 8, 753, 720, 31.114, 38.402,5, 4
20, 24, 9, 753, 616, 225.176, 571.213,64, 24
20, 24, 10, 753, 709, 415.004, 931.191,102, 44
20, 24, 11, 753, 742, 225.951, 405.219,43, 24
20, 24, 12, 753, 708, 26.2714, 41.5667,5, 3
20, 24, 13, 753, 882, 45.5405, 52.2845,7, 6
20, 24, 14, 753, 745, 383.527, 425.538,49, 44
20, 24, 15, 753, 642, 122.455, 136.637,17, 15
20, 24, 16, 753, 731, 238.155, 289.148,37, 30
20, 24, 17, 753, 677, 133.672, 141.169,18, 17
20, 24, 18, 753, 609, 71.0149, 80.1079,10, 9
20, 24, 19, 753, 678, 28.04, 28.04,4, 4
20, 24, 20, 753, 735, 143.604, 159.143,21, 19
20, 24, 21, 753, 607, 115.492, 123.414,16, 15
20, 24, 22, 753, 637, 311.505, 350.201,42, 37
20, 24, 23, 753, 877, 1743.55, 2270.44,235, 172
20, 24, 25, 753, 758, 282.516, 326.245,39, 33
20, 24, 26, 753, 838, 65.5136, 73.9815,9, 8
20, 24, 27, 753, 625, 37.7306, 37.7306,5, 5
20, 24, 28, 753, 690, 29.1231, 49.7472,7, 4
20, 24, 29, 753, 779, 50.2061, 72.5087,9, 6
20, 24, 30, 753, 781, 24.5321, 24.5321,3, 3
20, 24, 31, 753, 614, 30.5858, 30.5858,4, 4
20, 24, 32, 753, 858, 408.468, 509.373,60, 48
20, 24, 33, 753, 703, 113.145, 142.04,19, 15
20, 24, 34, 753, 608, 110.36, 144.175,17, 13
20, 24, 35, 753, 659, 320.85, 525.054,54, 32
20, 24, 36, 753, 707, 116.337, 193.729,24, 14
20, 24, 37, 753, 880, 488.954, 556.701,69, 60
20, 24, 38, 753, 729, 234.018, 263.223,32, 28
20, 24, 39, 753, 681, 325.422, 494.304,54, 35
20, 24, 40, 753, 696, 24.5026, 40.3128,5, 3
20, 24, 41, 753, 610, 13.9892, 13.9892,2, 2
20, 24, 42, 753, 641, 94.3498, 139.378,18, 12
20, 24, 43, 753, 620, 153.449, 198.719,26, 20
20, 24, 44, 753, 667, 83.8207, 112.126,15, 11
20, 24, 45, 753, 757, 351.362, 572.012,70, 42
20, 24, 46, 753, 765, 177.543, 306.244,36, 21
20, 24, 47, 753, 785, 457.173, 661.373,75, 52
20, 25, 1, 758, 638, 149.054, 172.6,21, 18
20, 25, 2, 758, 605, 240.204, 298.586,32, 24
20, 25, 3, 758, 528, 91.1542, 91.1542,11, 11
20, 25, 4, 758, 838, 200.74, 244.864,30, 24
20, 25, 5, 758, 883, 137.533, 162.22,20, 17
20, 25, 6, 758, 786, 138.109, 162.408,17, 15
20, 25, 7, 758, 692, 1690.79, 1833.22,184, 167
20, 25, 8, 758, 720, 532.905, 636.424,74, 61
20, 25, 9, 758, 616, 36.1451, 36.1451,5, 5
20, 25, 10, 758, 709, 71.9777, 71.9777,7, 7
20, 25, 11, 758, 742, 147.519, 184.785,19, 15
20, 25, 12, 758, 708, 174.874, 204.373,24, 21
20, 25, 13, 758, 882, 137.174, 146.602,18, 17
20, 25, 14, 758, 745, 1318.89, 1404.06,141, 130
20, 25, 15, 758, 642, 1068.61, 1172.64,123, 111
20, 25, 16, 758, 731, 183.656, 232.621,27, 21
20, 25, 17, 758, 677, 604.844, 674.172,73, 64
20, 25, 18, 758, 609, 374.547, 413.693,49, 44
20, 25, 19, 758, 678, 273.749, 348.05,43, 33
20, 25, 20, 758, 735, 1551.74, 1673.98,170, 156
20, 25, 21, 758, 607, 313.356, 393.233,45, 35
20, 25, 22, 758, 637, 503.992, 571.654,62, 53
20, 25, 23, 758, 877, 331.074, 368.845,42, 37
20, 25, 24, 758, 753, 291.786, 326.246,39, 35
20, 25, 26, 758, 838, 208.573, 222.916,28, 26
20, 25, 27, 758, 625, 139.571, 139.571,17, 17
20, 25, 28, 758, 690, 312.865, 356.145,37, 32
20, 25, 29, 758, 779, 99.3985, 99.3985,12, 12
20, 25, 30, 758, 781, 163.792, 184.273,24, 21
20, 25, 31, 758, 614, 257.382, 296.422,34, 29
20, 25, 32, 758, 858, 1365.37, 1507.35,161, 144
20, 25, 33, 758, 703, 79.8677, 117.354,13, 9
20, 25, 34, 758, 608, 301.263, 368.128,40, 32
20, 25, 35, 758, 659, 187.491, 213.789,24, 21
20, 25, 36, 758, 707, 220.619, 250.444,30, 26
20, 25, 37, 758, 880, 1184.94, 1310.01,137, 122
20, 25, 38, 758, 729, 50.3862, 50.3862,5, 5
20, 25, 39, 758, 681, 111.873, 126.432,15, 13
20, 25, 40, 758, 696, 133.676, 159.483,19, 16
20, 25, 41, 758, 610, 132.456, 169.173,18, 14
20, 25, 42, 758, 641, 114.69, 148.318,18, 14
20, 25, 43, 758, 620, 119.201, 173.956,21, 14
20, 25, 44, 758, 667, 137.788, 154.066,18, 16
20, 25, 45, 758, 757, 76.954, 76.954,10, 10
20, 25, 46, 758, 765, 186.45, 204.123,24, 22
20, 25, 47, 758, 785, 172.492, 216.227,20, 16
20, 26, 1, 838, 638, 53.4289, 124.058,15, 6
20, 26, 2, 838, 605, 108.959, 129.73,16, 13
20, 26, 3, 838, 528, 56.0925, 56.0925,7, 7
20, 26, 4, 838, 838, 265.991, 976.576,122, 31
20, 26, 5, 838, 883, 198.661, 284.333,34, 24
20, 26, 6, 838, 786, 136.95, 152.375,18, 16
20, 26, 7, 838, 692, 174.329, 463.553,54, 20
20, 26, 8, 838, 720, 390.337, 1183.57,142, 43
20, 26, 9, 838, 616, 7.9031, 14.7328,2, 1
20, 26, 10, 838, 709, 30.6958, 30.6958,4, 4
20, 26, 11, 838, 742, 77.9927, 158.959,21, 10
20, 26, 12, 838, 708, 158.206, 174.233,21, 19
20, 26, 13, 838, 882, 232.411, 362.474,46, 28
20, 26, 14, 838, 745, 81.4315, 81.4315,10, 10
20, 26, 15, 838, 642, 151.721, 213.794,28, 19
20, 26, 16, 838, 731, 58.4269, 65.4254,9, 8
20, 26, 17, 838, 677, 78.2367, 142.511,19, 10
20, 26, 18, 838, 609, 166.459, 386.098,45, 17
20, 26, 19, 838, 678, 320.564, 972.224,119, 36
20, 26, 20, 838, 735, 207.445, 368.067,43, 24
20, 26, 21, 838, 607, 484.652, 851.982,101, 56
20, 26, 22, 838, 637, 240.492, 385.431,45, 28
20, 26, 23, 838, 877, 148.834, 209.577,27, 19
20, 26, 24, 838, 753, 73.9819, 73.9819,9, 9
20, 26, 25, 838, 758, 169.326, 222.917,28, 21
20, 26, 27, 838, 625, 36.89, 36.89,5, 5
20, 26, 28, 838, 690, 137.735, 270.905,36, 18
20, 26, 29, 838, 779, 68.653, 68.653,9, 9
20, 26, 30, 838, 781, 166.66, 523.5,57, 17
20, 26, 31, 838, 614, 88.003, 117.206,15, 11
20, 26, 32, 838, 858, 144.892, 166.778,22, 19
20, 26, 33, 838, 703, 41.9445, 41.9445,6, 6
20, 26, 34, 838, 608, 139.939, 160.917,19, 16
20, 26, 35, 838, 659, 47.1741, 55.4843,7, 6
20, 26, 36, 838, 707, 80.2567, 87.0992,11, 10
20, 26, 37, 838, 880, 103.094, 110.082,14, 13
20, 26, 38, 838, 729, 38.6836, 46.4653,6, 5
20, 26, 39, 838, 681, 25.3502, 25.3502,3, 3
20, 26, 40, 838, 696, 131.495, 289.837,36, 16
20, 26, 41, 838, 610, 97.6376, 141.317,18, 12
20, 26, 42, 838, 641, 61.5228, 61.5228,8, 8
20, 26, 43, 838, 620, 41.5709, 41.5709,5, 5
20, 26, 44, 838, 667, 158.59, 174.845,21, 19
20, 26, 45, 838, 757, 47.4872, 54.2545,7, 6
20, 26, 46, 838, 765, 157.656, 200.292,26, 20
20, 26, 47, 838, 785, 179.985, 215.679,26, 21
20, 27, 1, 625, 638, 189.781, 240.218,31, 24
20, 27, 2, 625, 605, 300.065, 345.486,41, 35
20, 27, 3, 625, 528, 182.712, 204.202,24, 21
20, 27, 4, 625, 838, 59.1153, 59.1153,7, 7
20, 27, 5, 625, 883, 32.9554, 32.9554,4, 4
20, 27, 6, 625, 786, 35.5428, 35.5428,4, 4
20, 27, 7, 625, 692, 125.335, 141.266,16, 14
20, 27, 8, 625, 720, 60.5282, 60.5282,8, 8
20, 27, 9, 625, 616, 60.9686, 60.9686,8, 8
20, 27, 10, 625, 709, 59.5469, 59.5469,7, 7
20, 27, 11, 625, 742, 71.5256, 71.5256,8, 8
20, 27, 12, 625, 708, 89.8686, 89.8686,9, 9
20, 27, 13, 625, 882, 23.1379, 23.1379,3, 3
20, 27, 14, 625, 745, 120.691, 163.438,17, 12
20, 27, 15, 625, 642, 94.1158, 103.885,12, 11
20, 27, 16, 625, 731, 178.325, 206.978,26, 22
20, 27, 17, 625, 677, 199.962, 210.031,24, 23
20, 27, 18, 625, 609, 179.191, 228.839,29, 22
20, 27, 19, 625, 678, 85.5711, 92.3275,11, 10
20, 27, 20, 625, 735, 165.329, 180.9,20, 18
20, 27, 21, 625, 607, 39.4859, 39.4859,4, 4
20, 27, 22, 625, 637, 62.4444, 70.2239,7, 6
20, 27, 23, 625, 877, 30.6575, 30.6575,4, 4
20, 27, 24, 625, 753, 37.7306, 37.7306,5, 5
20, 27, 25, 625, 758, 132.13, 139.571,17, 16
20, 27, 26, 625, 838, 36.89, 36.89,5, 5
20, 27, 28, 625, 690, 1728.42, 1917.82,190, 168
20, 27, 29, 625, 779, 95.0862, 101.8,12, 11
20, 27, 30, 625, 781, 580.595, 600.365,69, 67
20, 27, 31, 625, 614, 1483.7, 1737.59,175, 146
20, 27, 32, 625, 858, 91.0464, 99.4232,12, 11
20, 27, 33, 625, 703, 63.0478, 63.0478,8, 8
20, 27, 34, 625, 608, 79.1201, 92.7694,11, 9
20, 27, 35, 625, 659, 81.4704, 81.4704,9, 9
20, 27, 36, 625, 707, 86.1299, 86.1299,9, 9
20, 27, 37, 625, 880, 95.8185, 105.353,13, 12
20, 27, 38, 625, 729, 69.4192, 83.7653,8, 6
20, 27, 39, 625, 681, 116.814, 130.795,16, 14
20, 27, 40, 625, 696, 36.5736, 36.5736,5, 5
20, 27, 41, 625, 610, 71.0983, 71.0983,9, 9
20, 27, 42, 625, 641, 82.6706, 82.6706,10, 10
20, 27, 43, 625, 620, 116.214, 116.214,14, 14
20, 27, 44, 625, 667, 27.7542, 27.7542,3, 3
20, 27, 45, 625, 757, 28.5271, 28.5271,4, 4
20, 27, 46, 625, 765, 59.6928, 59.6928,7, 7
20, 27, 47, 625, 785, 22.0682, 22.0682,2, 2
20, 28, 1, 690, 638, 161.062, 191.297,24, 20
20, 28, 2, 690, 605, 559.319, 706.158,78, 61
20, 28, 3, 690, 528, 233.758, 305.549,36, 27
20, 28, 4, 690, 838, 159.581, 255.433,32, 19
20, 28, 5, 690, 883, 120.919, 176.549,20, 14
20, 28, 6, 690, 786, 112.45, 141.811,14, 11
20, 28, 7, 690, 692, 324.448, 468.784,53, 35
20, 28, 8, 690, 720, 332.511, 509.999,62, 39
20, 28, 9, 690, 616, 29.8685, 38.0738,5, 4
20, 28, 10, 690, 709, 148.608, 199.421,21, 16
20, 28, 11, 690, 742, 217.311, 255.712,29, 24
20, 28, 12, 690, 708, 178.489, 220.978,23, 18
20, 28, 13, 690, 882, 96.8565, 131.316,14, 10
20, 28, 14, 690, 745, 146.685, 179.734,19, 15
20, 28, 15, 690, 642, 204.827, 313.709,34, 22
20, 28, 16, 690, 731, 210.618, 271.573,32, 25
20, 28, 17, 690, 677, 270.607, 384.431,39, 27
20, 28, 18, 690, 609, 333.946, 463.183,56, 39
20, 28, 19, 690, 678, 318.187, 446.195,54, 37
20, 28, 20, 690, 735, 249.919, 316.216,36, 28
20, 28, 21, 690, 607, 198.586, 321.042,34, 20
20, 28, 22, 690, 637, 182.669, 280.764,29, 19
20, 28, 23, 690, 877, 62.1896, 76.8217,8, 7
20, 28, 24, 690, 753, 49.747, 49.747,7, 7
20, 28, 25, 690, 758, 285.726, 356.146,37, 29
20, 28, 26, 690, 838, 168.334, 270.906,36, 22
20, 28, 27, 690, 625, 1711.25, 1917.82,190, 166
20, 28, 29, 690, 779, 157.494, 184.177,22, 19
20, 28, 30, 690, 781, 950.993, 1173.56,131, 104
20, 28, 31, 690, 614, 1932.79, 2273.41,220, 179
20, 28, 32, 690, 858, 85.5937, 116.043,12, 9
20, 28, 33, 690, 703, 187.189, 218.094,24, 20
20, 28, 34, 690, 608, 148.353, 214.253,22, 14
20, 28, 35, 690, 659, 129.273, 176.097,19, 14
20, 28, 36, 690, 707, 148.503, 216.307,22, 14
20, 28, 37, 690, 880, 91.3996, 127.113,14, 10
20, 28, 38, 690, 729, 94.895, 123.723,12, 10
20, 28, 39, 690, 681, 71.2634, 100.395,9, 7
20, 28, 40, 690, 696, 141.946, 182.802,21, 16
20, 28, 41, 690, 610, 165.756, 191.881,20, 17
20, 28, 42, 690, 641, 165.495, 220.992,26, 19
20, 28, 43, 690, 620, 203.497, 234.912,29, 25
20, 28, 44, 690, 667, 51.9226, 60.1159,7, 6
20, 28, 45, 690, 757, 13.8638, 13.8638,2, 2
20, 28, 46, 690, 765, 100.762, 162.629,18, 11
20, 28, 47, 690, 785, 108.53, 184.952,19, 10
20, 29, 1, 779, 638, 0, 0,0, 0
20, 29, 2, 779, 605, 105.645, 129.811,16, 13
20, 29, 3, 779, 528, 32.0416, 40.473,5, 4
20, 29, 4, 779, 838, 51.5506, 65.5237,9, 7
20, 29, 5, 779, 883, 173.855, 233.977,25, 18
20, 29, 6, 779, 786, 234.472, 343.426,42, 28
20, 29, 7, 779, 692, 65.3703, 86.8254,9, 7
20, 29, 8, 779, 720, 227.17, 250.835,31, 28
20, 29, 9, 779, 616, 139.718, 201.688,25, 17
20, 29, 10, 779, 709, 171.916, 263.266,32, 21
20, 29, 11, 779, 742, 302.732, 396.759,47, 35
20, 29, 12, 779, 708, 238.407, 325.534,33, 25
20, 29, 13, 779, 882, 324.495, 412.183,50, 38
20, 29, 14, 779, 745, 32.7487, 41.8871,5, 4
20, 29, 15, 779, 642, 88.8053, 120.05,16, 12
20, 29, 16, 779, 731, 48.8761, 74.7738,9, 6
20, 29, 17, 779, 677, 18.6543, 27.544,3, 2
20, 29, 18, 779, 609, 113.236, 113.236,14, 14
20, 29, 19, 779, 678, 184.811, 206.494,26, 23
20, 29, 20, 779, 735, 105.631, 143.167,16, 12
20, 29, 21, 779, 607, 74.4233, 81.5179,11, 10
20, 29, 22, 779, 637, 59.9062, 69.2502,8, 7
20, 29, 23, 779, 877, 76.0472, 129.182,17, 10
20, 29, 24, 779, 753, 35.8822, 72.5087,9, 4
20, 29, 25, 779, 758, 76.3001, 99.3983,12, 9
20, 29, 26, 779, 838, 54.5288, 68.653,9, 7
20, 29, 27, 779, 625, 87.9289, 101.8,12, 11
20, 29, 28, 779, 690, 157.241, 184.178,22, 19
20, 29, 30, 779, 781, 315.627, 353.275,40, 36
20, 29, 31, 779, 614, 80.2277, 94.8861,12, 10
20, 29, 32, 779, 858, 25.8486, 42.147,5, 3
20, 29, 33, 779, 703, 1548.49, 1976.75,218, 164
20, 29, 34, 779, 608, 148.95, 172.374,21, 18
20, 29, 35, 779, 659, 67.3782, 88.6848,12, 9
20, 29, 36, 779, 707, 189.527, 229.776,24, 20
20, 29, 37, 779, 880, 24.9261, 34.1417,4, 3
20, 29, 38, 779, 729, 678.731, 923.747,111, 79
20, 29, 39, 779, 681, 226.285, 344.339,41, 26
20, 29, 40, 779, 696, 623.468, 718.599,80, 69
20, 29, 41, 779, 610, 580.451, 668.558,72, 63
20, 29, 42, 779, 641, 684.111, 1062.09,121, 74
20, 29, 43, 779, 620, 436.952, 589.462,71, 51
20, 29, 44, 779, 667, 106.442, 121.628,14, 13
20, 29, 45, 779, 757, 91.6622, 142.838,19, 12
20, 29, 46, 779, 765, 98.1393, 152.894,19, 12
20, 29, 47, 779, 785, 164.545, 237.672,29, 20
20, 30, 1, 781, 638, 38.0872, 45.1321,6, 5
20, 30, 2, 781, 605, 275.58, 298.394,36, 33
20, 30, 3, 781, 528, 121.874, 121.874,16, 16
20, 30, 4, 781, 838, 149.13, 361.682,45, 18
20, 30, 5, 781, 883, 159.092, 206.115,25, 19
20, 30, 6, 781, 786, 55.025, 62.2155,8, 7
20, 30, 7, 781, 692, 179.398, 277.659,30, 19
20, 30, 8, 781, 720, 497.653, 1117.26,125, 50
20, 30, 9, 781, 616, 0, 0,0, 0
20, 30, 10, 781, 709, 41.3929, 41.3929,5, 5
20, 30, 11, 781, 742, 98.7807, 128.195,16, 12
20, 30, 12, 781, 708, 137.851, 144.847,17, 16
20, 30, 13, 781, 882, 224.172, 357.315,42, 25
20, 30, 14, 781, 745, 47.6116, 54.5951,7, 6
20, 30, 15, 781, 642, 167.071, 211.226,23, 18
20, 30, 16, 781, 731, 36.3634, 43.2431,6, 5
20, 30, 17, 781, 677, 167.663, 197.254,23, 19
20, 30, 18, 781, 609, 256.945, 413.911,51, 31
20, 30, 19, 781, 678, 520.677, 883.373,103, 58
20, 30, 20, 781, 735, 227.407, 327.211,38, 26
20, 30, 21, 781, 607, 220.745, 406.726,46, 23
20, 30, 22, 781, 637, 132.668, 198.179,21, 14
20, 30, 23, 781, 877, 22.8486, 22.8486,3, 3
20, 30, 24, 781, 753, 24.5322, 24.5322,3, 3
20, 30, 25, 781, 758, 115.999, 184.274,24, 15
20, 30, 26, 781, 838, 234.358, 523.499,57, 23
20, 30, 27, 781, 625, 558.895, 600.365,69, 64
20, 30, 28, 781, 690, 924.164, 1173.56,131, 99
20, 30, 29, 781, 779, 283.761, 353.275,40, 31
20, 30, 31, 781, 614, 819.222, 901.597,100, 90
20, 30, 32, 781, 858, 44.51, 51.3357,7, 6
20, 30, 33, 781, 703, 195.585, 231.852,28, 23
20, 30, 34, 781, 608, 143.332, 166.013,20, 17
20, 30, 35, 781, 659, 29.9195, 29.9195,4, 4
20, 30, 36, 781, 707, 129.41, 144.285,18, 16
20, 30, 37, 781, 880, 46.5887, 46.5887,6, 6
20, 30, 38, 781, 729, 111.561, 120.69,15, 14
20, 30, 39, 781, 681, 37.2259, 44.1934,6, 5
20, 30, 40, 781, 696, 314.387, 510.616,61, 36
20, 30, 41, 781, 610, 220.198, 265.373,31, 25
20, 30, 42, 781, 641, 207.115, 236.622,29, 25
20, 30, 43, 781, 620, 161.378, 197.513,25, 20
20, 30, 44, 781, 667, 71.3682, 87.7982,10, 8
20, 30, 45, 781, 757, 0, 0,0, 0
20, 30, 46, 781, 765, 69.1793, 126.181,17, 9
20, 30, 47, 781, 785, 45.3962, 52.819,7, 6
20, 31, 1, 614, 638, 205.384, 252.382,32, 26
20, 31, 2, 614, 605, 488.491, 561.61,65, 56
20, 31, 3, 614, 528, 159.039, 180.345,23, 20
20, 31, 4, 614, 838, 32.8447, 32.8447,4, 4
20, 31, 5, 614, 883, 110.966, 151.073,18, 13
20, 31, 6, 614, 786, 98.5385, 139.611,17, 12
20, 31, 7, 614, 692, 220.563, 281.069,34, 26
20, 31, 8, 614, 720, 233.526, 268.388,33, 28
20, 31, 9, 614, 616, 35.8915, 35.8915,5, 5
20, 31, 10, 614, 709, 24.5737, 32.9822,4, 3
20, 31, 11, 614, 742, 190.341, 216.696,26, 23
20, 31, 12, 614, 708, 109.172, 130.163,16, 13
20, 31, 13, 614, 882, 115.619, 131.398,14, 12
20, 31, 14, 614, 745, 71.2216, 78.3442,9, 8
20, 31, 15, 614, 642, 140.673, 182.813,22, 17
20, 31, 16, 614, 731, 142.852, 157.063,20, 18
20, 31, 17, 614, 677, 221.141, 257.22,31, 26
20, 31, 18, 614, 609, 304.441, 379.195,43, 34
20, 31, 19, 614, 678, 182.832, 211.225,25, 21
20, 31, 20, 614, 735, 196.203, 223.088,26, 23
20, 31, 21, 614, 607, 129.526, 193.69,21, 14
20, 31, 22, 614, 637, 129.716, 174.194,21, 15
20, 31, 23, 614, 877, 31.0292, 31.0292,4, 4
20, 31, 24, 614, 753, 23.4533, 30.5859,4, 3
20, 31, 25, 614, 758, 236.438, 296.422,34, 26
20, 31, 26, 614, 838, 103.858, 117.206,15, 13
20, 31, 27, 614, 625, 1513.88, 1737.6,175, 148
20, 31, 28, 614, 690, 1956.71, 2273.41,220, 184
20, 31, 29, 614, 779, 88.1596, 94.8862,12, 11
20, 31, 30, 614, 781, 817.48, 901.597,100, 90
20, 31, 32, 614, 858, 7.51586, 7.51586,1, 1
20, 31, 33, 614, 703, 145.093, 160.836,19, 17
20, 31, 34, 614, 608, 159.812, 201.461,23, 18
20, 31, 35, 614, 659, 41.5604, 48.7472,6, 5
20, 31, 36, 614, 707, 125.975, 143.944,16, 14
20, 31, 37, 614, 880, 76.6342, 76.6342,10, 10
20, 31, 38, 614, 729, 57.8425, 57.8425,8, 8
20, 31, 39, 614, 681, 67.7857, 67.7857,9, 9
20, 31, 40, 614, 696, 144.652, 177.14,18, 14
20, 31, 41, 614, 610, 76.4647, 95.034,10, 8
20, 31, 42, 614, 641, 173.471, 222.974,25, 19
20, 31, 43, 614, 620, 159.638, 182.994,22, 19
20, 31, 44, 614, 667, 42.5834, 52.7209,5, 4
20, 31, 45, 614, 757, 14.1994, 14.1994,2, 2
20, 31, 46, 614, 765, 96.6517, 112.087,14, 12
20, 31, 47, 614, 785, 88.482, 122.358,14, 10
20, 32, 1, 858, 638, 179.564, 194.779,25, 23
20, 32, 2, 858, 605, 77.4304, 117.188,12, 8
20, 32, 3, 858, 528, 153.464, 228.729,26, 17
20, 32, 4, 858, 838, 23.227, 49.5145,5, 2
20, 32, 5, 858, 883, 55.7011, 62.5732,8, 7
20, 32, 6, 858, 786, 133.336, 204.061,27, 17
20, 32, 7, 858, 692, 676.281, 719.38,83, 78
20, 32, 8, 858, 720, 186.887, 193.928,25, 24
20, 32, 9, 858, 616, 49.1129, 66.0488,8, 6
20, 32, 10, 858, 709, 128.487, 221.721,24, 13
20, 32, 11, 858, 742, 82.8459, 114.947,14, 10
20, 32, 12, 858, 708, 87.1037, 110.064,13, 10
20, 32, 13, 858, 882, 45.2391, 59.0399,8, 6
20, 32, 14, 858, 745, 1521.5, 1774.69,180, 152
20, 32, 15, 858, 642, 510.016, 562.841,65, 59
20, 32, 16, 858, 731, 590.074, 702.09,79, 65
20, 32, 17, 858, 677, 349.504, 383.295,43, 39
20, 32, 18, 858, 609, 118.547, 135.241,16, 14
20, 32, 19, 858, 678, 46.2052, 53.4271,7, 6
20, 32, 20, 858, 735, 676.917, 758.731,87, 77
20, 32, 21, 858, 607, 67.3496, 86.1584,8, 7
20, 32, 22, 858, 637, 108.716, 129.216,14, 12
20, 32, 23, 858, 877, 613.88, 765.317,91, 72
20, 32, 24, 858, 753, 373.047, 509.374,60, 43
20, 32, 25, 858, 758, 1324.39, 1507.35,161, 139
20, 32, 26, 858, 838, 122.516, 166.778,22, 16
20, 32, 27, 858, 625, 82.8697, 99.4241,12, 10
20, 32, 28, 858, 690, 69.0183, 116.043,12, 7
20, 32, 29, 858, 779, 34.9916, 42.147,5, 4
20, 32, 30, 858, 781, 44.4454, 51.3356,7, 6
20, 32, 31, 858, 614, 7.51586, 7.51586,1, 1
20, 32, 33, 858, 703, 17.5669, 24.4067,3, 2
20, 32, 34, 858, 608, 116.189, 138.277,15, 13
20, 32, 35, 858, 659, 268.962, 304.262,36, 32
20, 32, 36, 858, 707, 79.0414, 114.226,15, 10
20, 32, 37, 858, 880, 12494.8, 13418.5,571, 477
20, 32, 38, 858, 729, 79.9442, 138.073,16, 9
20, 32, 39, 858, 681, 144.733, 176.978,23, 19
20, 32, 40, 858, 696, 30.9726, 37.8473,5, 4
20, 32, 41, 858, 610, 17.2732, 17.2732,2, 2
20, 32, 42, 858, 641, 63.8463, 70.655,9, 8
20, 32, 43, 858, 620, 69.2638, 69.2638,9, 9
20, 32, 44, 858, 667, 83.5468, 93.7865,11, 10
20, 32, 45, 858, 757, 114.146, 151.901,20, 15
20, 32, 46, 858, 765, 128.304, 163.685,22, 17
20, 32, 47, 858, 785, 164.069, 234.44,30, 21
20, 33, 1, 703, 638, 7.11231, 14.1265,2, 1
20, 33, 2, 703, 605, 96.7725, 134.829,16, 11
20, 33, 3, 703, 528, 23.8075, 23.8075,3, 3
20, 33, 4, 703, 838, 21.9767, 21.9767,3, 3
20, 33, 5, 703, 883, 98.8688, 120.977,15, 12
20, 33, 6, 703, 786, 408.33, 822.081,101, 47
20, 33, 7, 703, 692, 74.6604, 93.8017,11, 9
20, 33, 8, 703, 720, 118.662, 154.293,18, 14
20, 33, 9, 703, 616, 507.843, 1132.99,135, 56
20, 33, 10, 703, 709, 614.101, 1193.86,139, 66
20, 33, 11, 703, 742, 576.897, 1141.8,132, 61
20, 33, 12, 703, 708, 238.258, 287.954,31, 25
20, 33, 13, 703, 882, 214.329, 270.156,33, 26
20, 33, 14, 703, 745, 7.30025, 7.30025,1, 1
20, 33, 15, 703, 642, 134.594, 156.604,18, 15
20, 33, 16, 703, 731, 67.698, 102.106,11, 7
20, 33, 17, 703, 677, 56.4242, 77.4056,10, 7
20, 33, 18, 703, 609, 68.921, 84.9294,10, 8
20, 33, 19, 703, 678, 114.241, 137.294,16, 13
20, 33, 20, 703, 735, 115.02, 129.197,15, 13
20, 33, 21, 703, 607, 101.549, 142.32,17, 12
20, 33, 22, 703, 637, 78.2846, 85.4375,10, 9
20, 33, 23, 703, 877, 77.2834, 157.27,19, 9
20, 33, 24, 703, 753, 90.7025, 142.04,19, 12
20, 33, 25, 703, 758, 86.9089, 117.354,13, 10
20, 33, 26, 703, 838, 34.9472, 41.9446,6, 5
20, 33, 27, 703, 625, 63.0478, 63.0478,8, 8
20, 33, 28, 703, 690, 189.077, 218.093,24, 21
20, 33, 29, 703, 779, 1475.48, 1976.75,218, 154
20, 33, 30, 703, 781, 217.208, 231.852,28, 26
20, 33, 31, 703, 614, 145.093, 160.836,19, 17
20, 33, 32, 703, 858, 24.4066, 24.4066,3, 3
20, 33, 34, 703, 608, 160.947, 183.355,20, 17
20, 33, 35, 703, 659, 231.236, 429.033,55, 29
20, 33, 36, 703, 707, 183.288, 229.782,27, 21
20, 33, 37, 703, 880, 18.2052, 18.2052,2, 2
20, 33, 38, 703, 729, 1729.49, 3134.39,362, 183
20, 33, 39, 703, 681, 666.749, 1264.62,144, 68
20, 33, 40, 703, 696, 253.467, 278.606,33, 30
20, 33, 41, 703, 610, 380.093, 445.363,49, 42
20, 33, 42, 703, 641, 760.924, 1274.41,145, 83
20, 33, 43, 703, 620, 1183.59, 2367.08,264, 118
20, 33, 44, 703, 667, 68.7681, 75.535,9, 8
20, 33, 45, 703, 757, 411.51, 812.485,99, 47
20, 33, 46, 703, 765, 130.258, 153.216,19, 16
20, 33, 47, 703, 785, 250.071, 498.612,61, 29
20, 34, 1, 608, 638, 30.4912, 37.3148,5, 4
20, 34, 2, 608, 605, 208.187, 222.639,25, 23
20, 34, 3, 608, 528, 77.1388, 93.9309,9, 7
20, 34, 4, 608, 838, 57.4917, 74.6712,9, 7
20, 34, 5, 608, 883, 225.684, 268.446,32, 27
20, 34, 6, 608, 786, 304.172, 358.398,41, 34
20, 34, 7, 608, 692, 320.032, 341.871,38, 35
20, 34, 8, 608, 720, 263.747, 279.847,30, 28
20, 34, 9, 608, 616, 15.1434, 15.1434,2, 2
20, 34, 10, 608, 709, 141.962, 173.311,20, 16
20, 34, 11, 608, 742, 404.723, 445.353,47, 42
20, 34, 12, 608, 708, 462.631, 523.374,59, 51
20, 34, 13, 608, 882, 316.198, 349.842,40, 36
20, 34, 14, 608, 745, 175.264, 182.736,22, 21
20, 34, 15, 608, 642, 386.908, 444.034,50, 43
20, 34, 16, 608, 731, 109.181, 134.805,16, 13
20, 34, 17, 608, 677, 268.631, 324.106,38, 31
20, 34, 18, 608, 609, 374.584, 407.283,46, 42
20, 34, 19, 608, 678, 235.171, 283.32,34, 28
20, 34, 20, 608, 735, 389.6, 412.441,44, 41
20, 34, 21, 608, 607, 333.251, 401.477,43, 35
20, 34, 22, 608, 637, 334.782, 398.947,42, 34
20, 34, 23, 608, 877, 115.395, 147.45,18, 14
20, 34, 24, 608, 753, 115.374, 144.174,17, 13
20, 34, 25, 608, 758, 317.116, 368.128,40, 33
20, 34, 26, 608, 838, 136.319, 160.916,19, 16
20, 34, 27, 608, 625, 86.0604, 92.7693,11, 10
20, 34, 28, 608, 690, 166.791, 214.252,22, 16
20, 34, 29, 608, 779, 164.05, 172.375,21, 20
20, 34, 30, 608, 781, 158.935, 166.012,20, 19
20, 34, 31, 608, 614, 166.007, 201.461,23, 19
20, 34, 32, 608, 858, 111.005, 138.277,15, 12
20, 34, 33, 608, 703, 161.504, 183.355,20, 17
20, 34, 35, 608, 659, 580.888, 649.065,74, 65
20, 34, 36, 608, 707, 752.663, 902.747,105, 86
20, 34, 37, 608, 880, 143.844, 151.511,19, 18
20, 34, 38, 608, 729, 44.8753, 53.0742,5, 4
20, 34, 39, 608, 681, 361.859, 407.08,48, 42
20, 34, 40, 608, 696, 231.473, 269.438,31, 26
20, 34, 41, 608, 610, 218.887, 248.768,29, 25
20, 34, 42, 608, 641, 236.079, 284.926,32, 26
20, 34, 43, 608, 620, 173.897, 196.294,23, 20
20, 34, 44, 608, 667, 285.192, 326.589,38, 33
20, 34, 45, 608, 757, 99.0717, 123.024,14, 11
20, 34, 46, 608, 765, 335.672, 357.709,43, 40
20, 34, 47, 608, 785, 229.24, 285.288,31, 24
20, 35, 1, 659, 638, 87.3241, 87.3241,11, 11
20, 35, 2, 659, 605, 58.5712, 58.5712,6, 6
20, 35, 3, 659, 528, 50.4376, 50.4376,6, 6
20, 35, 4, 659, 838, 55.3607, 63.5442,8, 7
20, 35, 5, 659, 883, 66.4124, 88.0063,12, 9
20, 35, 6, 659, 786, 424.162, 520.421,60, 47
20, 35, 7, 659, 692, 130.156, 136.853,17, 16
20, 35, 8, 659, 720, 73.4338, 73.4338,9, 9
20, 35, 9, 659, 616, 501.911, 688.405,83, 59
20, 35, 10, 659, 709, 723.316, 952.049,103, 76
20, 35, 11, 659, 742, 525.582, 756.974,86, 57
20, 35, 12, 659, 708, 179.601, 201.942,24, 21
20, 35, 13, 659, 882, 70.0741, 70.0741,9, 9
20, 35, 14, 659, 745, 208.601, 208.601,24, 24
20, 35, 15, 659, 642, 136.147, 142.992,17, 16
20, 35, 16, 659, 731, 349.52, 378.415,45, 41
20, 35, 17, 659, 677, 257.764, 282.796,32, 29
20, 35, 18, 659, 609, 174.76, 174.76,21, 21
20, 35, 19, 659, 678, 64.9981, 79.5098,10, 8
20, 35, 20, 659, 735, 94.9533, 102.218,13, 12
20, 35, 21, 659, 607, 44.2558, 44.2558,4, 4
20, 35, 22, 659, 637, 117.873, 117.873,13, 13
20, 35, 23, 659, 877, 364.208, 446.505,44, 34
20, 35, 24, 659, 753, 411.945, 525.056,54, 40
20, 35, 25, 659, 758, 199.185, 213.783,24, 22
20, 35, 26, 659, 838, 55.4844, 55.4844,7, 7
20, 35, 27, 659, 625, 58.8914, 81.4705,9, 6
20, 35, 28, 659, 690, 162.302, 176.094,19, 17
20, 35, 29, 659, 779, 82.0151, 88.6848,12, 11
20, 35, 30, 659, 781, 22.8866, 29.9195,4, 3
20, 35, 31, 659, 614, 48.7472, 48.7472,6, 6
20, 35, 32, 659, 858, 272.776, 304.262,36, 32
20, 35, 33, 659, 703, 343.647, 429.033,55, 43
20, 35, 34, 659, 608, 594.611, 649.067,74, 67
20, 35, 36, 659, 707, 240.606, 313.977,39, 29
20, 35, 37, 659, 880, 220.285, 243.022,28, 25
20, 35, 38, 659, 729, 630.851, 949.929,111, 69
20, 35, 39, 659, 681, 1048.45, 1346.61,148, 110
20, 35, 40, 659, 696, 30.6673, 30.6673,4, 4
20, 35, 41, 659, 610, 28.0047, 28.0047,4, 4
20, 35, 42, 659, 641, 190.905, 300.313,38, 23
20, 35, 43, 659, 620, 430.088, 642.867,74, 47
20, 35, 44, 659, 667, 84.6974, 84.6974,11, 11
20, 35, 45, 659, 757, 562.44, 733.026,83, 62
20, 35, 46, 659, 765, 196.814, 252.599,29, 22
20, 35, 47, 659, 785, 315.376, 451.337,48, 31
20, 36, 1, 707, 638, 36.3551, 36.3551,5, 5
20, 36, 2, 707, 605, 120.861, 133.306,14, 13
20, 36, 3, 707, 528, 42.1407, 42.1407,5, 5
20, 36, 4, 707, 838, 70.5188, 127.55,12, 6
20, 36, 5, 707, 883, 260.71, 277.251,31, 29
20, 36, 6, 707, 786, 295.873, 406.534,47, 33
20, 36, 7, 707, 692, 243.051, 250.494,28, 27
20, 36, 8, 707, 720, 151.961, 184.201,22, 18
20, 36, 9, 707, 616, 208.92, 288.451,32, 22
20, 36, 10, 707, 709, 405.358, 493.379,54, 43
20, 36, 11, 707, 742, 757.08, 901.308,100, 83
20, 36, 12, 707, 708, 852.035, 1033.19,103, 82
20, 36, 13, 707, 882, 505.685, 570.84,67, 58
20, 36, 14, 707, 745, 86.6139, 100.565,12, 10
20, 36, 15, 707, 642, 193.114, 199.784,22, 21
20, 36, 16, 707, 731, 125.776, 140.773,17, 15
20, 36, 17, 707, 677, 173.362, 181.85,22, 21
20, 36, 18, 707, 609, 199.087, 214.909,23, 21
20, 36, 19, 707, 678, 173.287, 181.656,21, 20
20, 36, 20, 707, 735, 214.636, 250.929,26, 21
20, 36, 21, 707, 607, 205.022, 223.183,25, 23
20, 36, 22, 707, 637, 149.48, 174.882,20, 17
20, 36, 23, 707, 877, 123.651, 166.837,21, 15
20, 36, 24, 707, 753, 148.814, 193.728,24, 18
20, 36, 25, 707, 758, 234.641, 250.444,30, 28
20, 36, 26, 707, 838, 72.122, 87.0991,11, 9
20, 36, 27, 707, 625, 70.2858, 86.1298,9, 7
20, 36, 28, 707, 690, 200.641, 216.307,22, 20
20, 36, 29, 707, 779, 207.091, 229.776,24, 21
20, 36, 30, 707, 781, 128.255, 144.285,18, 16
20, 36, 31, 707, 614, 134.521, 143.944,16, 15
20, 36, 32, 707, 858, 100.493, 114.227,15, 13
20, 36, 33, 707, 703, 204.402, 229.782,27, 24
20, 36, 34, 707, 608, 821.272, 902.747,105, 95
20, 36, 35, 707, 659, 250.775, 313.977,39, 30
20, 36, 37, 707, 880, 87.3327, 94.0199,12, 11
20, 36, 38, 707, 729, 50.7064, 50.7064,4, 4
20, 36, 39, 707, 681, 745.465, 861.921,95, 82
20, 36, 40, 707, 696, 252.567, 315.127,36, 28
20, 36, 41, 707, 610, 309.497, 364.144,43, 36
20, 36, 42, 707, 641, 358.499, 425.939,48, 39
20, 36, 43, 707, 620, 170.427, 178.138,21, 20
20, 36, 44, 707, 667, 215.524, 231.059,28, 26
20, 36, 45, 707, 757, 241.493, 336.391,38, 27
20, 36, 46, 707, 765, 366.927, 458.269,53, 41
20, 36, 47, 707, 785, 251.308, 324.474,37, 28
20, 37, 1, 880, 638, 215.312, 236.916,28, 25
20, 37, 2, 880, 605, 57.2954, 73.8264,7, 5
20, 37, 3, 880, 528, 117.903, 141.376,15, 12
20, 37, 4, 880, 838, 34.6122, 51.5109,6, 4
20, 37, 5, 880, 883, 85.5167, 85.5167,11, 11
20, 37, 6, 880, 786, 102.041, 138.797,18, 13
20, 37, 7, 880, 692, 721.414, 771.709,85, 79
20, 37, 8, 880, 720, 147.142, 179.824,23, 19
20, 37, 9, 880, 616, 91.5034, 130.34,17, 12
20, 37, 10, 880, 709, 147.99, 183.745,21, 16
20, 37, 11, 880, 742, 119.786, 130.339,16, 15
20, 37, 12, 880, 708, 90.3322, 122.071,14, 10
20, 37, 13, 880, 882, 25.9795, 40.1545,5, 3
20, 37, 14, 880, 745, 1504.78, 1736.76,186, 158
20, 37, 15, 880, 642, 375.551, 393.762,44, 42
20, 37, 16, 880, 731, 505.289, 620.293,74, 60
20, 37, 17, 880, 677, 281.874, 335.031,38, 31
20, 37, 18, 880, 609, 99.1154, 106.671,14, 13
20, 37, 19, 880, 678, 65.859, 65.859,9, 9
20, 37, 20, 880, 735, 658.811, 742.994,82, 72
20, 37, 21, 880, 607, 56.1468, 62.8753,7, 6
20, 37, 22, 880, 637, 159.286, 174.821,21, 19
20, 37, 23, 880, 877, 599.39, 661.176,79, 71
20, 37, 24, 880, 753, 496.995, 556.701,69, 61
20, 37, 25, 880, 758, 1193.89, 1310.01,137, 122
20, 37, 26, 880, 838, 95.7925, 110.082,14, 12
20, 37, 27, 880, 625, 89.1268, 105.353,13, 11
20, 37, 28, 880, 690, 102.932, 127.113,14, 11
20, 37, 29, 880, 779, 26.7924, 34.1413,4, 3
20, 37, 30, 880, 781, 39.7856, 46.5887,6, 5
20, 37, 31, 880, 614, 67.7322, 76.634,10, 9
20, 37, 32, 880, 858, 12498.8, 13417.6,571, 478
20, 37, 33, 880, 703, 18.2053, 18.2053,2, 2
20, 37, 34, 880, 608, 151.511, 151.511,19, 19
20, 37, 35, 880, 659, 227.336, 243.02,28, 26
20, 37, 36, 880, 707, 86.1468, 94.0197,12, 11
20, 37, 38, 880, 729, 75.7971, 114.601,14, 9
20, 37, 39, 880, 681, 149.264, 178.723,23, 19
20, 37, 40, 880, 696, 25.9473, 32.7075,4, 3
20, 37, 41, 880, 610, 23.0637, 23.0637,3, 3
20, 37, 42, 880, 641, 27.867, 27.867,3, 3
20, 37, 43, 880, 620, 63.9903, 63.9903,8, 8
20, 37, 44, 880, 667, 60.5156, 80.3319,9, 7
20, 37, 45, 880, 757, 119.331, 148.525,19, 15
20, 37, 46, 880, 765, 127.329, 156.572,21, 17
20, 37, 47, 880, 785, 212.41, 277.653,34, 25
20, 38, 1, 729, 638, 54.0413, 116.32,15, 7
20, 38, 2, 729, 605, 55.4133, 79.1944,7, 5
20, 38, 3, 729, 528, 76.232, 94.8561,11, 9
20, 38, 4, 729, 838, 25.9842, 41.7527,5, 3
20, 38, 5, 729, 883, 51.413, 88.017,11, 6
20, 38, 6, 729, 786, 347.306, 785.376,95, 39
20, 38, 7, 729, 692, 28.1343, 36.1785,4, 3
20, 38, 8, 729, 720, 20.5658, 20.5658,3, 3
20, 38, 9, 729, 616, 583.169, 1674.1,201, 65
20, 38, 10, 729, 709, 726.35, 1744.17,200, 74
20, 38, 11, 729, 742, 401.899, 959.94,117, 46
20, 38, 12, 729, 708, 59.9985, 99.2061,11, 6
20, 38, 13, 729, 882, 47.1757, 76.0476,10, 6
20, 38, 14, 729, 745, 11.5357, 20.3741,2, 1
20, 38, 15, 729, 642, 55.8553, 84.0695,9, 6
20, 38, 16, 729, 731, 68.9776, 102.935,12, 8
20, 38, 17, 729, 677, 32.0554, 46.1999,4, 3
20, 38, 18, 729, 609, 40.5924, 48.4753,6, 5
20, 38, 19, 729, 678, 7.59485, 7.59485,1, 1
20, 38, 20, 729, 735, 28.8073, 40.3751,4, 3
20, 38, 21, 729, 607, 30.0512, 38.634,4, 3
20, 38, 22, 729, 637, 34.7715, 49.0798,4, 3
20, 38, 23, 729, 877, 69.7349, 168.707,21, 8
20, 38, 24, 729, 753, 126.09, 263.223,32, 15
20, 38, 25, 729, 758, 40.8242, 50.3859,5, 4
20, 38, 26, 729, 838, 25.547, 46.4651,6, 3
20, 38, 27, 729, 625, 71.7137, 83.7649,8, 7
20, 38, 28, 729, 690, 94.8957, 123.723,12, 10
20, 38, 29, 729, 779, 579.358, 923.746,111, 66
20, 38, 30, 729, 781, 92.1075, 120.69,15, 11
20, 38, 31, 729, 614, 57.8424, 57.8424,8, 8
20, 38, 32, 729, 858, 75.2711, 138.073,16, 8
20, 38, 33, 729, 703, 1431.99, 3134.39,362, 147
20, 38, 34, 729, 608, 43.0408, 53.0742,5, 4
20, 38, 35, 729, 659, 366.892, 949.93,111, 38
20, 38, 36, 729, 707, 40.4436, 50.7062,4, 3
20, 38, 37, 729, 880, 61.6692, 114.602,14, 7
20, 38, 39, 729, 681, 657.286, 1769.69,200, 67
20, 38, 40, 729, 696, 54.0143, 61.32,8, 7
20, 38, 41, 729, 610, 99.4644, 123.487,16, 13
20, 38, 42, 729, 641, 238.717, 455.972,58, 29
20, 38, 43, 729, 620, 959.128, 2549.4,292, 98
20, 38, 44, 729, 667, 43.7797, 68.5818,8, 5
20, 38, 45, 729, 757, 458.307, 1189.81,143, 50
20, 38, 46, 729, 765, 48.4307, 78.3253,10, 6
20, 38, 47, 729, 785, 199.456, 602.812,73, 22
20, 39, 1, 681, 638, 46.6501, 46.6501,6, 6
20, 39, 2, 681, 605, 69.0682, 75.7815,8, 7
20, 39, 3, 681, 528, 77.02, 77.02,9, 9
20, 39, 4, 681, 838, 63.4404, 63.4404,8, 8
20, 39, 5, 681, 883, 90.5596, 127.087,16, 11
20, 39, 6, 681, 786, 571.143, 1007.14,112, 58
20, 39, 7, 681, 692, 78.5841, 99.8188,13, 10
20, 39, 8, 681, 720, 49.5626, 49.5626,6, 6
20, 39, 9, 681, 616, 977.386, 1697.72,192, 104
20, 39, 10, 681, 709, 1462.94, 2297.89,256, 153
20, 39, 11, 681, 742, 1011.57, 1588.37,183, 109
20, 39, 12, 681, 708, 205.234, 226.272,27, 24
20, 39, 13, 681, 882, 117.506, 124.51,16, 15
20, 39, 14, 681, 745, 137.615, 152.596,19, 17
20, 39, 15, 681, 642, 59.2406, 59.2406,7, 7
20, 39, 16, 681, 731, 332.721, 422.367,50, 39
20, 39, 17, 681, 677, 175.374, 183.372,22, 21
20, 39, 18, 681, 609, 123.913, 131.564,17, 16
20, 39, 19, 681, 678, 37.2453, 51.0908,7, 5
20, 39, 20, 681, 735, 63.4159, 63.4159,8, 8
20, 39, 21, 681, 607, 51.6707, 51.6707,6, 6
20, 39, 22, 681, 637, 139.099, 162.543,17, 14
20, 39, 23, 681, 877, 227.451, 342.7,36, 24
20, 39, 24, 681, 753, 346.412, 494.305,54, 37
20, 39, 25, 681, 758, 119.33, 126.432,15, 14
20, 39, 26, 681, 838, 25.3501, 25.3501,3, 3
20, 39, 27, 681, 625, 122.308, 130.795,16, 15
20, 39, 28, 681, 690, 100.396, 100.396,9, 9
20, 39, 29, 681, 779, 208.616, 344.339,41, 24
20, 39, 30, 681, 781, 30.4553, 44.1933,6, 4
20, 39, 31, 681, 614, 46.694, 67.7857,9, 6
20, 39, 32, 681, 858, 148.521, 176.978,23, 19
20, 39, 33, 681, 703, 680.06, 1264.62,144, 71
20, 39, 34, 681, 608, 391.922, 407.08,48, 46
20, 39, 35, 681, 659, 973.737, 1346.61,148, 102
20, 39, 36, 681, 707, 755.601, 861.92,95, 81
20, 39, 37, 681, 880, 163.754, 178.723,23, 21
20, 39, 38, 681, 729, 1014.75, 1769.69,200, 104
20, 39, 40, 681, 696, 93.6396, 135.827,18, 12
20, 39, 41, 681, 610, 105.733, 127.027,16, 13
20, 39, 42, 681, 641, 179.252, 238.554,29, 21
20, 39, 43, 681, 620, 765.633, 1350.21,155, 81
20, 39, 44, 681, 667, 114.043, 121.124,15, 14
20, 39, 45, 681, 757, 766.314, 1267.28,148, 85
20, 39, 46, 681, 765, 215.773, 305.198,36, 25
20, 39, 47, 681, 785, 482.742, 760.511,87, 53
20, 40, 1, 696, 638, 7.54868, 7.54868,1, 1
20, 40, 2, 696, 605, 74.4324, 106.121,12, 8
20, 40, 3, 696, 528, 0, 0,0, 0
20, 40, 4, 696, 838, 161.62, 189.306,25, 21
20, 40, 5, 696, 883, 193.717, 229.343,29, 24
20, 40, 6, 696, 786, 164.954, 195.075,24, 20
20, 40, 7, 696, 692, 137.025, 162.077,19, 16
20, 40, 8, 696, 720, 476.504, 622.253,69, 51
20, 40, 9, 696, 616, 55.5694, 63.4913,8, 7
20, 40, 10, 696, 709, 83.6536, 113.738,14, 10
20, 40, 11, 696, 742, 243.747, 283.398,34, 29
20, 40, 12, 696, 708, 307.967, 345.999,40, 35
20, 40, 13, 696, 882, 564.491, 683.565,74, 60
20, 40, 14, 696, 745, 7.52059, 7.52059,1, 1
20, 40, 15, 696, 642, 119.491, 127.265,14, 13
20, 40, 16, 696, 731, 33.8008, 33.8008,4, 4
20, 40, 17, 696, 677, 44.9962, 52.4319,7, 6
20, 40, 18, 696, 609, 157.972, 188.836,23, 19
20, 40, 19, 696, 678, 429.849, 562.915,67, 49
20, 40, 20, 696, 735, 139.283, 171.949,21, 17
20, 40, 21, 696, 607, 203.502, 270.224,30, 22
20, 40, 22, 696, 637, 103.668, 133.312,17, 13
20, 40, 23, 696, 877, 62.333, 92.229,12, 8
20, 40, 24, 696, 753, 25.7861, 40.3128,5, 3
20, 40, 25, 696, 758, 113.754, 159.483,19, 13
20, 40, 26, 696, 838, 185.495, 289.837,36, 22
20, 40, 27, 696, 625, 36.5736, 36.5736,5, 5
20, 40, 28, 696, 690, 154.263, 182.801,21, 18
20, 40, 29, 696, 779, 586.608, 718.6,80, 63
20, 40, 30, 696, 781, 399.372, 510.617,61, 46
20, 40, 31, 696, 614, 136.104, 177.14,18, 13
20, 40, 32, 696, 858, 31.1803, 37.8473,5, 4
20, 40, 33, 696, 703, 251.071, 278.605,33, 30
20, 40, 34, 696, 608, 210.789, 269.438,31, 24
20, 40, 35, 696, 659, 23.6765, 30.6673,4, 3
20, 40, 36, 696, 707, 269.535, 315.127,36, 30
20, 40, 37, 696, 880, 25.0893, 32.7075,4, 3
20, 40, 38, 696, 729, 54.131, 61.32,8, 7
20, 40, 39, 696, 681, 93.3855, 135.828,18, 12
20, 40, 41, 696, 610, 1730.49, 2023.88,207, 171
20, 40, 42, 696, 641, 975.128, 1105.82,123, 106
20, 40, 43, 696, 620, 431.646, 445.576,53, 51
20, 40, 44, 696, 667, 139.734, 182.752,24, 18
20, 40, 45, 696, 757, 70.1408, 85.8079,11, 9
20, 40, 46, 696, 765, 207.608, 268.242,32, 24
20, 40, 47, 696, 785, 131.067, 164.399,18, 14
20, 41, 1, 610, 638, 14.3742, 14.3742,2, 2
20, 41, 2, 610, 605, 146.35, 173.114,20, 17
20, 41, 3, 610, 528, 7.05976, 7.05976,1, 1
20, 41, 4, 610, 838, 59.5362, 80.9802,9, 7
20, 41, 5, 610, 883, 197.409, 211.942,27, 25
20, 41, 6, 610, 786, 134.24, 174.869,21, 16
20, 41, 7, 610, 692, 96.997, 121.664,14, 11
20, 41, 8, 610, 720, 311.561, 381.654,45, 37
20, 41, 9, 610, 616, 22.2897, 35.9633,5, 3
20, 41, 10, 610, 709, 98.0604, 140.3,16, 11
20, 41, 11, 610, 742, 214.355, 336.217,39, 24
20, 41, 12, 610, 708, 395.713, 501.553,59, 45
20, 41, 13, 610, 882, 371.475, 507.588,54, 39
20, 41, 14, 610, 745, 26.4237, 26.4237,3, 3
20, 41, 15, 610, 642, 126.128, 156.551,20, 16
20, 41, 16, 610, 731, 14.712, 14.712,2, 2
20, 41, 17, 610, 677, 56.6248, 56.6248,6, 6
20, 41, 18, 610, 609, 154.257, 175.752,22, 19
20, 41, 19, 610, 678, 237.659, 286.97,33, 27
20, 41, 20, 610, 735, 136.03, 165.72,20, 16
20, 41, 21, 610, 607, 195.719, 262.476,30, 22
20, 41, 22, 610, 637, 96.155, 105.678,13, 12
20, 41, 23, 610, 877, 21.8235, 21.8235,3, 3
20, 41, 24, 610, 753, 13.9892, 13.9892,2, 2
20, 41, 25, 610, 758, 125.674, 169.173,18, 13
20, 41, 26, 610, 838, 133.384, 141.317,18, 17
20, 41, 27, 610, 625, 63.3339, 71.0982,9, 8
20, 41, 28, 610, 690, 153.154, 191.88,20, 16
20, 41, 29, 610, 779, 559.666, 668.559,72, 60
20, 41, 30, 610, 781, 239.858, 265.374,31, 28
20, 41, 31, 610, 614, 68.137, 95.0341,10, 7
20, 41, 32, 610, 858, 17.2732, 17.2732,2, 2
20, 41, 33, 610, 703, 381.699, 445.365,49, 42
20, 41, 34, 610, 608, 207.061, 248.768,29, 24
20, 41, 35, 610, 659, 28.0047, 28.0047,4, 4
20, 41, 36, 610, 707, 278.267, 364.143,43, 32
20, 41, 37, 610, 880, 23.0637, 23.0637,3, 3
20, 41, 38, 610, 729, 123.487, 123.487,16, 16
20, 41, 39, 610, 681, 94.8248, 127.027,16, 12
20, 41, 40, 610, 696, 1689.16, 2023.88,207, 167
20, 41, 42, 610, 641, 1228.08, 1471.12,146, 120
20, 41, 43, 610, 620, 673.306, 775.225,86, 73
20, 41, 44, 610, 667, 162.349, 178.395,20, 18
20, 41, 45, 610, 757, 51.2275, 99.694,12, 6
20, 41, 46, 610, 765, 107.592, 154.37,18, 12
20, 41, 47, 610, 785, 64.1769, 113.124,13, 7
20, 42, 1, 641, 638, 6.76234, 6.76234,1, 1
20, 42, 2, 641, 605, 98.9221, 107.174,13, 12
20, 42, 3, 641, 528, 12.2949, 12.2949,1, 1
20, 42, 4, 641, 838, 63.9387, 85.3946,11, 8
20, 42, 5, 641, 883, 177.393, 245.157,28, 19
20, 42, 6, 641, 786, 162.741, 231.642,29, 20
20, 42, 7, 641, 692, 91.3676, 98.5694,12, 11
20, 42, 8, 641, 720, 161.555, 183.367,22, 19
20, 42, 9, 641, 616, 99.397, 116.711,15, 13
20, 42, 10, 641, 709, 218.95, 246.345,32, 28
20, 42, 11, 641, 742, 538.662, 706.628,81, 60
20, 42, 12, 641, 708, 495.429, 655.122,76, 55
20, 42, 13, 641, 882, 395.345, 443.197,50, 44
20, 42, 14, 641, 745, 53.6777, 60.5108,8, 7
20, 42, 15, 641, 642, 160.139, 166.914,19, 18
20, 42, 16, 641, 731, 37.896, 37.896,5, 5
20, 42, 17, 641, 677, 79.2501, 79.2501,10, 10
20, 42, 18, 641, 609, 262.625, 277.162,29, 27
20, 42, 19, 641, 678, 234.354, 257.695,30, 27
20, 42, 20, 641, 735, 158.163, 172.592,21, 19
20, 42, 21, 641, 607, 187.527, 212.684,23, 20
20, 42, 22, 641, 637, 113.712, 120.611,13, 12
20, 42, 23, 641, 877, 117.2, 282.127,37, 15
20, 42, 24, 641, 753, 64.7601, 139.378,18, 8
20, 42, 25, 641, 758, 133.519, 148.318,18, 16
20, 42, 26, 641, 838, 61.5228, 61.5228,8, 8
20, 42, 27, 641, 625, 75.2608, 82.6705,10, 9
20, 42, 28, 641, 690, 187.578, 220.991,26, 22
20, 42, 29, 641, 779, 667.784, 1062.09,121, 72
20, 42, 30, 641, 781, 213.052, 236.622,29, 26
20, 42, 31, 641, 614, 195.204, 222.974,25, 22
20, 42, 32, 641, 858, 63.8477, 70.6549,9, 8
20, 42, 33, 641, 703, 678.072, 1274.41,145, 74
20, 42, 34, 641, 608, 247.415, 284.926,32, 27
20, 42, 35, 641, 659, 137.493, 300.313,38, 17
20, 42, 36, 641, 707, 378.698, 425.939,48, 42
20, 42, 37, 641, 880, 27.8669, 27.8669,3, 3
20, 42, 38, 641, 729, 323.18, 455.972,58, 40
20, 42, 39, 641, 681, 202.64, 238.554,29, 24
20, 42, 40, 641, 696, 980.185, 1105.81,123, 107
20, 42, 41, 641, 610, 1285.1, 1471.12,146, 124
20, 42, 43, 641, 620, 1337.52, 1990.42,220, 143
20, 42, 44, 641, 667, 206.331, 221.742,26, 24
20, 42, 45, 641, 757, 111.784, 166.5,21, 14
20, 42, 46, 641, 765, 255.054, 284.015,34, 30
20, 42, 47, 641, 785, 221.683, 298.454,36, 26
20, 43, 1, 620, 638, 22.7281, 38.7251,5, 3
20, 43, 2, 620, 605, 126.594, 168.609,20, 15
20, 43, 3, 620, 528, 36.8594, 36.8594,5, 5
20, 43, 4, 620, 838, 29.0228, 35.8308,5, 4
20, 43, 5, 620, 883, 164.781, 164.781,20, 20
20, 43, 6, 620, 786, 393.514, 771.777,92, 44
20, 43, 7, 620, 692, 182.406, 217.77,23, 19
20, 43, 8, 620, 720, 96.7923, 165.06,19, 11
20, 43, 9, 620, 616, 588.839, 1110.51,126, 61
20, 43, 10, 620, 709, 760.155, 1253.09,152, 87
20, 43, 11, 620, 742, 603.843, 1069.99,124, 65
20, 43, 12, 620, 708, 234.539, 364.552,41, 25
20, 43, 13, 620, 882, 140.742, 177.432,22, 17
20, 43, 14, 620, 745, 46.1684, 46.1684,6, 6
20, 43, 15, 620, 642, 104.185, 139.174,17, 13
20, 43, 16, 620, 731, 56.9096, 71.6558,9, 7
20, 43, 17, 620, 677, 85.6943, 85.6943,11, 11
20, 43, 18, 620, 609, 72.7043, 80.1615,10, 9
20, 43, 19, 620, 678, 101.847, 141.031,16, 12
20, 43, 20, 620, 735, 58.9878, 77.2376,9, 7
20, 43, 21, 620, 607, 76.3775, 123.527,15, 9
20, 43, 22, 620, 637, 97.4642, 104.353,12, 11
20, 43, 23, 620, 877, 99.6379, 149.139,17, 11
20, 43, 24, 620, 753, 148.125, 198.718,26, 19
20, 43, 25, 620, 758, 108.227, 173.956,21, 13
20, 43, 26, 620, 838, 41.5711, 41.5711,5, 5
20, 43, 27, 620, 625, 109.037, 116.213,14, 13
20, 43, 28, 620, 690, 198.458, 234.912,29, 24
20, 43, 29, 620, 779, 414.66, 589.463,71, 48
20, 43, 30, 620, 781, 161.971, 197.513,25, 20
20, 43, 31, 620, 614, 147.134, 182.994,22, 17
20, 43, 32, 620, 858, 61.6843, 69.2639,9, 8
20, 43, 33, 620, 703, 1225.49, 2367.08,264, 124
20, 43, 34, 620, 608, 160.087, 196.294,23, 18
20, 43, 35, 620, 659, 388.09, 642.868,74, 42
20, 43, 36, 620, 707, 143.215, 178.138,21, 17
20, 43, 37, 620, 880, 57.0139, 63.9904,8, 7
20, 43, 38, 620, 729, 1346.8, 2549.4,292, 141
20, 43, 39, 620, 681, 759.796, 1350.21,155, 81
20, 43, 40, 620, 696, 382.846, 445.576,53, 45
20, 43, 41, 620, 610, 626.873, 775.225,86, 68
20, 43, 42, 620, 641, 1360.88, 1990.41,220, 145
20, 43, 44, 620, 667, 101.04, 101.04,12, 12
20, 43, 45, 620, 757, 429.655, 760.686,93, 49
20, 43, 46, 620, 765, 189.78, 234.24,28, 22
20, 43, 47, 620, 785, 327.997, 509.446,57, 34
20, 44, 1, 667, 638, 30.5137, 30.5137,4, 4
20, 44, 2, 667, 605, 74.6403, 74.6403,9, 9
20, 44, 3, 667, 528, 32.8214, 32.8214,4, 4
20, 44, 4, 667, 838, 35.821, 42.6159,6, 5
20, 44, 5, 667, 883, 602.807, 706.943,76, 63
20, 44, 6, 667, 786, 735.518, 858.195,95, 81
20, 44, 7, 667, 692, 106.599, 106.599,12, 12
20, 44, 8, 667, 720, 92.2794, 100.985,12, 11
20, 44, 9, 667, 616, 41.3629, 41.3629,5, 5
20, 44, 10, 667, 709, 92.5792, 92.5792,11, 11
20, 44, 11, 667, 742, 177.904, 193.722,23, 21
20, 44, 12, 667, 708, 314.776, 336.25,37, 34
20, 44, 13, 667, 882, 240.969, 279.422,28, 24
20, 44, 14, 667, 745, 116.147, 116.147,15, 15
20, 44, 15, 667, 642, 167.261, 173.977,22, 21
20, 44, 16, 667, 731, 58.3635, 58.3635,7, 7
20, 44, 17, 667, 677, 101.062, 115.106,15, 13
20, 44, 18, 667, 609, 103.328, 110.552,13, 12
20, 44, 19, 667, 678, 102.163, 102.163,12, 12
20, 44, 20, 667, 735, 127.564, 127.564,14, 14
20, 44, 21, 667, 607, 332.476, 349.563,41, 39
20, 44, 22, 667, 637, 271.735, 311.27,37, 32
20, 44, 23, 667, 877, 128.76, 157.119,20, 16
20, 44, 24, 667, 753, 91.6291, 112.125,15, 12
20, 44, 25, 667, 758, 154.066, 154.066,18, 18
20, 44, 26, 667, 838, 158.152, 174.845,21, 19
20, 44, 27, 667, 625, 27.754, 27.754,3, 3
20, 44, 28, 667, 690, 60.1153, 60.1153,7, 7
20, 44, 29, 667, 779, 114.496, 121.627,14, 13
20, 44, 30, 667, 781, 87.7982, 87.7982,10, 10
20, 44, 31, 667, 614, 52.7207, 52.7207,5, 5
20, 44, 32, 667, 858, 77.6206, 93.787,11, 9
20, 44, 33, 667, 703, 75.5348, 75.5348,9, 9
20, 44, 34, 667, 608, 302.108, 326.59,38, 35
20, 44, 35, 667, 659, 77.1737, 84.6975,11, 10
20, 44, 36, 667, 707, 231.058, 231.058,28, 28
20, 44, 37, 667, 880, 63.8929, 80.3315,9, 7
20, 44, 38, 667, 729, 68.5819, 68.5819,8, 8
20, 44, 39, 667, 681, 114.043, 121.125,15, 14
20, 44, 40, 667, 696, 139.906, 182.752,24, 18
20, 44, 41, 667, 610, 155.828, 178.396,20, 17
20, 44, 42, 667, 641, 183.177, 221.742,26, 21
20, 44, 43, 667, 620, 101.04, 101.04,12, 12
20, 44, 45, 667, 757, 530.497, 605.597,71, 61
20, 44, 46, 667, 765, 1479.08, 1651.53,167, 145
20, 44, 47, 667, 785, 374.842, 472.123,50, 38
20, 45, 1, 757, 638, 28.079, 28.079,4, 4
20, 45, 2, 757, 605, 7.3055, 7.3055,1, 1
20, 45, 3, 757, 528, 20.7937, 20.7937,3, 3
20, 45, 4, 757, 838, 72.0586, 132.387,15, 7
20, 45, 5, 757, 883, 140.023, 146.697,18, 17
20, 45, 6, 757, 786, 1182.69, 1856.7,207, 123
20, 45, 7, 757, 692, 62.0512, 69.0719,9, 8
20, 45, 8, 757, 720, 37.8103, 45.2783,6, 5
20, 45, 9, 757, 616, 714.322, 1364.7,160, 77
20, 45, 10, 757, 709, 781.582, 1235,135, 80
20, 45, 11, 757, 742, 595.508, 913.722,109, 69
20, 45, 12, 757, 708, 216.152, 312.636,36, 24
20, 45, 13, 757, 882, 113.916, 144.97,17, 13
20, 45, 14, 757, 745, 104.989, 111.898,15, 14
20, 45, 15, 757, 642, 44.1212, 44.1212,6, 6
20, 45, 16, 757, 731, 129.615, 129.615,17, 17
20, 45, 17, 757, 677, 91.5483, 105.487,14, 12
20, 45, 18, 757, 609, 29.9355, 29.9355,4, 4
20, 45, 19, 757, 678, 30.605, 30.605,4, 4
20, 45, 20, 757, 735, 89.5267, 105.176,13, 11
20, 45, 21, 757, 607, 46.4653, 46.4653,6, 6
20, 45, 22, 757, 637, 129.386, 158.734,19, 15
20, 45, 23, 757, 877, 277.511, 361.572,42, 32
20, 45, 24, 757, 753, 374.024, 572.011,70, 44
20, 45, 25, 757, 758, 69.9062, 76.9545,10, 9
20, 45, 26, 757, 838, 54.2547, 54.2547,7, 7
20, 45, 27, 757, 625, 28.527, 28.527,4, 4
20, 45, 28, 757, 690, 13.8638, 13.8638,2, 2
20, 45, 29, 757, 779, 103.977, 142.838,19, 14
20, 45, 30, 757, 781, 0, 0,0, 0
20, 45, 31, 757, 614, 14.1994, 14.1994,2, 2
20, 45, 32, 757, 858, 130.615, 151.901,20, 17
20, 45, 33, 757, 703, 454.273, 812.486,99, 54
20, 45, 34, 757, 608, 115.871, 123.025,14, 13
20, 45, 35, 757, 659, 550.951, 733.025,83, 62
20, 45, 36, 757, 707, 234.264, 336.391,38, 26
20, 45, 37, 757, 880, 141.062, 148.525,19, 18
20, 45, 38, 757, 729, 638.199, 1189.81,143, 74
20, 45, 39, 757, 681, 778.3, 1267.28,148, 88
20, 45, 40, 757, 696, 70.5705, 85.8078,11, 9
20, 45, 41, 757, 610, 83.038, 99.694,12, 10
20, 45, 42, 757, 641, 144.369, 166.5,21, 18
20, 45, 43, 757, 620, 412.692, 760.686,93, 48
20, 45, 44, 757, 667, 529.082, 605.597,71, 62
20, 45, 46, 757, 765, 1039.65, 1359.6,144, 107
20, 45, 47, 757, 785, 722.003, 1053.59,118, 77
20, 46, 1, 765, 638, 23.6812, 30.8007,4, 3
20, 46, 2, 765, 605, 92.2049, 99.738,12, 11
20, 46, 3, 765, 528, 55.1552, 99.2982,13, 7
20, 46, 4, 765, 838, 173.668, 275.023,35, 22
20, 46, 5, 765, 883, 388.89, 460.18,51, 42
20, 46, 6, 765, 786, 1161.32, 1537.66,173, 125
20, 46, 7, 765, 692, 233.317, 272.827,31, 26
20, 46, 8, 765, 720, 203.27, 271.21,34, 25
20, 46, 9, 765, 616, 217.753, 350.98,41, 24
20, 46, 10, 765, 709, 372.158, 567.247,65, 40
20, 46, 11, 765, 742, 453.982, 594.823,68, 50
20, 46, 12, 765, 708, 334.557, 552.22,63, 37
20, 46, 13, 765, 882, 313.997, 501.704,58, 35
20, 46, 14, 765, 745, 138.928, 155.07,18, 16
20, 46, 15, 765, 642, 139.79, 155.289,18, 16
20, 46, 16, 765, 731, 160.086, 188.708,23, 19
20, 46, 17, 765, 677, 90.7097, 113.234,14, 11
20, 46, 18, 765, 609, 161.079, 204.247,23, 18
20, 46, 19, 765, 678, 132.202, 154.611,20, 17
20, 46, 20, 765, 735, 168.077, 168.077,21, 21
20, 46, 21, 765, 607, 184.64, 198.136,23, 21
20, 46, 22, 765, 637, 264.841, 329.069,39, 31
20, 46, 23, 765, 877, 247.596, 334.208,40, 29
20, 46, 24, 765, 753, 248.926, 306.244,36, 28
20, 46, 25, 765, 758, 177.544, 204.123,24, 21
20, 46, 26, 765, 838, 177.899, 200.292,26, 23
20, 46, 27, 765, 625, 52.9657, 59.6929,7, 6
20, 46, 28, 765, 690, 130.194, 162.629,18, 14
20, 46, 29, 765, 779, 120.682, 152.894,19, 15
20, 46, 30, 765, 781, 83.1133, 126.181,17, 11
20, 46, 31, 765, 614, 97.0793, 112.087,14, 12
20, 46, 32, 765, 858, 135.665, 163.685,22, 18
20, 46, 33, 765, 703, 129.478, 153.216,19, 16
20, 46, 34, 765, 608, 312.212, 357.71,43, 37
20, 46, 35, 765, 659, 205.208, 252.599,29, 23
20, 46, 36, 765, 707, 347.082, 458.269,53, 39
20, 46, 37, 765, 880, 148.884, 156.572,21, 20
20, 46, 38, 765, 729, 78.3254, 78.3254,10, 10
20, 46, 39, 765, 681, 215.621, 305.199,36, 24
20, 46, 40, 765, 696, 200.407, 268.242,32, 23
20, 46, 41, 765, 610, 140.436, 154.37,18, 16
20, 46, 42, 765, 641, 227.022, 284.015,34, 26
20, 46, 43, 765, 620, 174.031, 234.239,28, 20
20, 46, 44, 765, 667, 1429.12, 1651.53,167, 141
20, 46, 45, 765, 757, 1118.5, 1359.6,144, 114
20, 46, 47, 765, 785, 745.469, 914.202,99, 79
20, 47, 1, 785, 638, 75.3674, 114.953,14, 9
20, 47, 2, 785, 605, 88.0061, 120.258,13, 9
20, 47, 3, 785, 528, 24.7115, 32.1387,4, 3
20, 47, 4, 785, 838, 131.117, 145.593,19, 17
20, 47, 5, 785, 883, 209.64, 256.624,32, 26
20, 47, 6, 785, 786, 887.125, 1254.37,138, 94
20, 47, 7, 785, 692, 173.493, 205.311,24, 20
20, 47, 8, 785, 720, 204.987, 230.068,28, 25
20, 47, 9, 785, 616, 392.571, 525.903,61, 44
20, 47, 10, 785, 709, 504.391, 737.282,86, 56
20, 47, 11, 785, 742, 430.15, 653.944,76, 48
20, 47, 12, 785, 708, 235.375, 316.359,36, 26
20, 47, 13, 785, 882, 136.287, 196.061,23, 16
20, 47, 14, 785, 745, 198.303, 237.203,28, 24
20, 47, 15, 785, 642, 212.463, 225.93,28, 26
20, 47, 16, 785, 731, 174.534, 216.591,26, 20
20, 47, 17, 785, 677, 110.111, 132.436,15, 12
20, 47, 18, 785, 609, 96.7535, 123.28,14, 11
20, 47, 19, 785, 678, 111.435, 126.355,15, 13
20, 47, 20, 785, 735, 140.035, 169.516,20, 17
20, 47, 21, 785, 607, 223.596, 242.11,28, 26
20, 47, 22, 785, 637, 463.547, 583.098,63, 49
20, 47, 23, 785, 877, 538.348, 786.021,90, 59
20, 47, 24, 785, 753, 458.029, 661.373,75, 51
20, 47, 25, 785, 758, 176.039, 216.226,20, 16
20, 47, 26, 785, 838, 179.499, 215.679,26, 21
20, 47, 27, 785, 625, 11.3532, 22.0681,2, 1
20, 47, 28, 785, 690, 133.559, 184.952,19, 13
20, 47, 29, 785, 779, 168.953, 237.672,29, 20
20, 47, 30, 785, 781, 45.8591, 52.8191,7, 6
20, 47, 31, 785, 614, 88.4379, 122.358,14, 10
20, 47, 32, 785, 858, 182.398, 234.44,30, 23
20, 47, 33, 785, 703, 352.545, 498.612,61, 42
20, 47, 34, 785, 608, 213.292, 285.286,31, 23
20, 47, 35, 785, 659, 328.069, 451.337,48, 34
20, 47, 36, 785, 707, 249.71, 324.474,37, 28
20, 47, 37, 785, 880, 216.088, 277.654,34, 26
20, 47, 38, 785, 729, 435.439, 602.812,73, 52
20, 47, 39, 785, 681, 542.933, 760.512,87, 59
20, 47, 40, 785, 696, 130.017, 164.398,18, 14
20, 47, 41, 785, 610, 87.0219, 113.124,13, 10
20, 47, 42, 785, 641, 204.18, 298.454,36, 24
20, 47, 43, 785, 620, 381.262, 509.447,57, 41
20, 47, 44, 785, 667, 365.156, 472.122,50, 38
20, 47, 45, 785, 757, 682.764, 1053.59,118, 74
20, 47, 46, 785, 765, 671.171, 914.201,99, 71
