64, 1, 2, 86, 119, 44.4839, 44.4839,6, 6
64, 1, 3, 86, 86, 189.561, 200.42,21, 20
64, 1, 4, 86, 184, 19.0809, 37.3662,4, 2
64, 1, 5, 86, 156, 0, 0,0, 0
64, 1, 6, 86, 138, 6.85682, 6.85682,1, 1
64, 1, 7, 86, 125, 0, 0,0, 0
64, 1, 8, 86, 119, 0, 0,0, 0
64, 1, 9, 86, 152, 0, 0,0, 0
64, 1, 10, 86, 144, 6.88684, 6.88684,1, 1
64, 1, 11, 86, 141, 8.11928, 8.11928,1, 1
64, 1, 12, 86, 153, 0, 0,0, 0
64, 1, 13, 86, 149, 0, 0,0, 0
64, 1, 14, 86, 135, 10.156, 16.8986,2, 1
64, 1, 15, 86, 106, 7.26511, 7.26511,1, 1
64, 1, 16, 86, 99, 21.7664, 21.7664,3, 3
64, 1, 17, 86, 105, 30.3466, 37.5265,5, 4
64, 1, 18, 86, 110, 8.40329, 8.40329,1, 1
64, 1, 19, 86, 117, 0, 0,0, 0
64, 1, 20, 86, 142, 0, 0,0, 0
64, 1, 21, 86, 90, 0, 0,0, 0
64, 1, 22, 86, 113, 0, 0,0, 0
64, 1, 23, 86, 136, 15.8667, 15.8667,2, 2
64, 1, 24, 86, 113, 21.7155, 21.7155,3, 3
64, 1, 25, 86, 146, 0, 0,0, 0
64, 1, 26, 86, 166, 0, 0,0, 0
64, 1, 27, 86, 106, 31.753, 38.6204,5, 4
64, 1, 28, 86, 146, 14.7261, 14.7261,2, 2
64, 1, 29, 86, 172, 0, 0,0, 0
64, 1, 30, 86, 145, 0, 0,0, 0
64, 1, 31, 86, 120, 21.0953, 21.0953,3, 3
64, 1, 32, 86, 148, 39.8747, 39.8747,5, 5
64, 1, 33, 86, 145, 0, 0,0, 0
64, 1, 34, 86, 109, 14.8132, 14.8132,2, 2
64, 1, 35, 86, 110, 6.80162, 6.80162,1, 1
64, 1, 36, 86, 148, 6.74689, 6.74689,1, 1
64, 1, 37, 86, 149, 15.7506, 15.7506,2, 2
64, 1, 38, 86, 150, 0, 0,0, 0
64, 1, 39, 86, 147, 17.4059, 17.4059,2, 2
64, 1, 40, 86, 127, 0, 0,0, 0
64, 1, 41, 86, 116, 0, 0,0, 0
64, 1, 42, 86, 114, 0, 0,0, 0
64, 1, 43, 86, 126, 0, 0,0, 0
64, 1, 44, 86, 107, 7.22942, 7.22942,1, 1
64, 1, 45, 86, 141, 0, 0,0, 0
64, 1, 46, 86, 130, 0, 0,0, 0
64, 1, 47, 86, 131, 0, 0,0, 0
64, 2, 1, 119, 86, 44.4838, 44.4838,6, 6
64, 2, 3, 119, 86, 154.421, 190.11,20, 16
64, 2, 4, 119, 184, 32.0475, 55.0841,5, 3
64, 2, 5, 119, 156, 0, 0,0, 0
64, 2, 6, 119, 138, 9.31357, 16.9761,2, 1
64, 2, 7, 119, 125, 26.3689, 34.2056,4, 3
64, 2, 8, 119, 119, 6.74223, 6.74223,1, 1
64, 2, 9, 119, 152, 0, 0,0, 0
64, 2, 10, 119, 144, 26.0513, 48.1487,4, 2
64, 2, 11, 119, 141, 0, 0,0, 0
64, 2, 12, 119, 153, 24.9074, 40.298,5, 3
64, 2, 13, 119, 149, 16.3624, 16.3624,2, 2
64, 2, 14, 119, 135, 11.916, 20.0599,2, 1
64, 2, 15, 119, 106, 25.117, 39.461,3, 2
64, 2, 16, 119, 99, 26.8137, 45.2808,4, 2
64, 2, 17, 119, 105, 45.176, 59.1301,4, 3
64, 2, 18, 119, 110, 26.2819, 34.6401,4, 3
64, 2, 19, 119, 117, 23.8451, 23.8451,3, 3
64, 2, 20, 119, 142, 36.4668, 49.4761,4, 3
64, 2, 21, 119, 90, 6.70176, 6.70176,1, 1
64, 2, 22, 119, 113, 54.2999, 70.4045,5, 4
64, 2, 23, 119, 136, 27.4401, 37.0419,4, 3
64, 2, 24, 119, 113, 0, 0,0, 0
64, 2, 25, 119, 146, 47.5725, 60.4862,5, 4
64, 2, 26, 119, 166, 0, 0,0, 0
64, 2, 27, 119, 106, 58.858, 69.6461,8, 7
64, 2, 28, 119, 146, 117.338, 141.619,12, 10
64, 2, 29, 119, 172, 15.2434, 15.2434,2, 2
64, 2, 30, 119, 145, 47.6699, 54.6098,6, 5
64, 2, 31, 119, 120, 42.629, 42.629,5, 5
64, 2, 32, 119, 148, 36.5649, 68.8757,6, 3
64, 2, 33, 119, 145, 17.1172, 17.1172,2, 2
64, 2, 34, 119, 109, 41.5594, 52.8275,5, 4
64, 2, 35, 119, 110, 15.3014, 25.3617,2, 1
64, 2, 36, 119, 148, 26.8209, 35.8223,4, 3
64, 2, 37, 119, 149, 26.2255, 47.7723,4, 2
64, 2, 38, 119, 150, 13.292, 23.7811,2, 1
64, 2, 39, 119, 147, 15.5315, 24.6617,2, 1
64, 2, 40, 119, 127, 14.6003, 14.6003,2, 2
64, 2, 41, 119, 116, 31.8917, 31.8917,4, 4
64, 2, 42, 119, 114, 15.9726, 15.9726,2, 2
64, 2, 43, 119, 126, 0, 0,0, 0
64, 2, 44, 119, 107, 7.32129, 7.32129,1, 1
64, 2, 45, 119, 141, 0, 0,0, 0
64, 2, 46, 119, 130, 11.2054, 19.6353,2, 1
64, 2, 47, 119, 131, 23.2136, 40.2783,4, 2
64, 3, 1, 86, 86, 182.612, 200.421,21, 19
64, 3, 2, 86, 119, 160.469, 190.11,20, 17
64, 3, 4, 86, 184, 27.4071, 45.3514,4, 2
64, 3, 5, 86, 156, 0, 0,0, 0
64, 3, 6, 86, 138, 7.66252, 7.66252,1, 1
64, 3, 7, 86, 125, 24.6003, 24.6003,3, 3
64, 3, 8, 86, 119, 0, 0,0, 0
64, 3, 9, 86, 152, 0, 0,0, 0
64, 3, 10, 86, 144, 22.1007, 52.5296,6, 2
64, 3, 11, 86, 141, 0, 0,0, 0
64, 3, 12, 86, 153, 17.7621, 17.7621,2, 2
64, 3, 13, 86, 149, 0, 0,0, 0
64, 3, 14, 86, 135, 9.24497, 17.2622,2, 1
64, 3, 15, 86, 106, 16.9834, 33.3563,3, 1
64, 3, 16, 86, 99, 25.8751, 50.2081,5, 2
64, 3, 17, 86, 105, 32.6148, 48.5981,5, 3
64, 3, 18, 86, 110, 14.6924, 23.5155,2, 1
64, 3, 19, 86, 117, 0, 0,0, 0
64, 3, 20, 86, 142, 12.9765, 21.9833,2, 1
64, 3, 21, 86, 90, 0, 0,0, 0
64, 3, 22, 86, 113, 12.3446, 22.4011,2, 1
64, 3, 23, 86, 136, 14.5424, 30.7094,3, 1
64, 3, 24, 86, 113, 31.3975, 31.3975,2, 2
64, 3, 25, 86, 146, 29.7328, 45.649,5, 3
64, 3, 26, 86, 166, 0, 0,0, 0
64, 3, 27, 86, 106, 53.3919, 63.0487,7, 6
64, 3, 28, 86, 146, 60.223, 85.2585,10, 7
64, 3, 29, 86, 172, 0, 0,0, 0
64, 3, 30, 86, 145, 0, 0,0, 0
64, 3, 31, 86, 120, 44.1177, 44.1177,6, 6
64, 3, 32, 86, 148, 50.1557, 93.3692,8, 3
64, 3, 33, 86, 145, 0, 0,0, 0
64, 3, 34, 86, 109, 47.5804, 71.4544,6, 3
64, 3, 35, 86, 110, 13.1069, 28.2626,3, 1
64, 3, 36, 86, 148, 16.4706, 24.1391,3, 2
64, 3, 37, 86, 149, 34.3303, 51.0263,4, 2
64, 3, 38, 86, 150, 9.44303, 18.7786,2, 1
64, 3, 39, 86, 147, 18.2444, 26.2771,3, 2
64, 3, 40, 86, 127, 0, 0,0, 0
64, 3, 41, 86, 116, 0, 0,0, 0
64, 3, 42, 86, 114, 0, 0,0, 0
64, 3, 43, 86, 126, 0, 0,0, 0
64, 3, 44, 86, 107, 0, 0,0, 0
64, 3, 45, 86, 141, 6.74779, 6.74779,1, 1
64, 3, 46, 86, 130, 8.15687, 15.3314,2, 1
64, 3, 47, 86, 131, 16.5846, 25.1266,3, 2
64, 4, 1, 184, 86, 30.478, 37.3661,4, 3
64, 4, 2, 184, 119, 34.3464, 55.0841,5, 3
64, 4, 3, 184, 86, 24.3167, 45.3513,4, 2
64, 4, 5, 184, 156, 0, 0,0, 0
64, 4, 6, 184, 138, 7.35889, 14.5526,2, 1
64, 4, 7, 184, 125, 7.96703, 15.4708,2, 1
64, 4, 8, 184, 119, 0, 0,0, 0
64, 4, 9, 184, 152, 0, 0,0, 0
64, 4, 10, 184, 144, 16.1475, 23.4578,3, 2
64, 4, 11, 184, 141, 0, 0,0, 0
64, 4, 12, 184, 153, 14.0552, 21.1314,3, 2
64, 4, 13, 184, 149, 0, 0,0, 0
64, 4, 14, 184, 135, 8.31105, 16.5213,2, 1
64, 4, 15, 184, 106, 9.06954, 16.4065,2, 1
64, 4, 16, 184, 99, 10.4454, 18.8913,2, 1
64, 4, 17, 184, 105, 10.8762, 19.7211,2, 1
64, 4, 18, 184, 110, 0, 0,0, 0
64, 4, 19, 184, 117, 6.87818, 6.87818,1, 1
64, 4, 20, 184, 142, 11.6195, 22.8644,2, 1
64, 4, 21, 184, 90, 0, 0,0, 0
64, 4, 22, 184, 113, 12.09, 21.9582,2, 1
64, 4, 23, 184, 136, 7.88895, 14.6375,2, 1
64, 4, 24, 184, 113, 0, 0,0, 0
64, 4, 25, 184, 146, 9.61166, 17.5107,2, 1
64, 4, 26, 184, 166, 0, 0,0, 0
64, 4, 27, 184, 106, 9.63269, 18.9336,2, 1
64, 4, 28, 184, 146, 26.5972, 42.7089,5, 3
64, 4, 29, 184, 172, 6.95598, 6.95598,1, 1
64, 4, 30, 184, 145, 7.09247, 7.09247,1, 1
64, 4, 31, 184, 120, 8.71272, 8.71272,1, 1
64, 4, 32, 184, 148, 31.0858, 49.5141,5, 3
64, 4, 33, 184, 145, 0, 0,0, 0
64, 4, 34, 184, 109, 15.8864, 15.8864,2, 2
64, 4, 35, 184, 110, 8.57108, 15.841,2, 1
64, 4, 36, 184, 148, 7.9509, 15.8445,2, 1
64, 4, 37, 184, 149, 21.1768, 38.0755,4, 2
64, 4, 38, 184, 150, 8.18295, 15.7685,2, 1
64, 4, 39, 184, 147, 8.62652, 16.4186,2, 1
64, 4, 40, 184, 127, 6.97884, 6.97884,1, 1
64, 4, 41, 184, 116, 6.68091, 6.68091,1, 1
64, 4, 42, 184, 114, 7.75466, 7.75466,1, 1
64, 4, 43, 184, 126, 0, 0,0, 0
64, 4, 44, 184, 107, 0, 0,0, 0
64, 4, 45, 184, 141, 0, 0,0, 0
64, 4, 46, 184, 130, 7.97135, 15.8521,2, 1
64, 4, 47, 184, 131, 15.9799, 24.5276,3, 2
64, 5, 1, 156, 86, 0, 0,0, 0
64, 5, 2, 156, 119, 0, 0,0, 0
64, 5, 3, 156, 86, 0, 0,0, 0
64, 5, 4, 156, 184, 0, 0,0, 0
64, 5, 6, 156, 138, 98.2557, 98.2557,11, 11
64, 5, 7, 156, 125, 17.9579, 17.9579,2, 2
64, 5, 8, 156, 119, 51.1671, 51.1671,6, 6
64, 5, 9, 156, 152, 0, 0,0, 0
64, 5, 10, 156, 144, 0, 0,0, 0
64, 5, 11, 156, 141, 25.7111, 25.7111,3, 3
64, 5, 12, 156, 153, 63.5487, 63.5487,7, 7
64, 5, 13, 156, 149, 36.8727, 36.8727,4, 4
64, 5, 14, 156, 135, 23.1107, 23.1107,3, 3
64, 5, 15, 156, 106, 17.2525, 17.2525,2, 2
64, 5, 16, 156, 99, 0, 0,0, 0
64, 5, 17, 156, 105, 16.4345, 16.4345,2, 2
64, 5, 18, 156, 110, 23.7309, 23.7309,3, 3
64, 5, 19, 156, 117, 7.17141, 7.17141,1, 1
64, 5, 20, 156, 142, 7.03255, 7.03255,1, 1
64, 5, 21, 156, 90, 33.9097, 33.9097,4, 4
64, 5, 22, 156, 113, 17.4765, 17.4765,2, 2
64, 5, 23, 156, 136, 0, 0,0, 0
64, 5, 24, 156, 113, 9.15715, 9.15715,1, 1
64, 5, 25, 156, 146, 17.461, 17.461,2, 2
64, 5, 26, 156, 166, 32.464, 32.464,4, 4
64, 5, 27, 156, 106, 0, 0,0, 0
64, 5, 28, 156, 146, 7.36283, 7.36283,1, 1
64, 5, 29, 156, 172, 0, 0,0, 0
64, 5, 30, 156, 145, 22.9473, 22.9473,3, 3
64, 5, 31, 156, 120, 0, 0,0, 0
64, 5, 32, 156, 148, 0, 0,0, 0
64, 5, 33, 156, 145, 7.95876, 15.7556,2, 1
64, 5, 34, 156, 109, 9.0553, 9.0553,1, 1
64, 5, 35, 156, 110, 0, 0,0, 0
64, 5, 36, 156, 148, 40.9598, 40.9598,4, 4
64, 5, 37, 156, 149, 0, 0,0, 0
64, 5, 38, 156, 150, 0, 0,0, 0
64, 5, 39, 156, 147, 9.98644, 9.98644,1, 1
64, 5, 40, 156, 127, 15.6931, 23.3085,3, 2
64, 5, 41, 156, 116, 24.0665, 31.2383,4, 3
64, 5, 42, 156, 114, 8.64678, 8.64678,1, 1
64, 5, 43, 156, 126, 7.51212, 7.51212,1, 1
64, 5, 44, 156, 107, 96.0663, 96.0663,10, 10
64, 5, 45, 156, 141, 8.71679, 8.71679,1, 1
64, 5, 46, 156, 130, 70.4548, 70.4548,8, 8
64, 5, 47, 156, 131, 0, 0,0, 0
64, 6, 1, 138, 86, 6.85682, 6.85682,1, 1
64, 6, 2, 138, 119, 16.9761, 16.9761,2, 2
64, 6, 3, 138, 86, 7.66252, 7.66252,1, 1
64, 6, 4, 138, 184, 14.5526, 14.5526,2, 2
64, 6, 5, 138, 156, 98.2558, 98.2558,11, 11
64, 6, 7, 138, 125, 39.6362, 39.6362,4, 4
64, 6, 8, 138, 119, 9.2735, 9.2735,1, 1
64, 6, 9, 138, 152, 63.5567, 86.9264,11, 8
64, 6, 10, 138, 144, 79.3081, 95.0256,11, 9
64, 6, 11, 138, 141, 88.129, 94.9289,11, 10
64, 6, 12, 138, 153, 56.6851, 56.6851,6, 6
64, 6, 13, 138, 149, 7.53581, 7.53581,1, 1
64, 6, 14, 138, 135, 44.4707, 44.4707,5, 5
64, 6, 15, 138, 106, 15.238, 15.238,2, 2
64, 6, 16, 138, 99, 29.9439, 29.9439,4, 4
64, 6, 17, 138, 105, 9.70556, 9.70556,1, 1
64, 6, 18, 138, 110, 24.3756, 24.3756,3, 3
64, 6, 19, 138, 117, 0, 0,0, 0
64, 6, 20, 138, 142, 20.3257, 20.3257,2, 2
64, 6, 21, 138, 90, 23.4029, 23.4029,3, 3
64, 6, 22, 138, 113, 10.419, 10.419,1, 1
64, 6, 23, 138, 136, 26.0811, 26.0811,3, 3
64, 6, 24, 138, 113, 29.0665, 29.0665,4, 4
64, 6, 25, 138, 146, 25.6546, 25.6546,3, 3
64, 6, 26, 138, 166, 8.66107, 8.66107,1, 1
64, 6, 27, 138, 106, 17.6909, 17.6909,2, 2
64, 6, 28, 138, 146, 45.4759, 45.4759,5, 5
64, 6, 29, 138, 172, 14.5955, 14.5955,2, 2
64, 6, 30, 138, 145, 0, 0,0, 0
64, 6, 31, 138, 120, 9.72639, 9.72639,1, 1
64, 6, 32, 138, 148, 71.1797, 78.0406,10, 9
64, 6, 33, 138, 145, 45.7122, 45.7122,6, 6
64, 6, 34, 138, 109, 17.0026, 17.0026,2, 2
64, 6, 35, 138, 110, 62.4128, 106.59,12, 6
64, 6, 36, 138, 148, 46.8862, 46.8862,4, 4
64, 6, 37, 138, 149, 41.9104, 48.6715,6, 5
64, 6, 38, 138, 150, 94.4492, 134.545,16, 11
64, 6, 39, 138, 147, 131.801, 192.189,22, 14
64, 6, 40, 138, 127, 7.94597, 7.94597,1, 1
64, 6, 41, 138, 116, 29.4858, 29.4858,4, 4
64, 6, 42, 138, 114, 7.08413, 7.08413,1, 1
64, 6, 43, 138, 126, 47.4058, 47.4058,6, 6
64, 6, 44, 138, 107, 84.0252, 84.0252,10, 10
64, 6, 45, 138, 141, 230.689, 327.859,34, 23
64, 6, 46, 138, 130, 184.865, 196.384,20, 19
64, 6, 47, 138, 131, 134.793, 178.896,20, 14
64, 7, 1, 125, 86, 0, 0,0, 0
64, 7, 2, 125, 119, 34.2056, 34.2056,4, 4
64, 7, 3, 125, 86, 24.6008, 24.6008,3, 3
64, 7, 4, 125, 184, 15.471, 15.471,2, 2
64, 7, 5, 125, 156, 17.958, 17.958,2, 2
64, 7, 6, 125, 138, 32.0667, 39.6361,4, 3
64, 7, 8, 125, 119, 71.4773, 71.4773,9, 9
64, 7, 9, 125, 152, 0, 0,0, 0
64, 7, 10, 125, 144, 8.10879, 8.10879,1, 1
64, 7, 11, 125, 141, 52.7482, 72.3821,7, 5
64, 7, 12, 125, 153, 103.719, 112.507,10, 9
64, 7, 13, 125, 149, 13.9972, 13.9972,2, 2
64, 7, 14, 125, 135, 365.056, 388.936,40, 37
64, 7, 15, 125, 106, 241.948, 264.917,27, 24
64, 7, 16, 125, 99, 16.155, 16.155,2, 2
64, 7, 17, 125, 105, 35.4946, 43.1348,5, 4
64, 7, 18, 125, 110, 61.0605, 69.2062,8, 7
64, 7, 19, 125, 117, 14.4192, 14.4192,2, 2
64, 7, 20, 125, 142, 284.647, 298.67,30, 28
64, 7, 21, 125, 90, 17.7292, 17.7292,2, 2
64, 7, 22, 125, 113, 62.9705, 70.0738,8, 7
64, 7, 23, 125, 136, 31.386, 31.386,4, 4
64, 7, 24, 125, 113, 0, 0,0, 0
64, 7, 25, 125, 146, 385.891, 434.315,46, 40
64, 7, 26, 125, 166, 16.8293, 16.8293,2, 2
64, 7, 27, 125, 106, 15.3538, 15.3538,1, 1
64, 7, 28, 125, 146, 54.3245, 62.7202,7, 6
64, 7, 29, 125, 172, 7.09518, 7.09518,1, 1
64, 7, 30, 125, 145, 14.4378, 14.4378,1, 1
64, 7, 31, 125, 120, 28.1695, 43.1271,5, 3
64, 7, 32, 125, 148, 186.22, 186.22,22, 22
64, 7, 33, 125, 145, 13.9081, 13.9081,2, 2
64, 7, 34, 125, 109, 83.7945, 91.0218,10, 9
64, 7, 35, 125, 110, 51.8973, 51.8973,6, 6
64, 7, 36, 125, 148, 50.7062, 57.5664,6, 5
64, 7, 37, 125, 149, 216.097, 223.395,24, 23
64, 7, 38, 125, 150, 12.309, 12.309,1, 1
64, 7, 39, 125, 147, 7.97783, 7.97783,1, 1
64, 7, 40, 125, 127, 7.57929, 7.57929,1, 1
64, 7, 41, 125, 116, 8.18418, 8.18418,1, 1
64, 7, 42, 125, 114, 28.3451, 28.3451,3, 3
64, 7, 43, 125, 126, 35.0745, 47.6487,5, 4
64, 7, 44, 125, 107, 7.41817, 7.41817,1, 1
64, 7, 45, 125, 141, 0, 0,0, 0
64, 7, 46, 125, 130, 46.25, 54.0602,6, 5
64, 7, 47, 125, 131, 16.9581, 16.9581,2, 2
64, 8, 1, 119, 86, 0, 0,0, 0
64, 8, 2, 119, 119, 6.74222, 6.74222,1, 1
64, 8, 3, 119, 86, 0, 0,0, 0
64, 8, 4, 119, 184, 0, 0,0, 0
64, 8, 5, 119, 156, 51.1671, 51.1671,6, 6
64, 8, 6, 119, 138, 9.27352, 9.27352,1, 1
64, 8, 7, 119, 125, 56.565, 71.4772,9, 7
64, 8, 9, 119, 152, 0, 0,0, 0
64, 8, 10, 119, 144, 0, 0,0, 0
64, 8, 11, 119, 141, 24.7041, 24.7041,3, 3
64, 8, 12, 119, 153, 41.7389, 41.7389,4, 4
64, 8, 13, 119, 149, 50.1276, 50.1276,6, 6
64, 8, 14, 119, 135, 85.7672, 92.583,11, 10
64, 8, 15, 119, 106, 149.569, 158.65,16, 15
64, 8, 16, 119, 99, 8.31501, 16.0659,2, 1
64, 8, 17, 119, 105, 43.7964, 43.7964,5, 5
64, 8, 18, 119, 110, 78.4119, 92.7812,10, 8
64, 8, 19, 119, 117, 112.569, 112.569,12, 12
64, 8, 20, 119, 142, 163.247, 185.447,20, 17
64, 8, 21, 119, 90, 126.271, 126.271,15, 15
64, 8, 22, 119, 113, 29.6265, 29.6265,3, 3
64, 8, 23, 119, 136, 18.2436, 18.2436,2, 2
64, 8, 24, 119, 113, 0, 0,0, 0
64, 8, 25, 119, 146, 116.297, 123.428,14, 13
64, 8, 26, 119, 166, 54.7364, 61.5757,8, 7
64, 8, 27, 119, 106, 0, 0,0, 0
64, 8, 28, 119, 146, 37.2068, 37.2068,3, 3
64, 8, 29, 119, 172, 17.7354, 17.7354,2, 2
64, 8, 30, 119, 145, 23.7867, 23.7867,3, 3
64, 8, 31, 119, 120, 9.6309, 9.6309,1, 1
64, 8, 32, 119, 148, 37.5038, 37.5038,5, 5
64, 8, 33, 119, 145, 24.4579, 24.4579,3, 3
64, 8, 34, 119, 109, 54.1223, 54.1223,6, 6
64, 8, 35, 119, 110, 8.50852, 8.50852,1, 1
64, 8, 36, 119, 148, 42.3863, 42.3863,4, 4
64, 8, 37, 119, 149, 34.1281, 34.1281,4, 4
64, 8, 38, 119, 150, 0, 0,0, 0
64, 8, 39, 119, 147, 13.9284, 13.9284,2, 2
64, 8, 40, 119, 127, 27.0163, 27.0163,3, 3
64, 8, 41, 119, 116, 28.2484, 28.2484,3, 3
64, 8, 42, 119, 114, 39.6394, 39.6394,5, 5
64, 8, 43, 119, 126, 14.783, 14.783,2, 2
64, 8, 44, 119, 107, 23.6889, 23.6889,2, 2
64, 8, 45, 119, 141, 0, 0,0, 0
64, 8, 46, 119, 130, 6.71066, 6.71066,1, 1
64, 8, 47, 119, 131, 15.3606, 15.3606,2, 2
64, 9, 1, 152, 86, 0, 0,0, 0
64, 9, 2, 152, 119, 0, 0,0, 0
64, 9, 3, 152, 86, 0, 0,0, 0
64, 9, 4, 152, 184, 0, 0,0, 0
64, 9, 5, 152, 156, 0, 0,0, 0
64, 9, 6, 152, 138, 65.7827, 86.9265,11, 8
64, 9, 7, 152, 125, 0, 0,0, 0
64, 9, 8, 152, 119, 0, 0,0, 0
64, 9, 10, 152, 144, 441.034, 726.955,78, 41
64, 9, 11, 152, 141, 158.068, 254.707,25, 12
64, 9, 12, 152, 153, 76.912, 119.114,13, 8
64, 9, 13, 152, 149, 0, 0,0, 0
64, 9, 14, 152, 135, 0, 0,0, 0
64, 9, 15, 152, 106, 0, 0,0, 0
64, 9, 16, 152, 99, 14.7792, 14.7792,2, 2
64, 9, 17, 152, 105, 0, 0,0, 0
64, 9, 18, 152, 110, 0, 0,0, 0
64, 9, 19, 152, 117, 0, 0,0, 0
64, 9, 20, 152, 142, 0, 0,0, 0
64, 9, 21, 152, 90, 0, 0,0, 0
64, 9, 22, 152, 113, 0, 0,0, 0
64, 9, 23, 152, 136, 8.20027, 8.20027,1, 1
64, 9, 24, 152, 113, 15.9741, 23.9299,3, 2
64, 9, 25, 152, 146, 0, 0,0, 0
64, 9, 26, 152, 166, 0, 0,0, 0
64, 9, 27, 152, 106, 8.24013, 8.24013,1, 1
64, 9, 28, 152, 146, 0, 0,0, 0
64, 9, 29, 152, 172, 7.89593, 7.89593,1, 1
64, 9, 30, 152, 145, 0, 0,0, 0
64, 9, 31, 152, 120, 7.11205, 7.11205,1, 1
64, 9, 32, 152, 148, 0, 0,0, 0
64, 9, 33, 152, 145, 162.887, 357.945,40, 16
64, 9, 34, 152, 109, 0, 0,0, 0
64, 9, 35, 152, 110, 70.2766, 105.875,14, 9
64, 9, 36, 152, 148, 7.11306, 7.11306,1, 1
64, 9, 37, 152, 149, 0, 0,0, 0
64, 9, 38, 152, 150, 259.81, 509.58,62, 29
64, 9, 39, 152, 147, 252.613, 476.089,51, 22
64, 9, 40, 152, 127, 0, 0,0, 0
64, 9, 41, 152, 116, 0, 0,0, 0
64, 9, 42, 152, 114, 0, 0,0, 0
64, 9, 43, 152, 126, 208.244, 416.353,48, 22
64, 9, 44, 152, 107, 0, 0,0, 0
64, 9, 45, 152, 141, 237.528, 377.584,45, 26
64, 9, 46, 152, 130, 8.08199, 8.08199,1, 1
64, 9, 47, 152, 131, 10.0813, 25.7325,3, 1
64, 10, 1, 144, 86, 6.88681, 6.88681,1, 1
64, 10, 2, 144, 119, 26.6966, 48.1479,4, 2
64, 10, 3, 144, 86, 27.1236, 52.5297,6, 3
64, 10, 4, 144, 184, 16.3835, 23.4578,3, 2
64, 10, 5, 144, 156, 0, 0,0, 0
64, 10, 6, 144, 138, 57.6663, 95.0257,11, 6
64, 10, 7, 144, 125, 8.10886, 8.10886,1, 1
64, 10, 8, 144, 119, 0, 0,0, 0
64, 10, 9, 144, 152, 473.199, 726.954,78, 46
64, 10, 11, 144, 141, 268.094, 337.805,39, 30
64, 10, 12, 144, 153, 131.581, 145.97,15, 13
64, 10, 13, 144, 149, 22.0555, 22.0555,3, 3
64, 10, 14, 144, 135, 10.4982, 18.3863,2, 1
64, 10, 15, 144, 106, 16.9969, 31.7656,2, 1
64, 10, 16, 144, 99, 25.0536, 37.9461,3, 2
64, 10, 17, 144, 105, 16.8293, 30.346,2, 1
64, 10, 18, 144, 110, 9.44624, 18.8803,2, 1
64, 10, 19, 144, 117, 0, 0,0, 0
64, 10, 20, 144, 142, 10.2697, 20.2204,2, 1
64, 10, 21, 144, 90, 0, 0,0, 0
64, 10, 22, 144, 113, 15.6419, 29.8592,2, 1
64, 10, 23, 144, 136, 25.2199, 39.7543,3, 2
64, 10, 24, 144, 113, 30.4662, 37.4362,5, 4
64, 10, 25, 144, 146, 21.2978, 34.0957,2, 1
64, 10, 26, 144, 166, 0, 0,0, 0
64, 10, 27, 144, 106, 12.4469, 21.0045,2, 1
64, 10, 28, 144, 146, 42.2456, 70.7188,5, 3
64, 10, 29, 144, 172, 0, 0,0, 0
64, 10, 30, 144, 145, 6.82832, 6.82832,1, 1
64, 10, 31, 144, 120, 0, 0,0, 0
64, 10, 32, 144, 148, 46.5781, 67.4711,5, 3
64, 10, 33, 144, 145, 123.245, 213.871,26, 14
64, 10, 34, 144, 109, 30.0343, 51.1216,5, 3
64, 10, 35, 144, 110, 78.5829, 101.198,11, 9
64, 10, 36, 144, 148, 57.2056, 64.8735,6, 5
64, 10, 37, 144, 149, 39.7866, 50.6044,4, 3
64, 10, 38, 144, 150, 227.696, 479.424,54, 23
64, 10, 39, 144, 147, 323.144, 498.052,52, 31
64, 10, 40, 144, 127, 0, 0,0, 0
64, 10, 41, 144, 116, 0, 0,0, 0
64, 10, 42, 144, 114, 0, 0,0, 0
64, 10, 43, 144, 126, 180.805, 341.573,39, 19
64, 10, 44, 144, 107, 0, 0,0, 0
64, 10, 45, 144, 141, 128.259, 226.837,24, 12
64, 10, 46, 144, 130, 10.6241, 18.8268,2, 1
64, 10, 47, 144, 131, 38.5211, 86.6052,10, 4
64, 11, 1, 141, 86, 8.11925, 8.11925,1, 1
64, 11, 2, 141, 119, 0, 0,0, 0
64, 11, 3, 141, 86, 0, 0,0, 0
64, 11, 4, 141, 184, 0, 0,0, 0
64, 11, 5, 141, 156, 25.711, 25.711,3, 3
64, 11, 6, 141, 138, 84.9867, 94.9295,11, 10
64, 11, 7, 141, 125, 53.3992, 72.3821,7, 5
64, 11, 8, 141, 119, 24.7042, 24.7042,3, 3
64, 11, 9, 141, 152, 247.724, 254.701,25, 24
64, 11, 10, 141, 144, 309.836, 337.805,39, 35
64, 11, 12, 141, 153, 312.577, 333.832,32, 29
64, 11, 13, 141, 149, 102.12, 119.627,15, 13
64, 11, 14, 141, 135, 6.67383, 6.67383,1, 1
64, 11, 15, 141, 106, 40.6546, 47.8114,5, 4
64, 11, 16, 141, 99, 25.167, 25.167,3, 3
64, 11, 17, 141, 105, 23.6127, 30.5999,4, 3
64, 11, 18, 141, 110, 38.7863, 47.7625,5, 4
64, 11, 19, 141, 117, 6.73515, 6.73515,1, 1
64, 11, 20, 141, 142, 17.7367, 17.7367,2, 2
64, 11, 21, 141, 90, 23.7334, 23.7334,3, 3
64, 11, 22, 141, 113, 0, 0,0, 0
64, 11, 23, 141, 136, 0, 0,0, 0
64, 11, 24, 141, 113, 0, 0,0, 0
64, 11, 25, 141, 146, 11.4225, 19.5875,2, 1
64, 11, 26, 141, 166, 7.22812, 7.22812,1, 1
64, 11, 27, 141, 106, 23.1812, 23.1812,3, 3
64, 11, 28, 141, 146, 52.7956, 61.2752,7, 6
64, 11, 29, 141, 172, 36.3592, 45.0909,5, 4
64, 11, 30, 141, 145, 11.3444, 11.3444,1, 1
64, 11, 31, 141, 120, 30.616, 38.6143,4, 3
64, 11, 32, 141, 148, 0, 0,0, 0
64, 11, 33, 141, 145, 158.281, 181.961,22, 19
64, 11, 34, 141, 109, 86.3951, 94.7332,11, 10
64, 11, 35, 141, 110, 61.9452, 69.1118,7, 6
64, 11, 36, 141, 148, 120.958, 129.723,14, 13
64, 11, 37, 141, 149, 0, 0,0, 0
64, 11, 38, 141, 150, 177.977, 195.114,22, 20
64, 11, 39, 141, 147, 177.246, 177.246,21, 21
64, 11, 40, 141, 127, 7.09999, 7.09999,1, 1
64, 11, 41, 141, 116, 43.3825, 43.3825,5, 5
64, 11, 42, 141, 114, 50.5792, 57.8629,6, 5
64, 11, 43, 141, 126, 183.927, 199.59,23, 21
64, 11, 44, 141, 107, 21.0768, 21.0768,3, 3
64, 11, 45, 141, 141, 94.4595, 101.25,13, 12
64, 11, 46, 141, 130, 20.508, 28.6439,3, 2
64, 11, 47, 141, 131, 36.1262, 36.1262,5, 5
64, 12, 1, 153, 86, 0, 0,0, 0
64, 12, 2, 153, 119, 23.92, 40.2979,5, 3
64, 12, 3, 153, 86, 9.36151, 17.7621,2, 1
64, 12, 4, 153, 184, 14.3746, 27.7982,4, 2
64, 12, 5, 153, 156, 45.7207, 63.5493,7, 5
64, 12, 6, 153, 138, 35.4228, 56.6848,6, 4
64, 12, 7, 153, 125, 77.9625, 112.506,10, 7
64, 12, 8, 153, 119, 27.9352, 41.7391,4, 3
64, 12, 9, 153, 152, 93.8107, 119.114,13, 10
64, 12, 10, 153, 144, 127.745, 145.973,15, 13
64, 12, 11, 153, 141, 279.222, 333.831,32, 26
64, 12, 13, 153, 149, 192.086, 225.332,25, 21
64, 12, 14, 153, 135, 17.5851, 27.6334,3, 2
64, 12, 15, 153, 106, 69.8762, 92.9507,8, 6
64, 12, 16, 153, 99, 23.2781, 39.6392,5, 3
64, 12, 17, 153, 105, 33.8844, 42.8835,5, 4
64, 12, 18, 153, 110, 44.7551, 54.5224,6, 5
64, 12, 19, 153, 117, 18.9028, 28.0367,3, 2
64, 12, 20, 153, 142, 75.1054, 95.3662,10, 8
64, 12, 21, 153, 90, 33.9771, 33.9771,4, 4
64, 12, 22, 153, 113, 40.33, 49.6908,5, 4
64, 12, 23, 153, 136, 16.6331, 23.9141,3, 2
64, 12, 24, 153, 113, 0, 0,0, 0
64, 12, 25, 153, 146, 51.3932, 65.5353,8, 6
64, 12, 26, 153, 166, 16.5535, 24.7323,3, 2
64, 12, 27, 153, 106, 43.5195, 58.5597,5, 4
64, 12, 28, 153, 146, 40.2151, 67.3209,7, 4
64, 12, 29, 153, 172, 35.7744, 35.7744,5, 5
64, 12, 30, 153, 145, 14.7012, 14.7012,2, 2
64, 12, 31, 153, 120, 9.37089, 9.37089,1, 1
64, 12, 32, 153, 148, 11.3589, 21.349,2, 1
64, 12, 33, 153, 145, 51.9119, 63.1853,6, 5
64, 12, 34, 153, 109, 123.332, 145.55,18, 15
64, 12, 35, 153, 110, 15.7261, 23.1713,3, 2
64, 12, 36, 153, 148, 211.489, 271.826,25, 20
64, 12, 37, 153, 149, 18.343, 28.6189,3, 2
64, 12, 38, 153, 150, 14.7722, 29.258,2, 1
64, 12, 39, 153, 147, 33.3828, 42.7609,5, 4
64, 12, 40, 153, 127, 27.3284, 36.7846,4, 3
64, 12, 41, 153, 116, 58.4696, 70.1463,7, 6
64, 12, 42, 153, 114, 93.3776, 109.373,14, 12
64, 12, 43, 153, 126, 31.9674, 31.9674,4, 4
64, 12, 44, 153, 107, 23.6518, 23.6518,3, 3
64, 12, 45, 153, 141, 0, 0,0, 0
64, 12, 46, 153, 130, 31.135, 60.9917,6, 3
64, 12, 47, 153, 131, 20.1415, 39.7466,4, 2
64, 13, 1, 149, 86, 0, 0,0, 0
64, 13, 2, 149, 119, 16.3624, 16.3624,2, 2
64, 13, 3, 149, 86, 0, 0,0, 0
64, 13, 4, 149, 184, 0, 0,0, 0
64, 13, 5, 149, 156, 36.8726, 36.8726,4, 4
64, 13, 6, 149, 138, 7.53586, 7.53586,1, 1
64, 13, 7, 149, 125, 13.9972, 13.9972,2, 2
64, 13, 8, 149, 119, 50.1277, 50.1277,6, 6
64, 13, 9, 149, 152, 0, 0,0, 0
64, 13, 10, 149, 144, 22.0557, 22.0557,3, 3
64, 13, 11, 149, 141, 112.696, 119.627,15, 14
64, 13, 12, 149, 153, 217.464, 225.332,25, 24
64, 13, 14, 149, 135, 0, 0,0, 0
64, 13, 15, 149, 106, 15.1449, 15.1449,2, 2
64, 13, 16, 149, 99, 0, 0,0, 0
64, 13, 17, 149, 105, 14.3068, 14.3068,2, 2
64, 13, 18, 149, 110, 41.4289, 41.4289,5, 5
64, 13, 19, 149, 117, 51.9629, 66.6519,8, 6
64, 13, 20, 149, 142, 7.5859, 7.5859,1, 1
64, 13, 21, 149, 90, 39.6591, 46.5257,5, 4
64, 13, 22, 149, 113, 0, 0,0, 0
64, 13, 23, 149, 136, 0, 0,0, 0
64, 13, 24, 149, 113, 0, 0,0, 0
64, 13, 25, 149, 146, 22.7087, 22.7087,3, 3
64, 13, 26, 149, 166, 0, 0,0, 0
64, 13, 27, 149, 106, 7.90508, 7.90508,1, 1
64, 13, 28, 149, 146, 10.6839, 10.6839,1, 1
64, 13, 29, 149, 172, 38.8137, 38.8137,4, 4
64, 13, 30, 149, 145, 19.7745, 19.7745,2, 2
64, 13, 31, 149, 120, 10.8703, 10.8703,1, 1
64, 13, 32, 149, 148, 0, 0,0, 0
64, 13, 33, 149, 145, 26.0112, 26.0112,3, 3
64, 13, 34, 149, 109, 43.3889, 43.3889,5, 5
64, 13, 35, 149, 110, 0, 0,0, 0
64, 13, 36, 149, 148, 56.1097, 56.1097,6, 6
64, 13, 37, 149, 149, 0, 0,0, 0
64, 13, 38, 149, 150, 0, 0,0, 0
64, 13, 39, 149, 147, 0, 0,0, 0
64, 13, 40, 149, 127, 67.6079, 67.6079,8, 8
64, 13, 41, 149, 116, 17.4893, 17.4893,2, 2
64, 13, 42, 149, 114, 56.3729, 56.3729,7, 7
64, 13, 43, 149, 126, 21.5179, 21.5179,3, 3
64, 13, 44, 149, 107, 15.4597, 15.4597,2, 2
64, 13, 45, 149, 141, 0, 0,0, 0
64, 13, 46, 149, 130, 8.12427, 8.12427,1, 1
64, 13, 47, 149, 131, 0, 0,0, 0
64, 14, 1, 135, 86, 16.8986, 16.8986,2, 2
64, 14, 2, 135, 119, 20.0599, 20.0599,2, 2
64, 14, 3, 135, 86, 17.2621, 17.2621,2, 2
64, 14, 4, 135, 184, 16.5214, 16.5214,2, 2
64, 14, 5, 135, 156, 23.1106, 23.1106,3, 3
64, 14, 6, 135, 138, 29.9939, 44.4707,5, 3
64, 14, 7, 135, 125, 360.779, 388.936,40, 37
64, 14, 8, 135, 119, 92.5829, 92.5829,11, 11
64, 14, 9, 135, 152, 0, 0,0, 0
64, 14, 10, 135, 144, 18.3864, 18.3864,2, 2
64, 14, 11, 135, 141, 6.67382, 6.67382,1, 1
64, 14, 12, 135, 153, 27.6334, 27.6334,3, 3
64, 14, 13, 135, 149, 0, 0,0, 0
64, 14, 15, 135, 106, 270.021, 285.764,30, 28
64, 14, 16, 135, 99, 59.1636, 65.8726,8, 7
64, 14, 17, 135, 105, 86.1319, 86.1319,8, 8
64, 14, 18, 135, 110, 29.1367, 29.1367,4, 4
64, 14, 19, 135, 117, 0, 0,0, 0
64, 14, 20, 135, 142, 205.728, 226.377,27, 24
64, 14, 21, 135, 90, 17.2268, 17.2268,2, 2
64, 14, 22, 135, 113, 67.9294, 89.5356,11, 8
64, 14, 23, 135, 136, 98.9513, 121.053,14, 11
64, 14, 24, 135, 113, 72.071, 87.0846,10, 8
64, 14, 25, 135, 146, 335.188, 351.697,34, 32
64, 14, 26, 135, 166, 17.394, 17.394,2, 2
64, 14, 27, 135, 106, 14.8152, 14.8152,1, 1
64, 14, 28, 135, 146, 38.9921, 38.9921,3, 3
64, 14, 29, 135, 172, 0, 0,0, 0
64, 14, 30, 135, 145, 0, 0,0, 0
64, 14, 31, 135, 120, 7.03114, 7.03114,1, 1
64, 14, 32, 135, 148, 413.239, 530.423,48, 36
64, 14, 33, 135, 145, 0, 0,0, 0
64, 14, 34, 135, 109, 29.4702, 29.4702,4, 4
64, 14, 35, 135, 110, 39.2289, 39.2289,4, 4
64, 14, 36, 135, 148, 31.1586, 31.1586,3, 3
64, 14, 37, 135, 149, 331.153, 407.219,43, 34
64, 14, 38, 135, 150, 11.5357, 11.5357,1, 1
64, 14, 39, 135, 147, 33.1252, 46.8811,5, 3
64, 14, 40, 135, 127, 0, 0,0, 0
64, 14, 41, 135, 116, 0, 0,0, 0
64, 14, 42, 135, 114, 7.68105, 7.68105,1, 1
64, 14, 43, 135, 126, 0, 0,0, 0
64, 14, 44, 135, 107, 17.2957, 17.2957,2, 2
64, 14, 45, 135, 141, 31.3143, 31.3143,4, 4
64, 14, 46, 135, 130, 39.2583, 39.2583,4, 4
64, 14, 47, 135, 131, 70.1551, 84.7604,9, 7
64, 15, 1, 106, 86, 7.26506, 7.26506,1, 1
64, 15, 2, 106, 119, 39.4611, 39.4611,3, 3
64, 15, 3, 106, 86, 33.3561, 33.3561,3, 3
64, 15, 4, 106, 184, 16.4064, 16.4064,2, 2
64, 15, 5, 106, 156, 17.2525, 17.2525,2, 2
64, 15, 6, 106, 138, 15.2379, 15.2379,2, 2
64, 15, 7, 106, 125, 264.919, 264.919,27, 27
64, 15, 8, 106, 119, 158.651, 158.651,16, 16
64, 15, 9, 106, 152, 0, 0,0, 0
64, 15, 10, 106, 144, 31.7653, 31.7653,2, 2
64, 15, 11, 106, 141, 47.8114, 47.8114,5, 5
64, 15, 12, 106, 153, 92.9488, 92.9488,8, 8
64, 15, 13, 106, 149, 15.145, 15.145,2, 2
64, 15, 14, 106, 135, 285.764, 285.764,30, 30
64, 15, 16, 106, 99, 42.2181, 42.2181,4, 4
64, 15, 17, 106, 105, 54.1144, 54.1144,5, 5
64, 15, 18, 106, 110, 80.9489, 80.9489,9, 9
64, 15, 19, 106, 117, 50.1425, 50.1425,6, 6
64, 15, 20, 106, 142, 390.542, 397.58,41, 40
64, 15, 21, 106, 90, 94.6537, 101.548,11, 10
64, 15, 22, 106, 113, 108.494, 108.494,11, 11
64, 15, 23, 106, 136, 34.8476, 34.8476,3, 3
64, 15, 24, 106, 113, 14.2293, 14.2293,2, 2
64, 15, 25, 106, 146, 318.737, 318.737,29, 29
64, 15, 26, 106, 166, 20.7531, 20.7531,3, 3
64, 15, 27, 106, 106, 10.2945, 10.2945,1, 1
64, 15, 28, 106, 146, 58.0604, 58.0604,5, 5
64, 15, 29, 106, 172, 6.81473, 6.81473,1, 1
64, 15, 30, 106, 145, 19.808, 19.808,1, 1
64, 15, 31, 106, 120, 22.8791, 22.8791,3, 3
64, 15, 32, 106, 148, 188.498, 188.498,19, 19
64, 15, 33, 106, 145, 46.3183, 46.3183,5, 5
64, 15, 34, 106, 109, 146.836, 146.836,15, 15
64, 15, 35, 106, 110, 35.3733, 35.3733,3, 3
64, 15, 36, 106, 148, 70.4062, 70.4062,8, 8
64, 15, 37, 106, 149, 113.752, 113.752,11, 11
64, 15, 38, 106, 150, 11.616, 11.616,1, 1
64, 15, 39, 106, 147, 12.0112, 12.0112,1, 1
64, 15, 40, 106, 127, 17.6219, 17.6219,2, 2
64, 15, 41, 106, 116, 28.6051, 28.6051,3, 3
64, 15, 42, 106, 114, 43.909, 43.909,5, 5
64, 15, 43, 106, 126, 6.81428, 6.81428,1, 1
64, 15, 44, 106, 107, 9.41522, 9.41522,1, 1
64, 15, 45, 106, 141, 0, 0,0, 0
64, 15, 46, 106, 130, 19.1513, 19.1513,2, 2
64, 15, 47, 106, 131, 27.7751, 27.7751,3, 3
64, 16, 1, 99, 86, 21.7665, 21.7665,3, 3
64, 16, 2, 99, 119, 30.5789, 45.2813,4, 2
64, 16, 3, 99, 86, 34.425, 50.2093,5, 3
64, 16, 4, 99, 184, 18.8915, 18.8915,2, 2
64, 16, 5, 99, 156, 0, 0,0, 0
64, 16, 6, 99, 138, 22.9368, 29.9438,4, 3
64, 16, 7, 99, 125, 8.66603, 16.1551,2, 1
64, 16, 8, 99, 119, 16.0659, 16.0659,2, 2
64, 16, 9, 99, 152, 14.7793, 14.7793,2, 2
64, 16, 10, 99, 144, 27.69, 37.9468,3, 2
64, 16, 11, 99, 141, 25.167, 25.167,3, 3
64, 16, 12, 99, 153, 24.1905, 39.6393,5, 3
64, 16, 13, 99, 149, 0, 0,0, 0
64, 16, 14, 99, 135, 49.4751, 65.8727,8, 6
64, 16, 15, 99, 106, 34.4384, 42.2185,4, 3
64, 16, 17, 99, 105, 144.443, 166.278,17, 14
64, 16, 18, 99, 110, 54.7812, 61.8904,7, 6
64, 16, 19, 99, 117, 7.63942, 7.63942,1, 1
64, 16, 20, 99, 142, 11.9592, 19.573,2, 1
64, 16, 21, 99, 90, 0, 0,0, 0
64, 16, 22, 99, 113, 29.7458, 47.4252,4, 2
64, 16, 23, 99, 136, 21.353, 30.0893,2, 1
64, 16, 24, 99, 113, 23.6709, 23.6709,3, 3
64, 16, 25, 99, 146, 18.8344, 25.8243,2, 1
64, 16, 26, 99, 166, 0, 0,0, 0
64, 16, 27, 99, 106, 20.4785, 30.9093,3, 2
64, 16, 28, 99, 146, 36.7041, 52.8687,4, 2
64, 16, 29, 99, 172, 0, 0,0, 0
64, 16, 30, 99, 145, 0, 0,0, 0
64, 16, 31, 99, 120, 7.27163, 7.27163,1, 1
64, 16, 32, 99, 148, 90.8985, 125.643,12, 8
64, 16, 33, 99, 145, 0, 0,0, 0
64, 16, 34, 99, 109, 27.1648, 34.6928,4, 3
64, 16, 35, 99, 110, 35.6649, 52.9404,4, 2
64, 16, 36, 99, 148, 32.0158, 41.2731,4, 3
64, 16, 37, 99, 149, 81.0397, 109.12,12, 8
64, 16, 38, 99, 150, 11.8255, 22.6832,2, 1
64, 16, 39, 99, 147, 66.9756, 89.0418,11, 8
64, 16, 40, 99, 127, 0, 0,0, 0
64, 16, 41, 99, 116, 0, 0,0, 0
64, 16, 42, 99, 114, 0, 0,0, 0
64, 16, 43, 99, 126, 0, 0,0, 0
64, 16, 44, 99, 107, 0, 0,0, 0
64, 16, 45, 99, 141, 13.5968, 13.5968,2, 2
64, 16, 46, 99, 130, 25.5158, 32.8721,4, 3
64, 16, 47, 99, 131, 37.4674, 68.1438,8, 4
64, 17, 1, 105, 86, 30.6558, 37.5264,5, 4
64, 17, 2, 105, 119, 59.1302, 59.1302,4, 4
64, 17, 3, 105, 86, 48.5981, 48.5981,5, 5
64, 17, 4, 105, 184, 19.7212, 19.7212,2, 2
64, 17, 5, 105, 156, 16.4345, 16.4345,2, 2
64, 17, 6, 105, 138, 9.70545, 9.70545,1, 1
64, 17, 7, 105, 125, 43.1348, 43.1348,5, 5
64, 17, 8, 105, 119, 43.7963, 43.7963,5, 5
64, 17, 9, 105, 152, 0, 0,0, 0
64, 17, 10, 105, 144, 30.347, 30.347,2, 2
64, 17, 11, 105, 141, 30.5998, 30.5998,4, 4
64, 17, 12, 105, 153, 42.8835, 42.8835,5, 5
64, 17, 13, 105, 149, 14.3068, 14.3068,2, 2
64, 17, 14, 105, 135, 86.1317, 86.1317,8, 8
64, 17, 15, 105, 106, 54.1152, 54.1152,5, 5
64, 17, 16, 105, 99, 158.66, 166.277,17, 16
64, 17, 18, 105, 110, 182.56, 205.624,21, 19
64, 17, 19, 105, 117, 73.4434, 73.4434,8, 8
64, 17, 20, 105, 142, 70.5231, 70.5231,8, 8
64, 17, 21, 105, 90, 6.68617, 6.68617,1, 1
64, 17, 22, 105, 113, 73.9592, 81.2444,6, 5
64, 17, 23, 105, 136, 39.8141, 39.8141,3, 3
64, 17, 24, 105, 113, 17.9425, 17.9425,2, 2
64, 17, 25, 105, 146, 97.3782, 97.3782,7, 7
64, 17, 26, 105, 166, 16.8213, 16.8213,2, 2
64, 17, 27, 105, 106, 25.1552, 25.1552,2, 2
64, 17, 28, 105, 146, 92.385, 92.385,4, 4
64, 17, 29, 105, 172, 0, 0,0, 0
64, 17, 30, 105, 145, 7.60435, 7.60435,1, 1
64, 17, 31, 105, 120, 17.6439, 17.6439,2, 2
64, 17, 32, 105, 148, 60.535, 67.3028,7, 6
64, 17, 33, 105, 145, 7.67181, 7.67181,1, 1
64, 17, 34, 105, 109, 73.4164, 73.4164,8, 8
64, 17, 35, 105, 110, 35.8904, 35.8904,2, 2
64, 17, 36, 105, 148, 52.3657, 52.3657,6, 6
64, 17, 37, 105, 149, 70.4677, 70.4677,7, 7
64, 17, 38, 105, 150, 14.1446, 14.1446,1, 1
64, 17, 39, 105, 147, 38.6533, 38.6533,3, 3
64, 17, 40, 105, 127, 15.7469, 15.7469,2, 2
64, 17, 41, 105, 116, 8.70308, 8.70308,1, 1
64, 17, 42, 105, 114, 15.5041, 15.5041,2, 2
64, 17, 43, 105, 126, 6.67028, 6.67028,1, 1
64, 17, 44, 105, 107, 19.4927, 19.4927,2, 2
64, 17, 45, 105, 141, 14.8435, 14.8435,2, 2
64, 17, 46, 105, 130, 26.2233, 26.2233,3, 3
64, 17, 47, 105, 131, 38.6931, 38.6931,4, 4
64, 18, 1, 110, 86, 8.40326, 8.40326,1, 1
64, 18, 2, 110, 119, 34.6401, 34.6401,4, 4
64, 18, 3, 110, 86, 23.5156, 23.5156,2, 2
64, 18, 4, 110, 184, 0, 0,0, 0
64, 18, 5, 110, 156, 23.7309, 23.7309,3, 3
64, 18, 6, 110, 138, 24.3756, 24.3756,3, 3
64, 18, 7, 110, 125, 62.2993, 69.206,8, 7
64, 18, 8, 110, 119, 92.7812, 92.7812,10, 10
64, 18, 9, 110, 152, 0, 0,0, 0
64, 18, 10, 110, 144, 18.8804, 18.8804,2, 2
64, 18, 11, 110, 141, 47.7627, 47.7627,5, 5
64, 18, 12, 110, 153, 54.5227, 54.5227,6, 6
64, 18, 13, 110, 149, 41.429, 41.429,5, 5
64, 18, 14, 110, 135, 22.2687, 29.1368,4, 3
64, 18, 15, 110, 106, 80.949, 80.949,9, 9
64, 18, 16, 110, 99, 55.1372, 61.8902,7, 6
64, 18, 17, 110, 105, 205.622, 205.622,21, 21
64, 18, 19, 110, 117, 162.184, 185.682,20, 17
64, 18, 20, 110, 142, 100.19, 107.459,13, 12
64, 18, 21, 110, 90, 37.2898, 37.2898,5, 5
64, 18, 22, 110, 113, 39.0921, 45.8889,5, 4
64, 18, 23, 110, 136, 30.1509, 30.1509,3, 3
64, 18, 24, 110, 113, 18.7225, 18.7225,2, 2
64, 18, 25, 110, 146, 42.8705, 42.8705,5, 5
64, 18, 26, 110, 166, 10.6604, 10.6604,1, 1
64, 18, 27, 110, 106, 22.9242, 22.9242,3, 3
64, 18, 28, 110, 146, 72.1801, 78.9324,9, 8
64, 18, 29, 110, 172, 17.9316, 17.9316,2, 2
64, 18, 30, 110, 145, 14.7173, 14.7173,2, 2
64, 18, 31, 110, 120, 36.559, 36.559,3, 3
64, 18, 32, 110, 148, 29.9079, 29.9079,3, 3
64, 18, 33, 110, 145, 20.2375, 20.2375,2, 2
64, 18, 34, 110, 109, 81.2803, 81.2803,8, 8
64, 18, 35, 110, 110, 24.4391, 24.4391,3, 3
64, 18, 36, 110, 148, 46.0851, 53.385,5, 4
64, 18, 37, 110, 149, 16.4604, 16.4604,2, 2
64, 18, 38, 110, 150, 7.88297, 7.88297,1, 1
64, 18, 39, 110, 147, 20.701, 20.701,3, 3
64, 18, 40, 110, 127, 15.0566, 15.0566,2, 2
64, 18, 41, 110, 116, 33.5804, 42.8735,5, 4
64, 18, 42, 110, 114, 65.3214, 65.3214,6, 6
64, 18, 43, 110, 126, 22.6196, 22.6196,3, 3
64, 18, 44, 110, 107, 25.2371, 25.2371,3, 3
64, 18, 45, 110, 141, 0, 0,0, 0
64, 18, 46, 110, 130, 28.1931, 28.1931,3, 3
64, 18, 47, 110, 131, 23.3252, 23.3252,3, 3
64, 19, 1, 117, 86, 0, 0,0, 0
64, 19, 2, 117, 119, 23.8452, 23.8452,3, 3
64, 19, 3, 117, 86, 0, 0,0, 0
64, 19, 4, 117, 184, 6.87814, 6.87814,1, 1
64, 19, 5, 117, 156, 7.17141, 7.17141,1, 1
64, 19, 6, 117, 138, 0, 0,0, 0
64, 19, 7, 117, 125, 14.4193, 14.4193,2, 2
64, 19, 8, 117, 119, 112.569, 112.569,12, 12
64, 19, 9, 117, 152, 0, 0,0, 0
64, 19, 10, 117, 144, 0, 0,0, 0
64, 19, 11, 117, 141, 6.73515, 6.73515,1, 1
64, 19, 12, 117, 153, 28.0366, 28.0366,3, 3
64, 19, 13, 117, 149, 66.652, 66.652,8, 8
64, 19, 14, 117, 135, 0, 0,0, 0
64, 19, 15, 117, 106, 50.1427, 50.1427,6, 6
64, 19, 16, 117, 99, 7.63942, 7.63942,1, 1
64, 19, 17, 117, 105, 73.4431, 73.4431,8, 8
64, 19, 18, 117, 110, 185.683, 185.683,20, 20
64, 19, 20, 117, 142, 65.0285, 65.0285,8, 8
64, 19, 21, 117, 90, 55.8451, 55.8451,6, 6
64, 19, 22, 117, 113, 18.3692, 18.3692,2, 2
64, 19, 23, 117, 136, 6.68161, 6.68161,1, 1
64, 19, 24, 117, 113, 0, 0,0, 0
64, 19, 25, 117, 146, 15.3976, 15.3976,2, 2
64, 19, 26, 117, 166, 19.1963, 19.1963,2, 2
64, 19, 27, 117, 106, 7.77819, 7.77819,1, 1
64, 19, 28, 117, 146, 39.0808, 39.0808,4, 4
64, 19, 29, 117, 172, 15.7015, 15.7015,2, 2
64, 19, 30, 117, 145, 44.81, 59.9615,7, 5
64, 19, 31, 117, 120, 22.5574, 22.5574,2, 2
64, 19, 32, 117, 148, 0, 0,0, 0
64, 19, 33, 117, 145, 21.5567, 21.5567,2, 2
64, 19, 34, 117, 109, 40.8111, 40.8111,5, 5
64, 19, 35, 117, 110, 0, 0,0, 0
64, 19, 36, 117, 148, 30.7124, 30.7124,4, 4
64, 19, 37, 117, 149, 0, 0,0, 0
64, 19, 38, 117, 150, 0, 0,0, 0
64, 19, 39, 117, 147, 6.95702, 6.95702,1, 1
64, 19, 40, 117, 127, 58.5966, 58.5966,6, 6
64, 19, 41, 117, 116, 48.7748, 48.7748,5, 5
64, 19, 42, 117, 114, 63.3002, 63.3002,8, 8
64, 19, 43, 117, 126, 6.87577, 6.87577,1, 1
64, 19, 44, 117, 107, 31.0272, 31.0272,3, 3
64, 19, 45, 117, 141, 0, 0,0, 0
64, 19, 46, 117, 130, 9.26901, 9.26901,1, 1
64, 19, 47, 117, 131, 19.8582, 19.8582,2, 2
64, 20, 1, 142, 86, 0, 0,0, 0
64, 20, 2, 142, 119, 49.4761, 49.4761,4, 4
64, 20, 3, 142, 86, 21.9834, 21.9834,2, 2
64, 20, 4, 142, 184, 22.8645, 22.8645,2, 2
64, 20, 5, 142, 156, 7.03255, 7.03255,1, 1
64, 20, 6, 142, 138, 20.3257, 20.3257,2, 2
64, 20, 7, 142, 125, 291.565, 298.673,30, 29
64, 20, 8, 142, 119, 160.24, 185.447,20, 17
64, 20, 9, 142, 152, 0, 0,0, 0
64, 20, 10, 142, 144, 20.2204, 20.2204,2, 2
64, 20, 11, 142, 141, 17.7366, 17.7366,2, 2
64, 20, 12, 142, 153, 77.4401, 95.3662,10, 8
64, 20, 13, 142, 149, 7.58582, 7.58582,1, 1
64, 20, 14, 142, 135, 212.132, 226.376,27, 25
64, 20, 15, 142, 106, 349.749, 397.58,41, 36
64, 20, 16, 142, 99, 19.5728, 19.5728,2, 2
64, 20, 17, 142, 105, 70.5221, 70.5221,8, 8
64, 20, 18, 142, 110, 100.722, 107.459,13, 12
64, 20, 19, 142, 117, 65.0282, 65.0282,8, 8
64, 20, 21, 142, 90, 69.5692, 78.1762,9, 8
64, 20, 22, 142, 113, 78.5339, 78.5339,7, 7
64, 20, 23, 142, 136, 32.9909, 32.9909,4, 4
64, 20, 24, 142, 113, 14.8708, 14.8708,2, 2
64, 20, 25, 142, 146, 399.759, 428.679,41, 37
64, 20, 26, 142, 166, 16.7234, 16.7234,2, 2
64, 20, 27, 142, 106, 19.1613, 19.1613,1, 1
64, 20, 28, 142, 146, 50.1052, 50.1052,4, 4
64, 20, 29, 142, 172, 7.86794, 7.86794,1, 1
64, 20, 30, 142, 145, 38.9029, 38.9029,5, 5
64, 20, 31, 142, 120, 20.1389, 20.1389,2, 2
64, 20, 32, 142, 148, 186.088, 186.088,21, 21
64, 20, 33, 142, 145, 28.9453, 47.7344,5, 3
64, 20, 34, 142, 109, 82.9918, 118.874,13, 9
64, 20, 35, 142, 110, 33.5787, 33.5787,4, 4
64, 20, 36, 142, 148, 80.4802, 104.928,10, 8
64, 20, 37, 142, 149, 179.93, 179.93,19, 19
64, 20, 38, 142, 150, 13.4897, 13.4897,1, 1
64, 20, 39, 142, 147, 13.5477, 13.5477,1, 1
64, 20, 40, 142, 127, 7.26422, 14.137,2, 1
64, 20, 41, 142, 116, 32.928, 53.0905,6, 4
64, 20, 42, 142, 114, 40.3419, 47.3682,6, 5
64, 20, 43, 142, 126, 6.78111, 6.78111,1, 1
64, 20, 44, 142, 107, 7.07436, 7.07436,1, 1
64, 20, 45, 142, 141, 8.74444, 8.74444,1, 1
64, 20, 46, 142, 130, 36.3134, 36.3134,4, 4
64, 20, 47, 142, 131, 24.8717, 24.8717,2, 2
64, 21, 1, 90, 86, 0, 0,0, 0
64, 21, 2, 90, 119, 6.70175, 6.70175,1, 1
64, 21, 3, 90, 86, 0, 0,0, 0
64, 21, 4, 90, 184, 0, 0,0, 0
64, 21, 5, 90, 156, 27.2246, 33.9097,4, 3
64, 21, 6, 90, 138, 23.4029, 23.4029,3, 3
64, 21, 7, 90, 125, 17.7292, 17.7292,2, 2
64, 21, 8, 90, 119, 112.687, 126.272,15, 13
64, 21, 9, 90, 152, 0, 0,0, 0
64, 21, 10, 90, 144, 0, 0,0, 0
64, 21, 11, 90, 141, 23.7335, 23.7335,3, 3
64, 21, 12, 90, 153, 33.977, 33.977,4, 4
64, 21, 13, 90, 149, 46.5257, 46.5257,5, 5
64, 21, 14, 90, 135, 9.76279, 17.2268,2, 1
64, 21, 15, 90, 106, 101.548, 101.548,11, 11
64, 21, 16, 90, 99, 0, 0,0, 0
64, 21, 17, 90, 105, 6.68619, 6.68619,1, 1
64, 21, 18, 90, 110, 30.4735, 37.2898,5, 4
64, 21, 19, 90, 117, 48.8191, 55.8446,6, 5
64, 21, 20, 90, 142, 78.1762, 78.1762,9, 9
64, 21, 22, 90, 113, 168.713, 168.713,18, 18
64, 21, 23, 90, 136, 50.2465, 50.2465,6, 6
64, 21, 24, 90, 113, 15.2893, 15.2893,2, 2
64, 21, 25, 90, 146, 38.0406, 38.0406,5, 5
64, 21, 26, 90, 166, 54.6995, 87.3092,10, 6
64, 21, 27, 90, 106, 0, 0,0, 0
64, 21, 28, 90, 146, 20.6009, 20.6009,2, 2
64, 21, 29, 90, 172, 22.3321, 22.3321,3, 3
64, 21, 30, 90, 145, 32.2499, 32.2499,3, 3
64, 21, 31, 90, 120, 8.55016, 8.55016,1, 1
64, 21, 32, 90, 148, 16.5151, 16.5151,2, 2
64, 21, 33, 90, 145, 0, 0,0, 0
64, 21, 34, 90, 109, 72.1169, 72.1169,8, 8
64, 21, 35, 90, 110, 0, 0,0, 0
64, 21, 36, 90, 148, 37.4732, 37.4732,5, 5
64, 21, 37, 90, 149, 7.40487, 7.40487,1, 1
64, 21, 38, 90, 150, 0, 0,0, 0
64, 21, 39, 90, 147, 0, 0,0, 0
64, 21, 40, 90, 127, 25.5034, 25.5034,2, 2
64, 21, 41, 90, 116, 47.2919, 47.2919,5, 5
64, 21, 42, 90, 114, 31.503, 31.503,4, 4
64, 21, 43, 90, 126, 6.68619, 6.68619,1, 1
64, 21, 44, 90, 107, 90.8259, 104.771,11, 9
64, 21, 45, 90, 141, 0, 0,0, 0
64, 21, 46, 90, 130, 43.3137, 50.5136,5, 4
64, 21, 47, 90, 131, 16.3607, 16.3607,1, 1
64, 22, 1, 113, 86, 0, 0,0, 0
64, 22, 2, 113, 119, 70.4036, 70.4036,5, 5
64, 22, 3, 113, 86, 22.4015, 22.4015,2, 2
64, 22, 4, 113, 184, 21.9587, 21.9587,2, 2
64, 22, 5, 113, 156, 17.4764, 17.4764,2, 2
64, 22, 6, 113, 138, 10.4189, 10.4189,1, 1
64, 22, 7, 113, 125, 70.0739, 70.0739,8, 8
64, 22, 8, 113, 119, 29.6264, 29.6264,3, 3
64, 22, 9, 113, 152, 0, 0,0, 0
64, 22, 10, 113, 144, 29.8591, 29.8591,2, 2
64, 22, 11, 113, 141, 0, 0,0, 0
64, 22, 12, 113, 153, 49.6907, 49.6907,5, 5
64, 22, 13, 113, 149, 0, 0,0, 0
64, 22, 14, 113, 135, 75.6053, 89.5356,11, 9
64, 22, 15, 113, 106, 108.496, 108.496,11, 11
64, 22, 16, 113, 99, 47.4248, 47.4248,4, 4
64, 22, 17, 113, 105, 72.2342, 81.2431,6, 5
64, 22, 18, 113, 110, 39.0917, 45.8885,5, 4
64, 22, 19, 113, 117, 18.3692, 18.3692,2, 2
64, 22, 20, 113, 142, 78.5343, 78.5343,7, 7
64, 22, 21, 113, 90, 151.345, 168.714,18, 16
64, 22, 23, 113, 136, 125.484, 133.034,15, 14
64, 22, 24, 113, 113, 28.2351, 37.9605,4, 3
64, 22, 25, 113, 146, 118.88, 118.88,11, 11
64, 22, 26, 113, 166, 18.0583, 18.0583,2, 2
64, 22, 27, 113, 106, 14.7408, 14.7408,1, 1
64, 22, 28, 113, 146, 79.2928, 79.2928,5, 5
64, 22, 29, 113, 172, 7.92434, 7.92434,1, 1
64, 22, 30, 113, 145, 18.05, 25.6822,3, 2
64, 22, 31, 113, 120, 16.497, 16.497,2, 2
64, 22, 32, 113, 148, 48.0616, 55.0072,5, 4
64, 22, 33, 113, 145, 9.31665, 9.31665,1, 1
64, 22, 34, 113, 109, 70.7641, 85.906,10, 8
64, 22, 35, 113, 110, 26.7013, 26.7013,2, 2
64, 22, 36, 113, 148, 21.6528, 21.6528,2, 2
64, 22, 37, 113, 149, 24.9416, 24.9416,2, 2
64, 22, 38, 113, 150, 14.3083, 14.3083,1, 1
64, 22, 39, 113, 147, 27.8185, 34.6509,3, 2
64, 22, 40, 113, 127, 14.2527, 14.2527,2, 2
64, 22, 41, 113, 116, 14.6449, 14.6449,2, 2
64, 22, 42, 113, 114, 22.8147, 30.3939,3, 2
64, 22, 43, 113, 126, 21.8782, 21.8782,3, 3
64, 22, 44, 113, 107, 42.5996, 42.5996,5, 5
64, 22, 45, 113, 141, 14.1971, 21.4712,3, 2
64, 22, 46, 113, 130, 64.1167, 64.1167,7, 7
64, 22, 47, 113, 131, 104.855, 146.176,15, 10
64, 23, 1, 136, 86, 15.8666, 15.8666,2, 2
64, 23, 2, 136, 119, 37.0419, 37.0419,4, 4
64, 23, 3, 136, 86, 30.7093, 30.7093,3, 3
64, 23, 4, 136, 184, 14.6374, 14.6374,2, 2
64, 23, 5, 136, 156, 0, 0,0, 0
64, 23, 6, 136, 138, 26.0811, 26.0811,3, 3
64, 23, 7, 136, 125, 31.386, 31.386,4, 4
64, 23, 8, 136, 119, 11.5262, 18.2439,2, 1
64, 23, 9, 136, 152, 8.20024, 8.20024,1, 1
64, 23, 10, 136, 144, 39.7538, 39.7538,3, 3
64, 23, 11, 136, 141, 0, 0,0, 0
64, 23, 12, 136, 153, 23.9139, 23.9139,3, 3
64, 23, 13, 136, 149, 0, 0,0, 0
64, 23, 14, 136, 135, 114.272, 121.052,14, 13
64, 23, 15, 136, 106, 28.0208, 34.8476,3, 2
64, 23, 16, 136, 99, 30.087, 30.087,2, 2
64, 23, 17, 136, 105, 39.8134, 39.8134,3, 3
64, 23, 18, 136, 110, 30.1508, 30.1508,3, 3
64, 23, 19, 136, 117, 6.6816, 6.6816,1, 1
64, 23, 20, 136, 142, 32.9908, 32.9908,4, 4
64, 23, 21, 136, 90, 35.1169, 50.2465,6, 4
64, 23, 22, 136, 113, 133.035, 133.035,15, 15
64, 23, 24, 136, 113, 289.725, 367.329,41, 31
64, 23, 25, 136, 146, 52.8724, 52.8724,5, 5
64, 23, 26, 136, 166, 0, 0,0, 0
64, 23, 27, 136, 106, 10.0318, 10.0318,1, 1
64, 23, 28, 136, 146, 41.2119, 41.2119,3, 3
64, 23, 29, 136, 172, 7.52804, 7.52804,1, 1
64, 23, 30, 136, 145, 0, 0,0, 0
64, 23, 31, 136, 120, 0, 0,0, 0
64, 23, 32, 136, 148, 134.433, 193.534,22, 14
64, 23, 33, 136, 145, 0, 0,0, 0
64, 23, 34, 136, 109, 28.7823, 28.7823,3, 3
64, 23, 35, 136, 110, 57.0226, 66.8724,5, 4
64, 23, 36, 136, 148, 15.6258, 15.6258,2, 2
64, 23, 37, 136, 149, 96.8629, 118.981,14, 11
64, 23, 38, 136, 150, 10.7051, 10.7051,1, 1
64, 23, 39, 136, 147, 54.5571, 76.7362,8, 5
64, 23, 40, 136, 127, 0, 0,0, 0
64, 23, 41, 136, 116, 0, 0,0, 0
64, 23, 42, 136, 114, 15.3055, 15.3055,2, 2
64, 23, 43, 136, 126, 0, 0,0, 0
64, 23, 44, 136, 107, 6.90938, 6.90938,1, 1
64, 23, 45, 136, 141, 22.1116, 22.1116,3, 3
64, 23, 46, 136, 130, 31.4788, 31.4788,4, 4
64, 23, 47, 136, 131, 57.7119, 65.4489,7, 6
64, 24, 1, 113, 86, 14.6209, 21.7155,3, 2
64, 24, 2, 113, 119, 0, 0,0, 0
64, 24, 3, 113, 86, 15.9416, 31.3992,2, 1
64, 24, 4, 113, 184, 0, 0,0, 0
64, 24, 5, 113, 156, 9.15701, 9.15701,1, 1
64, 24, 6, 113, 138, 21.8378, 29.0665,4, 3
64, 24, 7, 113, 125, 0, 0,0, 0
64, 24, 8, 113, 119, 0, 0,0, 0
64, 24, 9, 113, 152, 23.9299, 23.9299,3, 3
64, 24, 10, 113, 144, 29.6757, 37.4361,5, 4
64, 24, 11, 113, 141, 0, 0,0, 0
64, 24, 12, 113, 153, 0, 0,0, 0
64, 24, 13, 113, 149, 0, 0,0, 0
64, 24, 14, 113, 135, 70.3487, 87.0847,10, 8
64, 24, 15, 113, 106, 7.33076, 14.2294,2, 1
64, 24, 16, 113, 99, 23.6709, 23.6709,3, 3
64, 24, 17, 113, 105, 17.9425, 17.9425,2, 2
64, 24, 18, 113, 110, 9.62963, 18.7226,2, 1
64, 24, 19, 113, 117, 0, 0,0, 0
64, 24, 20, 113, 142, 14.8708, 14.8708,2, 2
64, 24, 21, 113, 90, 15.2893, 15.2893,2, 2
64, 24, 22, 113, 113, 37.9604, 37.9604,4, 4
64, 24, 23, 113, 136, 301.119, 367.327,41, 33
64, 24, 25, 113, 146, 18.507, 25.4454,3, 2
64, 24, 26, 113, 166, 0, 0,0, 0
64, 24, 27, 113, 106, 0, 0,0, 0
64, 24, 28, 113, 146, 7.08176, 13.7558,2, 1
64, 24, 29, 113, 172, 0, 0,0, 0
64, 24, 30, 113, 145, 0, 0,0, 0
64, 24, 31, 113, 120, 0, 0,0, 0
64, 24, 32, 113, 148, 97.1325, 166.938,18, 10
64, 24, 33, 113, 145, 15.1253, 15.1253,2, 2
64, 24, 34, 113, 109, 21.2273, 41.0066,4, 2
64, 24, 35, 113, 110, 56.8619, 71.757,8, 6
64, 24, 36, 113, 148, 0, 0,0, 0
64, 24, 37, 113, 149, 58.9658, 91.8668,11, 7
64, 24, 38, 113, 150, 16.1987, 16.1987,2, 2
64, 24, 39, 113, 147, 30.8082, 39.1809,5, 4
64, 24, 40, 113, 127, 0, 0,0, 0
64, 24, 41, 113, 116, 0, 0,0, 0
64, 24, 42, 113, 114, 0, 0,0, 0
64, 24, 43, 113, 126, 29.0755, 29.0755,4, 4
64, 24, 44, 113, 107, 0, 0,0, 0
64, 24, 45, 113, 141, 26.5412, 26.5412,3, 3
64, 24, 46, 113, 130, 0, 0,0, 0
64, 24, 47, 113, 131, 77.2551, 87.9016,10, 9
64, 25, 1, 146, 86, 0, 0,0, 0
64, 25, 2, 146, 119, 60.4851, 60.4851,5, 5
64, 25, 3, 146, 86, 45.649, 45.649,5, 5
64, 25, 4, 146, 184, 17.5107, 17.5107,2, 2
64, 25, 5, 146, 156, 17.4611, 17.4611,2, 2
64, 25, 6, 146, 138, 25.6546, 25.6546,3, 3
64, 25, 7, 146, 125, 404.533, 434.316,46, 42
64, 25, 8, 146, 119, 116.178, 123.429,14, 13
64, 25, 9, 146, 152, 0, 0,0, 0
64, 25, 10, 146, 144, 34.0956, 34.0956,2, 2
64, 25, 11, 146, 141, 19.5874, 19.5874,2, 2
64, 25, 12, 146, 153, 65.5355, 65.5355,8, 8
64, 25, 13, 146, 149, 22.7087, 22.7087,3, 3
64, 25, 14, 146, 135, 351.703, 351.703,34, 34
64, 25, 15, 146, 106, 296.787, 318.738,29, 27
64, 25, 16, 146, 99, 25.8229, 25.8229,2, 2
64, 25, 17, 146, 105, 97.3791, 97.3791,7, 7
64, 25, 18, 146, 110, 42.8704, 42.8704,5, 5
64, 25, 19, 146, 117, 15.3976, 15.3976,2, 2
64, 25, 20, 146, 142, 411.371, 428.679,41, 39
64, 25, 21, 146, 90, 38.0406, 38.0406,5, 5
64, 25, 22, 146, 113, 118.878, 118.878,11, 11
64, 25, 23, 146, 136, 52.8726, 52.8726,5, 5
64, 25, 24, 146, 113, 25.4455, 25.4455,3, 3
64, 25, 26, 146, 166, 0, 0,0, 0
64, 25, 27, 146, 106, 18.5728, 18.5728,2, 2
64, 25, 28, 146, 146, 84.0774, 90.9123,8, 7
64, 25, 29, 146, 172, 8.38665, 8.38665,1, 1
64, 25, 30, 146, 145, 24.1977, 24.1977,3, 3
64, 25, 31, 146, 120, 53.2634, 53.2634,6, 6
64, 25, 32, 146, 148, 270.882, 277.639,26, 25
64, 25, 33, 146, 145, 7.30535, 7.30535,1, 1
64, 25, 34, 146, 109, 76.9658, 76.9658,8, 8
64, 25, 35, 146, 110, 64.4667, 64.4667,6, 6
64, 25, 36, 146, 148, 67.0726, 67.0726,8, 8
64, 25, 37, 146, 149, 211.49, 226.63,22, 20
64, 25, 38, 146, 150, 9.56172, 9.56172,1, 1
64, 25, 39, 146, 147, 28.6763, 28.6763,3, 3
64, 25, 40, 146, 127, 15.0074, 15.0074,2, 2
64, 25, 41, 146, 116, 0, 0,0, 0
64, 25, 42, 146, 114, 16.0768, 16.0768,2, 2
64, 25, 43, 146, 126, 9.24231, 9.24231,1, 1
64, 25, 44, 146, 107, 28.0852, 28.0852,3, 3
64, 25, 45, 146, 141, 7.69895, 7.69895,1, 1
64, 25, 46, 146, 130, 31.645, 31.645,4, 4
64, 25, 47, 146, 131, 22.1938, 22.1938,2, 2
64, 26, 1, 166, 86, 0, 0,0, 0
64, 26, 2, 166, 119, 0, 0,0, 0
64, 26, 3, 166, 86, 0, 0,0, 0
64, 26, 4, 166, 184, 0, 0,0, 0
64, 26, 5, 166, 156, 32.464, 32.464,4, 4
64, 26, 6, 166, 138, 8.66107, 8.66107,1, 1
64, 26, 7, 166, 125, 16.8294, 16.8294,2, 2
64, 26, 8, 166, 119, 40.1288, 61.5759,8, 5
64, 26, 9, 166, 152, 0, 0,0, 0
64, 26, 10, 166, 144, 0, 0,0, 0
64, 26, 11, 166, 141, 7.22817, 7.22817,1, 1
64, 26, 12, 166, 153, 24.7325, 24.7325,3, 3
64, 26, 13, 166, 149, 0, 0,0, 0
64, 26, 14, 166, 135, 17.394, 17.394,2, 2
64, 26, 15, 166, 106, 20.7531, 20.7531,3, 3
64, 26, 16, 166, 99, 0, 0,0, 0
64, 26, 17, 166, 105, 16.8213, 16.8213,2, 2
64, 26, 18, 166, 110, 10.6604, 10.6604,1, 1
64, 26, 19, 166, 117, 19.1966, 19.1966,2, 2
64, 26, 20, 166, 142, 16.7234, 16.7234,2, 2
64, 26, 21, 166, 90, 55.2626, 87.3095,10, 6
64, 26, 22, 166, 113, 18.0583, 18.0583,2, 2
64, 26, 23, 166, 136, 0, 0,0, 0
64, 26, 24, 166, 113, 0, 0,0, 0
64, 26, 25, 166, 146, 0, 0,0, 0
64, 26, 27, 166, 106, 7.23522, 7.23522,1, 1
64, 26, 28, 166, 146, 14.1771, 14.1771,2, 2
64, 26, 29, 166, 172, 0, 0,0, 0
64, 26, 30, 166, 145, 16.8295, 16.8295,2, 2
64, 26, 31, 166, 120, 7.38365, 7.38365,1, 1
64, 26, 32, 166, 148, 9.08028, 9.08028,1, 1
64, 26, 33, 166, 145, 13.5146, 13.5146,2, 2
64, 26, 34, 166, 109, 28.5288, 35.4727,5, 4
64, 26, 35, 166, 110, 0, 0,0, 0
64, 26, 36, 166, 148, 15.2947, 15.2947,2, 2
64, 26, 37, 166, 149, 10.0225, 10.0225,1, 1
64, 26, 38, 166, 150, 0, 0,0, 0
64, 26, 39, 166, 147, 0, 0,0, 0
64, 26, 40, 166, 127, 15.3218, 15.3218,2, 2
64, 26, 41, 166, 116, 23.0678, 23.0678,3, 3
64, 26, 42, 166, 114, 14.872, 14.872,2, 2
64, 26, 43, 166, 126, 0, 0,0, 0
64, 26, 44, 166, 107, 8.22235, 15.5205,2, 1
64, 26, 45, 166, 141, 0, 0,0, 0
64, 26, 46, 166, 130, 48.9406, 48.9406,6, 6
64, 26, 47, 166, 131, 17.4076, 17.4076,2, 2
64, 27, 1, 106, 86, 38.6204, 38.6204,5, 5
64, 27, 2, 106, 119, 69.646, 69.646,8, 8
64, 27, 3, 106, 86, 56.2222, 63.0487,7, 6
64, 27, 4, 106, 184, 18.9337, 18.9337,2, 2
64, 27, 5, 106, 156, 0, 0,0, 0
64, 27, 6, 106, 138, 17.6909, 17.6909,2, 2
64, 27, 7, 106, 125, 15.3538, 15.3538,1, 1
64, 27, 8, 106, 119, 0, 0,0, 0
64, 27, 9, 106, 152, 8.24015, 8.24015,1, 1
64, 27, 10, 106, 144, 21.0045, 21.0045,2, 2
64, 27, 11, 106, 141, 23.1813, 23.1813,3, 3
64, 27, 12, 106, 153, 58.5604, 58.5604,5, 5
64, 27, 13, 106, 149, 7.90514, 7.90514,1, 1
64, 27, 14, 106, 135, 14.8149, 14.8149,1, 1
64, 27, 15, 106, 106, 10.2946, 10.2946,1, 1
64, 27, 16, 106, 99, 30.9092, 30.9092,3, 3
64, 27, 17, 106, 105, 25.1555, 25.1555,2, 2
64, 27, 18, 106, 110, 22.9242, 22.9242,3, 3
64, 27, 19, 106, 117, 7.77825, 7.77825,1, 1
64, 27, 20, 106, 142, 19.1613, 19.1613,1, 1
64, 27, 21, 106, 90, 0, 0,0, 0
64, 27, 22, 106, 113, 14.7401, 14.7401,1, 1
64, 27, 23, 106, 136, 10.0318, 10.0318,1, 1
64, 27, 24, 106, 113, 0, 0,0, 0
64, 27, 25, 106, 146, 18.5728, 18.5728,2, 2
64, 27, 26, 106, 166, 7.23522, 7.23522,1, 1
64, 27, 28, 106, 146, 311.135, 330.929,31, 29
64, 27, 29, 106, 172, 0, 0,0, 0
64, 27, 30, 106, 145, 74.8151, 86.3994,9, 8
64, 27, 31, 106, 120, 286.873, 324.911,31, 27
64, 27, 32, 106, 148, 30.9202, 30.9202,3, 3
64, 27, 33, 106, 145, 15.7234, 15.7234,2, 2
64, 27, 34, 106, 109, 26.7817, 26.7817,3, 3
64, 27, 35, 106, 110, 10.5086, 10.5086,1, 1
64, 27, 36, 106, 148, 27.9801, 27.9801,2, 2
64, 27, 37, 106, 149, 22.5863, 22.5863,2, 2
64, 27, 38, 106, 150, 24.1594, 24.1594,1, 1
64, 27, 39, 106, 147, 21.3586, 28.4326,3, 2
64, 27, 40, 106, 127, 7.6038, 7.6038,1, 1
64, 27, 41, 106, 116, 7.52068, 7.52068,1, 1
64, 27, 42, 106, 114, 0, 0,0, 0
64, 27, 43, 106, 126, 32.6495, 32.6495,4, 4
64, 27, 44, 106, 107, 0, 0,0, 0
64, 27, 45, 106, 141, 0, 0,0, 0
64, 27, 46, 106, 130, 27.2026, 27.2026,3, 3
64, 27, 47, 106, 131, 22.0676, 22.0676,2, 2
64, 28, 1, 146, 86, 14.7261, 14.7261,2, 2
64, 28, 2, 146, 119, 108.242, 141.619,12, 10
64, 28, 3, 146, 86, 65.7839, 85.2585,10, 8
64, 28, 4, 146, 184, 25.8329, 42.709,5, 3
64, 28, 5, 146, 156, 7.36287, 7.36287,1, 1
64, 28, 6, 146, 138, 35.8104, 45.4759,5, 4
64, 28, 7, 146, 125, 54.9387, 62.7198,7, 6
64, 28, 8, 146, 119, 37.2067, 37.2067,3, 3
64, 28, 9, 146, 152, 0, 0,0, 0
64, 28, 10, 146, 144, 42.2456, 70.7188,5, 3
64, 28, 11, 146, 141, 61.2753, 61.2753,7, 7
64, 28, 12, 146, 153, 49.4783, 67.3206,7, 5
64, 28, 13, 146, 149, 10.684, 10.684,1, 1
64, 28, 14, 146, 135, 27.8211, 38.993,3, 2
64, 28, 15, 146, 106, 42.9663, 58.0609,5, 4
64, 28, 16, 146, 99, 27.7122, 52.871,4, 2
64, 28, 17, 146, 105, 60.7991, 92.3891,4, 3
64, 28, 18, 146, 110, 70.6391, 78.9323,9, 8
64, 28, 19, 146, 117, 39.081, 39.081,4, 4
64, 28, 20, 146, 142, 36.0765, 50.105,4, 3
64, 28, 21, 146, 90, 20.6009, 20.6009,2, 2
64, 28, 22, 146, 113, 52.783, 79.2939,5, 4
64, 28, 23, 146, 136, 26.5802, 41.2123,3, 2
64, 28, 24, 146, 113, 13.7558, 13.7558,2, 2
64, 28, 25, 146, 146, 75.9496, 90.9127,8, 7
64, 28, 26, 146, 166, 14.1771, 14.1771,2, 2
64, 28, 27, 146, 106, 283.814, 330.928,31, 26
64, 28, 29, 146, 172, 14.3915, 14.3915,2, 2
64, 28, 30, 146, 145, 154.248, 154.248,16, 16
64, 28, 31, 146, 120, 395.981, 435.807,40, 35
64, 28, 32, 146, 148, 37.4259, 67.875,6, 3
64, 28, 33, 146, 145, 28.7846, 28.7846,3, 3
64, 28, 34, 146, 109, 39.9522, 58.0844,6, 4
64, 28, 35, 146, 110, 23.968, 41.2316,2, 1
64, 28, 36, 146, 148, 71.7974, 83.1202,8, 7
64, 28, 37, 146, 149, 25.0842, 45.6895,4, 2
64, 28, 38, 146, 150, 18.9868, 31.9697,2, 1
64, 28, 39, 146, 147, 23.6431, 45.9432,2, 1
64, 28, 40, 146, 127, 7.58105, 7.58105,1, 1
64, 28, 41, 146, 116, 8.77319, 8.77319,1, 1
64, 28, 42, 146, 114, 32.1742, 32.1742,4, 4
64, 28, 43, 146, 126, 45.705, 45.705,6, 6
64, 28, 44, 146, 107, 18.235, 18.235,2, 2
64, 28, 45, 146, 141, 0, 0,0, 0
64, 28, 46, 146, 130, 31.6941, 43.1685,4, 3
64, 28, 47, 146, 131, 45.6921, 69.9203,6, 4
64, 29, 1, 172, 86, 0, 0,0, 0
64, 29, 2, 172, 119, 15.2433, 15.2433,2, 2
64, 29, 3, 172, 86, 0, 0,0, 0
64, 29, 4, 172, 184, 6.95599, 6.95599,1, 1
64, 29, 5, 172, 156, 0, 0,0, 0
64, 29, 6, 172, 138, 14.5955, 14.5955,2, 2
64, 29, 7, 172, 125, 7.09513, 7.09513,1, 1
64, 29, 8, 172, 119, 17.7356, 17.7356,2, 2
64, 29, 9, 172, 152, 7.89594, 7.89594,1, 1
64, 29, 10, 172, 144, 0, 0,0, 0
64, 29, 11, 172, 141, 45.0909, 45.0909,5, 5
64, 29, 12, 172, 153, 35.7743, 35.7743,5, 5
64, 29, 13, 172, 149, 38.8139, 38.8139,4, 4
64, 29, 14, 172, 135, 0, 0,0, 0
64, 29, 15, 172, 106, 6.81474, 6.81474,1, 1
64, 29, 16, 172, 99, 0, 0,0, 0
64, 29, 17, 172, 105, 0, 0,0, 0
64, 29, 18, 172, 110, 17.9316, 17.9316,2, 2
64, 29, 19, 172, 117, 15.7015, 15.7015,2, 2
64, 29, 20, 172, 142, 7.86794, 7.86794,1, 1
64, 29, 21, 172, 90, 22.3321, 22.3321,3, 3
64, 29, 22, 172, 113, 7.92437, 7.92437,1, 1
64, 29, 23, 172, 136, 7.52804, 7.52804,1, 1
64, 29, 24, 172, 113, 0, 0,0, 0
64, 29, 25, 172, 146, 8.38665, 8.38665,1, 1
64, 29, 26, 172, 166, 0, 0,0, 0
64, 29, 27, 172, 106, 0, 0,0, 0
64, 29, 28, 172, 146, 14.3914, 14.3914,2, 2
64, 29, 30, 172, 145, 57.7999, 57.7999,7, 7
64, 29, 31, 172, 120, 0, 0,0, 0
64, 29, 32, 172, 148, 0, 0,0, 0
64, 29, 33, 172, 145, 276.947, 289.787,28, 27
64, 29, 34, 172, 109, 29.2962, 29.2962,4, 4
64, 29, 35, 172, 110, 0, 0,0, 0
64, 29, 36, 172, 148, 24.8053, 24.8053,3, 3
64, 29, 37, 172, 149, 0, 0,0, 0
64, 29, 38, 172, 150, 30.3553, 30.3553,4, 4
64, 29, 39, 172, 147, 7.28353, 7.28353,1, 1
64, 29, 40, 172, 127, 79.1999, 85.9877,10, 9
64, 29, 41, 172, 116, 89.8267, 89.8267,10, 10
64, 29, 42, 172, 114, 83.4464, 90.2765,10, 9
64, 29, 43, 172, 126, 63.9411, 63.9411,8, 8
64, 29, 44, 172, 107, 15.1447, 15.1447,2, 2
64, 29, 45, 172, 141, 6.7322, 6.7322,1, 1
64, 29, 46, 172, 130, 7.01359, 7.01359,1, 1
64, 29, 47, 172, 131, 0, 0,0, 0
64, 30, 1, 145, 86, 0, 0,0, 0
64, 30, 2, 145, 119, 54.6101, 54.6101,6, 6
64, 30, 3, 145, 86, 0, 0,0, 0
64, 30, 4, 145, 184, 7.09252, 7.09252,1, 1
64, 30, 5, 145, 156, 22.9474, 22.9474,3, 3
64, 30, 6, 145, 138, 0, 0,0, 0
64, 30, 7, 145, 125, 14.4378, 14.4378,1, 1
64, 30, 8, 145, 119, 23.7867, 23.7867,3, 3
64, 30, 9, 145, 152, 0, 0,0, 0
64, 30, 10, 145, 144, 6.82827, 6.82827,1, 1
64, 30, 11, 145, 141, 11.3444, 11.3444,1, 1
64, 30, 12, 145, 153, 14.7012, 14.7012,2, 2
64, 30, 13, 145, 149, 19.7745, 19.7745,2, 2
64, 30, 14, 145, 135, 0, 0,0, 0
64, 30, 15, 145, 106, 19.8066, 19.8066,1, 1
64, 30, 16, 145, 99, 0, 0,0, 0
64, 30, 17, 145, 105, 7.60436, 7.60436,1, 1
64, 30, 18, 145, 110, 14.7173, 14.7173,2, 2
64, 30, 19, 145, 117, 59.9615, 59.9615,7, 7
64, 30, 20, 145, 142, 38.903, 38.903,5, 5
64, 30, 21, 145, 90, 32.2503, 32.2503,3, 3
64, 30, 22, 145, 113, 25.6822, 25.6822,3, 3
64, 30, 23, 145, 136, 0, 0,0, 0
64, 30, 24, 145, 113, 0, 0,0, 0
64, 30, 25, 145, 146, 24.1979, 24.1979,3, 3
64, 30, 26, 145, 166, 16.8294, 16.8294,2, 2
64, 30, 27, 145, 106, 72.9308, 86.3976,9, 7
64, 30, 28, 145, 146, 135.437, 154.248,16, 14
64, 30, 29, 145, 172, 57.8002, 57.8002,7, 7
64, 30, 31, 145, 120, 153.925, 161.11,17, 16
64, 30, 32, 145, 148, 0, 0,0, 0
64, 30, 33, 145, 145, 24.9565, 24.9565,3, 3
64, 30, 34, 145, 109, 20.5, 20.5,3, 3
64, 30, 35, 145, 110, 0, 0,0, 0
64, 30, 36, 145, 148, 13.7489, 13.7489,2, 2
64, 30, 37, 145, 149, 0, 0,0, 0
64, 30, 38, 145, 150, 0, 0,0, 0
64, 30, 39, 145, 147, 0, 0,0, 0
64, 30, 40, 145, 127, 61.425, 69.5982,8, 7
64, 30, 41, 145, 116, 33.8135, 33.8135,4, 4
64, 30, 42, 145, 114, 35.5067, 35.5067,5, 5
64, 30, 43, 145, 126, 0, 0,0, 0
64, 30, 44, 145, 107, 17.2171, 17.2171,2, 2
64, 30, 45, 145, 141, 0, 0,0, 0
64, 30, 46, 145, 130, 15.2547, 21.9598,3, 2
64, 30, 47, 145, 131, 8.62237, 8.62237,1, 1
64, 31, 1, 120, 86, 21.0953, 21.0953,3, 3
64, 31, 2, 120, 119, 42.6292, 42.6292,5, 5
64, 31, 3, 120, 86, 37.297, 44.1177,6, 5
64, 31, 4, 120, 184, 8.71272, 8.71272,1, 1
64, 31, 5, 120, 156, 0, 0,0, 0
64, 31, 6, 120, 138, 9.72639, 9.72639,1, 1
64, 31, 7, 120, 125, 43.1271, 43.1271,5, 5
64, 31, 8, 120, 119, 9.63104, 9.63104,1, 1
64, 31, 9, 120, 152, 7.11205, 7.11205,1, 1
64, 31, 10, 120, 144, 0, 0,0, 0
64, 31, 11, 120, 141, 38.6143, 38.6143,4, 4
64, 31, 12, 120, 153, 9.37101, 9.37101,1, 1
64, 31, 13, 120, 149, 10.8703, 10.8703,1, 1
64, 31, 14, 120, 135, 7.03112, 7.03112,1, 1
64, 31, 15, 120, 106, 22.8791, 22.8791,3, 3
64, 31, 16, 120, 99, 7.27169, 7.27169,1, 1
64, 31, 17, 120, 105, 17.644, 17.644,2, 2
64, 31, 18, 120, 110, 36.559, 36.559,3, 3
64, 31, 19, 120, 117, 22.5573, 22.5573,2, 2
64, 31, 20, 120, 142, 20.1389, 20.1389,2, 2
64, 31, 21, 120, 90, 8.55016, 8.55016,1, 1
64, 31, 22, 120, 113, 16.4971, 16.4971,2, 2
64, 31, 23, 120, 136, 0, 0,0, 0
64, 31, 24, 120, 113, 0, 0,0, 0
64, 31, 25, 120, 146, 53.2634, 53.2634,6, 6
64, 31, 26, 120, 166, 7.38365, 7.38365,1, 1
64, 31, 27, 120, 106, 298.411, 324.911,31, 28
64, 31, 28, 120, 146, 403.46, 435.807,40, 37
64, 31, 29, 120, 172, 0, 0,0, 0
64, 31, 30, 120, 145, 152.85, 161.11,17, 16
64, 31, 32, 120, 148, 0, 0,0, 0
64, 31, 33, 120, 145, 35.6524, 35.6524,4, 4
64, 31, 34, 120, 109, 32.1713, 32.1713,4, 4
64, 31, 35, 120, 110, 0, 0,0, 0
64, 31, 36, 120, 148, 35.9445, 35.9445,4, 4
64, 31, 37, 120, 149, 6.74341, 6.74341,1, 1
64, 31, 38, 120, 150, 6.76684, 6.76684,1, 1
64, 31, 39, 120, 147, 7.05649, 7.05649,1, 1
64, 31, 40, 120, 127, 21.2595, 21.2595,3, 3
64, 31, 41, 120, 116, 7.67756, 7.67756,1, 1
64, 31, 42, 120, 114, 26.5441, 26.5441,3, 3
64, 31, 43, 120, 126, 30.9035, 30.9035,4, 4
64, 31, 44, 120, 107, 0, 0,0, 0
64, 31, 45, 120, 141, 0, 0,0, 0
64, 31, 46, 120, 130, 14.964, 14.964,2, 2
64, 31, 47, 120, 131, 14.4478, 14.4478,2, 2
64, 32, 1, 148, 86, 24.6602, 39.8746,5, 3
64, 32, 2, 148, 119, 29.1196, 68.8774,6, 2
64, 32, 3, 148, 86, 47.6597, 93.3702,8, 3
64, 32, 4, 148, 184, 23.227, 49.5145,5, 2
64, 32, 5, 148, 156, 0, 0,0, 0
64, 32, 6, 148, 138, 35.1142, 78.0407,10, 4
64, 32, 7, 148, 125, 161.422, 186.221,22, 19
64, 32, 8, 148, 119, 37.5037, 37.5037,5, 5
64, 32, 9, 148, 152, 0, 0,0, 0
64, 32, 10, 148, 144, 34.3109, 67.4723,5, 2
64, 32, 11, 148, 141, 0, 0,0, 0
64, 32, 12, 148, 153, 21.3494, 21.3494,2, 2
64, 32, 13, 148, 149, 0, 0,0, 0
64, 32, 14, 148, 135, 387.872, 530.422,48, 34
64, 32, 15, 148, 106, 157.705, 188.5,19, 16
64, 32, 16, 148, 99, 97.4931, 125.644,12, 9
64, 32, 17, 148, 105, 47.3912, 67.3035,7, 5
64, 32, 18, 148, 110, 20.1333, 29.9079,3, 2
64, 32, 19, 148, 117, 0, 0,0, 0
64, 32, 20, 148, 142, 153.168, 186.088,21, 17
64, 32, 21, 148, 90, 16.5151, 16.5151,2, 2
64, 32, 22, 148, 113, 34.5073, 55.0071,5, 3
64, 32, 23, 148, 136, 86.2845, 193.535,22, 9
64, 32, 24, 148, 113, 77.7477, 166.939,18, 7
64, 32, 25, 148, 146, 227.578, 277.641,26, 21
64, 32, 26, 148, 166, 9.08032, 9.08032,1, 1
64, 32, 27, 148, 106, 14.3659, 30.9204,3, 1
64, 32, 28, 148, 146, 29.1908, 67.8755,6, 2
64, 32, 29, 148, 172, 0, 0,0, 0
64, 32, 30, 148, 145, 0, 0,0, 0
64, 32, 31, 148, 120, 0, 0,0, 0
64, 32, 33, 148, 145, 0, 0,0, 0
64, 32, 34, 148, 109, 49.4004, 71.489,7, 5
64, 32, 35, 148, 110, 59.2854, 79.8642,8, 6
64, 32, 36, 148, 148, 19.3043, 26.9596,3, 2
64, 32, 37, 148, 149, 3698.75, 3966.81,125, 100
64, 32, 38, 148, 150, 10.1734, 26.7551,3, 1
64, 32, 39, 148, 147, 11.2795, 28.5661,3, 1
64, 32, 40, 148, 127, 0, 0,0, 0
64, 32, 41, 148, 116, 0, 0,0, 0
64, 32, 42, 148, 114, 6.97882, 6.97882,1, 1
64, 32, 43, 148, 126, 0, 0,0, 0
64, 32, 44, 148, 107, 0, 0,0, 0
64, 32, 45, 148, 141, 34.7014, 64.8848,8, 4
64, 32, 46, 148, 130, 39.0784, 53.7709,7, 5
64, 32, 47, 148, 131, 59.4789, 107.403,13, 7
64, 33, 1, 145, 86, 0, 0,0, 0
64, 33, 2, 145, 119, 17.1172, 17.1172,2, 2
64, 33, 3, 145, 86, 0, 0,0, 0
64, 33, 4, 145, 184, 0, 0,0, 0
64, 33, 5, 145, 156, 15.7553, 15.7553,2, 2
64, 33, 6, 145, 138, 38.4733, 45.7121,6, 5
64, 33, 7, 145, 125, 13.908, 13.908,2, 2
64, 33, 8, 145, 119, 24.4579, 24.4579,3, 3
64, 33, 9, 145, 152, 166.958, 357.945,40, 17
64, 33, 10, 145, 144, 140.422, 213.87,26, 16
64, 33, 11, 145, 141, 121.017, 181.961,22, 14
64, 33, 12, 145, 153, 55.5174, 63.1849,6, 5
64, 33, 13, 145, 149, 26.0112, 26.0112,3, 3
64, 33, 14, 145, 135, 0, 0,0, 0
64, 33, 15, 145, 106, 39.2317, 46.3186,5, 4
64, 33, 16, 145, 99, 0, 0,0, 0
64, 33, 17, 145, 105, 7.67182, 7.67182,1, 1
64, 33, 18, 145, 110, 20.2376, 20.2376,2, 2
64, 33, 19, 145, 117, 21.5567, 21.5567,2, 2
64, 33, 20, 145, 142, 47.7349, 47.7349,5, 5
64, 33, 21, 145, 90, 0, 0,0, 0
64, 33, 22, 145, 113, 9.31663, 9.31663,1, 1
64, 33, 23, 145, 136, 0, 0,0, 0
64, 33, 24, 145, 113, 15.1253, 15.1253,2, 2
64, 33, 25, 145, 146, 7.30537, 7.30537,1, 1
64, 33, 26, 145, 166, 13.5146, 13.5146,2, 2
64, 33, 27, 145, 106, 15.7234, 15.7234,2, 2
64, 33, 28, 145, 146, 28.7843, 28.7843,3, 3
64, 33, 29, 145, 172, 274.037, 289.786,28, 26
64, 33, 30, 145, 145, 24.9565, 24.9565,3, 3
64, 33, 31, 145, 120, 35.6524, 35.6524,4, 4
64, 33, 32, 145, 148, 0, 0,0, 0
64, 33, 34, 145, 109, 36.242, 36.242,4, 4
64, 33, 35, 145, 110, 22.7428, 22.7428,3, 3
64, 33, 36, 145, 148, 48.191, 55.0967,6, 5
64, 33, 37, 145, 149, 0, 0,0, 0
64, 33, 38, 145, 150, 305.954, 521.658,62, 34
64, 33, 39, 145, 147, 114.345, 139.213,15, 12
64, 33, 40, 145, 127, 29.9606, 29.9606,3, 3
64, 33, 41, 145, 116, 48.4193, 48.4193,5, 5
64, 33, 42, 145, 114, 97.0066, 97.0066,11, 11
64, 33, 43, 145, 126, 291.629, 487.393,55, 30
64, 33, 44, 145, 107, 0, 0,0, 0
64, 33, 45, 145, 141, 118.088, 201.585,25, 14
64, 33, 46, 145, 130, 11.3933, 11.3933,1, 1
64, 33, 47, 145, 131, 24.0951, 31.6274,4, 3
64, 34, 1, 109, 86, 7.98943, 14.8131,2, 1
64, 34, 2, 109, 119, 52.8273, 52.8273,5, 5
64, 34, 3, 109, 86, 54.6614, 71.4537,6, 4
64, 34, 4, 109, 184, 15.8864, 15.8864,2, 2
64, 34, 5, 109, 156, 9.05508, 9.05508,1, 1
64, 34, 6, 109, 138, 17.0029, 17.0029,2, 2
64, 34, 7, 109, 125, 91.0219, 91.0219,10, 10
64, 34, 8, 109, 119, 54.1223, 54.1223,6, 6
64, 34, 9, 109, 152, 0, 0,0, 0
64, 34, 10, 109, 144, 34.0722, 51.1215,5, 3
64, 34, 11, 109, 141, 94.7333, 94.7333,11, 11
64, 34, 12, 109, 153, 138.63, 145.55,18, 17
64, 34, 13, 109, 149, 43.3889, 43.3889,5, 5
64, 34, 14, 109, 135, 29.4702, 29.4702,4, 4
64, 34, 15, 109, 106, 112.894, 146.835,15, 11
64, 34, 16, 109, 99, 27.7642, 34.6925,4, 3
64, 34, 17, 109, 105, 55.7036, 73.4164,8, 6
64, 34, 18, 109, 110, 70.7802, 81.2809,8, 7
64, 34, 19, 109, 117, 32.3288, 40.8112,5, 4
64, 34, 20, 109, 142, 118.874, 118.874,13, 13
64, 34, 21, 109, 90, 72.1178, 72.1178,8, 8
64, 34, 22, 109, 113, 79.0214, 85.9058,10, 9
64, 34, 23, 109, 136, 20.1232, 28.7826,3, 2
64, 34, 24, 109, 113, 25.8926, 41.0064,4, 2
64, 34, 25, 109, 146, 68.6349, 76.9663,8, 7
64, 34, 26, 109, 166, 35.4728, 35.4728,5, 5
64, 34, 27, 109, 106, 26.7815, 26.7815,3, 3
64, 34, 28, 109, 146, 43.6199, 58.0841,6, 4
64, 34, 29, 109, 172, 29.2963, 29.2963,4, 4
64, 34, 30, 109, 145, 20.5, 20.5,3, 3
64, 34, 31, 109, 120, 32.1713, 32.1713,4, 4
64, 34, 32, 109, 148, 52.5051, 71.4891,7, 5
64, 34, 33, 109, 145, 36.2421, 36.2421,4, 4
64, 34, 35, 109, 110, 47.0221, 63.3282,7, 5
64, 34, 36, 109, 148, 218.671, 249.011,29, 25
64, 34, 37, 109, 149, 42.6861, 50.3534,6, 5
64, 34, 38, 109, 150, 17.2349, 17.2349,2, 2
64, 34, 39, 109, 147, 62.7273, 62.7273,7, 7
64, 34, 40, 109, 127, 40.1798, 40.1798,4, 4
64, 34, 41, 109, 116, 57.8532, 57.8532,7, 7
64, 34, 42, 109, 114, 41.9695, 41.9695,5, 5
64, 34, 43, 109, 126, 16.1175, 16.1175,2, 2
64, 34, 44, 109, 107, 64.3277, 64.3277,8, 8
64, 34, 45, 109, 141, 16.3272, 16.3272,2, 2
64, 34, 46, 109, 130, 32.908, 32.908,4, 4
64, 34, 47, 109, 131, 17.1434, 17.1434,2, 2
64, 35, 1, 110, 86, 6.80164, 6.80164,1, 1
64, 35, 2, 110, 119, 25.3622, 25.3622,2, 2
64, 35, 3, 110, 86, 28.2626, 28.2626,3, 3
64, 35, 4, 110, 184, 15.841, 15.841,2, 2
64, 35, 5, 110, 156, 0, 0,0, 0
64, 35, 6, 110, 138, 74.6566, 106.59,12, 8
64, 35, 7, 110, 125, 51.8978, 51.8978,6, 6
64, 35, 8, 110, 119, 8.50848, 8.50848,1, 1
64, 35, 9, 110, 152, 105.875, 105.875,14, 14
64, 35, 10, 110, 144, 94.386, 101.198,11, 10
64, 35, 11, 110, 141, 53.1311, 69.1127,7, 5
64, 35, 12, 110, 153, 23.1712, 23.1712,3, 3
64, 35, 13, 110, 149, 0, 0,0, 0
64, 35, 14, 110, 135, 39.2287, 39.2287,4, 4
64, 35, 15, 110, 106, 35.3735, 35.3735,3, 3
64, 35, 16, 110, 99, 52.9411, 52.9411,4, 4
64, 35, 17, 110, 105, 35.8916, 35.8916,2, 2
64, 35, 18, 110, 110, 24.4391, 24.4391,3, 3
64, 35, 19, 110, 117, 0, 0,0, 0
64, 35, 20, 110, 142, 33.5787, 33.5787,4, 4
64, 35, 21, 110, 90, 0, 0,0, 0
64, 35, 22, 110, 113, 26.7001, 26.7001,2, 2
64, 35, 23, 110, 136, 60.147, 66.8732,5, 4
64, 35, 24, 110, 113, 64.6712, 71.757,8, 7
64, 35, 25, 110, 146, 64.4666, 64.4666,6, 6
64, 35, 26, 110, 166, 0, 0,0, 0
64, 35, 27, 110, 106, 10.5085, 10.5085,1, 1
64, 35, 28, 110, 146, 41.2312, 41.2312,2, 2
64, 35, 29, 110, 172, 0, 0,0, 0
64, 35, 30, 110, 145, 0, 0,0, 0
64, 35, 31, 110, 120, 0, 0,0, 0
64, 35, 32, 110, 148, 79.8635, 79.8635,8, 8
64, 35, 33, 110, 145, 15.4341, 22.7429,3, 2
64, 35, 34, 110, 109, 63.3282, 63.3282,7, 7
64, 35, 36, 110, 148, 50.9583, 72.7927,9, 6
64, 35, 37, 110, 149, 32.8271, 32.8271,3, 3
64, 35, 38, 110, 150, 101.043, 124.994,15, 12
64, 35, 39, 110, 147, 215.731, 232.207,25, 23
64, 35, 40, 110, 127, 0, 0,0, 0
64, 35, 41, 110, 116, 0, 0,0, 0
64, 35, 42, 110, 114, 0, 0,0, 0
64, 35, 43, 110, 126, 81.962, 103.806,12, 9
64, 35, 44, 110, 107, 7.23946, 7.23946,1, 1
64, 35, 45, 110, 141, 100.962, 124.438,14, 11
64, 35, 46, 110, 130, 17.7882, 17.7882,2, 2
64, 35, 47, 110, 131, 58.1741, 67.9693,7, 6
64, 36, 1, 148, 86, 6.74689, 6.74689,1, 1
64, 36, 2, 148, 119, 35.8223, 35.8223,4, 4
64, 36, 3, 148, 86, 24.1391, 24.1391,3, 3
64, 36, 4, 148, 184, 15.8445, 15.8445,2, 2
64, 36, 5, 148, 156, 40.9597, 40.9597,4, 4
64, 36, 6, 148, 138, 46.8861, 46.8861,4, 4
64, 36, 7, 148, 125, 57.5666, 57.5666,6, 6
64, 36, 8, 148, 119, 42.3867, 42.3867,4, 4
64, 36, 9, 148, 152, 7.11308, 7.11308,1, 1
64, 36, 10, 148, 144, 64.8736, 64.8736,6, 6
64, 36, 11, 148, 141, 129.723, 129.723,14, 14
64, 36, 12, 148, 153, 233.824, 271.825,25, 20
64, 36, 13, 148, 149, 56.1096, 56.1096,6, 6
64, 36, 14, 148, 135, 31.1593, 31.1593,3, 3
64, 36, 15, 148, 106, 63.7364, 70.4063,8, 7
64, 36, 16, 148, 99, 41.2728, 41.2728,4, 4
64, 36, 17, 148, 105, 52.3653, 52.3653,6, 6
64, 36, 18, 148, 110, 53.3849, 53.3849,5, 5
64, 36, 19, 148, 117, 30.7124, 30.7124,4, 4
64, 36, 20, 148, 142, 104.928, 104.928,10, 10
64, 36, 21, 148, 90, 37.4733, 37.4733,5, 5
64, 36, 22, 148, 113, 21.6529, 21.6529,2, 2
64, 36, 23, 148, 136, 15.6259, 15.6259,2, 2
64, 36, 24, 148, 113, 0, 0,0, 0
64, 36, 25, 148, 146, 67.0726, 67.0726,8, 8
64, 36, 26, 148, 166, 15.2946, 15.2946,2, 2
64, 36, 27, 148, 106, 27.9801, 27.9801,2, 2
64, 36, 28, 148, 146, 83.1202, 83.1202,8, 8
64, 36, 29, 148, 172, 24.8053, 24.8053,3, 3
64, 36, 30, 148, 145, 13.7489, 13.7489,2, 2
64, 36, 31, 148, 120, 35.9445, 35.9445,4, 4
64, 36, 32, 148, 148, 26.9595, 26.9595,3, 3
64, 36, 33, 148, 145, 55.0969, 55.0969,6, 6
64, 36, 34, 148, 109, 249.011, 249.011,29, 29
64, 36, 35, 148, 110, 59.0889, 72.7927,9, 7
64, 36, 37, 148, 149, 19.3773, 19.3773,2, 2
64, 36, 38, 148, 150, 19.0269, 19.0269,1, 1
64, 36, 39, 148, 147, 127.976, 143.667,15, 13
64, 36, 40, 148, 127, 36.1483, 43.6286,5, 4
64, 36, 41, 148, 116, 75.1823, 84.0098,9, 8
64, 36, 42, 148, 114, 60.9045, 68.9906,8, 7
64, 36, 43, 148, 126, 30.8757, 30.8757,4, 4
64, 36, 44, 148, 107, 54.288, 54.288,6, 6
64, 36, 45, 148, 141, 15.3737, 15.3737,2, 2
64, 36, 46, 148, 130, 40.8973, 47.5734,5, 4
64, 36, 47, 148, 131, 45.4958, 45.4958,4, 4
64, 37, 1, 149, 86, 15.7505, 15.7505,2, 2
64, 37, 2, 149, 119, 31.2411, 47.7719,4, 2
64, 37, 3, 149, 86, 42.4205, 51.0253,4, 3
64, 37, 4, 149, 184, 21.1767, 38.0755,4, 2
64, 37, 5, 149, 156, 0, 0,0, 0
64, 37, 6, 149, 138, 33.2624, 48.6715,6, 4
64, 37, 7, 149, 125, 215.608, 223.396,24, 23
64, 37, 8, 149, 119, 26.2294, 34.128,4, 3
64, 37, 9, 149, 152, 0, 0,0, 0
64, 37, 10, 149, 144, 43.4256, 50.6057,4, 3
64, 37, 11, 149, 141, 0, 0,0, 0
64, 37, 12, 149, 153, 21.9034, 28.6189,3, 2
64, 37, 13, 149, 149, 0, 0,0, 0
64, 37, 14, 149, 135, 345.188, 407.219,43, 36
64, 37, 15, 149, 106, 113.751, 113.751,11, 11
64, 37, 16, 149, 99, 88.237, 109.118,12, 9
64, 37, 17, 149, 105, 53.9937, 70.4673,7, 5
64, 37, 18, 149, 110, 16.4603, 16.4603,2, 2
64, 37, 19, 149, 117, 0, 0,0, 0
64, 37, 20, 149, 142, 153.697, 179.93,19, 16
64, 37, 21, 149, 90, 7.40483, 7.40483,1, 1
64, 37, 22, 149, 113, 16.5405, 24.9415,2, 1
64, 37, 23, 149, 136, 96.2771, 118.98,14, 11
64, 37, 24, 149, 113, 67.3764, 91.8667,11, 8
64, 37, 25, 149, 146, 226.631, 226.631,22, 22
64, 37, 26, 149, 166, 10.0224, 10.0224,1, 1
64, 37, 27, 149, 106, 13.0403, 22.5864,2, 1
64, 37, 28, 149, 146, 29.8687, 45.6875,4, 2
64, 37, 29, 149, 172, 0, 0,0, 0
64, 37, 30, 149, 145, 0, 0,0, 0
64, 37, 31, 149, 120, 6.74339, 6.74339,1, 1
64, 37, 32, 149, 148, 3759.08, 3965.11,125, 104
64, 37, 33, 149, 145, 0, 0,0, 0
64, 37, 34, 149, 109, 50.3535, 50.3535,6, 6
64, 37, 35, 149, 110, 32.8272, 32.8272,3, 3
64, 37, 36, 149, 148, 11.5044, 19.3774,2, 1
64, 37, 38, 149, 150, 9.5272, 18.9997,2, 1
64, 37, 39, 149, 147, 11.5165, 19.22,2, 1
64, 37, 40, 149, 127, 0, 0,0, 0
64, 37, 41, 149, 116, 0, 0,0, 0
64, 37, 42, 149, 114, 0, 0,0, 0
64, 37, 43, 149, 126, 0, 0,0, 0
64, 37, 44, 149, 107, 0, 0,0, 0
64, 37, 45, 149, 141, 24.285, 31.6938,4, 3
64, 37, 46, 149, 130, 31.1713, 45.9879,6, 4
64, 37, 47, 149, 131, 36.4711, 51.888,6, 4
64, 38, 1, 150, 86, 0, 0,0, 0
64, 38, 2, 150, 119, 23.781, 23.781,2, 2
64, 38, 3, 150, 86, 18.7786, 18.7786,2, 2
64, 38, 4, 150, 184, 15.7685, 15.7685,2, 2
64, 38, 5, 150, 156, 0, 0,0, 0
64, 38, 6, 150, 138, 81.3149, 134.545,16, 9
64, 38, 7, 150, 125, 12.3092, 12.3092,1, 1
64, 38, 8, 150, 119, 0, 0,0, 0
64, 38, 9, 150, 152, 243.306, 509.58,62, 28
64, 38, 10, 150, 144, 229.245, 479.424,54, 23
64, 38, 11, 150, 141, 101.971, 195.114,22, 11
64, 38, 12, 150, 153, 29.2581, 29.2581,2, 2
64, 38, 13, 150, 149, 0, 0,0, 0
64, 38, 14, 150, 135, 11.5357, 11.5357,1, 1
64, 38, 15, 150, 106, 11.616, 11.616,1, 1
64, 38, 16, 150, 99, 22.6831, 22.6831,2, 2
64, 38, 17, 150, 105, 14.1445, 14.1445,1, 1
64, 38, 18, 150, 110, 7.88296, 7.88296,1, 1
64, 38, 19, 150, 117, 0, 0,0, 0
64, 38, 20, 150, 142, 13.4896, 13.4896,1, 1
64, 38, 21, 150, 90, 0, 0,0, 0
64, 38, 22, 150, 113, 14.3078, 14.3078,1, 1
64, 38, 23, 150, 136, 10.7051, 10.7051,1, 1
64, 38, 24, 150, 113, 16.1988, 16.1988,2, 2
64, 38, 25, 150, 146, 9.56172, 9.56172,1, 1
64, 38, 26, 150, 166, 0, 0,0, 0
64, 38, 27, 150, 106, 24.159, 24.159,1, 1
64, 38, 28, 150, 146, 31.9696, 31.9696,2, 2
64, 38, 29, 150, 172, 30.3553, 30.3553,4, 4
64, 38, 30, 150, 145, 0, 0,0, 0
64, 38, 31, 150, 120, 6.76684, 6.76684,1, 1
64, 38, 32, 150, 148, 26.7549, 26.7549,3, 3
64, 38, 33, 150, 145, 271.225, 521.659,62, 29
64, 38, 34, 150, 109, 17.235, 17.235,2, 2
64, 38, 35, 150, 110, 86.8646, 124.994,15, 10
64, 38, 36, 150, 148, 19.0267, 19.0267,1, 1
64, 38, 37, 150, 149, 18.9996, 18.9996,2, 2
64, 38, 39, 150, 147, 251.066, 382.177,41, 25
64, 38, 40, 150, 127, 0, 0,0, 0
64, 38, 41, 150, 116, 14.6112, 14.6112,2, 2
64, 38, 42, 150, 114, 0, 0,0, 0
64, 38, 43, 150, 126, 235.259, 545.795,61, 24
64, 38, 44, 150, 107, 0, 0,0, 0
64, 38, 45, 150, 141, 170.74, 359.981,44, 20
64, 38, 46, 150, 130, 10.8657, 10.8657,1, 1
64, 38, 47, 150, 131, 42.5238, 56.9004,7, 5
64, 39, 1, 147, 86, 17.4059, 17.4059,2, 2
64, 39, 2, 147, 119, 24.6616, 24.6616,2, 2
64, 39, 3, 147, 86, 26.2772, 26.2772,3, 3
64, 39, 4, 147, 184, 16.4186, 16.4186,2, 2
64, 39, 5, 147, 156, 9.98638, 9.98638,1, 1
64, 39, 6, 147, 138, 124.898, 192.189,22, 13
64, 39, 7, 147, 125, 7.97781, 7.97781,1, 1
64, 39, 8, 147, 119, 13.9284, 13.9284,2, 2
64, 39, 9, 147, 152, 285.79, 476.087,51, 27
64, 39, 10, 147, 144, 334.768, 498.051,52, 32
64, 39, 11, 147, 141, 142.138, 177.246,21, 16
64, 39, 12, 147, 153, 42.7609, 42.7609,5, 5
64, 39, 13, 147, 149, 0, 0,0, 0
64, 39, 14, 147, 135, 38.7908, 46.8811,5, 4
64, 39, 15, 147, 106, 12.0109, 12.0109,1, 1
64, 39, 16, 147, 99, 75.5237, 89.0414,11, 9
64, 39, 17, 147, 105, 38.6529, 38.6529,3, 3
64, 39, 18, 147, 110, 20.7009, 20.7009,3, 3
64, 39, 19, 147, 117, 6.95702, 6.95702,1, 1
64, 39, 20, 147, 142, 13.5485, 13.5485,1, 1
64, 39, 21, 147, 90, 0, 0,0, 0
64, 39, 22, 147, 113, 34.6509, 34.6509,3, 3
64, 39, 23, 147, 136, 63.0508, 76.7361,8, 6
64, 39, 24, 147, 113, 31.6551, 39.1809,5, 4
64, 39, 25, 147, 146, 28.6754, 28.6754,3, 3
64, 39, 26, 147, 166, 0, 0,0, 0
64, 39, 27, 147, 106, 28.433, 28.433,3, 3
64, 39, 28, 147, 146, 45.9441, 45.9441,2, 2
64, 39, 29, 147, 172, 7.2836, 7.2836,1, 1
64, 39, 30, 147, 145, 0, 0,0, 0
64, 39, 31, 147, 120, 7.05649, 7.05649,1, 1
64, 39, 32, 147, 148, 28.566, 28.566,3, 3
64, 39, 33, 147, 145, 108.944, 139.214,15, 11
64, 39, 34, 147, 109, 62.7274, 62.7274,7, 7
64, 39, 35, 147, 110, 173.968, 232.206,25, 18
64, 39, 36, 147, 148, 135.901, 143.668,15, 14
64, 39, 37, 147, 149, 19.22, 19.22,2, 2
64, 39, 38, 147, 150, 226.57, 382.175,41, 22
64, 39, 40, 147, 127, 0, 0,0, 0
64, 39, 41, 147, 116, 0, 0,0, 0
64, 39, 42, 147, 114, 0, 0,0, 0
64, 39, 43, 147, 126, 190.59, 292.621,33, 20
64, 39, 44, 147, 107, 9.45376, 9.45376,1, 1
64, 39, 45, 147, 141, 201.732, 302.404,37, 23
64, 39, 46, 147, 130, 15.1733, 15.1733,1, 1
64, 39, 47, 147, 131, 81.9093, 110.557,12, 8
64, 40, 1, 127, 86, 0, 0,0, 0
64, 40, 2, 127, 119, 7.39695, 14.6003,2, 1
64, 40, 3, 127, 86, 0, 0,0, 0
64, 40, 4, 127, 184, 6.97878, 6.97878,1, 1
64, 40, 5, 127, 156, 23.3085, 23.3085,3, 3
64, 40, 6, 127, 138, 7.94596, 7.94596,1, 1
64, 40, 7, 127, 125, 7.57929, 7.57929,1, 1
64, 40, 8, 127, 119, 27.0162, 27.0162,3, 3
64, 40, 9, 127, 152, 0, 0,0, 0
64, 40, 10, 127, 144, 0, 0,0, 0
64, 40, 11, 127, 141, 7.09999, 7.09999,1, 1
64, 40, 12, 127, 153, 36.7845, 36.7845,4, 4
64, 40, 13, 127, 149, 59.304, 67.608,8, 7
64, 40, 14, 127, 135, 0, 0,0, 0
64, 40, 15, 127, 106, 17.6217, 17.6217,2, 2
64, 40, 16, 127, 99, 0, 0,0, 0
64, 40, 17, 127, 105, 8.31116, 15.7469,2, 1
64, 40, 18, 127, 110, 15.0567, 15.0567,2, 2
64, 40, 19, 127, 117, 51.8898, 58.5965,6, 5
64, 40, 20, 127, 142, 14.1369, 14.1369,2, 2
64, 40, 21, 127, 90, 25.5037, 25.5037,2, 2
64, 40, 22, 127, 113, 14.2528, 14.2528,2, 2
64, 40, 23, 127, 136, 0, 0,0, 0
64, 40, 24, 127, 113, 0, 0,0, 0
64, 40, 25, 127, 146, 7.6133, 15.0073,2, 1
64, 40, 26, 127, 166, 15.3218, 15.3218,2, 2
64, 40, 27, 127, 106, 7.60383, 7.60383,1, 1
64, 40, 28, 127, 146, 7.58109, 7.58109,1, 1
64, 40, 29, 127, 172, 85.9879, 85.9879,10, 10
64, 40, 30, 127, 145, 61.4952, 69.5981,8, 7
64, 40, 31, 127, 120, 14.2358, 21.2594,3, 2
64, 40, 32, 127, 148, 0, 0,0, 0
64, 40, 33, 127, 145, 29.9605, 29.9605,3, 3
64, 40, 34, 127, 109, 28.08, 40.1799,4, 3
64, 40, 35, 127, 110, 0, 0,0, 0
64, 40, 36, 127, 148, 34.9756, 43.6285,5, 4
64, 40, 37, 127, 149, 0, 0,0, 0
64, 40, 38, 127, 150, 0, 0,0, 0
64, 40, 39, 127, 147, 0, 0,0, 0
64, 40, 41, 127, 116, 339.355, 373.887,36, 32
64, 40, 42, 127, 114, 236.687, 245.287,25, 24
64, 40, 43, 127, 126, 72.4006, 72.4006,9, 9
64, 40, 44, 127, 107, 25.725, 25.725,3, 3
64, 40, 45, 127, 141, 0, 0,0, 0
64, 40, 46, 127, 130, 11.1859, 11.1859,1, 1
64, 40, 47, 127, 131, 11.7975, 11.7975,1, 1
64, 41, 1, 116, 86, 0, 0,0, 0
64, 41, 2, 116, 119, 31.8915, 31.8915,4, 4
64, 41, 3, 116, 86, 0, 0,0, 0
64, 41, 4, 116, 184, 6.68091, 6.68091,1, 1
64, 41, 5, 116, 156, 31.2383, 31.2383,4, 4
64, 41, 6, 116, 138, 29.4858, 29.4858,4, 4
64, 41, 7, 116, 125, 8.18425, 8.18425,1, 1
64, 41, 8, 116, 119, 28.2489, 28.2489,3, 3
64, 41, 9, 116, 152, 0, 0,0, 0
64, 41, 10, 116, 144, 0, 0,0, 0
64, 41, 11, 116, 141, 43.3826, 43.3826,5, 5
64, 41, 12, 116, 153, 70.1465, 70.1465,7, 7
64, 41, 13, 116, 149, 17.4892, 17.4892,2, 2
64, 41, 14, 116, 135, 0, 0,0, 0
64, 41, 15, 116, 106, 28.6051, 28.6051,3, 3
64, 41, 16, 116, 99, 0, 0,0, 0
64, 41, 17, 116, 105, 8.70324, 8.70324,1, 1
64, 41, 18, 116, 110, 42.8735, 42.8735,5, 5
64, 41, 19, 116, 117, 48.7752, 48.7752,5, 5
64, 41, 20, 116, 142, 53.0902, 53.0902,6, 6
64, 41, 21, 116, 90, 47.292, 47.292,5, 5
64, 41, 22, 116, 113, 14.6448, 14.6448,2, 2
64, 41, 23, 116, 136, 0, 0,0, 0
64, 41, 24, 116, 113, 0, 0,0, 0
64, 41, 25, 116, 146, 0, 0,0, 0
64, 41, 26, 116, 166, 23.0678, 23.0678,3, 3
64, 41, 27, 116, 106, 7.52065, 7.52065,1, 1
64, 41, 28, 116, 146, 8.77319, 8.77319,1, 1
64, 41, 29, 116, 172, 89.8265, 89.8265,10, 10
64, 41, 30, 116, 145, 33.8136, 33.8136,4, 4
64, 41, 31, 116, 120, 7.67756, 7.67756,1, 1
64, 41, 32, 116, 148, 0, 0,0, 0
64, 41, 33, 116, 145, 48.4197, 48.4197,5, 5
64, 41, 34, 116, 109, 57.8535, 57.8535,7, 7
64, 41, 35, 116, 110, 0, 0,0, 0
64, 41, 36, 116, 148, 84.0096, 84.0096,9, 9
64, 41, 37, 116, 149, 0, 0,0, 0
64, 41, 38, 116, 150, 14.6111, 14.6111,2, 2
64, 41, 39, 116, 147, 0, 0,0, 0
64, 41, 40, 116, 127, 349.864, 373.89,36, 33
64, 41, 42, 116, 114, 288.109, 295.142,26, 25
64, 41, 43, 116, 126, 120.022, 128.901,14, 13
64, 41, 44, 116, 107, 6.9482, 6.9482,1, 1
64, 41, 45, 116, 141, 0, 0,0, 0
64, 41, 46, 116, 130, 7.45771, 7.45771,1, 1
64, 41, 47, 116, 131, 0, 0,0, 0
64, 42, 1, 114, 86, 0, 0,0, 0
64, 42, 2, 114, 119, 15.9726, 15.9726,2, 2
64, 42, 3, 114, 86, 0, 0,0, 0
64, 42, 4, 114, 184, 7.75463, 7.75463,1, 1
64, 42, 5, 114, 156, 8.64674, 8.64674,1, 1
64, 42, 6, 114, 138, 7.08414, 7.08414,1, 1
64, 42, 7, 114, 125, 28.3447, 28.3447,3, 3
64, 42, 8, 114, 119, 32.2183, 39.6394,5, 4
64, 42, 9, 114, 152, 0, 0,0, 0
64, 42, 10, 114, 144, 0, 0,0, 0
64, 42, 11, 114, 141, 57.8633, 57.8633,6, 6
64, 42, 12, 114, 153, 87.6098, 109.373,14, 11
64, 42, 13, 114, 149, 56.3727, 56.3727,7, 7
64, 42, 14, 114, 135, 7.68105, 7.68105,1, 1
64, 42, 15, 114, 106, 43.9089, 43.9089,5, 5
64, 42, 16, 114, 99, 0, 0,0, 0
64, 42, 17, 114, 105, 15.5041, 15.5041,2, 2
64, 42, 18, 114, 110, 65.3214, 65.3214,6, 6
64, 42, 19, 114, 117, 56.5529, 63.2998,8, 7
64, 42, 20, 114, 142, 40.3419, 47.3681,6, 5
64, 42, 21, 114, 90, 31.503, 31.503,4, 4
64, 42, 22, 114, 113, 30.3937, 30.3937,3, 3
64, 42, 23, 114, 136, 8.13663, 15.3055,2, 1
64, 42, 24, 114, 113, 0, 0,0, 0
64, 42, 25, 114, 146, 16.0768, 16.0768,2, 2
64, 42, 26, 114, 166, 14.872, 14.872,2, 2
64, 42, 27, 114, 106, 0, 0,0, 0
64, 42, 28, 114, 146, 25.0801, 32.1742,4, 3
64, 42, 29, 114, 172, 83.5892, 90.2762,10, 9
64, 42, 30, 114, 145, 35.5067, 35.5067,5, 5
64, 42, 31, 114, 120, 18.5771, 26.544,3, 2
64, 42, 32, 114, 148, 6.97882, 6.97882,1, 1
64, 42, 33, 114, 145, 89.503, 97.0053,11, 10
64, 42, 34, 114, 109, 41.9693, 41.9693,5, 5
64, 42, 35, 114, 110, 0, 0,0, 0
64, 42, 36, 114, 148, 68.9905, 68.9905,8, 8
64, 42, 37, 114, 149, 0, 0,0, 0
64, 42, 38, 114, 150, 0, 0,0, 0
64, 42, 39, 114, 147, 0, 0,0, 0
64, 42, 40, 114, 127, 237.988, 245.288,25, 24
64, 42, 41, 114, 116, 286.809, 295.139,26, 25
64, 42, 43, 114, 126, 224.001, 231.119,26, 25
64, 42, 44, 114, 107, 8.46424, 8.46424,1, 1
64, 42, 45, 114, 141, 0, 0,0, 0
64, 42, 46, 114, 130, 44.8272, 44.8272,5, 5
64, 42, 47, 114, 131, 35.9195, 35.9195,4, 4
64, 43, 1, 126, 86, 0, 0,0, 0
64, 43, 2, 126, 119, 0, 0,0, 0
64, 43, 3, 126, 86, 0, 0,0, 0
64, 43, 4, 126, 184, 0, 0,0, 0
64, 43, 5, 126, 156, 7.51212, 7.51212,1, 1
64, 43, 6, 126, 138, 47.4059, 47.4059,6, 6
64, 43, 7, 126, 125, 47.648, 47.648,5, 5
64, 43, 8, 126, 119, 7.57395, 14.7829,2, 1
64, 43, 9, 126, 152, 194.166, 416.353,48, 21
64, 43, 10, 126, 144, 187.672, 341.574,39, 20
64, 43, 11, 126, 141, 106.516, 199.59,23, 11
64, 43, 12, 126, 153, 31.9671, 31.9671,4, 4
64, 43, 13, 126, 149, 21.5179, 21.5179,3, 3
64, 43, 14, 126, 135, 0, 0,0, 0
64, 43, 15, 126, 106, 6.81428, 6.81428,1, 1
64, 43, 16, 126, 99, 0, 0,0, 0
64, 43, 17, 126, 105, 6.67035, 6.67035,1, 1
64, 43, 18, 126, 110, 15.1624, 22.6196,3, 2
64, 43, 19, 126, 117, 6.87576, 6.87576,1, 1
64, 43, 20, 126, 142, 6.7811, 6.7811,1, 1
64, 43, 21, 126, 90, 6.68619, 6.68619,1, 1
64, 43, 22, 126, 113, 21.8783, 21.8783,3, 3
64, 43, 23, 126, 136, 0, 0,0, 0
64, 43, 24, 126, 113, 21.9657, 29.0755,4, 3
64, 43, 25, 126, 146, 9.24231, 9.24231,1, 1
64, 43, 26, 126, 166, 0, 0,0, 0
64, 43, 27, 126, 106, 25.4733, 32.6495,4, 3
64, 43, 28, 126, 146, 38.4936, 45.705,6, 5
64, 43, 29, 126, 172, 48.545, 63.9411,8, 6
64, 43, 30, 126, 145, 0, 0,0, 0
64, 43, 31, 126, 120, 23.8314, 30.9035,4, 3
64, 43, 32, 126, 148, 0, 0,0, 0
64, 43, 33, 126, 145, 238.546, 487.393,55, 24
64, 43, 34, 126, 109, 8.25652, 16.1174,2, 1
64, 43, 35, 126, 110, 52.6327, 103.806,12, 6
64, 43, 36, 126, 148, 23.4926, 30.8757,4, 3
64, 43, 37, 126, 149, 0, 0,0, 0
64, 43, 38, 126, 150, 306.485, 545.795,61, 31
64, 43, 39, 126, 147, 194.616, 292.621,33, 20
64, 43, 40, 126, 127, 65.717, 72.4007,9, 8
64, 43, 41, 126, 116, 95.4525, 128.901,14, 10
64, 43, 42, 126, 114, 199.396, 231.119,26, 22
64, 43, 44, 126, 107, 6.90232, 6.90232,1, 1
64, 43, 45, 126, 141, 92.3695, 220.013,27, 10
64, 43, 46, 126, 130, 25.0305, 25.0305,3, 3
64, 43, 47, 126, 131, 28.7493, 42.8311,5, 3
64, 44, 1, 107, 86, 7.22946, 7.22946,1, 1
64, 44, 2, 107, 119, 7.32129, 7.32129,1, 1
64, 44, 3, 107, 86, 0, 0,0, 0
64, 44, 4, 107, 184, 0, 0,0, 0
64, 44, 5, 107, 156, 85.8579, 96.0664,10, 9
64, 44, 6, 107, 138, 75.5281, 84.0246,10, 9
64, 44, 7, 107, 125, 7.41822, 7.41822,1, 1
64, 44, 8, 107, 119, 23.6888, 23.6888,2, 2
64, 44, 9, 107, 152, 0, 0,0, 0
64, 44, 10, 107, 144, 0, 0,0, 0
64, 44, 11, 107, 141, 14.1089, 21.0768,3, 2
64, 44, 12, 107, 153, 23.6518, 23.6518,3, 3
64, 44, 13, 107, 149, 15.4597, 15.4597,2, 2
64, 44, 14, 107, 135, 17.2957, 17.2957,2, 2
64, 44, 15, 107, 106, 9.41522, 9.41522,1, 1
64, 44, 16, 107, 99, 0, 0,0, 0
64, 44, 17, 107, 105, 19.4927, 19.4927,2, 2
64, 44, 18, 107, 110, 25.2372, 25.2372,3, 3
64, 44, 19, 107, 117, 31.0278, 31.0278,3, 3
64, 44, 20, 107, 142, 7.07432, 7.07432,1, 1
64, 44, 21, 107, 90, 97.6987, 104.772,11, 10
64, 44, 22, 107, 113, 42.5994, 42.5994,5, 5
64, 44, 23, 107, 136, 6.90936, 6.90936,1, 1
64, 44, 24, 107, 113, 0, 0,0, 0
64, 44, 25, 107, 146, 28.0856, 28.0856,3, 3
64, 44, 26, 107, 166, 15.5205, 15.5205,2, 2
64, 44, 27, 107, 106, 0, 0,0, 0
64, 44, 28, 107, 146, 18.2349, 18.2349,2, 2
64, 44, 29, 107, 172, 15.1447, 15.1447,2, 2
64, 44, 30, 107, 145, 17.2172, 17.2172,2, 2
64, 44, 31, 107, 120, 0, 0,0, 0
64, 44, 32, 107, 148, 0, 0,0, 0
64, 44, 33, 107, 145, 0, 0,0, 0
64, 44, 34, 107, 109, 64.3276, 64.3276,8, 8
64, 44, 35, 107, 110, 7.23955, 7.23955,1, 1
64, 44, 36, 107, 148, 54.2891, 54.2891,6, 6
64, 44, 37, 107, 149, 0, 0,0, 0
64, 44, 38, 107, 150, 0, 0,0, 0
64, 44, 39, 107, 147, 9.45376, 9.45376,1, 1
64, 44, 40, 107, 127, 25.7251, 25.7251,3, 3
64, 44, 41, 107, 116, 6.94821, 6.94821,1, 1
64, 44, 42, 107, 114, 8.46435, 8.46435,1, 1
64, 44, 43, 107, 126, 6.90228, 6.90228,1, 1
64, 44, 45, 107, 141, 61.2716, 61.2716,7, 7
64, 44, 46, 107, 130, 248.007, 255.488,27, 26
64, 44, 47, 107, 131, 32.2699, 32.2699,4, 4
64, 45, 1, 141, 86, 0, 0,0, 0
64, 45, 2, 141, 119, 0, 0,0, 0
64, 45, 3, 141, 86, 6.74786, 6.74786,1, 1
64, 45, 4, 141, 184, 0, 0,0, 0
64, 45, 5, 141, 156, 8.71683, 8.71683,1, 1
64, 45, 6, 141, 138, 204.161, 327.859,34, 20
64, 45, 7, 141, 125, 0, 0,0, 0
64, 45, 8, 141, 119, 0, 0,0, 0
64, 45, 9, 141, 152, 218.491, 377.585,45, 24
64, 45, 10, 141, 144, 129.9, 226.837,24, 13
64, 45, 11, 141, 141, 63.3116, 101.25,13, 8
64, 45, 12, 141, 153, 0, 0,0, 0
64, 45, 13, 141, 149, 0, 0,0, 0
64, 45, 14, 141, 135, 31.3143, 31.3143,4, 4
64, 45, 15, 141, 106, 0, 0,0, 0
64, 45, 16, 141, 99, 13.5968, 13.5968,2, 2
64, 45, 17, 141, 105, 14.8435, 14.8435,2, 2
64, 45, 18, 141, 110, 0, 0,0, 0
64, 45, 19, 141, 117, 0, 0,0, 0
64, 45, 20, 141, 142, 8.7444, 8.7444,1, 1
64, 45, 21, 141, 90, 0, 0,0, 0
64, 45, 22, 141, 113, 21.4712, 21.4712,3, 3
64, 45, 23, 141, 136, 22.1115, 22.1115,3, 3
64, 45, 24, 141, 113, 18.623, 26.5412,3, 2
64, 45, 25, 141, 146, 7.69895, 7.69895,1, 1
64, 45, 26, 141, 166, 0, 0,0, 0
64, 45, 27, 141, 106, 0, 0,0, 0
64, 45, 28, 141, 146, 0, 0,0, 0
64, 45, 29, 141, 172, 6.73224, 6.73224,1, 1
64, 45, 30, 141, 145, 0, 0,0, 0
64, 45, 31, 141, 120, 0, 0,0, 0
64, 45, 32, 141, 148, 50.4336, 64.8849,8, 6
64, 45, 33, 141, 145, 114.654, 201.585,25, 14
64, 45, 34, 141, 109, 16.3273, 16.3273,2, 2
64, 45, 35, 141, 110, 101.03, 124.438,14, 11
64, 45, 36, 141, 148, 15.3735, 15.3735,2, 2
64, 45, 37, 141, 149, 24.2307, 31.6937,4, 3
64, 45, 38, 141, 150, 178.104, 359.981,44, 21
64, 45, 39, 141, 147, 174.054, 302.404,37, 20
64, 45, 40, 141, 127, 0, 0,0, 0
64, 45, 41, 141, 116, 0, 0,0, 0
64, 45, 42, 141, 114, 0, 0,0, 0
64, 45, 43, 141, 126, 99.611, 220.014,27, 11
64, 45, 44, 141, 107, 61.2715, 61.2715,7, 7
64, 45, 46, 141, 130, 143.827, 166.922,18, 15
64, 45, 47, 141, 131, 78.275, 108.016,13, 9
64, 46, 1, 130, 86, 0, 0,0, 0
64, 46, 2, 130, 119, 19.6355, 19.6355,2, 2
64, 46, 3, 130, 86, 15.3314, 15.3314,2, 2
64, 46, 4, 130, 184, 15.8521, 15.8521,2, 2
64, 46, 5, 130, 156, 70.4549, 70.4549,8, 8
64, 46, 6, 130, 138, 181.389, 196.384,20, 18
64, 46, 7, 130, 125, 44.8901, 54.0602,6, 5
64, 46, 8, 130, 119, 6.71072, 6.71072,1, 1
64, 46, 9, 130, 152, 8.08201, 8.08201,1, 1
64, 46, 10, 130, 144, 18.8268, 18.8268,2, 2
64, 46, 11, 130, 141, 28.6433, 28.6433,3, 3
64, 46, 12, 130, 153, 41.4796, 60.9921,6, 4
64, 46, 13, 130, 149, 8.1243, 8.1243,1, 1
64, 46, 14, 130, 135, 39.2587, 39.2587,4, 4
64, 46, 15, 130, 106, 19.1513, 19.1513,2, 2
64, 46, 16, 130, 99, 32.8725, 32.8725,4, 4
64, 46, 17, 130, 105, 26.2234, 26.2234,3, 3
64, 46, 18, 130, 110, 28.193, 28.193,3, 3
64, 46, 19, 130, 117, 9.26908, 9.26908,1, 1
64, 46, 20, 130, 142, 36.3134, 36.3134,4, 4
64, 46, 21, 130, 90, 50.514, 50.514,5, 5
64, 46, 22, 130, 113, 56.3072, 64.1173,7, 6
64, 46, 23, 130, 136, 31.4788, 31.4788,4, 4
64, 46, 24, 130, 113, 0, 0,0, 0
64, 46, 25, 130, 146, 31.645, 31.645,4, 4
64, 46, 26, 130, 166, 40.6731, 48.9405,6, 5
64, 46, 27, 130, 106, 20.4754, 27.2026,3, 2
64, 46, 28, 130, 146, 43.1685, 43.1685,4, 4
64, 46, 29, 130, 172, 7.01358, 7.01358,1, 1
64, 46, 30, 130, 145, 21.9597, 21.9597,3, 3
64, 46, 31, 130, 120, 14.964, 14.964,2, 2
64, 46, 32, 130, 148, 46.8624, 53.7708,7, 6
64, 46, 33, 130, 145, 11.3933, 11.3933,1, 1
64, 46, 34, 130, 109, 32.9078, 32.9078,4, 4
64, 46, 35, 130, 110, 17.7883, 17.7883,2, 2
64, 46, 36, 130, 148, 39.6243, 47.5734,5, 4
64, 46, 37, 130, 149, 38.3, 45.988,6, 5
64, 46, 38, 130, 150, 10.8657, 10.8657,1, 1
64, 46, 39, 130, 147, 15.1736, 15.1736,1, 1
64, 46, 40, 130, 127, 11.1855, 11.1855,1, 1
64, 46, 41, 130, 116, 7.45768, 7.45768,1, 1
64, 46, 42, 130, 114, 38.0435, 44.8271,5, 4
64, 46, 43, 130, 126, 25.0304, 25.0304,3, 3
64, 46, 44, 130, 107, 246.487, 255.487,27, 26
64, 46, 45, 130, 141, 158.669, 166.923,18, 17
64, 46, 47, 130, 131, 103.851, 112.157,10, 9
64, 47, 1, 131, 86, 0, 0,0, 0
64, 47, 2, 131, 119, 24.8971, 40.2782,4, 2
64, 47, 3, 131, 86, 17.6994, 25.1266,3, 2
64, 47, 4, 131, 184, 17.7027, 24.5277,3, 2
64, 47, 5, 131, 156, 0, 0,0, 0
64, 47, 6, 131, 138, 144.747, 178.898,20, 16
64, 47, 7, 131, 125, 9.21658, 16.9581,2, 1
64, 47, 8, 131, 119, 15.3607, 15.3607,2, 2
64, 47, 9, 131, 152, 25.7327, 25.7327,3, 3
64, 47, 10, 131, 144, 78.0752, 86.6048,10, 9
64, 47, 11, 131, 141, 28.9654, 36.1263,5, 4
64, 47, 12, 131, 153, 22.0156, 39.7466,4, 2
64, 47, 13, 131, 149, 0, 0,0, 0
64, 47, 14, 131, 135, 62.302, 84.7605,9, 7
64, 47, 15, 131, 106, 21.077, 27.7757,3, 2
64, 47, 16, 131, 99, 39.7402, 68.1437,8, 4
64, 47, 17, 131, 105, 23.1855, 38.693,4, 2
64, 47, 18, 131, 110, 15.8209, 23.3251,3, 2
64, 47, 19, 131, 117, 19.8582, 19.8582,2, 2
64, 47, 20, 131, 142, 13.7724, 24.8723,2, 1
64, 47, 21, 131, 90, 16.3605, 16.3605,1, 1
64, 47, 22, 131, 113, 93.0671, 146.176,15, 9
64, 47, 23, 131, 136, 49.5618, 65.4487,7, 5
64, 47, 24, 131, 113, 69.4032, 87.9013,10, 8
64, 47, 25, 131, 146, 14.8253, 22.1937,2, 1
64, 47, 26, 131, 166, 10.7205, 17.4072,2, 1
64, 47, 27, 131, 106, 11.3531, 22.0681,2, 1
64, 47, 28, 131, 146, 51.0857, 69.9202,6, 4
64, 47, 29, 131, 172, 0, 0,0, 0
64, 47, 30, 131, 145, 8.6223, 8.6223,1, 1
64, 47, 31, 131, 120, 14.4478, 14.4478,2, 2
64, 47, 32, 131, 148, 84.1845, 107.403,13, 10
64, 47, 33, 131, 145, 31.6275, 31.6275,4, 4
64, 47, 34, 131, 109, 17.1435, 17.1435,2, 2
64, 47, 35, 131, 110, 60.1018, 67.9701,7, 6
64, 47, 36, 131, 148, 33.0823, 45.4961,4, 3
64, 47, 37, 131, 149, 36.5394, 51.888,6, 4
64, 47, 38, 131, 150, 47.468, 56.9007,7, 6
64, 47, 39, 131, 147, 90.7785, 110.557,12, 10
64, 47, 40, 131, 127, 11.7974, 11.7974,1, 1
64, 47, 41, 131, 116, 0, 0,0, 0
64, 47, 42, 131, 114, 25.5327, 35.9194,4, 3
64, 47, 43, 131, 126, 35.3259, 42.8311,5, 4
64, 47, 44, 131, 107, 32.2699, 32.2699,4, 4
64, 47, 45, 131, 141, 82.8425, 108.016,13, 10
64, 47, 46, 131, 130, 79.8588, 112.159,10, 7
