60, 1, 2, 105, 136, 89.3406, 89.3406,10, 10
60, 1, 3, 105, 97, 224.813, 245.086,26, 24
60, 1, 4, 105, 205, 19.0806, 37.3656,4, 2
60, 1, 5, 105, 182, 0, 0,0, 0
60, 1, 6, 105, 165, 6.85686, 6.85686,1, 1
60, 1, 7, 105, 137, 0, 0,0, 0
60, 1, 8, 105, 132, 0, 0,0, 0
60, 1, 9, 105, 176, 0, 0,0, 0
60, 1, 10, 105, 178, 6.88684, 6.88684,1, 1
60, 1, 11, 105, 170, 8.11925, 8.11925,1, 1
60, 1, 12, 105, 173, 0, 0,0, 0
60, 1, 13, 105, 171, 0, 0,0, 0
60, 1, 14, 105, 149, 10.156, 16.8986,2, 1
60, 1, 15, 105, 122, 7.26502, 7.26502,1, 1
60, 1, 16, 105, 111, 21.7665, 21.7665,3, 3
60, 1, 17, 105, 120, 37.8581, 45.0379,6, 5
60, 1, 18, 105, 132, 16.4155, 16.4155,2, 2
60, 1, 19, 105, 138, 0, 0,0, 0
60, 1, 20, 105, 160, 0, 0,0, 0
60, 1, 21, 105, 102, 0, 0,0, 0
60, 1, 22, 105, 133, 0, 0,0, 0
60, 1, 23, 105, 151, 15.8666, 15.8666,2, 2
60, 1, 24, 105, 130, 21.7155, 21.7155,3, 3
60, 1, 25, 105, 159, 6.86277, 6.86277,1, 1
60, 1, 26, 105, 184, 0, 0,0, 0
60, 1, 27, 105, 123, 38.8704, 45.7379,6, 5
60, 1, 28, 105, 163, 33.1358, 33.1358,4, 4
60, 1, 29, 105, 187, 0, 0,0, 0
60, 1, 30, 105, 163, 0, 0,0, 0
60, 1, 31, 105, 140, 21.0954, 21.0954,3, 3
60, 1, 32, 105, 169, 39.8746, 39.8746,5, 5
60, 1, 33, 105, 165, 0, 0,0, 0
60, 1, 34, 105, 128, 22.1368, 22.1368,3, 3
60, 1, 35, 105, 132, 6.80158, 6.80158,1, 1
60, 1, 36, 105, 159, 6.74687, 6.74687,1, 1
60, 1, 37, 105, 165, 15.7506, 15.7506,2, 2
60, 1, 38, 105, 178, 6.71125, 6.71125,1, 1
60, 1, 39, 105, 164, 24.6689, 24.6689,3, 3
60, 1, 40, 105, 149, 0, 0,0, 0
60, 1, 41, 105, 134, 0, 0,0, 0
60, 1, 42, 105, 137, 0, 0,0, 0
60, 1, 43, 105, 153, 0, 0,0, 0
60, 1, 44, 105, 127, 7.22946, 7.22946,1, 1
60, 1, 45, 105, 166, 6.88802, 6.88802,1, 1
60, 1, 46, 105, 152, 0, 0,0, 0
60, 1, 47, 105, 156, 0, 0,0, 0
60, 2, 1, 136, 105, 89.3409, 89.3409,10, 10
60, 2, 3, 136, 97, 183.03, 227.51,24, 19
60, 2, 4, 136, 205, 32.0475, 55.0842,5, 3
60, 2, 5, 136, 182, 7.95015, 7.95015,1, 1
60, 2, 6, 136, 165, 9.31352, 16.9761,2, 1
60, 2, 7, 136, 137, 26.3689, 34.2056,4, 3
60, 2, 8, 136, 132, 18.1753, 18.1753,2, 2
60, 2, 9, 136, 176, 0, 0,0, 0
60, 2, 10, 136, 178, 26.0508, 48.148,4, 2
60, 2, 11, 136, 170, 0, 0,0, 0
60, 2, 12, 136, 173, 24.9074, 40.2978,5, 3
60, 2, 13, 136, 171, 27.0344, 27.0344,3, 3
60, 2, 14, 136, 149, 24.0567, 32.2004,3, 2
60, 2, 15, 136, 122, 25.1163, 39.4615,3, 2
60, 2, 16, 136, 111, 33.5578, 52.0249,5, 3
60, 2, 17, 136, 120, 62.6514, 76.6058,5, 4
60, 2, 18, 136, 132, 26.2819, 34.6401,4, 3
60, 2, 19, 136, 138, 30.7563, 30.7563,4, 4
60, 2, 20, 136, 160, 36.4669, 49.476,4, 3
60, 2, 21, 136, 102, 13.6328, 13.6328,2, 2
60, 2, 22, 136, 133, 65.7387, 81.8433,6, 5
60, 2, 23, 136, 151, 27.4402, 37.0421,4, 3
60, 2, 24, 136, 130, 0, 0,0, 0
60, 2, 25, 136, 159, 59.9283, 72.8418,6, 5
60, 2, 26, 136, 184, 0, 0,0, 0
60, 2, 27, 136, 123, 77.4625, 88.2503,10, 9
60, 2, 28, 136, 163, 149.22, 180.341,16, 13
60, 2, 29, 136, 187, 21.9456, 21.9456,3, 3
60, 2, 30, 136, 163, 66.175, 73.1149,8, 7
60, 2, 31, 136, 140, 96.807, 103.861,12, 11
60, 2, 32, 136, 169, 36.5655, 68.8769,6, 3
60, 2, 33, 136, 165, 17.1169, 17.1169,2, 2
60, 2, 34, 136, 128, 49.2938, 60.5617,6, 5
60, 2, 35, 136, 132, 15.302, 25.3623,2, 1
60, 2, 36, 136, 159, 45.4062, 54.4075,6, 5
60, 2, 37, 136, 165, 26.2267, 47.7734,4, 2
60, 2, 38, 136, 178, 38.3976, 63.9077,5, 3
60, 2, 39, 136, 164, 22.2444, 31.3745,3, 2
60, 2, 40, 136, 149, 14.6003, 14.6003,2, 2
60, 2, 41, 136, 134, 31.8915, 31.8915,4, 4
60, 2, 42, 136, 137, 23.6333, 23.6333,3, 3
60, 2, 43, 136, 153, 16.1033, 22.9744,3, 2
60, 2, 44, 136, 127, 26.3305, 33.9966,4, 3
60, 2, 45, 136, 166, 0, 0,0, 0
60, 2, 46, 136, 152, 11.2056, 19.6355,2, 1
60, 2, 47, 136, 156, 23.2133, 40.2779,4, 2
60, 3, 1, 97, 105, 207.605, 245.086,26, 22
60, 3, 2, 97, 136, 197.868, 227.509,24, 21
60, 3, 4, 97, 205, 27.4071, 45.3516,4, 2
60, 3, 5, 97, 182, 0, 0,0, 0
60, 3, 6, 97, 165, 7.66254, 7.66254,1, 1
60, 3, 7, 97, 137, 24.6008, 24.6008,3, 3
60, 3, 8, 97, 132, 0, 0,0, 0
60, 3, 9, 97, 176, 0, 0,0, 0
60, 3, 10, 97, 178, 22.1011, 52.5299,6, 2
60, 3, 11, 97, 170, 0, 0,0, 0
60, 3, 12, 97, 173, 17.7621, 17.7621,2, 2
60, 3, 13, 97, 171, 0, 0,0, 0
60, 3, 14, 97, 149, 9.24492, 17.2621,2, 1
60, 3, 15, 97, 122, 16.9826, 33.3554,3, 1
60, 3, 16, 97, 111, 33.5183, 57.8513,6, 3
60, 3, 17, 97, 120, 32.6147, 48.5981,5, 3
60, 3, 18, 97, 132, 33.4488, 49.3531,5, 3
60, 3, 19, 97, 138, 0, 0,0, 0
60, 3, 20, 97, 160, 12.9761, 21.9829,2, 1
60, 3, 21, 97, 102, 0, 0,0, 0
60, 3, 22, 97, 133, 12.3449, 22.4016,2, 1
60, 3, 23, 97, 151, 14.5426, 30.7096,3, 1
60, 3, 24, 97, 130, 31.3987, 31.3987,2, 2
60, 3, 25, 97, 159, 29.7322, 45.6484,5, 3
60, 3, 26, 97, 184, 0, 0,0, 0
60, 3, 27, 97, 123, 53.3917, 63.0485,7, 6
60, 3, 28, 97, 163, 69.8113, 94.8467,11, 8
60, 3, 29, 97, 187, 0, 0,0, 0
60, 3, 30, 97, 163, 13.566, 13.566,2, 2
60, 3, 31, 97, 140, 44.1177, 44.1177,6, 6
60, 3, 32, 97, 169, 50.1562, 93.3701,8, 3
60, 3, 33, 97, 165, 0, 0,0, 0
60, 3, 34, 97, 128, 54.9535, 85.9901,8, 4
60, 3, 35, 97, 132, 13.1066, 28.2623,3, 1
60, 3, 36, 97, 159, 16.4706, 24.1391,3, 2
60, 3, 37, 97, 165, 34.3296, 51.0256,4, 2
60, 3, 38, 97, 178, 30.258, 56.4946,6, 3
60, 3, 39, 97, 164, 18.2446, 26.2773,3, 2
60, 3, 40, 97, 149, 0, 0,0, 0
60, 3, 41, 97, 134, 0, 0,0, 0
60, 3, 42, 97, 137, 0, 0,0, 0
60, 3, 43, 97, 153, 0, 0,0, 0
60, 3, 44, 97, 127, 8.65548, 8.65548,1, 1
60, 3, 45, 97, 166, 6.74782, 6.74782,1, 1
60, 3, 46, 97, 152, 8.15687, 15.3314,2, 1
60, 3, 47, 97, 156, 16.5846, 25.1267,3, 2
60, 4, 1, 205, 105, 30.4775, 37.3656,4, 3
60, 4, 2, 205, 136, 34.3465, 55.0839,5, 3
60, 4, 3, 205, 97, 24.3167, 45.3514,4, 2
60, 4, 5, 205, 182, 0, 0,0, 0
60, 4, 6, 205, 165, 7.35889, 14.5527,2, 1
60, 4, 7, 205, 137, 7.96712, 15.4709,2, 1
60, 4, 8, 205, 132, 0, 0,0, 0
60, 4, 9, 205, 176, 0, 0,0, 0
60, 4, 10, 205, 178, 16.1475, 23.4577,3, 2
60, 4, 11, 205, 170, 0, 0,0, 0
60, 4, 12, 205, 173, 14.0553, 27.7982,4, 2
60, 4, 13, 205, 171, 0, 0,0, 0
60, 4, 14, 205, 149, 8.31105, 16.5214,2, 1
60, 4, 15, 205, 122, 9.06954, 16.4064,2, 1
60, 4, 16, 205, 111, 10.4452, 18.8912,2, 1
60, 4, 17, 205, 120, 10.8763, 19.7212,2, 1
60, 4, 18, 205, 132, 0, 0,0, 0
60, 4, 19, 205, 138, 6.87814, 6.87814,1, 1
60, 4, 20, 205, 160, 11.6197, 22.8644,2, 1
60, 4, 21, 205, 102, 0, 0,0, 0
60, 4, 22, 205, 133, 12.0902, 21.9587,2, 1
60, 4, 23, 205, 151, 7.88904, 14.6375,2, 1
60, 4, 24, 205, 130, 0, 0,0, 0
60, 4, 25, 205, 159, 9.61182, 17.5108,2, 1
60, 4, 26, 205, 184, 0, 0,0, 0
60, 4, 27, 205, 123, 9.6328, 18.9337,2, 1
60, 4, 28, 205, 163, 26.5974, 42.709,5, 3
60, 4, 29, 205, 187, 6.95602, 6.95602,1, 1
60, 4, 30, 205, 163, 7.09249, 7.09249,1, 1
60, 4, 31, 205, 140, 8.71272, 8.71272,1, 1
60, 4, 32, 205, 169, 31.0852, 49.5133,5, 3
60, 4, 33, 205, 165, 0, 0,0, 0
60, 4, 34, 205, 128, 15.8864, 15.8864,2, 2
60, 4, 35, 205, 132, 8.57093, 15.8409,2, 1
60, 4, 36, 205, 159, 7.95087, 15.8445,2, 1
60, 4, 37, 205, 165, 21.1767, 38.0755,4, 2
60, 4, 38, 205, 178, 17.4677, 32.8799,4, 2
60, 4, 39, 205, 164, 8.62664, 16.4186,2, 1
60, 4, 40, 205, 149, 6.9788, 6.9788,1, 1
60, 4, 41, 205, 134, 6.68091, 6.68091,1, 1
60, 4, 42, 205, 137, 7.75471, 7.75471,1, 1
60, 4, 43, 205, 153, 0, 0,0, 0
60, 4, 44, 205, 127, 7.64849, 14.8518,2, 1
60, 4, 45, 205, 166, 0, 0,0, 0
60, 4, 46, 205, 152, 7.97141, 15.852,2, 1
60, 4, 47, 205, 156, 15.98, 24.5278,3, 2
60, 5, 1, 182, 105, 0, 0,0, 0
60, 5, 2, 182, 136, 7.95012, 7.95012,1, 1
60, 5, 3, 182, 97, 0, 0,0, 0
60, 5, 4, 182, 205, 0, 0,0, 0
60, 5, 6, 182, 165, 114.889, 114.889,13, 13
60, 5, 7, 182, 137, 28.303, 28.303,3, 3
60, 5, 8, 182, 132, 51.1671, 51.1671,6, 6
60, 5, 9, 182, 176, 0, 0,0, 0
60, 5, 10, 182, 178, 0, 0,0, 0
60, 5, 11, 182, 170, 25.7111, 25.7111,3, 3
60, 5, 12, 182, 173, 86.2067, 86.2067,9, 9
60, 5, 13, 182, 171, 47.7255, 47.7255,5, 5
60, 5, 14, 182, 149, 23.1107, 23.1107,3, 3
60, 5, 15, 182, 122, 17.2525, 17.2525,2, 2
60, 5, 16, 182, 111, 0, 0,0, 0
60, 5, 17, 182, 120, 16.4345, 16.4345,2, 2
60, 5, 18, 182, 132, 31.1866, 31.1866,4, 4
60, 5, 19, 182, 138, 7.17141, 7.17141,1, 1
60, 5, 20, 182, 160, 14.818, 14.818,2, 2
60, 5, 21, 182, 102, 43.3498, 43.3498,5, 5
60, 5, 22, 182, 133, 17.4765, 17.4765,2, 2
60, 5, 23, 182, 151, 0, 0,0, 0
60, 5, 24, 182, 130, 9.15715, 9.15715,1, 1
60, 5, 25, 182, 159, 17.461, 17.461,2, 2
60, 5, 26, 182, 184, 39.8173, 39.8173,5, 5
60, 5, 27, 182, 123, 7.61829, 7.61829,1, 1
60, 5, 28, 182, 163, 14.1896, 14.1896,2, 2
60, 5, 29, 182, 187, 15.498, 15.498,1, 1
60, 5, 30, 182, 163, 22.9473, 22.9473,3, 3
60, 5, 31, 182, 140, 0, 0,0, 0
60, 5, 32, 182, 169, 7.28392, 7.28392,1, 1
60, 5, 33, 182, 165, 7.95876, 15.7556,2, 1
60, 5, 34, 182, 128, 9.0553, 9.0553,1, 1
60, 5, 35, 182, 132, 0, 0,0, 0
60, 5, 36, 182, 159, 66.0301, 66.0301,7, 7
60, 5, 37, 182, 165, 7.57892, 7.57892,1, 1
60, 5, 38, 182, 178, 7.42281, 7.42281,1, 1
60, 5, 39, 182, 164, 9.98644, 9.98644,1, 1
60, 5, 40, 182, 149, 15.6931, 23.3085,3, 2
60, 5, 41, 182, 134, 24.0665, 31.2383,4, 3
60, 5, 42, 182, 137, 8.64678, 8.64678,1, 1
60, 5, 43, 182, 153, 16.3505, 16.3505,2, 2
60, 5, 44, 182, 127, 136.708, 136.708,13, 13
60, 5, 45, 182, 166, 8.71679, 8.71679,1, 1
60, 5, 46, 182, 152, 119.118, 119.118,14, 14
60, 5, 47, 182, 156, 7.46231, 7.46231,1, 1
60, 6, 1, 165, 105, 6.85686, 6.85686,1, 1
60, 6, 2, 165, 136, 16.976, 16.976,2, 2
60, 6, 3, 165, 97, 7.66254, 7.66254,1, 1
60, 6, 4, 165, 205, 14.5527, 14.5527,2, 2
60, 6, 5, 165, 182, 114.889, 114.889,13, 13
60, 6, 7, 165, 137, 39.636, 39.636,4, 4
60, 6, 8, 165, 132, 9.27345, 9.27345,1, 1
60, 6, 9, 165, 176, 84.8929, 122.796,15, 10
60, 6, 10, 165, 178, 126.14, 141.857,16, 14
60, 6, 11, 165, 170, 95.9116, 102.712,12, 11
60, 6, 12, 165, 173, 56.6849, 56.6849,6, 6
60, 6, 13, 165, 171, 7.53586, 7.53586,1, 1
60, 6, 14, 165, 149, 44.4707, 44.4707,5, 5
60, 6, 15, 165, 122, 15.238, 15.238,2, 2
60, 6, 16, 165, 111, 29.9438, 29.9438,4, 4
60, 6, 17, 165, 120, 9.70545, 9.70545,1, 1
60, 6, 18, 165, 132, 24.3757, 24.3757,3, 3
60, 6, 19, 165, 138, 0, 0,0, 0
60, 6, 20, 165, 160, 28.212, 28.212,3, 3
60, 6, 21, 165, 102, 23.4031, 23.4031,3, 3
60, 6, 22, 165, 133, 10.419, 10.419,1, 1
60, 6, 23, 165, 151, 26.0812, 26.0812,3, 3
60, 6, 24, 165, 130, 43.6462, 43.6462,6, 6
60, 6, 25, 165, 159, 25.6546, 25.6546,3, 3
60, 6, 26, 165, 184, 8.66115, 8.66115,1, 1
60, 6, 27, 165, 123, 17.6908, 17.6908,2, 2
60, 6, 28, 165, 163, 45.4762, 45.4762,5, 5
60, 6, 29, 165, 187, 21.4549, 21.4549,3, 3
60, 6, 30, 165, 163, 0, 0,0, 0
60, 6, 31, 165, 140, 9.72661, 9.72661,1, 1
60, 6, 32, 165, 169, 93.7962, 100.657,13, 12
60, 6, 33, 165, 165, 101.559, 115.515,15, 13
60, 6, 34, 165, 128, 17.0029, 17.0029,2, 2
60, 6, 35, 165, 132, 62.4132, 106.59,12, 6
60, 6, 36, 165, 159, 46.8859, 46.8859,4, 4
60, 6, 37, 165, 165, 65.2139, 71.975,9, 8
60, 6, 38, 165, 178, 154.026, 194.122,22, 17
60, 6, 39, 165, 164, 215.796, 286.72,29, 20
60, 6, 40, 165, 149, 7.94597, 7.94597,1, 1
60, 6, 41, 165, 134, 29.4859, 29.4859,4, 4
60, 6, 42, 165, 137, 23.1407, 23.1407,3, 3
60, 6, 43, 165, 153, 64.4659, 86.2093,11, 8
60, 6, 44, 165, 127, 112.252, 112.252,12, 12
60, 6, 45, 165, 166, 304.838, 409.473,43, 31
60, 6, 46, 165, 152, 219.858, 231.378,25, 24
60, 6, 47, 165, 156, 141.549, 185.652,21, 15
60, 7, 1, 137, 105, 0, 0,0, 0
60, 7, 2, 137, 136, 34.2056, 34.2056,4, 4
60, 7, 3, 137, 97, 24.6008, 24.6008,3, 3
60, 7, 4, 137, 205, 15.471, 15.471,2, 2
60, 7, 5, 137, 182, 28.3031, 28.3031,3, 3
60, 7, 6, 137, 165, 32.0667, 39.6361,4, 3
60, 7, 8, 137, 132, 85.0034, 85.0034,10, 10
60, 7, 9, 137, 176, 0, 0,0, 0
60, 7, 10, 137, 178, 8.10879, 8.10879,1, 1
60, 7, 11, 137, 170, 59.8458, 79.4797,8, 6
60, 7, 12, 137, 173, 103.719, 112.507,10, 9
60, 7, 13, 137, 171, 13.9972, 13.9972,2, 2
60, 7, 14, 137, 149, 381.579, 405.459,42, 39
60, 7, 15, 137, 122, 297.174, 329.671,34, 30
60, 7, 16, 137, 111, 16.155, 16.155,2, 2
60, 7, 17, 137, 120, 35.4946, 43.1348,5, 4
60, 7, 18, 137, 132, 61.0605, 69.2062,8, 7
60, 7, 19, 137, 138, 14.4192, 14.4192,2, 2
60, 7, 20, 137, 160, 332.32, 353.948,35, 32
60, 7, 21, 137, 102, 24.5009, 24.5009,3, 3
60, 7, 22, 137, 133, 62.9705, 70.0738,8, 7
60, 7, 23, 137, 151, 31.386, 38.7256,5, 4
60, 7, 24, 137, 130, 0, 0,0, 0
60, 7, 25, 137, 159, 392.866, 441.291,47, 41
60, 7, 26, 137, 184, 16.8293, 16.8293,2, 2
60, 7, 27, 137, 123, 15.3538, 15.3538,1, 1
60, 7, 28, 137, 163, 54.3245, 62.7202,7, 6
60, 7, 29, 137, 187, 7.09518, 7.09518,1, 1
60, 7, 30, 137, 163, 14.4378, 14.4378,1, 1
60, 7, 31, 137, 140, 28.1695, 43.1271,5, 3
60, 7, 32, 137, 169, 225.161, 244.818,28, 26
60, 7, 33, 137, 165, 13.9081, 13.9081,2, 2
60, 7, 34, 137, 128, 83.7945, 91.0218,10, 9
60, 7, 35, 137, 132, 51.8973, 51.8973,6, 6
60, 7, 36, 137, 159, 50.7062, 57.5664,6, 5
60, 7, 37, 137, 165, 241.273, 266.896,28, 25
60, 7, 38, 137, 178, 20.3531, 20.3531,2, 2
60, 7, 39, 137, 164, 7.97783, 7.97783,1, 1
60, 7, 40, 137, 149, 7.57929, 7.57929,1, 1
60, 7, 41, 137, 134, 8.18418, 8.18418,1, 1
60, 7, 42, 137, 137, 28.3451, 28.3451,3, 3
60, 7, 43, 137, 153, 35.0745, 47.6487,5, 4
60, 7, 44, 137, 127, 24.2244, 24.2244,2, 2
60, 7, 45, 137, 166, 0, 0,0, 0
60, 7, 46, 137, 152, 53.2014, 61.0115,7, 6
60, 7, 47, 137, 156, 16.9581, 16.9581,2, 2
60, 8, 1, 132, 105, 0, 0,0, 0
60, 8, 2, 132, 136, 18.1752, 18.1752,2, 2
60, 8, 3, 132, 97, 0, 0,0, 0
60, 8, 4, 132, 205, 0, 0,0, 0
60, 8, 5, 132, 182, 51.1671, 51.1671,6, 6
60, 8, 6, 132, 165, 9.27347, 9.27347,1, 1
60, 8, 7, 132, 137, 70.091, 85.0033,10, 8
60, 8, 9, 132, 176, 0, 0,0, 0
60, 8, 10, 132, 178, 0, 0,0, 0
60, 8, 11, 132, 170, 24.704, 24.704,3, 3
60, 8, 12, 132, 173, 49.9862, 49.9862,5, 5
60, 8, 13, 132, 171, 66.4303, 66.4303,7, 7
60, 8, 14, 132, 149, 93.101, 99.9169,12, 11
60, 8, 15, 132, 122, 168.123, 177.203,18, 17
60, 8, 16, 132, 111, 8.31497, 16.0659,2, 1
60, 8, 17, 132, 120, 43.7956, 43.7956,5, 5
60, 8, 18, 132, 132, 78.4119, 92.7811,10, 8
60, 8, 19, 132, 138, 146.904, 146.904,16, 16
60, 8, 20, 132, 160, 177.349, 199.549,22, 19
60, 8, 21, 132, 102, 137.289, 137.289,16, 16
60, 8, 22, 132, 133, 29.6267, 29.6267,3, 3
60, 8, 23, 132, 151, 18.2439, 18.2439,2, 2
60, 8, 24, 132, 130, 0, 0,0, 0
60, 8, 25, 132, 159, 116.298, 123.429,14, 13
60, 8, 26, 132, 184, 54.7366, 61.5759,8, 7
60, 8, 27, 132, 123, 0, 0,0, 0
60, 8, 28, 132, 163, 37.2063, 37.2063,3, 3
60, 8, 29, 132, 187, 26.2549, 26.2549,3, 3
60, 8, 30, 132, 163, 46.1147, 46.1147,5, 5
60, 8, 31, 132, 140, 9.63101, 9.63101,1, 1
60, 8, 32, 132, 169, 37.5037, 37.5037,5, 5
60, 8, 33, 132, 165, 24.458, 24.458,3, 3
60, 8, 34, 132, 128, 54.1226, 54.1226,6, 6
60, 8, 35, 132, 132, 18.2394, 18.2394,2, 2
60, 8, 36, 132, 159, 58.2105, 58.2105,6, 6
60, 8, 37, 132, 165, 34.1284, 34.1284,4, 4
60, 8, 38, 132, 178, 0, 0,0, 0
60, 8, 39, 132, 164, 13.9284, 13.9284,2, 2
60, 8, 40, 132, 149, 33.8951, 33.8951,4, 4
60, 8, 41, 132, 134, 28.2489, 28.2489,3, 3
60, 8, 42, 132, 137, 58.0255, 58.0255,7, 7
60, 8, 43, 132, 153, 14.7829, 14.7829,2, 2
60, 8, 44, 132, 127, 23.6901, 23.6901,2, 2
60, 8, 45, 132, 166, 0, 0,0, 0
60, 8, 46, 132, 152, 6.71073, 6.71073,1, 1
60, 8, 47, 132, 156, 15.3607, 15.3607,2, 2
60, 9, 1, 176, 105, 0, 0,0, 0
60, 9, 2, 176, 136, 0, 0,0, 0
60, 9, 3, 176, 97, 0, 0,0, 0
60, 9, 4, 176, 205, 0, 0,0, 0
60, 9, 5, 176, 182, 0, 0,0, 0
60, 9, 6, 176, 165, 86.595, 122.796,15, 10
60, 9, 7, 176, 137, 0, 0,0, 0
60, 9, 8, 176, 132, 0, 0,0, 0
60, 9, 10, 176, 178, 540.174, 874.619,91, 48
60, 9, 11, 176, 170, 184.383, 311.006,32, 15
60, 9, 12, 176, 173, 76.912, 119.114,13, 8
60, 9, 13, 176, 171, 0, 0,0, 0
60, 9, 14, 176, 149, 0, 0,0, 0
60, 9, 15, 176, 122, 0, 0,0, 0
60, 9, 16, 176, 111, 14.7792, 14.7792,2, 2
60, 9, 17, 176, 120, 0, 0,0, 0
60, 9, 18, 176, 132, 0, 0,0, 0
60, 9, 19, 176, 138, 0, 0,0, 0
60, 9, 20, 176, 160, 0, 0,0, 0
60, 9, 21, 176, 102, 0, 0,0, 0
60, 9, 22, 176, 133, 0, 0,0, 0
60, 9, 23, 176, 151, 29.7649, 29.7649,4, 4
60, 9, 24, 176, 130, 30.5023, 38.458,5, 4
60, 9, 25, 176, 159, 0, 0,0, 0
60, 9, 26, 176, 184, 0, 0,0, 0
60, 9, 27, 176, 123, 8.24013, 8.24013,1, 1
60, 9, 28, 176, 163, 0, 0,0, 0
60, 9, 29, 176, 187, 14.9258, 14.9258,2, 2
60, 9, 30, 176, 163, 0, 0,0, 0
60, 9, 31, 176, 140, 7.11205, 7.11205,1, 1
60, 9, 32, 176, 169, 8.72329, 8.72329,1, 1
60, 9, 33, 176, 165, 189.923, 404.319,45, 19
60, 9, 34, 176, 128, 0, 0,0, 0
60, 9, 35, 176, 132, 79.6167, 122.402,16, 10
60, 9, 36, 176, 159, 7.11306, 7.11306,1, 1
60, 9, 37, 176, 165, 19.0564, 19.0564,2, 2
60, 9, 38, 176, 178, 293.675, 581.035,71, 33
60, 9, 39, 176, 164, 298.641, 585.671,64, 27
60, 9, 40, 176, 149, 0, 0,0, 0
60, 9, 41, 176, 134, 0, 0,0, 0
60, 9, 42, 176, 137, 14.9343, 21.8654,3, 2
60, 9, 43, 176, 153, 232.294, 440.403,51, 25
60, 9, 44, 176, 127, 0, 0,0, 0
60, 9, 45, 176, 166, 266.563, 427.625,51, 29
60, 9, 46, 176, 152, 8.08199, 8.08199,1, 1
60, 9, 47, 176, 156, 30.8475, 53.503,7, 4
60, 10, 1, 178, 105, 6.88681, 6.88681,1, 1
60, 10, 2, 178, 136, 26.6966, 48.1479,4, 2
60, 10, 3, 178, 97, 27.1236, 52.5297,6, 3
60, 10, 4, 178, 205, 16.3835, 23.4578,3, 2
60, 10, 5, 178, 182, 0, 0,0, 0
60, 10, 6, 178, 165, 86.6116, 141.858,16, 9
60, 10, 7, 178, 137, 8.10886, 8.10886,1, 1
60, 10, 8, 178, 132, 0, 0,0, 0
60, 10, 9, 178, 176, 559.248, 874.618,91, 51
60, 10, 11, 178, 170, 367.414, 492.41,53, 38
60, 10, 12, 178, 173, 182.196, 196.585,21, 19
60, 10, 13, 178, 171, 22.0555, 22.0555,3, 3
60, 10, 14, 178, 149, 10.4982, 18.3863,2, 1
60, 10, 15, 178, 122, 16.9969, 31.7656,2, 1
60, 10, 16, 178, 111, 31.984, 44.8766,4, 3
60, 10, 17, 178, 120, 16.8293, 30.346,2, 1
60, 10, 18, 178, 132, 9.44624, 18.8803,2, 1
60, 10, 19, 178, 138, 0, 0,0, 0
60, 10, 20, 178, 160, 10.2697, 20.2204,2, 1
60, 10, 21, 178, 102, 0, 0,0, 0
60, 10, 22, 178, 133, 15.6419, 29.8592,2, 1
60, 10, 23, 178, 151, 32.241, 46.7753,4, 3
60, 10, 24, 178, 130, 37.5149, 44.4849,6, 5
60, 10, 25, 178, 159, 21.2978, 34.0957,2, 1
60, 10, 26, 178, 184, 0, 0,0, 0
60, 10, 27, 178, 123, 12.4469, 21.0045,2, 1
60, 10, 28, 178, 163, 42.2456, 70.7188,5, 3
60, 10, 29, 178, 187, 0, 0,0, 0
60, 10, 30, 178, 163, 6.82832, 6.82832,1, 1
60, 10, 31, 178, 140, 0, 0,0, 0
60, 10, 32, 178, 169, 46.5781, 67.4711,5, 3
60, 10, 33, 178, 165, 149.775, 294.687,36, 17
60, 10, 34, 178, 128, 30.0343, 51.1216,5, 3
60, 10, 35, 178, 132, 89.1573, 111.773,12, 10
60, 10, 36, 178, 159, 65.3602, 73.0281,7, 6
60, 10, 37, 178, 165, 39.7866, 57.6368,5, 3
60, 10, 38, 178, 178, 257.335, 576.219,63, 25
60, 10, 39, 178, 164, 393.985, 628.981,69, 40
60, 10, 40, 178, 149, 0, 0,0, 0
60, 10, 41, 178, 134, 0, 0,0, 0
60, 10, 42, 178, 137, 13.8442, 13.8442,2, 2
60, 10, 43, 178, 153, 196.116, 365.904,42, 21
60, 10, 44, 178, 127, 8.15131, 8.15131,1, 1
60, 10, 45, 178, 166, 152.143, 281.652,29, 14
60, 10, 46, 178, 152, 10.6241, 18.8268,2, 1
60, 10, 47, 178, 156, 61.7374, 109.821,13, 7
60, 11, 1, 170, 105, 8.11928, 8.11928,1, 1
60, 11, 2, 170, 136, 0, 0,0, 0
60, 11, 3, 170, 97, 0, 0,0, 0
60, 11, 4, 170, 205, 0, 0,0, 0
60, 11, 5, 170, 182, 25.7111, 25.7111,3, 3
60, 11, 6, 170, 165, 84.9859, 102.711,12, 10
60, 11, 7, 170, 137, 60.4965, 79.4792,8, 6
60, 11, 8, 170, 132, 24.704, 24.704,3, 3
60, 11, 9, 170, 176, 266.17, 311.004,32, 26
60, 11, 10, 170, 178, 403.449, 492.411,53, 42
60, 11, 12, 170, 173, 346.486, 403.471,39, 33
60, 11, 13, 170, 171, 118.709, 136.216,17, 15
60, 11, 14, 170, 149, 6.67378, 6.67378,1, 1
60, 11, 15, 170, 122, 52.858, 60.0148,6, 5
60, 11, 16, 170, 111, 25.1671, 25.1671,3, 3
60, 11, 17, 170, 120, 23.6127, 30.5999,4, 3
60, 11, 18, 170, 132, 38.7864, 47.7627,5, 4
60, 11, 19, 170, 138, 6.73515, 6.73515,1, 1
60, 11, 20, 170, 160, 17.7366, 17.7366,2, 2
60, 11, 21, 170, 102, 23.7335, 23.7335,3, 3
60, 11, 22, 170, 133, 0, 0,0, 0
60, 11, 23, 170, 151, 0, 0,0, 0
60, 11, 24, 170, 130, 0, 0,0, 0
60, 11, 25, 170, 159, 11.4223, 19.5874,2, 1
60, 11, 26, 170, 184, 7.22817, 7.22817,1, 1
60, 11, 27, 170, 123, 23.1813, 23.1813,3, 3
60, 11, 28, 170, 163, 52.7958, 61.2753,7, 6
60, 11, 29, 170, 187, 36.3592, 45.0909,5, 4
60, 11, 30, 170, 163, 11.3445, 11.3445,1, 1
60, 11, 31, 170, 140, 30.6158, 38.6142,4, 3
60, 11, 32, 170, 169, 0, 0,0, 0
60, 11, 33, 170, 165, 177.428, 228.505,27, 21
60, 11, 34, 170, 128, 130.113, 138.451,15, 14
60, 11, 35, 170, 132, 69.6947, 76.8614,8, 7
60, 11, 36, 170, 159, 128.195, 147.178,16, 14
60, 11, 37, 170, 165, 0, 0,0, 0
60, 11, 38, 170, 178, 195.773, 245.474,28, 22
60, 11, 39, 170, 164, 195.159, 213.036,25, 23
60, 11, 40, 170, 149, 14.8119, 14.8119,2, 2
60, 11, 41, 170, 134, 50.7017, 50.7017,6, 6
60, 11, 42, 170, 137, 67.701, 74.9846,8, 7
60, 11, 43, 170, 153, 214.871, 245.24,28, 24
60, 11, 44, 170, 127, 21.0769, 21.0769,3, 3
60, 11, 45, 170, 166, 108.906, 129.909,17, 14
60, 11, 46, 170, 152, 27.4304, 35.5661,4, 3
60, 11, 47, 170, 156, 36.1262, 36.1262,5, 5
60, 12, 1, 173, 105, 0, 0,0, 0
60, 12, 2, 173, 136, 23.92, 40.2979,5, 3
60, 12, 3, 173, 97, 9.36151, 17.7621,2, 1
60, 12, 4, 173, 205, 14.3746, 27.7982,4, 2
60, 12, 5, 173, 182, 57.1141, 86.2071,9, 6
60, 12, 6, 173, 165, 35.4228, 56.6848,6, 4
60, 12, 7, 173, 137, 77.9625, 112.506,10, 7
60, 12, 8, 173, 132, 36.1832, 49.987,5, 4
60, 12, 9, 173, 176, 93.8107, 119.114,13, 10
60, 12, 10, 173, 178, 178.359, 196.587,21, 19
60, 12, 11, 173, 170, 337.63, 403.469,39, 32
60, 12, 13, 173, 171, 221.223, 254.469,29, 25
60, 12, 14, 173, 149, 17.5851, 27.6334,3, 2
60, 12, 15, 173, 122, 69.8762, 92.9507,8, 6
60, 12, 16, 173, 111, 23.2781, 39.6392,5, 3
60, 12, 17, 173, 120, 41.0967, 50.0957,6, 5
60, 12, 18, 173, 132, 44.7551, 54.5224,6, 5
60, 12, 19, 173, 138, 18.9028, 28.0367,3, 2
60, 12, 20, 173, 160, 91.6498, 111.911,12, 10
60, 12, 21, 173, 102, 33.9771, 33.9771,4, 4
60, 12, 22, 173, 133, 40.33, 49.6908,5, 4
60, 12, 23, 173, 151, 16.6331, 23.9141,3, 2
60, 12, 24, 173, 130, 0, 0,0, 0
60, 12, 25, 173, 159, 51.3932, 65.5353,8, 6
60, 12, 26, 173, 184, 16.5535, 24.7323,3, 2
60, 12, 27, 173, 123, 43.5195, 58.5597,5, 4
60, 12, 28, 173, 163, 40.2151, 67.3209,7, 4
60, 12, 29, 173, 187, 45.3103, 45.3103,6, 6
60, 12, 30, 173, 163, 14.7012, 14.7012,2, 2
60, 12, 31, 173, 140, 16.7916, 16.7916,2, 2
60, 12, 32, 173, 169, 11.3589, 21.349,2, 1
60, 12, 33, 173, 165, 60.5326, 71.806,7, 6
60, 12, 34, 173, 128, 139.934, 162.152,20, 17
60, 12, 35, 173, 132, 15.7261, 23.1713,3, 2
60, 12, 36, 173, 159, 223.842, 284.178,26, 21
60, 12, 37, 173, 165, 18.343, 28.6189,3, 2
60, 12, 38, 173, 178, 23.5247, 46.5091,4, 2
60, 12, 39, 173, 164, 33.3828, 42.7609,5, 4
60, 12, 40, 173, 149, 34.6248, 44.081,5, 4
60, 12, 41, 173, 134, 58.4696, 70.1463,7, 6
60, 12, 42, 173, 137, 116.038, 132.033,16, 14
60, 12, 43, 173, 153, 31.9674, 31.9674,4, 4
60, 12, 44, 173, 127, 46.9099, 66.5035,5, 4
60, 12, 45, 173, 166, 0, 0,0, 0
60, 12, 46, 173, 152, 47.2212, 77.0779,8, 5
60, 12, 47, 173, 156, 20.1415, 39.7466,4, 2
60, 13, 1, 171, 105, 0, 0,0, 0
60, 13, 2, 171, 136, 27.034, 27.034,3, 3
60, 13, 3, 171, 97, 0, 0,0, 0
60, 13, 4, 171, 205, 0, 0,0, 0
60, 13, 5, 171, 182, 47.7255, 47.7255,5, 5
60, 13, 6, 171, 165, 7.53586, 7.53586,1, 1
60, 13, 7, 171, 137, 13.9972, 13.9972,2, 2
60, 13, 8, 171, 132, 66.4309, 66.4309,7, 7
60, 13, 9, 171, 176, 0, 0,0, 0
60, 13, 10, 171, 178, 22.0556, 22.0556,3, 3
60, 13, 11, 171, 170, 129.284, 136.216,17, 16
60, 13, 12, 171, 173, 246.601, 254.469,29, 28
60, 13, 14, 171, 149, 9.82427, 9.82427,1, 1
60, 13, 15, 171, 122, 15.145, 15.145,2, 2
60, 13, 16, 171, 111, 0, 0,0, 0
60, 13, 17, 171, 120, 25.4981, 25.4981,3, 3
60, 13, 18, 171, 132, 41.4289, 41.4289,5, 5
60, 13, 19, 171, 138, 51.9629, 66.6519,8, 6
60, 13, 20, 171, 160, 14.9379, 14.9379,2, 2
60, 13, 21, 171, 102, 47.434, 54.3006,6, 5
60, 13, 22, 171, 133, 9.33849, 9.33849,1, 1
60, 13, 23, 171, 151, 0, 0,0, 0
60, 13, 24, 171, 130, 0, 0,0, 0
60, 13, 25, 171, 159, 34.8506, 34.8506,4, 4
60, 13, 26, 171, 184, 0, 0,0, 0
60, 13, 27, 171, 123, 7.90514, 7.90514,1, 1
60, 13, 28, 171, 163, 20.9855, 20.9855,2, 2
60, 13, 29, 171, 187, 47.4877, 47.4877,5, 5
60, 13, 30, 171, 163, 37.7271, 37.7271,4, 4
60, 13, 31, 171, 140, 10.8704, 10.8704,1, 1
60, 13, 32, 171, 169, 0, 0,0, 0
60, 13, 33, 171, 165, 26.0112, 26.0112,3, 3
60, 13, 34, 171, 128, 60.3441, 60.3441,7, 7
60, 13, 35, 171, 132, 0, 0,0, 0
60, 13, 36, 171, 159, 76.6553, 76.6553,7, 7
60, 13, 37, 171, 165, 0, 0,0, 0
60, 13, 38, 171, 178, 0, 0,0, 0
60, 13, 39, 171, 164, 0, 0,0, 0
60, 13, 40, 171, 149, 67.6081, 67.6081,8, 8
60, 13, 41, 171, 134, 17.4893, 17.4893,2, 2
60, 13, 42, 171, 137, 70.9958, 70.9958,9, 9
60, 13, 43, 171, 153, 21.5179, 21.5179,3, 3
60, 13, 44, 171, 127, 52.4946, 52.4946,3, 3
60, 13, 45, 171, 166, 0, 0,0, 0
60, 13, 46, 171, 152, 8.12427, 8.12427,1, 1
60, 13, 47, 171, 156, 0, 0,0, 0
60, 14, 1, 149, 105, 16.8986, 16.8986,2, 2
60, 14, 2, 149, 136, 32.2008, 32.2008,3, 3
60, 14, 3, 149, 97, 17.2621, 17.2621,2, 2
60, 14, 4, 149, 205, 16.5214, 16.5214,2, 2
60, 14, 5, 149, 182, 23.1105, 23.1105,3, 3
60, 14, 6, 149, 165, 29.9939, 44.4707,5, 3
60, 14, 7, 149, 137, 377.302, 405.459,42, 39
60, 14, 8, 149, 132, 99.9171, 99.9171,12, 12
60, 14, 9, 149, 176, 0, 0,0, 0
60, 14, 10, 149, 178, 18.3864, 18.3864,2, 2
60, 14, 11, 149, 170, 6.67382, 6.67382,1, 1
60, 14, 12, 149, 173, 27.6334, 27.6334,3, 3
60, 14, 13, 149, 171, 9.82415, 9.82415,1, 1
60, 14, 15, 149, 122, 291.925, 314.532,33, 30
60, 14, 16, 149, 111, 66.8483, 73.5573,9, 8
60, 14, 17, 149, 120, 112.534, 120.288,12, 11
60, 14, 18, 149, 132, 29.1367, 29.1367,4, 4
60, 14, 19, 149, 138, 0, 0,0, 0
60, 14, 20, 149, 160, 244.294, 282.81,32, 27
60, 14, 21, 149, 102, 17.2268, 17.2268,2, 2
60, 14, 22, 149, 133, 76.4763, 114.564,14, 9
60, 14, 23, 149, 151, 118.706, 140.807,16, 13
60, 14, 24, 149, 130, 80.7248, 95.7385,11, 9
60, 14, 25, 149, 159, 353.502, 384.96,38, 34
60, 14, 26, 149, 184, 17.394, 17.394,2, 2
60, 14, 27, 149, 123, 14.8152, 14.8152,1, 1
60, 14, 28, 149, 163, 38.9921, 38.9921,3, 3
60, 14, 29, 149, 187, 9.05044, 15.8258,2, 1
60, 14, 30, 149, 163, 17.2346, 17.2346,2, 2
60, 14, 31, 149, 140, 7.03116, 7.03116,1, 1
60, 14, 32, 149, 169, 458.537, 602.15,56, 41
60, 14, 33, 149, 165, 0, 0,0, 0
60, 14, 34, 149, 128, 29.4702, 29.4702,4, 4
60, 14, 35, 149, 132, 39.229, 39.229,4, 4
60, 14, 36, 149, 159, 31.1585, 31.1585,3, 3
60, 14, 37, 149, 165, 348.542, 432.659,46, 36
60, 14, 38, 149, 178, 20.3741, 20.3741,2, 2
60, 14, 39, 149, 164, 33.1252, 46.8811,5, 3
60, 14, 40, 149, 149, 0, 0,0, 0
60, 14, 41, 149, 134, 0, 0,0, 0
60, 14, 42, 149, 137, 7.68105, 7.68105,1, 1
60, 14, 43, 149, 153, 0, 0,0, 0
60, 14, 44, 149, 127, 26.4165, 26.4165,3, 3
60, 14, 45, 149, 166, 38.2235, 45.0224,6, 5
60, 14, 46, 149, 152, 39.2583, 39.2583,4, 4
60, 14, 47, 149, 156, 70.155, 84.7603,9, 7
60, 15, 1, 122, 105, 7.26506, 7.26506,1, 1
60, 15, 2, 122, 136, 39.4611, 39.4611,3, 3
60, 15, 3, 122, 97, 33.3561, 33.3561,3, 3
60, 15, 4, 122, 205, 16.4064, 16.4064,2, 2
60, 15, 5, 122, 182, 17.2525, 17.2525,2, 2
60, 15, 6, 122, 165, 15.2379, 15.2379,2, 2
60, 15, 7, 122, 137, 322.218, 329.673,34, 33
60, 15, 8, 122, 132, 177.203, 177.203,18, 18
60, 15, 9, 122, 176, 0, 0,0, 0
60, 15, 10, 122, 178, 31.7653, 31.7653,2, 2
60, 15, 11, 122, 170, 60.0149, 60.0149,6, 6
60, 15, 12, 122, 173, 92.9488, 92.9488,8, 8
60, 15, 13, 122, 171, 15.145, 15.145,2, 2
60, 15, 14, 122, 149, 307.431, 314.532,33, 32
60, 15, 16, 122, 111, 49.9078, 49.9078,5, 5
60, 15, 17, 122, 120, 54.1144, 54.1144,5, 5
60, 15, 18, 122, 132, 95.4237, 95.4237,11, 11
60, 15, 19, 122, 138, 59.2318, 59.2318,7, 7
60, 15, 20, 122, 160, 422.875, 437.807,45, 43
60, 15, 21, 122, 102, 94.6537, 101.548,11, 10
60, 15, 22, 122, 133, 108.494, 108.494,11, 11
60, 15, 23, 122, 151, 34.8476, 34.8476,3, 3
60, 15, 24, 122, 130, 14.2293, 14.2293,2, 2
60, 15, 25, 122, 159, 329.613, 329.613,30, 30
60, 15, 26, 122, 184, 20.7531, 20.7531,3, 3
60, 15, 27, 122, 123, 10.2945, 10.2945,1, 1
60, 15, 28, 122, 163, 58.0604, 58.0604,5, 5
60, 15, 29, 122, 187, 6.81473, 6.81473,1, 1
60, 15, 30, 122, 163, 19.808, 19.808,1, 1
60, 15, 31, 122, 140, 22.8791, 22.8791,3, 3
60, 15, 32, 122, 169, 235.417, 235.417,25, 25
60, 15, 33, 122, 165, 46.3183, 46.3183,5, 5
60, 15, 34, 122, 128, 161.365, 161.365,16, 16
60, 15, 35, 122, 132, 35.3733, 35.3733,3, 3
60, 15, 36, 122, 159, 70.4062, 70.4062,8, 8
60, 15, 37, 122, 165, 120.595, 120.595,12, 12
60, 15, 38, 122, 178, 30.2409, 30.2409,2, 2
60, 15, 39, 122, 164, 12.0112, 12.0112,1, 1
60, 15, 40, 122, 149, 17.6219, 17.6219,2, 2
60, 15, 41, 122, 134, 35.3824, 35.3824,4, 4
60, 15, 42, 122, 137, 43.909, 43.909,5, 5
60, 15, 43, 122, 153, 6.81428, 6.81428,1, 1
60, 15, 44, 122, 127, 16.0965, 16.0965,2, 2
60, 15, 45, 122, 166, 0, 0,0, 0
60, 15, 46, 122, 152, 34.9847, 34.9847,4, 4
60, 15, 47, 122, 156, 27.7751, 27.7751,3, 3
60, 16, 1, 111, 105, 21.7665, 21.7665,3, 3
60, 16, 2, 111, 136, 37.3227, 52.0252,5, 3
60, 16, 3, 111, 97, 42.0675, 57.8518,6, 4
60, 16, 4, 111, 205, 18.8915, 18.8915,2, 2
60, 16, 5, 111, 182, 0, 0,0, 0
60, 16, 6, 111, 165, 22.9368, 29.9438,4, 3
60, 16, 7, 111, 137, 8.66603, 16.1551,2, 1
60, 16, 8, 111, 132, 16.0659, 16.0659,2, 2
60, 16, 9, 111, 176, 14.7793, 14.7793,2, 2
60, 16, 10, 111, 178, 34.6204, 44.8773,4, 3
60, 16, 11, 111, 170, 25.167, 25.167,3, 3
60, 16, 12, 111, 173, 24.1905, 39.6393,5, 3
60, 16, 13, 111, 171, 0, 0,0, 0
60, 16, 14, 111, 149, 57.1597, 73.5573,9, 7
60, 16, 15, 111, 122, 34.5043, 49.9081,5, 3
60, 16, 17, 111, 120, 177.065, 198.9,20, 17
60, 16, 18, 111, 132, 62.4198, 69.5289,8, 7
60, 16, 19, 111, 138, 7.63942, 7.63942,1, 1
60, 16, 20, 111, 160, 11.9592, 19.573,2, 1
60, 16, 21, 111, 102, 0, 0,0, 0
60, 16, 22, 111, 133, 37.8497, 55.5291,5, 3
60, 16, 23, 111, 151, 39.4853, 48.2215,4, 3
60, 16, 24, 111, 130, 31.0312, 31.0312,4, 4
60, 16, 25, 111, 159, 25.943, 32.9328,3, 2
60, 16, 26, 111, 184, 6.94303, 6.94303,1, 1
60, 16, 27, 111, 123, 20.4785, 30.9093,3, 2
60, 16, 28, 111, 163, 36.7041, 52.8687,4, 2
60, 16, 29, 111, 187, 0, 0,0, 0
60, 16, 30, 111, 163, 0, 0,0, 0
60, 16, 31, 111, 140, 7.27163, 7.27163,1, 1
60, 16, 32, 111, 169, 95.5216, 137.298,13, 8
60, 16, 33, 111, 165, 0, 0,0, 0
60, 16, 34, 111, 128, 27.1648, 34.6928,4, 3
60, 16, 35, 111, 132, 44.0181, 61.2935,5, 3
60, 16, 36, 111, 159, 32.0158, 41.2731,4, 3
60, 16, 37, 111, 165, 81.0397, 109.12,12, 8
60, 16, 38, 111, 178, 25.0269, 44.1975,4, 2
60, 16, 39, 111, 164, 81.2524, 103.319,13, 10
60, 16, 40, 111, 149, 0, 0,0, 0
60, 16, 41, 111, 134, 0, 0,0, 0
60, 16, 42, 111, 137, 0, 0,0, 0
60, 16, 43, 111, 153, 0, 0,0, 0
60, 16, 44, 111, 127, 7.21871, 14.2462,2, 1
60, 16, 45, 111, 166, 21.1659, 28.5837,4, 3
60, 16, 46, 111, 152, 25.5158, 32.8721,4, 3
60, 16, 47, 111, 156, 45.2112, 75.8877,9, 5
60, 17, 1, 120, 105, 30.6561, 45.0383,6, 4
60, 17, 2, 120, 136, 76.6058, 76.6058,5, 5
60, 17, 3, 120, 97, 48.5981, 48.5981,5, 5
60, 17, 4, 120, 205, 19.7212, 19.7212,2, 2
60, 17, 5, 120, 182, 16.4345, 16.4345,2, 2
60, 17, 6, 120, 165, 9.70556, 9.70556,1, 1
60, 17, 7, 120, 137, 43.1347, 43.1347,5, 5
60, 17, 8, 120, 132, 43.7956, 43.7956,5, 5
60, 17, 9, 120, 176, 0, 0,0, 0
60, 17, 10, 120, 178, 30.3462, 30.3462,2, 2
60, 17, 11, 120, 170, 30.5998, 30.5998,4, 4
60, 17, 12, 120, 173, 50.0959, 50.0959,6, 6
60, 17, 13, 120, 171, 25.4981, 25.4981,3, 3
60, 17, 14, 120, 149, 110.273, 120.286,12, 11
60, 17, 15, 120, 122, 54.1148, 54.1148,5, 5
60, 17, 16, 120, 111, 191.282, 198.899,20, 19
60, 17, 18, 120, 132, 175.463, 189.037,20, 19
60, 17, 19, 120, 138, 80.8654, 80.8654,9, 9
60, 17, 20, 120, 160, 70.5221, 70.5221,8, 8
60, 17, 21, 120, 102, 6.68621, 6.68621,1, 1
60, 17, 22, 120, 133, 81.7652, 112.058,10, 6
60, 17, 23, 120, 151, 39.8138, 47.3836,4, 3
60, 17, 24, 120, 130, 18.5004, 25.7585,3, 2
60, 17, 25, 120, 159, 105.978, 112.931,9, 8
60, 17, 26, 120, 184, 16.8213, 16.8213,2, 2
60, 17, 27, 120, 123, 25.1554, 25.1554,2, 2
60, 17, 28, 120, 163, 99.8302, 99.8302,5, 5
60, 17, 29, 120, 187, 8.14557, 8.14557,1, 1
60, 17, 30, 120, 163, 27.0111, 27.0111,3, 3
60, 17, 31, 120, 140, 17.6439, 17.6439,2, 2
60, 17, 32, 120, 169, 60.5354, 74.39,8, 6
60, 17, 33, 120, 165, 7.67178, 7.67178,1, 1
60, 17, 34, 120, 128, 80.1041, 80.1041,9, 9
60, 17, 35, 120, 132, 56.0161, 56.0161,4, 4
60, 17, 36, 120, 159, 52.3653, 52.3653,6, 6
60, 17, 37, 120, 165, 77.4706, 77.4706,8, 8
60, 17, 38, 120, 178, 29.6255, 29.6255,2, 2
60, 17, 39, 120, 164, 38.655, 38.655,3, 3
60, 17, 40, 120, 149, 15.7469, 15.7469,2, 2
60, 17, 41, 120, 134, 8.7032, 8.7032,1, 1
60, 17, 42, 120, 137, 24.5642, 24.5642,3, 3
60, 17, 43, 120, 153, 14.6799, 14.6799,2, 2
60, 17, 44, 120, 127, 27.8989, 27.8989,3, 3
60, 17, 45, 120, 166, 22.3989, 22.3989,3, 3
60, 17, 46, 120, 152, 26.2234, 26.2234,3, 3
60, 17, 47, 120, 156, 38.6925, 45.5297,5, 4
60, 18, 1, 132, 105, 16.4154, 16.4154,2, 2
60, 18, 2, 132, 136, 34.6401, 34.6401,4, 4
60, 18, 3, 132, 97, 49.3534, 49.3534,5, 5
60, 18, 4, 132, 205, 0, 0,0, 0
60, 18, 5, 132, 182, 31.1866, 31.1866,4, 4
60, 18, 6, 132, 165, 24.3756, 24.3756,3, 3
60, 18, 7, 132, 137, 62.2993, 69.206,8, 7
60, 18, 8, 132, 132, 92.7812, 92.7812,10, 10
60, 18, 9, 132, 176, 0, 0,0, 0
60, 18, 10, 132, 178, 18.8804, 18.8804,2, 2
60, 18, 11, 132, 170, 47.7627, 47.7627,5, 5
60, 18, 12, 132, 173, 54.5227, 54.5227,6, 6
60, 18, 13, 132, 171, 41.429, 41.429,5, 5
60, 18, 14, 132, 149, 22.2687, 29.1368,4, 3
60, 18, 15, 132, 122, 88.4646, 95.4237,11, 10
60, 18, 16, 132, 111, 62.7756, 69.5286,8, 7
60, 18, 17, 132, 120, 189.038, 189.038,20, 20
60, 18, 19, 132, 138, 177.612, 201.11,22, 19
60, 18, 20, 132, 160, 159.792, 182.169,20, 17
60, 18, 21, 132, 102, 37.2898, 37.2898,5, 5
60, 18, 22, 132, 133, 39.0921, 45.8889,5, 4
60, 18, 23, 132, 151, 30.1509, 30.1509,3, 3
60, 18, 24, 132, 130, 18.7225, 18.7225,2, 2
60, 18, 25, 132, 159, 49.7782, 49.7782,6, 6
60, 18, 26, 132, 184, 10.6604, 10.6604,1, 1
60, 18, 27, 132, 123, 22.9242, 22.9242,3, 3
60, 18, 28, 132, 163, 88.4526, 95.205,11, 10
60, 18, 29, 132, 187, 26.1361, 26.1361,3, 3
60, 18, 30, 132, 163, 21.8467, 21.8467,3, 3
60, 18, 31, 132, 140, 45.2282, 45.2282,4, 4
60, 18, 32, 132, 169, 38.2092, 38.2092,4, 4
60, 18, 33, 132, 165, 20.2375, 20.2375,2, 2
60, 18, 34, 132, 128, 88.0608, 88.0608,9, 9
60, 18, 35, 132, 132, 24.4391, 24.4391,3, 3
60, 18, 36, 132, 159, 52.8792, 60.1791,6, 5
60, 18, 37, 132, 165, 24.4444, 24.4444,3, 3
60, 18, 38, 132, 178, 18.2703, 18.2703,2, 2
60, 18, 39, 132, 164, 20.701, 20.701,3, 3
60, 18, 40, 132, 149, 15.0566, 15.0566,2, 2
60, 18, 41, 132, 134, 41.3688, 50.6619,6, 5
60, 18, 42, 132, 137, 80.4876, 87.6048,9, 8
60, 18, 43, 132, 153, 30.6689, 30.6689,4, 4
60, 18, 44, 132, 127, 25.2371, 25.2371,3, 3
60, 18, 45, 132, 166, 0, 0,0, 0
60, 18, 46, 132, 152, 36.1741, 36.1741,4, 4
60, 18, 47, 132, 156, 23.3252, 23.3252,3, 3
60, 19, 1, 138, 105, 0, 0,0, 0
60, 19, 2, 138, 136, 30.7563, 30.7563,4, 4
60, 19, 3, 138, 97, 0, 0,0, 0
60, 19, 4, 138, 205, 6.87818, 6.87818,1, 1
60, 19, 5, 138, 182, 7.17141, 7.17141,1, 1
60, 19, 6, 138, 165, 0, 0,0, 0
60, 19, 7, 138, 137, 14.4193, 14.4193,2, 2
60, 19, 8, 138, 132, 139.92, 146.904,16, 15
60, 19, 9, 138, 176, 0, 0,0, 0
60, 19, 10, 138, 178, 0, 0,0, 0
60, 19, 11, 138, 170, 6.73515, 6.73515,1, 1
60, 19, 12, 138, 173, 28.0366, 28.0366,3, 3
60, 19, 13, 138, 171, 66.6519, 66.6519,8, 8
60, 19, 14, 138, 149, 0, 0,0, 0
60, 19, 15, 138, 122, 59.2318, 59.2318,7, 7
60, 19, 16, 138, 111, 7.63948, 7.63948,1, 1
60, 19, 17, 138, 120, 80.8652, 80.8652,9, 9
60, 19, 18, 138, 132, 201.11, 201.11,22, 22
60, 19, 20, 138, 160, 81.5378, 81.5378,10, 10
60, 19, 21, 138, 102, 62.8747, 62.8747,7, 7
60, 19, 22, 138, 133, 26.2627, 26.2627,3, 3
60, 19, 23, 138, 151, 6.68161, 6.68161,1, 1
60, 19, 24, 138, 130, 0, 0,0, 0
60, 19, 25, 138, 159, 15.3976, 15.3976,2, 2
60, 19, 26, 138, 184, 19.1965, 19.1965,2, 2
60, 19, 27, 138, 123, 7.77825, 7.77825,1, 1
60, 19, 28, 138, 163, 46.6424, 46.6424,5, 5
60, 19, 29, 138, 187, 15.7015, 15.7015,2, 2
60, 19, 30, 138, 163, 44.8102, 59.9616,7, 5
60, 19, 31, 138, 140, 30.8876, 30.8876,3, 3
60, 19, 32, 138, 169, 0, 0,0, 0
60, 19, 33, 138, 165, 21.5569, 21.5569,2, 2
60, 19, 34, 138, 128, 40.8113, 40.8113,5, 5
60, 19, 35, 138, 132, 0, 0,0, 0
60, 19, 36, 138, 159, 30.7124, 30.7124,4, 4
60, 19, 37, 138, 165, 0, 0,0, 0
60, 19, 38, 138, 178, 0, 0,0, 0
60, 19, 39, 138, 164, 6.95702, 6.95702,1, 1
60, 19, 40, 138, 149, 67.6012, 67.6012,7, 7
60, 19, 41, 138, 134, 48.7752, 48.7752,5, 5
60, 19, 42, 138, 137, 63.2999, 63.2999,8, 8
60, 19, 43, 138, 153, 28.5215, 28.5215,3, 3
60, 19, 44, 138, 127, 31.0273, 31.0273,3, 3
60, 19, 45, 138, 166, 0, 0,0, 0
60, 19, 46, 138, 152, 9.2691, 9.2691,1, 1
60, 19, 47, 138, 156, 19.8586, 19.8586,2, 2
60, 20, 1, 160, 105, 0, 0,0, 0
60, 20, 2, 160, 136, 49.4761, 49.4761,4, 4
60, 20, 3, 160, 97, 21.9834, 21.9834,2, 2
60, 20, 4, 160, 205, 22.8645, 22.8645,2, 2
60, 20, 5, 160, 182, 14.818, 14.818,2, 2
60, 20, 6, 160, 165, 28.2126, 28.2126,3, 3
60, 20, 7, 160, 137, 346.842, 353.95,35, 34
60, 20, 8, 160, 132, 174.342, 199.549,22, 19
60, 20, 9, 160, 176, 0, 0,0, 0
60, 20, 10, 160, 178, 20.2204, 20.2204,2, 2
60, 20, 11, 160, 170, 17.7366, 17.7366,2, 2
60, 20, 12, 160, 173, 93.9844, 111.911,12, 10
60, 20, 13, 160, 171, 14.9377, 14.9377,2, 2
60, 20, 14, 160, 149, 268.565, 282.809,32, 30
60, 20, 15, 160, 122, 389.976, 437.808,45, 40
60, 20, 16, 160, 111, 19.5728, 19.5728,2, 2
60, 20, 17, 160, 120, 70.5221, 70.5221,8, 8
60, 20, 18, 160, 132, 160.709, 182.169,20, 17
60, 20, 19, 160, 138, 74.8148, 81.5378,10, 9
60, 20, 21, 160, 102, 76.3504, 84.9575,10, 9
60, 20, 22, 160, 133, 96.4521, 96.4521,9, 9
60, 20, 23, 160, 151, 40.6818, 47.9157,6, 5
60, 20, 24, 160, 130, 14.8708, 14.8708,2, 2
60, 20, 25, 160, 159, 440.383, 486.557,47, 41
60, 20, 26, 160, 184, 16.7234, 16.7234,2, 2
60, 20, 27, 160, 123, 19.1613, 19.1613,1, 1
60, 20, 28, 160, 163, 50.1052, 50.1052,4, 4
60, 20, 29, 160, 187, 7.86794, 7.86794,1, 1
60, 20, 30, 160, 163, 38.9029, 38.9029,5, 5
60, 20, 31, 160, 140, 20.1389, 20.1389,2, 2
60, 20, 32, 160, 169, 232.589, 232.589,26, 26
60, 20, 33, 160, 165, 28.9453, 47.7344,5, 3
60, 20, 34, 160, 128, 91.8602, 135.708,15, 10
60, 20, 35, 160, 132, 33.5787, 33.5787,4, 4
60, 20, 36, 160, 159, 89.327, 113.775,11, 9
60, 20, 37, 160, 165, 192.278, 192.278,20, 20
60, 20, 38, 160, 178, 25.0575, 25.0575,2, 2
60, 20, 39, 160, 164, 13.5477, 13.5477,1, 1
60, 20, 40, 160, 149, 7.26422, 14.137,2, 1
60, 20, 41, 160, 134, 41.8313, 61.9938,7, 5
60, 20, 42, 160, 137, 47.2161, 62.0108,8, 6
60, 20, 43, 160, 153, 6.78111, 6.78111,1, 1
60, 20, 44, 160, 127, 20.3343, 20.3343,2, 2
60, 20, 45, 160, 166, 8.74444, 8.74444,1, 1
60, 20, 46, 160, 152, 36.3134, 36.3134,4, 4
60, 20, 47, 160, 156, 24.8717, 24.8717,2, 2
60, 21, 1, 102, 105, 0, 0,0, 0
60, 21, 2, 102, 136, 13.6328, 13.6328,2, 2
60, 21, 3, 102, 97, 0, 0,0, 0
60, 21, 4, 102, 205, 0, 0,0, 0
60, 21, 5, 102, 182, 36.6647, 43.3498,5, 4
60, 21, 6, 102, 165, 23.4029, 23.4029,3, 3
60, 21, 7, 102, 137, 24.5008, 24.5008,3, 3
60, 21, 8, 102, 132, 123.705, 137.289,16, 14
60, 21, 9, 102, 176, 0, 0,0, 0
60, 21, 10, 102, 178, 0, 0,0, 0
60, 21, 11, 102, 170, 23.7335, 23.7335,3, 3
60, 21, 12, 102, 173, 33.977, 33.977,4, 4
60, 21, 13, 102, 171, 54.3008, 54.3008,6, 6
60, 21, 14, 102, 149, 9.76279, 17.2268,2, 1
60, 21, 15, 102, 122, 101.548, 101.548,11, 11
60, 21, 16, 102, 111, 0, 0,0, 0
60, 21, 17, 102, 120, 6.68619, 6.68619,1, 1
60, 21, 18, 102, 132, 30.4735, 37.2898,5, 4
60, 21, 19, 102, 138, 55.8492, 62.8747,7, 6
60, 21, 20, 102, 160, 84.9575, 84.9575,10, 10
60, 21, 22, 102, 133, 197.361, 197.361,20, 20
60, 21, 23, 102, 151, 73.2659, 73.2659,9, 9
60, 21, 24, 102, 130, 15.2893, 15.2893,2, 2
60, 21, 25, 102, 159, 38.0406, 38.0406,5, 5
60, 21, 26, 102, 184, 54.6995, 87.3092,10, 6
60, 21, 27, 102, 123, 0, 0,0, 0
60, 21, 28, 102, 163, 20.6009, 20.6009,2, 2
60, 21, 29, 102, 187, 22.3321, 22.3321,3, 3
60, 21, 30, 102, 163, 50.7636, 50.7636,5, 5
60, 21, 31, 102, 140, 8.55016, 8.55016,1, 1
60, 21, 32, 102, 169, 16.5151, 16.5151,2, 2
60, 21, 33, 102, 165, 0, 0,0, 0
60, 21, 34, 102, 128, 79.1374, 79.1374,9, 9
60, 21, 35, 102, 132, 0, 0,0, 0
60, 21, 36, 102, 159, 59.2303, 59.2303,7, 7
60, 21, 37, 102, 165, 7.40487, 7.40487,1, 1
60, 21, 38, 102, 178, 0, 0,0, 0
60, 21, 39, 102, 164, 0, 0,0, 0
60, 21, 40, 102, 149, 25.5034, 25.5034,2, 2
60, 21, 41, 102, 134, 47.2919, 47.2919,5, 5
60, 21, 42, 102, 137, 31.503, 31.503,4, 4
60, 21, 43, 102, 153, 16.9396, 16.9396,2, 2
60, 21, 44, 102, 127, 90.8259, 104.771,11, 9
60, 21, 45, 102, 166, 0, 0,0, 0
60, 21, 46, 102, 152, 43.3137, 50.5136,5, 4
60, 21, 47, 102, 156, 16.3607, 16.3607,1, 1
60, 22, 1, 133, 105, 0, 0,0, 0
60, 22, 2, 133, 136, 81.8426, 81.8426,6, 6
60, 22, 3, 133, 97, 22.4015, 22.4015,2, 2
60, 22, 4, 133, 205, 21.9587, 21.9587,2, 2
60, 22, 5, 133, 182, 17.4764, 17.4764,2, 2
60, 22, 6, 133, 165, 10.4189, 10.4189,1, 1
60, 22, 7, 133, 137, 70.0739, 70.0739,8, 8
60, 22, 8, 133, 132, 29.6264, 29.6264,3, 3
60, 22, 9, 133, 176, 0, 0,0, 0
60, 22, 10, 133, 178, 29.8591, 29.8591,2, 2
60, 22, 11, 133, 170, 0, 0,0, 0
60, 22, 12, 133, 173, 49.6907, 49.6907,5, 5
60, 22, 13, 133, 171, 9.33851, 9.33851,1, 1
60, 22, 14, 133, 149, 85.1654, 114.564,14, 10
60, 22, 15, 133, 122, 108.496, 108.496,11, 11
60, 22, 16, 133, 111, 55.5286, 55.5286,5, 5
60, 22, 17, 133, 120, 88.1792, 112.051,10, 7
60, 22, 18, 133, 132, 39.0917, 45.8885,5, 4
60, 22, 19, 133, 138, 26.2624, 26.2624,3, 3
60, 22, 20, 133, 160, 89.6162, 96.4526,9, 8
60, 22, 21, 133, 102, 179.993, 197.362,20, 18
60, 22, 23, 133, 151, 164.817, 186.123,21, 18
60, 22, 24, 133, 130, 36.8502, 62.9799,7, 4
60, 22, 25, 133, 159, 132.573, 132.573,12, 12
60, 22, 26, 133, 184, 33.9899, 33.9899,4, 4
60, 22, 27, 133, 123, 14.7408, 14.7408,1, 1
60, 22, 28, 133, 163, 79.2928, 79.2928,5, 5
60, 22, 29, 133, 187, 7.92434, 7.92434,1, 1
60, 22, 30, 133, 163, 40.8608, 58.4677,6, 4
60, 22, 31, 133, 140, 23.3148, 23.3148,3, 3
60, 22, 32, 133, 169, 48.0616, 55.0072,5, 4
60, 22, 33, 133, 165, 9.31665, 9.31665,1, 1
60, 22, 34, 133, 128, 79.1897, 101.241,12, 9
60, 22, 35, 133, 132, 35.8635, 35.8635,3, 3
60, 22, 36, 133, 159, 29.4132, 29.4132,3, 3
60, 22, 37, 133, 165, 40.6072, 40.6072,4, 4
60, 22, 38, 133, 178, 32.1269, 32.1269,2, 2
60, 22, 39, 133, 164, 43.1731, 50.0055,4, 3
60, 22, 40, 133, 149, 14.2527, 14.2527,2, 2
60, 22, 41, 133, 134, 14.6449, 14.6449,2, 2
60, 22, 42, 133, 137, 29.6316, 37.2107,4, 3
60, 22, 43, 133, 153, 33.7432, 33.7432,4, 4
60, 22, 44, 133, 127, 51.6953, 51.6953,6, 6
60, 22, 45, 133, 166, 25.3028, 56.0963,7, 3
60, 22, 46, 133, 152, 89.4413, 89.4413,10, 10
60, 22, 47, 133, 156, 105.076, 163.375,17, 10
60, 23, 1, 151, 105, 15.8666, 15.8666,2, 2
60, 23, 2, 151, 136, 37.0417, 37.0417,4, 4
60, 23, 3, 151, 97, 30.7095, 30.7095,3, 3
60, 23, 4, 151, 205, 14.6375, 14.6375,2, 2
60, 23, 5, 151, 182, 0, 0,0, 0
60, 23, 6, 151, 165, 26.0811, 26.0811,3, 3
60, 23, 7, 151, 137, 38.7255, 38.7255,5, 5
60, 23, 8, 151, 132, 11.5259, 18.2436,2, 1
60, 23, 9, 151, 176, 22.5387, 29.7647,4, 3
60, 23, 10, 151, 178, 46.7749, 46.7749,4, 4
60, 23, 11, 151, 170, 0, 0,0, 0
60, 23, 12, 151, 173, 23.914, 23.914,3, 3
60, 23, 13, 151, 171, 0, 0,0, 0
60, 23, 14, 151, 149, 134.027, 140.808,16, 15
60, 23, 15, 151, 122, 28.0207, 34.8475,3, 2
60, 23, 16, 151, 111, 41.2745, 48.2204,4, 3
60, 23, 17, 151, 120, 47.3831, 47.3831,4, 4
60, 23, 18, 151, 132, 30.1502, 30.1502,3, 3
60, 23, 19, 151, 138, 6.6816, 6.6816,1, 1
60, 23, 20, 151, 160, 47.9156, 47.9156,6, 6
60, 23, 21, 151, 102, 50.5801, 73.2659,9, 6
60, 23, 22, 151, 133, 179.039, 186.123,21, 20
60, 23, 24, 151, 130, 322.062, 399.666,44, 34
60, 23, 25, 151, 159, 68.8679, 76.3445,8, 7
60, 23, 26, 151, 184, 6.68219, 6.68219,1, 1
60, 23, 27, 151, 123, 10.0316, 10.0316,1, 1
60, 23, 28, 151, 163, 41.2119, 41.2119,3, 3
60, 23, 29, 151, 187, 7.52801, 7.52801,1, 1
60, 23, 30, 151, 163, 0, 0,0, 0
60, 23, 31, 151, 140, 0, 0,0, 0
60, 23, 32, 151, 169, 134.431, 193.531,22, 14
60, 23, 33, 151, 165, 0, 0,0, 0
60, 23, 34, 151, 128, 28.7826, 28.7826,3, 3
60, 23, 35, 151, 132, 57.0226, 66.8725,5, 4
60, 23, 36, 151, 159, 15.6258, 15.6258,2, 2
60, 23, 37, 151, 165, 96.8627, 118.98,14, 11
60, 23, 38, 151, 178, 24.4473, 24.4473,2, 2
60, 23, 39, 151, 164, 54.5574, 76.7363,8, 5
60, 23, 40, 151, 149, 0, 0,0, 0
60, 23, 41, 151, 134, 0, 0,0, 0
60, 23, 42, 151, 137, 15.3056, 15.3056,2, 2
60, 23, 43, 151, 153, 0, 0,0, 0
60, 23, 44, 151, 127, 6.90936, 6.90936,1, 1
60, 23, 45, 151, 166, 31.494, 38.6645,5, 4
60, 23, 46, 151, 152, 38.3068, 38.3068,5, 5
60, 23, 47, 151, 156, 82.6148, 97.4463,11, 9
60, 24, 1, 130, 105, 14.6208, 21.7155,3, 2
60, 24, 2, 130, 136, 0, 0,0, 0
60, 24, 3, 130, 97, 15.9404, 31.398,2, 1
60, 24, 4, 130, 205, 0, 0,0, 0
60, 24, 5, 130, 182, 9.1572, 9.1572,1, 1
60, 24, 6, 130, 165, 36.4173, 43.6461,6, 5
60, 24, 7, 130, 137, 0, 0,0, 0
60, 24, 8, 130, 132, 0, 0,0, 0
60, 24, 9, 130, 176, 31.6311, 38.458,5, 4
60, 24, 10, 130, 178, 36.7245, 44.485,6, 5
60, 24, 11, 130, 170, 0, 0,0, 0
60, 24, 12, 130, 173, 0, 0,0, 0
60, 24, 13, 130, 171, 0, 0,0, 0
60, 24, 14, 130, 149, 79.0025, 95.7387,11, 9
60, 24, 15, 130, 122, 7.33074, 14.2294,2, 1
60, 24, 16, 130, 111, 31.0313, 31.0313,4, 4
60, 24, 17, 130, 120, 25.7585, 25.7585,3, 3
60, 24, 18, 130, 132, 9.62957, 18.7226,2, 1
60, 24, 19, 130, 138, 0, 0,0, 0
60, 24, 20, 130, 160, 14.8708, 14.8708,2, 2
60, 24, 21, 130, 102, 15.2893, 15.2893,2, 2
60, 24, 22, 130, 133, 54.3649, 62.98,7, 6
60, 24, 23, 130, 151, 333.458, 399.667,44, 36
60, 24, 25, 130, 159, 36.7319, 50.3514,6, 4
60, 24, 26, 130, 184, 0, 0,0, 0
60, 24, 27, 130, 123, 0, 0,0, 0
60, 24, 28, 130, 163, 7.08174, 13.7558,2, 1
60, 24, 29, 130, 187, 0, 0,0, 0
60, 24, 30, 130, 163, 0, 0,0, 0
60, 24, 31, 130, 140, 0, 0,0, 0
60, 24, 32, 130, 169, 97.1336, 166.939,18, 10
60, 24, 33, 130, 165, 31.0174, 31.0174,4, 4
60, 24, 34, 130, 128, 21.227, 41.006,4, 2
60, 24, 35, 130, 132, 56.862, 71.7571,8, 6
60, 24, 36, 130, 159, 0, 0,0, 0
60, 24, 37, 130, 165, 58.9656, 91.8664,11, 7
60, 24, 38, 130, 178, 25.1841, 25.1841,3, 3
60, 24, 39, 130, 164, 50.0984, 58.4713,6, 5
60, 24, 40, 130, 149, 0, 0,0, 0
60, 24, 41, 130, 134, 0, 0,0, 0
60, 24, 42, 130, 137, 0, 0,0, 0
60, 24, 43, 130, 153, 29.0755, 29.0755,4, 4
60, 24, 44, 130, 127, 0, 0,0, 0
60, 24, 45, 130, 166, 36.6836, 36.6836,4, 4
60, 24, 46, 130, 152, 0, 0,0, 0
60, 24, 47, 130, 156, 90.8786, 101.525,12, 11
60, 25, 1, 159, 105, 6.86274, 6.86274,1, 1
60, 25, 2, 159, 136, 72.8429, 72.8429,6, 6
60, 25, 3, 159, 97, 45.6481, 45.6481,5, 5
60, 25, 4, 159, 205, 17.5108, 17.5108,2, 2
60, 25, 5, 159, 182, 17.4612, 17.4612,2, 2
60, 25, 6, 159, 165, 25.6546, 25.6546,3, 3
60, 25, 7, 159, 137, 411.508, 441.291,47, 43
60, 25, 8, 159, 132, 116.177, 123.428,14, 13
60, 25, 9, 159, 176, 0, 0,0, 0
60, 25, 10, 159, 178, 34.0976, 34.0976,2, 2
60, 25, 11, 159, 170, 19.5874, 19.5874,2, 2
60, 25, 12, 159, 173, 65.5355, 65.5355,8, 8
60, 25, 13, 159, 171, 34.8506, 34.8506,4, 4
60, 25, 14, 159, 149, 377.448, 384.962,38, 37
60, 25, 15, 159, 122, 307.662, 329.614,30, 28
60, 25, 16, 159, 111, 32.9322, 32.9322,3, 3
60, 25, 17, 159, 120, 104.332, 112.93,9, 8
60, 25, 18, 159, 132, 49.7782, 49.7782,6, 6
60, 25, 19, 159, 138, 15.3976, 15.3976,2, 2
60, 25, 20, 159, 160, 469.24, 486.548,47, 45
60, 25, 21, 159, 102, 38.0406, 38.0406,5, 5
60, 25, 22, 159, 133, 132.573, 132.573,12, 12
60, 25, 23, 159, 151, 69.066, 76.3447,8, 7
60, 25, 24, 159, 130, 50.3512, 50.3512,6, 6
60, 25, 26, 159, 184, 0, 0,0, 0
60, 25, 27, 159, 123, 18.573, 18.573,2, 2
60, 25, 28, 159, 163, 84.0778, 90.9127,8, 7
60, 25, 29, 159, 187, 18.0799, 18.0799,2, 2
60, 25, 30, 159, 163, 40.2216, 40.2216,5, 5
60, 25, 31, 159, 140, 53.2631, 53.2631,6, 6
60, 25, 32, 159, 169, 287.834, 294.591,28, 27
60, 25, 33, 159, 165, 7.30537, 7.30537,1, 1
60, 25, 34, 159, 128, 83.8684, 83.8684,9, 9
60, 25, 35, 159, 132, 64.4611, 73.5461,7, 6
60, 25, 36, 159, 159, 67.0725, 67.0725,8, 8
60, 25, 37, 159, 165, 224.702, 239.842,23, 21
60, 25, 38, 159, 178, 24.5656, 24.5656,2, 2
60, 25, 39, 159, 164, 40.3072, 47.0493,5, 4
60, 25, 40, 159, 149, 15.0073, 15.0073,2, 2
60, 25, 41, 159, 134, 0, 0,0, 0
60, 25, 42, 159, 137, 16.0767, 16.0767,2, 2
60, 25, 43, 159, 153, 9.24207, 9.24207,1, 1
60, 25, 44, 159, 127, 28.0856, 28.0856,3, 3
60, 25, 45, 159, 166, 7.69889, 7.69889,1, 1
60, 25, 46, 159, 152, 45.7853, 45.7853,6, 6
60, 25, 47, 159, 156, 22.1936, 22.1936,2, 2
60, 26, 1, 184, 105, 0, 0,0, 0
60, 26, 2, 184, 136, 0, 0,0, 0
60, 26, 3, 184, 97, 0, 0,0, 0
60, 26, 4, 184, 205, 0, 0,0, 0
60, 26, 5, 184, 182, 39.8173, 39.8173,5, 5
60, 26, 6, 184, 165, 8.66107, 8.66107,1, 1
60, 26, 7, 184, 137, 16.8294, 16.8294,2, 2
60, 26, 8, 184, 132, 40.1288, 61.5759,8, 5
60, 26, 9, 184, 176, 0, 0,0, 0
60, 26, 10, 184, 178, 0, 0,0, 0
60, 26, 11, 184, 170, 7.22817, 7.22817,1, 1
60, 26, 12, 184, 173, 24.7325, 24.7325,3, 3
60, 26, 13, 184, 171, 0, 0,0, 0
60, 26, 14, 184, 149, 17.394, 17.394,2, 2
60, 26, 15, 184, 122, 20.7531, 20.7531,3, 3
60, 26, 16, 184, 111, 6.94302, 6.94302,1, 1
60, 26, 17, 184, 120, 16.8213, 16.8213,2, 2
60, 26, 18, 184, 132, 10.6604, 10.6604,1, 1
60, 26, 19, 184, 138, 19.1966, 19.1966,2, 2
60, 26, 20, 184, 160, 16.7234, 16.7234,2, 2
60, 26, 21, 184, 102, 55.2626, 87.3095,10, 6
60, 26, 22, 184, 133, 33.99, 33.99,4, 4
60, 26, 23, 184, 151, 6.68222, 6.68222,1, 1
60, 26, 24, 184, 130, 0, 0,0, 0
60, 26, 25, 184, 159, 0, 0,0, 0
60, 26, 27, 184, 123, 7.23522, 7.23522,1, 1
60, 26, 28, 184, 163, 14.1771, 14.1771,2, 2
60, 26, 29, 184, 187, 0, 0,0, 0
60, 26, 30, 184, 163, 16.8295, 16.8295,2, 2
60, 26, 31, 184, 140, 7.38365, 7.38365,1, 1
60, 26, 32, 184, 169, 9.08028, 9.08028,1, 1
60, 26, 33, 184, 165, 13.5146, 13.5146,2, 2
60, 26, 34, 184, 128, 28.5288, 35.4727,5, 4
60, 26, 35, 184, 132, 0, 0,0, 0
60, 26, 36, 184, 159, 15.2947, 15.2947,2, 2
60, 26, 37, 184, 165, 10.0225, 10.0225,1, 1
60, 26, 38, 184, 178, 0, 0,0, 0
60, 26, 39, 184, 164, 0, 0,0, 0
60, 26, 40, 184, 149, 22.4164, 22.4164,3, 3
60, 26, 41, 184, 134, 23.0678, 23.0678,3, 3
60, 26, 42, 184, 137, 14.872, 14.872,2, 2
60, 26, 43, 184, 153, 0, 0,0, 0
60, 26, 44, 184, 127, 17.1709, 24.4691,3, 2
60, 26, 45, 184, 166, 0, 0,0, 0
60, 26, 46, 184, 152, 65.4402, 65.4402,8, 8
60, 26, 47, 184, 156, 17.4076, 17.4076,2, 2
60, 27, 1, 123, 105, 45.7377, 45.7377,6, 6
60, 27, 2, 123, 136, 88.2503, 88.2503,10, 10
60, 27, 3, 123, 97, 56.222, 63.0485,7, 6
60, 27, 4, 123, 205, 18.9338, 18.9338,2, 2
60, 27, 5, 123, 182, 7.61828, 7.61828,1, 1
60, 27, 6, 123, 165, 17.6907, 17.6907,2, 2
60, 27, 7, 123, 137, 15.3538, 15.3538,1, 1
60, 27, 8, 123, 132, 0, 0,0, 0
60, 27, 9, 123, 176, 8.24018, 8.24018,1, 1
60, 27, 10, 123, 178, 21.0047, 21.0047,2, 2
60, 27, 11, 123, 170, 23.1812, 23.1812,3, 3
60, 27, 12, 123, 173, 58.5598, 58.5598,5, 5
60, 27, 13, 123, 171, 7.90514, 7.90514,1, 1
60, 27, 14, 123, 149, 14.8153, 14.8153,1, 1
60, 27, 15, 123, 122, 10.2949, 10.2949,1, 1
60, 27, 16, 123, 111, 30.9092, 30.9092,3, 3
60, 27, 17, 123, 120, 25.1552, 25.1552,2, 2
60, 27, 18, 123, 132, 22.9244, 22.9244,3, 3
60, 27, 19, 123, 138, 7.77819, 7.77819,1, 1
60, 27, 20, 123, 160, 19.1605, 19.1605,1, 1
60, 27, 21, 123, 102, 0, 0,0, 0
60, 27, 22, 123, 133, 14.7409, 14.7409,1, 1
60, 27, 23, 123, 151, 10.0317, 10.0317,1, 1
60, 27, 24, 123, 130, 0, 0,0, 0
60, 27, 25, 123, 159, 18.573, 18.573,2, 2
60, 27, 26, 123, 184, 7.23522, 7.23522,1, 1
60, 27, 28, 123, 163, 379.606, 406.679,39, 36
60, 27, 29, 123, 187, 0, 0,0, 0
60, 27, 30, 123, 163, 89.985, 101.569,10, 9
60, 27, 31, 123, 140, 356.313, 394.351,38, 34
60, 27, 32, 123, 169, 30.9195, 30.9195,3, 3
60, 27, 33, 123, 165, 15.7234, 15.7234,2, 2
60, 27, 34, 123, 128, 26.7816, 26.7816,3, 3
60, 27, 35, 123, 132, 10.5086, 10.5086,1, 1
60, 27, 36, 123, 159, 27.979, 27.979,2, 2
60, 27, 37, 123, 165, 22.5865, 22.5865,2, 2
60, 27, 38, 123, 178, 43.5627, 43.5627,3, 3
60, 27, 39, 123, 164, 21.3589, 28.4329,3, 2
60, 27, 40, 123, 149, 7.60383, 7.60383,1, 1
60, 27, 41, 123, 134, 7.52075, 7.52075,1, 1
60, 27, 42, 123, 137, 7.11166, 7.11166,1, 1
60, 27, 43, 123, 153, 32.6496, 32.6496,4, 4
60, 27, 44, 123, 127, 11.5008, 11.5008,1, 1
60, 27, 45, 123, 166, 0, 0,0, 0
60, 27, 46, 123, 152, 27.2025, 27.2025,3, 3
60, 27, 47, 123, 156, 22.0681, 22.0681,2, 2
60, 28, 1, 163, 105, 33.1359, 33.1359,4, 4
60, 28, 2, 163, 136, 140.124, 180.341,16, 13
60, 28, 3, 163, 97, 67.9048, 94.8468,11, 8
60, 28, 4, 163, 205, 25.8331, 42.7091,5, 3
60, 28, 5, 163, 182, 14.1896, 14.1896,2, 2
60, 28, 6, 163, 165, 35.8106, 45.4761,5, 4
60, 28, 7, 163, 137, 54.939, 62.7202,7, 6
60, 28, 8, 163, 132, 37.2072, 37.2072,3, 3
60, 28, 9, 163, 176, 0, 0,0, 0
60, 28, 10, 163, 178, 42.2467, 70.7195,5, 3
60, 28, 11, 163, 170, 61.2752, 61.2752,7, 7
60, 28, 12, 163, 173, 49.4786, 67.3207,7, 5
60, 28, 13, 163, 171, 20.9856, 20.9856,2, 2
60, 28, 14, 163, 149, 27.8207, 38.9925,3, 2
60, 28, 15, 163, 122, 42.9672, 58.0605,5, 4
60, 28, 16, 163, 111, 27.711, 52.8678,4, 2
60, 28, 17, 163, 120, 68.2441, 99.8323,5, 4
60, 28, 18, 163, 132, 86.912, 95.2053,11, 10
60, 28, 19, 163, 138, 46.6423, 46.6423,5, 5
60, 28, 20, 163, 160, 36.0758, 50.1044,4, 3
60, 28, 21, 163, 102, 20.6007, 20.6007,2, 2
60, 28, 22, 163, 133, 52.7802, 79.2934,5, 4
60, 28, 23, 163, 151, 26.5802, 41.2123,3, 2
60, 28, 24, 163, 130, 13.7558, 13.7558,2, 2
60, 28, 25, 163, 159, 75.949, 90.9132,8, 7
60, 28, 26, 163, 184, 14.1771, 14.1771,2, 2
60, 28, 27, 163, 123, 359.563, 406.678,39, 34
60, 28, 29, 163, 187, 21.699, 21.699,3, 3
60, 28, 30, 163, 163, 181.608, 181.608,19, 19
60, 28, 31, 163, 140, 494.57, 548.927,52, 45
60, 28, 32, 163, 169, 37.4262, 67.8753,6, 3
60, 28, 33, 163, 165, 28.7844, 28.7844,3, 3
60, 28, 34, 163, 128, 39.9522, 58.0843,6, 4
60, 28, 35, 163, 132, 23.9655, 41.2295,2, 1
60, 28, 36, 163, 159, 71.7968, 83.1197,8, 7
60, 28, 37, 163, 165, 25.0832, 45.688,4, 2
60, 28, 38, 163, 178, 43.224, 72.0514,5, 3
60, 28, 39, 163, 164, 23.6424, 45.9444,2, 1
60, 28, 40, 163, 149, 7.58108, 7.58108,1, 1
60, 28, 41, 163, 134, 8.77331, 8.77331,1, 1
60, 28, 42, 163, 137, 39.3848, 39.3848,5, 5
60, 28, 43, 163, 153, 52.6006, 52.6006,7, 7
60, 28, 44, 163, 127, 28.1274, 36.3206,4, 3
60, 28, 45, 163, 166, 0, 0,0, 0
60, 28, 46, 163, 152, 31.6942, 43.1686,4, 3
60, 28, 47, 163, 156, 45.6926, 69.9202,6, 4
60, 29, 1, 187, 105, 0, 0,0, 0
60, 29, 2, 187, 136, 21.9456, 21.9456,3, 3
60, 29, 3, 187, 97, 0, 0,0, 0
60, 29, 4, 187, 205, 6.95603, 6.95603,1, 1
60, 29, 5, 187, 182, 15.4979, 15.4979,1, 1
60, 29, 6, 187, 165, 21.4549, 21.4549,3, 3
60, 29, 7, 187, 137, 7.09518, 7.09518,1, 1
60, 29, 8, 187, 132, 26.2548, 26.2548,3, 3
60, 29, 9, 187, 176, 14.9258, 14.9258,2, 2
60, 29, 10, 187, 178, 0, 0,0, 0
60, 29, 11, 187, 170, 45.0908, 45.0908,5, 5
60, 29, 12, 187, 173, 38.1026, 45.3104,6, 5
60, 29, 13, 187, 171, 47.4877, 47.4877,5, 5
60, 29, 14, 187, 149, 15.8258, 15.8258,2, 2
60, 29, 15, 187, 122, 6.81468, 6.81468,1, 1
60, 29, 16, 187, 111, 0, 0,0, 0
60, 29, 17, 187, 120, 8.14551, 8.14551,1, 1
60, 29, 18, 187, 132, 26.136, 26.136,3, 3
60, 29, 19, 187, 138, 15.7015, 15.7015,2, 2
60, 29, 20, 187, 160, 7.86794, 7.86794,1, 1
60, 29, 21, 187, 102, 22.3321, 22.3321,3, 3
60, 29, 22, 187, 133, 7.92434, 7.92434,1, 1
60, 29, 23, 187, 151, 7.52801, 7.52801,1, 1
60, 29, 24, 187, 130, 0, 0,0, 0
60, 29, 25, 187, 159, 18.0799, 18.0799,2, 2
60, 29, 26, 187, 184, 0, 0,0, 0
60, 29, 27, 187, 123, 0, 0,0, 0
60, 29, 28, 187, 163, 21.699, 21.699,3, 3
60, 29, 30, 187, 163, 64.6696, 64.6696,8, 8
60, 29, 31, 187, 140, 0, 0,0, 0
60, 29, 32, 187, 169, 0, 0,0, 0
60, 29, 33, 187, 165, 310.906, 323.745,31, 30
60, 29, 34, 187, 128, 29.2962, 29.2962,4, 4
60, 29, 35, 187, 132, 0, 0,0, 0
60, 29, 36, 187, 159, 32.9564, 32.9564,4, 4
60, 29, 37, 187, 165, 0, 0,0, 0
60, 29, 38, 187, 178, 64.5847, 64.5847,8, 8
60, 29, 39, 187, 164, 7.28358, 7.28358,1, 1
60, 29, 40, 187, 149, 79.2001, 85.9879,10, 9
60, 29, 41, 187, 134, 101.642, 111.937,12, 11
60, 29, 42, 187, 137, 112.47, 130.497,14, 12
60, 29, 43, 187, 153, 63.9414, 63.9414,8, 8
60, 29, 44, 187, 127, 23.9197, 23.9197,3, 3
60, 29, 45, 187, 166, 13.8184, 13.8184,2, 2
60, 29, 46, 187, 152, 7.01367, 7.01367,1, 1
60, 29, 47, 187, 156, 0, 0,0, 0
60, 30, 1, 163, 105, 0, 0,0, 0
60, 30, 2, 163, 136, 63.9809, 73.1147,8, 7
60, 30, 3, 163, 97, 13.566, 13.566,2, 2
60, 30, 4, 163, 205, 7.09252, 7.09252,1, 1
60, 30, 5, 163, 182, 22.9474, 22.9474,3, 3
60, 30, 6, 163, 165, 0, 0,0, 0
60, 30, 7, 163, 137, 14.4381, 14.4381,1, 1
60, 30, 8, 163, 132, 35.1735, 46.1147,5, 4
60, 30, 9, 163, 176, 0, 0,0, 0
60, 30, 10, 163, 178, 6.82829, 6.82829,1, 1
60, 30, 11, 163, 170, 11.3444, 11.3444,1, 1
60, 30, 12, 163, 173, 14.7012, 14.7012,2, 2
60, 30, 13, 163, 171, 28.9477, 37.7271,4, 3
60, 30, 14, 163, 149, 10.2512, 17.2347,2, 1
60, 30, 15, 163, 122, 19.8066, 19.8066,1, 1
60, 30, 16, 163, 111, 0, 0,0, 0
60, 30, 17, 163, 120, 18.7916, 27.0109,3, 2
60, 30, 18, 163, 132, 21.8467, 21.8467,3, 3
60, 30, 19, 163, 138, 59.9614, 59.9614,7, 7
60, 30, 20, 163, 160, 38.9029, 38.9029,5, 5
60, 30, 21, 163, 102, 41.5165, 50.7636,5, 4
60, 30, 22, 163, 133, 47.6855, 58.4678,6, 5
60, 30, 23, 163, 151, 0, 0,0, 0
60, 30, 24, 163, 130, 0, 0,0, 0
60, 30, 25, 163, 159, 32.9092, 40.2216,5, 4
60, 30, 26, 163, 184, 16.8293, 16.8293,2, 2
60, 30, 27, 163, 123, 88.1029, 101.57,10, 8
60, 30, 28, 163, 163, 152.972, 181.608,19, 16
60, 30, 29, 163, 187, 64.6697, 64.6697,8, 8
60, 30, 31, 163, 140, 161.98, 169.165,18, 17
60, 30, 32, 163, 169, 0, 0,0, 0
60, 30, 33, 163, 165, 24.9565, 24.9565,3, 3
60, 30, 34, 163, 128, 28.7549, 36.7932,5, 4
60, 30, 35, 163, 132, 0, 0,0, 0
60, 30, 36, 163, 159, 21.6758, 29.4223,4, 3
60, 30, 37, 163, 165, 0, 0,0, 0
60, 30, 38, 163, 178, 0, 0,0, 0
60, 30, 39, 163, 164, 0, 0,0, 0
60, 30, 40, 163, 149, 61.425, 69.5982,8, 7
60, 30, 41, 163, 134, 33.8135, 33.8135,4, 4
60, 30, 42, 163, 137, 42.4881, 42.4881,6, 6
60, 30, 43, 163, 153, 21.6003, 21.6003,3, 3
60, 30, 44, 163, 127, 26.3204, 35.327,4, 3
60, 30, 45, 163, 166, 0, 0,0, 0
60, 30, 46, 163, 152, 15.2547, 21.9597,3, 2
60, 30, 47, 163, 156, 8.6223, 8.6223,1, 1
60, 31, 1, 140, 105, 21.0953, 21.0953,3, 3
60, 31, 2, 140, 136, 96.2717, 103.861,12, 11
60, 31, 3, 140, 97, 37.297, 44.1177,6, 5
60, 31, 4, 140, 205, 8.71272, 8.71272,1, 1
60, 31, 5, 140, 182, 0, 0,0, 0
60, 31, 6, 140, 165, 9.72639, 9.72639,1, 1
60, 31, 7, 140, 137, 43.1271, 43.1271,5, 5
60, 31, 8, 140, 132, 9.63104, 9.63104,1, 1
60, 31, 9, 140, 176, 7.11205, 7.11205,1, 1
60, 31, 10, 140, 178, 0, 0,0, 0
60, 31, 11, 140, 170, 38.6143, 38.6143,4, 4
60, 31, 12, 140, 173, 16.7917, 16.7917,2, 2
60, 31, 13, 140, 171, 10.8703, 10.8703,1, 1
60, 31, 14, 140, 149, 7.03112, 7.03112,1, 1
60, 31, 15, 140, 122, 22.8791, 22.8791,3, 3
60, 31, 16, 140, 111, 7.27169, 7.27169,1, 1
60, 31, 17, 140, 120, 17.644, 17.644,2, 2
60, 31, 18, 140, 132, 45.2281, 45.2281,4, 4
60, 31, 19, 140, 138, 30.8876, 30.8876,3, 3
60, 31, 20, 140, 160, 20.1389, 20.1389,2, 2
60, 31, 21, 140, 102, 8.55016, 8.55016,1, 1
60, 31, 22, 140, 133, 23.3148, 23.3148,3, 3
60, 31, 23, 140, 151, 0, 0,0, 0
60, 31, 24, 140, 130, 0, 0,0, 0
60, 31, 25, 140, 159, 53.2634, 53.2634,6, 6
60, 31, 26, 140, 184, 7.38365, 7.38365,1, 1
60, 31, 27, 140, 123, 367.849, 394.349,38, 35
60, 31, 28, 140, 163, 501.414, 548.926,52, 47
60, 31, 29, 140, 187, 0, 0,0, 0
60, 31, 30, 140, 163, 160.905, 169.165,18, 17
60, 31, 32, 140, 169, 0, 0,0, 0
60, 31, 33, 140, 165, 50.0514, 50.0514,6, 6
60, 31, 34, 140, 128, 32.1713, 32.1713,4, 4
60, 31, 35, 140, 132, 0, 0,0, 0
60, 31, 36, 140, 159, 35.9445, 35.9445,4, 4
60, 31, 37, 140, 165, 6.74341, 6.74341,1, 1
60, 31, 38, 140, 178, 6.76684, 6.76684,1, 1
60, 31, 39, 140, 164, 14.1339, 14.1339,2, 2
60, 31, 40, 140, 149, 21.2595, 21.2595,3, 3
60, 31, 41, 140, 134, 14.6275, 14.6275,2, 2
60, 31, 42, 140, 137, 26.5441, 26.5441,3, 3
60, 31, 43, 140, 153, 47.4884, 47.4884,6, 6
60, 31, 44, 140, 127, 0, 0,0, 0
60, 31, 45, 140, 166, 0, 0,0, 0
60, 31, 46, 140, 152, 14.964, 14.964,2, 2
60, 31, 47, 140, 156, 14.4478, 14.4478,2, 2
60, 32, 1, 169, 105, 24.66, 39.8745,5, 3
60, 32, 2, 169, 136, 29.118, 68.8761,6, 2
60, 32, 3, 169, 97, 47.6606, 93.3711,8, 3
60, 32, 4, 169, 205, 23.2266, 49.5137,5, 2
60, 32, 5, 169, 182, 7.28393, 7.28393,1, 1
60, 32, 6, 169, 165, 50.8573, 100.657,13, 6
60, 32, 7, 169, 137, 201.815, 244.818,28, 23
60, 32, 8, 169, 132, 37.5038, 37.5038,5, 5
60, 32, 9, 169, 176, 8.72337, 8.72337,1, 1
60, 32, 10, 169, 178, 34.3121, 67.4738,5, 2
60, 32, 11, 169, 170, 0, 0,0, 0
60, 32, 12, 169, 173, 21.3492, 21.3492,2, 2
60, 32, 13, 169, 171, 0, 0,0, 0
60, 32, 14, 169, 149, 445.42, 602.15,56, 40
60, 32, 15, 169, 122, 196.954, 235.418,25, 21
60, 32, 16, 169, 111, 109.148, 137.299,13, 10
60, 32, 17, 169, 120, 54.4777, 74.3898,8, 6
60, 32, 18, 169, 132, 28.4347, 38.2093,4, 3
60, 32, 19, 169, 138, 0, 0,0, 0
60, 32, 20, 169, 160, 190.314, 232.59,26, 21
60, 32, 21, 169, 102, 16.5149, 16.5149,2, 2
60, 32, 22, 169, 133, 34.5079, 55.0076,5, 3
60, 32, 23, 169, 151, 86.2827, 193.532,22, 9
60, 32, 24, 169, 130, 77.7465, 166.938,18, 7
60, 32, 25, 169, 159, 244.53, 294.593,28, 23
60, 32, 26, 169, 184, 9.08028, 9.08028,1, 1
60, 32, 27, 169, 123, 14.3654, 30.9197,3, 1
60, 32, 28, 169, 163, 29.1914, 67.8755,6, 2
60, 32, 29, 169, 187, 0, 0,0, 0
60, 32, 30, 169, 163, 0, 0,0, 0
60, 32, 31, 169, 140, 0, 0,0, 0
60, 32, 33, 169, 165, 0, 0,0, 0
60, 32, 34, 169, 128, 49.4014, 71.4896,7, 5
60, 32, 35, 169, 132, 73.6167, 94.1956,10, 8
60, 32, 36, 169, 159, 19.3049, 26.9602,3, 2
60, 32, 37, 169, 165, 4092.93, 4384.86,136, 109
60, 32, 38, 169, 178, 24.6289, 61.4009,6, 2
60, 32, 39, 169, 164, 20.5639, 37.8506,4, 2
60, 32, 40, 169, 149, 0, 0,0, 0
60, 32, 41, 169, 134, 0, 0,0, 0
60, 32, 42, 169, 137, 6.97886, 6.97886,1, 1
60, 32, 43, 169, 153, 0, 0,0, 0
60, 32, 44, 169, 127, 10.9654, 10.9654,1, 1
60, 32, 45, 169, 166, 41.7451, 71.9286,9, 5
60, 32, 46, 169, 152, 39.0783, 53.7706,7, 5
60, 32, 47, 169, 156, 59.4788, 107.403,13, 7
60, 33, 1, 165, 105, 0, 0,0, 0
60, 33, 2, 165, 136, 17.1172, 17.1172,2, 2
60, 33, 3, 165, 97, 0, 0,0, 0
60, 33, 4, 165, 205, 0, 0,0, 0
60, 33, 5, 165, 182, 15.7553, 15.7553,2, 2
60, 33, 6, 165, 165, 94.4037, 115.515,15, 12
60, 33, 7, 165, 137, 13.908, 13.908,2, 2
60, 33, 8, 165, 132, 24.4579, 24.4579,3, 3
60, 33, 9, 165, 176, 179.596, 404.318,45, 18
60, 33, 10, 165, 178, 164.975, 294.687,36, 19
60, 33, 11, 165, 170, 132.991, 228.504,27, 15
60, 33, 12, 165, 173, 64.138, 71.8056,7, 6
60, 33, 13, 165, 171, 26.0112, 26.0112,3, 3
60, 33, 14, 165, 149, 0, 0,0, 0
60, 33, 15, 165, 122, 39.2317, 46.3186,5, 4
60, 33, 16, 165, 111, 0, 0,0, 0
60, 33, 17, 165, 120, 7.67182, 7.67182,1, 1
60, 33, 18, 165, 132, 20.2376, 20.2376,2, 2
60, 33, 19, 165, 138, 21.5567, 21.5567,2, 2
60, 33, 20, 165, 160, 47.7349, 47.7349,5, 5
60, 33, 21, 165, 102, 0, 0,0, 0
60, 33, 22, 165, 133, 9.31663, 9.31663,1, 1
60, 33, 23, 165, 151, 0, 0,0, 0
60, 33, 24, 165, 130, 23.1153, 31.0174,4, 3
60, 33, 25, 165, 159, 7.30537, 7.30537,1, 1
60, 33, 26, 165, 184, 13.5146, 13.5146,2, 2
60, 33, 27, 165, 123, 15.7234, 15.7234,2, 2
60, 33, 28, 165, 163, 28.7843, 28.7843,3, 3
60, 33, 29, 165, 187, 297.32, 323.746,31, 28
60, 33, 30, 165, 163, 24.9565, 24.9565,3, 3
60, 33, 31, 165, 140, 50.0514, 50.0514,6, 6
60, 33, 32, 165, 169, 0, 0,0, 0
60, 33, 34, 165, 128, 43.7814, 43.7814,5, 5
60, 33, 35, 165, 132, 29.6921, 29.6921,4, 4
60, 33, 36, 165, 159, 55.3774, 62.2832,7, 6
60, 33, 37, 165, 165, 0, 0,0, 0
60, 33, 38, 165, 178, 413.223, 714.749,82, 43
60, 33, 39, 165, 164, 160.017, 248.159,28, 17
60, 33, 40, 165, 149, 36.6678, 36.6678,4, 4
60, 33, 41, 165, 134, 57.2947, 57.2947,6, 6
60, 33, 42, 165, 137, 120.553, 120.553,13, 13
60, 33, 43, 165, 153, 334.104, 610.416,68, 33
60, 33, 44, 165, 127, 0, 0,0, 0
60, 33, 45, 165, 166, 166.711, 288.812,35, 19
60, 33, 46, 165, 152, 11.3933, 11.3933,1, 1
60, 33, 47, 165, 156, 46.4614, 53.9937,7, 6
60, 34, 1, 128, 105, 15.3129, 22.1366,3, 2
60, 34, 2, 128, 136, 60.5614, 60.5614,6, 6
60, 34, 3, 128, 97, 69.1996, 85.9917,8, 6
60, 34, 4, 128, 205, 15.8864, 15.8864,2, 2
60, 34, 5, 128, 182, 9.0553, 9.0553,1, 1
60, 34, 6, 128, 165, 17.0026, 17.0026,2, 2
60, 34, 7, 128, 137, 91.0212, 91.0212,10, 10
60, 34, 8, 128, 132, 54.1226, 54.1226,6, 6
60, 34, 9, 128, 176, 0, 0,0, 0
60, 34, 10, 128, 178, 34.072, 51.1212,5, 3
60, 34, 11, 128, 170, 138.452, 138.452,15, 15
60, 34, 12, 128, 173, 147.945, 162.152,20, 18
60, 34, 13, 128, 171, 60.3445, 60.3445,7, 7
60, 34, 14, 128, 149, 29.4703, 29.4703,4, 4
60, 34, 15, 128, 122, 127.423, 161.365,16, 12
60, 34, 16, 128, 111, 27.7641, 34.6925,4, 3
60, 34, 17, 128, 120, 62.3917, 80.1041,9, 7
60, 34, 18, 128, 132, 77.56, 88.0605,9, 8
60, 34, 19, 128, 138, 32.329, 40.8114,5, 4
60, 34, 20, 128, 160, 135.708, 135.708,15, 15
60, 34, 21, 128, 102, 79.1374, 79.1374,9, 9
60, 34, 22, 128, 133, 94.357, 101.241,12, 11
60, 34, 23, 128, 151, 20.1231, 28.7823,3, 2
60, 34, 24, 128, 130, 25.8921, 41.0058,4, 2
60, 34, 25, 128, 159, 75.5366, 83.8679,9, 8
60, 34, 26, 128, 184, 35.4727, 35.4727,5, 5
60, 34, 27, 128, 123, 26.7816, 26.7816,3, 3
60, 34, 28, 128, 163, 43.6198, 58.0842,6, 4
60, 34, 29, 128, 187, 29.2963, 29.2963,4, 4
60, 34, 30, 128, 163, 36.7932, 36.7932,5, 5
60, 34, 31, 128, 140, 32.1713, 32.1713,4, 4
60, 34, 32, 128, 169, 52.5042, 71.4884,7, 5
60, 34, 33, 128, 165, 43.7813, 43.7813,5, 5
60, 34, 35, 128, 132, 62.1657, 78.4719,9, 7
60, 34, 36, 128, 159, 256.707, 287.046,34, 30
60, 34, 37, 128, 165, 42.6859, 50.3533,6, 5
60, 34, 38, 128, 178, 37.4118, 45.6106,4, 3
60, 34, 39, 128, 164, 78.2408, 78.2408,9, 9
60, 34, 40, 128, 149, 40.1799, 40.1799,4, 4
60, 34, 41, 128, 134, 57.8536, 57.8536,7, 7
60, 34, 42, 128, 137, 51.2219, 51.2219,6, 6
60, 34, 43, 128, 153, 23.6112, 23.6112,3, 3
60, 34, 44, 128, 127, 64.3273, 64.3273,8, 8
60, 34, 45, 128, 166, 16.3271, 16.3271,2, 2
60, 34, 46, 128, 152, 54.4863, 54.4863,7, 7
60, 34, 47, 128, 156, 17.1435, 17.1435,2, 2
60, 35, 1, 132, 105, 6.80164, 6.80164,1, 1
60, 35, 2, 132, 136, 25.3622, 25.3622,2, 2
60, 35, 3, 132, 97, 28.2626, 28.2626,3, 3
60, 35, 4, 132, 205, 15.841, 15.841,2, 2
60, 35, 5, 132, 182, 0, 0,0, 0
60, 35, 6, 132, 165, 74.6566, 106.59,12, 8
60, 35, 7, 132, 137, 51.8978, 51.8978,6, 6
60, 35, 8, 132, 132, 18.2393, 18.2393,2, 2
60, 35, 9, 132, 176, 115.215, 122.402,16, 15
60, 35, 10, 132, 178, 104.961, 111.773,12, 11
60, 35, 11, 132, 170, 60.8801, 76.8617,8, 6
60, 35, 12, 132, 173, 23.1712, 23.1712,3, 3
60, 35, 13, 132, 171, 0, 0,0, 0
60, 35, 14, 132, 149, 39.2287, 39.2287,4, 4
60, 35, 15, 132, 122, 35.3735, 35.3735,3, 3
60, 35, 16, 132, 111, 61.2942, 61.2942,5, 5
60, 35, 17, 132, 120, 46.5785, 56.0158,4, 3
60, 35, 18, 132, 132, 24.4391, 24.4391,3, 3
60, 35, 19, 132, 138, 0, 0,0, 0
60, 35, 20, 132, 160, 33.5787, 33.5787,4, 4
60, 35, 21, 132, 102, 0, 0,0, 0
60, 35, 22, 132, 133, 35.8621, 35.8621,3, 3
60, 35, 23, 132, 151, 60.147, 66.8732,5, 4
60, 35, 24, 132, 130, 64.6712, 71.757,8, 7
60, 35, 25, 132, 159, 73.5517, 73.5517,7, 7
60, 35, 26, 132, 184, 0, 0,0, 0
60, 35, 27, 132, 123, 10.5085, 10.5085,1, 1
60, 35, 28, 132, 163, 41.2312, 41.2312,2, 2
60, 35, 29, 132, 187, 0, 0,0, 0
60, 35, 30, 132, 163, 0, 0,0, 0
60, 35, 31, 132, 140, 0, 0,0, 0
60, 35, 32, 132, 169, 94.1949, 94.1949,10, 10
60, 35, 33, 132, 165, 22.3834, 29.6921,4, 3
60, 35, 34, 132, 128, 78.4719, 78.4719,9, 9
60, 35, 36, 132, 159, 60.4797, 90.1512,11, 7
60, 35, 37, 132, 165, 32.8271, 32.8271,3, 3
60, 35, 38, 132, 178, 121.513, 145.464,17, 14
60, 35, 39, 132, 164, 240.321, 278.883,31, 26
60, 35, 40, 132, 149, 0, 0,0, 0
60, 35, 41, 132, 134, 0, 0,0, 0
60, 35, 42, 132, 137, 8.27355, 8.27355,1, 1
60, 35, 43, 132, 153, 88.7542, 110.598,13, 10
60, 35, 44, 132, 127, 14.1083, 14.1083,2, 2
60, 35, 45, 132, 166, 100.962, 124.438,14, 11
60, 35, 46, 132, 152, 17.7882, 17.7882,2, 2
60, 35, 47, 132, 156, 70.4899, 80.2851,8, 7
60, 36, 1, 159, 105, 6.74685, 6.74685,1, 1
60, 36, 2, 159, 136, 54.4075, 54.4075,6, 6
60, 36, 3, 159, 97, 24.1391, 24.1391,3, 3
60, 36, 4, 159, 205, 15.8445, 15.8445,2, 2
60, 36, 5, 159, 182, 57.018, 66.0299,7, 6
60, 36, 6, 159, 165, 46.8856, 46.8856,4, 4
60, 36, 7, 159, 137, 57.5665, 57.5665,6, 6
60, 36, 8, 159, 132, 50.0156, 58.2103,6, 5
60, 36, 9, 159, 176, 7.11313, 7.11313,1, 1
60, 36, 10, 159, 178, 73.029, 73.029,7, 7
60, 36, 11, 159, 170, 147.177, 147.177,16, 16
60, 36, 12, 159, 173, 246.177, 284.178,26, 21
60, 36, 13, 159, 171, 76.6554, 76.6554,7, 7
60, 36, 14, 159, 149, 31.1587, 31.1587,3, 3
60, 36, 15, 159, 122, 63.7364, 70.4064,8, 7
60, 36, 16, 159, 111, 41.273, 41.273,4, 4
60, 36, 17, 159, 120, 52.3656, 52.3656,6, 6
60, 36, 18, 159, 132, 60.1794, 60.1794,6, 6
60, 36, 19, 159, 138, 30.7123, 30.7123,4, 4
60, 36, 20, 159, 160, 113.775, 113.775,11, 11
60, 36, 21, 159, 102, 48.7652, 59.2301,7, 6
60, 36, 22, 159, 133, 29.4131, 29.4131,3, 3
60, 36, 23, 159, 151, 15.6258, 15.6258,2, 2
60, 36, 24, 159, 130, 0, 0,0, 0
60, 36, 25, 159, 159, 67.0724, 67.0724,8, 8
60, 36, 26, 159, 184, 15.2946, 15.2946,2, 2
60, 36, 27, 159, 123, 27.979, 27.979,2, 2
60, 36, 28, 159, 163, 83.1198, 83.1198,8, 8
60, 36, 29, 159, 187, 32.9564, 32.9564,4, 4
60, 36, 30, 159, 163, 29.4223, 29.4223,4, 4
60, 36, 31, 159, 140, 35.9447, 35.9447,4, 4
60, 36, 32, 159, 169, 26.9601, 26.9601,3, 3
60, 36, 33, 159, 165, 62.2832, 62.2832,7, 7
60, 36, 34, 159, 128, 287.047, 287.047,34, 34
60, 36, 35, 159, 132, 76.4474, 90.1512,11, 9
60, 36, 37, 159, 165, 19.3774, 19.3774,2, 2
60, 36, 38, 159, 178, 29.2883, 29.2883,2, 2
60, 36, 39, 159, 164, 147.101, 162.792,17, 15
60, 36, 40, 159, 149, 36.1483, 43.6286,5, 4
60, 36, 41, 159, 134, 75.1823, 84.0099,9, 8
60, 36, 42, 159, 137, 91.5518, 106.441,13, 11
60, 36, 43, 159, 153, 37.815, 37.815,5, 5
60, 36, 44, 159, 127, 71.0575, 71.0575,7, 7
60, 36, 45, 159, 166, 15.3736, 15.3736,2, 2
60, 36, 46, 159, 152, 48.6528, 55.3289,6, 5
60, 36, 47, 159, 156, 45.496, 45.496,4, 4
60, 37, 1, 165, 105, 15.7505, 15.7505,2, 2
60, 37, 2, 165, 136, 31.2411, 47.7719,4, 2
60, 37, 3, 165, 97, 42.4205, 51.0253,4, 3
60, 37, 4, 165, 205, 21.1767, 38.0755,4, 2
60, 37, 5, 165, 182, 7.57894, 7.57894,1, 1
60, 37, 6, 165, 165, 48.8195, 71.9751,9, 6
60, 37, 7, 165, 137, 248.572, 266.897,28, 26
60, 37, 8, 165, 132, 26.2294, 34.128,4, 3
60, 37, 9, 165, 176, 10.2886, 19.0563,2, 1
60, 37, 10, 165, 178, 50.4579, 57.638,5, 4
60, 37, 11, 165, 170, 0, 0,0, 0
60, 37, 12, 165, 173, 21.9034, 28.6189,3, 2
60, 37, 13, 165, 171, 0, 0,0, 0
60, 37, 14, 165, 149, 370.627, 432.659,46, 39
60, 37, 15, 165, 122, 120.593, 120.593,12, 12
60, 37, 16, 165, 111, 88.237, 109.118,12, 9
60, 37, 17, 165, 120, 60.997, 77.4705,8, 6
60, 37, 18, 165, 132, 24.4443, 24.4443,3, 3
60, 37, 19, 165, 138, 0, 0,0, 0
60, 37, 20, 165, 160, 166.045, 192.279,20, 17
60, 37, 21, 165, 102, 7.40483, 7.40483,1, 1
60, 37, 22, 165, 133, 32.206, 40.607,4, 3
60, 37, 23, 165, 151, 96.2771, 118.98,14, 11
60, 37, 24, 165, 130, 67.3764, 91.8667,11, 8
60, 37, 25, 165, 159, 239.842, 239.842,23, 23
60, 37, 26, 165, 184, 10.0224, 10.0224,1, 1
60, 37, 27, 165, 123, 13.0403, 22.5864,2, 1
60, 37, 28, 165, 163, 29.8687, 45.6875,4, 2
60, 37, 29, 165, 187, 0, 0,0, 0
60, 37, 30, 165, 163, 0, 0,0, 0
60, 37, 31, 165, 140, 6.74339, 6.74339,1, 1
60, 37, 32, 165, 169, 4169.68, 4384.18,136, 114
60, 37, 33, 165, 165, 0, 0,0, 0
60, 37, 34, 165, 128, 50.3535, 50.3535,6, 6
60, 37, 35, 165, 132, 32.8272, 32.8272,3, 3
60, 37, 36, 165, 159, 11.5044, 19.3774,2, 1
60, 37, 38, 165, 178, 23.5173, 40.5887,4, 2
60, 37, 39, 165, 164, 11.5165, 19.22,2, 1
60, 37, 40, 165, 149, 0, 0,0, 0
60, 37, 41, 165, 134, 0, 0,0, 0
60, 37, 42, 165, 137, 0, 0,0, 0
60, 37, 43, 165, 153, 0, 0,0, 0
60, 37, 44, 165, 127, 10.9369, 10.9369,1, 1
60, 37, 45, 165, 166, 24.285, 31.6938,4, 3
60, 37, 46, 165, 152, 31.1713, 45.9879,6, 4
60, 37, 47, 165, 156, 36.4711, 51.888,6, 4
60, 38, 1, 178, 105, 6.7112, 6.7112,1, 1
60, 38, 2, 178, 136, 40.1265, 63.9075,5, 3
60, 38, 3, 178, 97, 37.8708, 56.4949,6, 4
60, 38, 4, 178, 205, 17.1115, 32.88,4, 2
60, 38, 5, 178, 182, 7.42281, 7.42281,1, 1
60, 38, 6, 178, 165, 107.344, 194.123,22, 11
60, 38, 7, 178, 137, 12.3092, 20.3533,2, 1
60, 38, 8, 178, 132, 0, 0,0, 0
60, 38, 9, 178, 176, 260.115, 581.035,71, 30
60, 38, 10, 178, 178, 256.614, 576.219,63, 25
60, 38, 11, 178, 170, 119.492, 245.475,28, 13
60, 38, 12, 178, 173, 29.2581, 46.5093,4, 2
60, 38, 13, 178, 171, 0, 0,0, 0
60, 38, 14, 178, 149, 11.5357, 20.374,2, 1
60, 38, 15, 178, 122, 18.6251, 30.2411,2, 1
60, 38, 16, 178, 111, 24.059, 44.197,4, 2
60, 38, 17, 178, 120, 15.4808, 29.6253,2, 1
60, 38, 18, 178, 132, 10.3873, 18.2703,2, 1
60, 38, 19, 178, 138, 0, 0,0, 0
60, 38, 20, 178, 160, 13.4896, 25.0574,2, 1
60, 38, 21, 178, 102, 0, 0,0, 0
60, 38, 22, 178, 133, 17.819, 32.1268,2, 1
60, 38, 23, 178, 151, 13.7423, 24.4475,2, 1
60, 38, 24, 178, 130, 25.1841, 25.1841,3, 3
60, 38, 25, 178, 159, 15.0039, 24.5656,2, 1
60, 38, 26, 178, 184, 0, 0,0, 0
60, 38, 27, 178, 123, 31.5094, 43.5608,3, 2
60, 38, 28, 178, 163, 43.2234, 72.0509,5, 3
60, 38, 29, 178, 187, 56.4256, 64.5845,8, 7
60, 38, 30, 178, 163, 0, 0,0, 0
60, 38, 31, 178, 140, 6.76684, 6.76684,1, 1
60, 38, 32, 178, 169, 36.4624, 61.4004,6, 3
60, 38, 33, 178, 165, 349.328, 714.749,82, 36
60, 38, 34, 178, 128, 35.5777, 45.6111,4, 3
60, 38, 35, 178, 132, 96.7649, 145.464,17, 11
60, 38, 36, 178, 159, 19.0267, 29.2891,2, 1
60, 38, 37, 178, 165, 23.5165, 40.5877,4, 2
60, 38, 39, 178, 164, 277.123, 462.899,50, 28
60, 38, 40, 178, 149, 0, 0,0, 0
60, 38, 41, 178, 134, 14.6112, 14.6112,2, 2
60, 38, 42, 178, 137, 16.6395, 24.9537,3, 2
60, 38, 43, 178, 153, 251.002, 577.752,65, 26
60, 38, 44, 178, 127, 10.4177, 18.3389,2, 1
60, 38, 45, 178, 166, 193.85, 422.877,51, 22
60, 38, 46, 178, 152, 10.8657, 20.0932,2, 1
60, 38, 47, 178, 156, 57.4949, 89.9288,11, 7
60, 39, 1, 164, 105, 24.6692, 24.6692,3, 3
60, 39, 2, 164, 136, 31.3744, 31.3744,3, 3
60, 39, 3, 164, 97, 26.2772, 26.2772,3, 3
60, 39, 4, 164, 205, 16.4186, 16.4186,2, 2
60, 39, 5, 164, 182, 9.98644, 9.98644,1, 1
60, 39, 6, 164, 165, 177.772, 286.72,29, 16
60, 39, 7, 164, 137, 7.97772, 7.97772,1, 1
60, 39, 8, 164, 132, 13.9284, 13.9284,2, 2
60, 39, 9, 164, 176, 343.909, 585.671,64, 34
60, 39, 10, 164, 178, 405.953, 628.981,69, 41
60, 39, 11, 164, 170, 162.719, 213.036,25, 18
60, 39, 12, 164, 173, 42.7609, 42.7609,5, 5
60, 39, 13, 164, 171, 0, 0,0, 0
60, 39, 14, 164, 149, 38.7913, 46.8817,5, 4
60, 39, 15, 164, 122, 12.0113, 12.0113,1, 1
60, 39, 16, 164, 111, 89.8008, 103.319,13, 11
60, 39, 17, 164, 120, 38.6547, 38.6547,3, 3
60, 39, 18, 164, 132, 20.701, 20.701,3, 3
60, 39, 19, 164, 138, 6.957, 6.957,1, 1
60, 39, 20, 164, 160, 13.5476, 13.5476,1, 1
60, 39, 21, 164, 102, 0, 0,0, 0
60, 39, 22, 164, 133, 50.0066, 50.0066,4, 4
60, 39, 23, 164, 151, 63.0507, 76.736,8, 6
60, 39, 24, 164, 130, 50.9458, 58.4717,6, 5
60, 39, 25, 164, 159, 47.0499, 47.0499,5, 5
60, 39, 26, 164, 184, 0, 0,0, 0
60, 39, 27, 164, 123, 28.4326, 28.4326,3, 3
60, 39, 28, 164, 163, 45.9429, 45.9429,2, 2
60, 39, 29, 164, 187, 7.28355, 7.28355,1, 1
60, 39, 30, 164, 163, 0, 0,0, 0
60, 39, 31, 164, 140, 14.134, 14.134,2, 2
60, 39, 32, 164, 169, 37.8501, 37.8501,4, 4
60, 39, 33, 164, 165, 172.32, 248.159,28, 18
60, 39, 34, 164, 128, 78.2409, 78.2409,9, 9
60, 39, 35, 164, 132, 206.79, 278.883,31, 22
60, 39, 36, 164, 159, 155.024, 162.791,17, 16
60, 39, 37, 164, 165, 19.2201, 19.2201,2, 2
60, 39, 38, 164, 178, 280.599, 462.899,50, 28
60, 39, 40, 164, 149, 0, 0,0, 0
60, 39, 41, 164, 134, 0, 0,0, 0
60, 39, 42, 164, 137, 6.76009, 6.76009,1, 1
60, 39, 43, 164, 153, 207.379, 352.051,40, 21
60, 39, 44, 164, 127, 18.066, 18.066,2, 2
60, 39, 45, 164, 166, 244.096, 400.612,46, 26
60, 39, 46, 164, 152, 15.1735, 15.1735,1, 1
60, 39, 47, 164, 156, 96.4534, 125.101,14, 10
60, 40, 1, 149, 105, 0, 0,0, 0
60, 40, 2, 149, 136, 7.39692, 14.6002,2, 1
60, 40, 3, 149, 97, 0, 0,0, 0
60, 40, 4, 149, 205, 6.97878, 6.97878,1, 1
60, 40, 5, 149, 182, 23.3086, 23.3086,3, 3
60, 40, 6, 149, 165, 7.94596, 7.94596,1, 1
60, 40, 7, 149, 137, 7.57929, 7.57929,1, 1
60, 40, 8, 149, 132, 33.8948, 33.8948,4, 4
60, 40, 9, 149, 176, 0, 0,0, 0
60, 40, 10, 149, 178, 0, 0,0, 0
60, 40, 11, 149, 170, 14.8118, 14.8118,2, 2
60, 40, 12, 149, 173, 44.0808, 44.0808,5, 5
60, 40, 13, 149, 171, 59.3038, 67.6079,8, 7
60, 40, 14, 149, 149, 0, 0,0, 0
60, 40, 15, 149, 122, 17.6217, 17.6217,2, 2
60, 40, 16, 149, 111, 0, 0,0, 0
60, 40, 17, 149, 120, 8.31112, 15.7469,2, 1
60, 40, 18, 149, 132, 15.0566, 15.0566,2, 2
60, 40, 19, 149, 138, 60.8947, 67.6015,7, 6
60, 40, 20, 149, 160, 14.1369, 14.1369,2, 2
60, 40, 21, 149, 102, 25.5039, 25.5039,2, 2
60, 40, 22, 149, 133, 14.2527, 14.2527,2, 2
60, 40, 23, 149, 151, 0, 0,0, 0
60, 40, 24, 149, 130, 0, 0,0, 0
60, 40, 25, 149, 159, 7.61333, 15.0074,2, 1
60, 40, 26, 149, 184, 22.4164, 22.4164,3, 3
60, 40, 27, 149, 123, 7.60383, 7.60383,1, 1
60, 40, 28, 149, 163, 7.58109, 7.58109,1, 1
60, 40, 29, 149, 187, 85.9876, 85.9876,10, 10
60, 40, 30, 149, 163, 61.4953, 69.5981,8, 7
60, 40, 31, 149, 140, 14.2357, 21.2594,3, 2
60, 40, 32, 149, 169, 0, 0,0, 0
60, 40, 33, 149, 165, 36.6678, 36.6678,4, 4
60, 40, 34, 149, 128, 28.08, 40.1799,4, 3
60, 40, 35, 149, 132, 0, 0,0, 0
60, 40, 36, 149, 159, 34.9757, 43.6285,5, 4
60, 40, 37, 149, 165, 0, 0,0, 0
60, 40, 38, 149, 178, 0, 0,0, 0
60, 40, 39, 149, 164, 0, 0,0, 0
60, 40, 41, 149, 134, 393.969, 428.501,42, 38
60, 40, 42, 149, 137, 284.762, 293.362,30, 29
60, 40, 43, 149, 153, 81.3465, 81.3465,10, 10
60, 40, 44, 149, 127, 25.7251, 25.7251,3, 3
60, 40, 45, 149, 166, 0, 0,0, 0
60, 40, 46, 149, 152, 11.1858, 11.1858,1, 1
60, 40, 47, 149, 156, 11.7974, 11.7974,1, 1
60, 41, 1, 134, 105, 0, 0,0, 0
60, 41, 2, 134, 136, 31.8915, 31.8915,4, 4
60, 41, 3, 134, 97, 0, 0,0, 0
60, 41, 4, 134, 205, 6.68091, 6.68091,1, 1
60, 41, 5, 134, 182, 31.2383, 31.2383,4, 4
60, 41, 6, 134, 165, 29.4858, 29.4858,4, 4
60, 41, 7, 134, 137, 8.18425, 8.18425,1, 1
60, 41, 8, 134, 132, 28.2489, 28.2489,3, 3
60, 41, 9, 134, 176, 0, 0,0, 0
60, 41, 10, 134, 178, 0, 0,0, 0
60, 41, 11, 134, 170, 50.7018, 50.7018,6, 6
60, 41, 12, 134, 173, 70.1465, 70.1465,7, 7
60, 41, 13, 134, 171, 17.4892, 17.4892,2, 2
60, 41, 14, 134, 149, 0, 0,0, 0
60, 41, 15, 134, 122, 35.3824, 35.3824,4, 4
60, 41, 16, 134, 111, 0, 0,0, 0
60, 41, 17, 134, 120, 8.70324, 8.70324,1, 1
60, 41, 18, 134, 132, 50.662, 50.662,6, 6
60, 41, 19, 134, 138, 48.7752, 48.7752,5, 5
60, 41, 20, 134, 160, 61.9936, 61.9936,7, 7
60, 41, 21, 134, 102, 47.292, 47.292,5, 5
60, 41, 22, 134, 133, 14.6448, 14.6448,2, 2
60, 41, 23, 134, 151, 0, 0,0, 0
60, 41, 24, 134, 130, 0, 0,0, 0
60, 41, 25, 134, 159, 0, 0,0, 0
60, 41, 26, 134, 184, 23.0678, 23.0678,3, 3
60, 41, 27, 134, 123, 7.52065, 7.52065,1, 1
60, 41, 28, 134, 163, 8.77319, 8.77319,1, 1
60, 41, 29, 134, 187, 111.936, 111.936,12, 12
60, 41, 30, 134, 163, 33.8136, 33.8136,4, 4
60, 41, 31, 134, 140, 14.6275, 14.6275,2, 2
60, 41, 32, 134, 169, 0, 0,0, 0
60, 41, 33, 134, 165, 57.2952, 57.2952,6, 6
60, 41, 34, 134, 128, 57.8535, 57.8535,7, 7
60, 41, 35, 134, 132, 0, 0,0, 0
60, 41, 36, 134, 159, 84.0096, 84.0096,9, 9
60, 41, 37, 134, 165, 0, 0,0, 0
60, 41, 38, 134, 178, 14.6111, 14.6111,2, 2
60, 41, 39, 134, 164, 0, 0,0, 0
60, 41, 40, 134, 149, 394.814, 428.505,42, 38
60, 41, 42, 134, 137, 350.907, 357.94,33, 32
60, 41, 43, 134, 153, 137.73, 146.609,15, 14
60, 41, 44, 134, 127, 6.9482, 6.9482,1, 1
60, 41, 45, 134, 166, 0, 0,0, 0
60, 41, 46, 134, 152, 7.45771, 7.45771,1, 1
60, 41, 47, 134, 156, 0, 0,0, 0
60, 42, 1, 137, 105, 0, 0,0, 0
60, 42, 2, 137, 136, 23.6334, 23.6334,3, 3
60, 42, 3, 137, 97, 0, 0,0, 0
60, 42, 4, 137, 205, 7.75468, 7.75468,1, 1
60, 42, 5, 137, 182, 8.64674, 8.64674,1, 1
60, 42, 6, 137, 165, 23.1407, 23.1407,3, 3
60, 42, 7, 137, 137, 28.3451, 28.3451,3, 3
60, 42, 8, 137, 132, 50.6043, 58.0254,7, 6
60, 42, 9, 137, 176, 21.8654, 21.8654,3, 3
60, 42, 10, 137, 178, 13.8441, 13.8441,2, 2
60, 42, 11, 137, 170, 74.9843, 74.9843,8, 8
60, 42, 12, 137, 173, 110.27, 132.033,16, 13
60, 42, 13, 137, 171, 63.8848, 70.9958,9, 8
60, 42, 14, 137, 149, 7.68105, 7.68105,1, 1
60, 42, 15, 137, 122, 43.9088, 43.9088,5, 5
60, 42, 16, 137, 111, 0, 0,0, 0
60, 42, 17, 137, 120, 24.5642, 24.5642,3, 3
60, 42, 18, 137, 132, 80.4874, 87.6046,9, 8
60, 42, 19, 137, 138, 56.5532, 63.3001,8, 7
60, 42, 20, 137, 160, 54.9846, 62.0108,8, 7
60, 42, 21, 137, 102, 31.5029, 31.5029,4, 4
60, 42, 22, 137, 133, 37.2107, 37.2107,4, 4
60, 42, 23, 137, 151, 8.1367, 15.3056,2, 1
60, 42, 24, 137, 130, 0, 0,0, 0
60, 42, 25, 137, 159, 16.0766, 16.0766,2, 2
60, 42, 26, 137, 184, 14.8721, 14.8721,2, 2
60, 42, 27, 137, 123, 7.11168, 7.11168,1, 1
60, 42, 28, 137, 163, 32.2906, 39.3848,5, 4
60, 42, 29, 137, 187, 123.81, 130.497,14, 13
60, 42, 30, 137, 163, 42.488, 42.488,6, 6
60, 42, 31, 137, 140, 18.5771, 26.5441,3, 2
60, 42, 32, 137, 169, 6.97886, 6.97886,1, 1
60, 42, 33, 137, 165, 113.051, 120.553,13, 12
60, 42, 34, 137, 128, 51.222, 51.222,6, 6
60, 42, 35, 137, 132, 8.2736, 8.2736,1, 1
60, 42, 36, 137, 159, 99.3896, 106.441,13, 12
60, 42, 37, 137, 165, 0, 0,0, 0
60, 42, 38, 137, 178, 24.9539, 24.9539,3, 3
60, 42, 39, 137, 164, 6.76009, 6.76009,1, 1
60, 42, 40, 137, 149, 269.524, 293.363,30, 27
60, 42, 41, 137, 134, 341.135, 357.939,33, 31
60, 42, 43, 137, 153, 332.35, 339.468,36, 35
60, 42, 44, 137, 127, 8.46431, 8.46431,1, 1
60, 42, 45, 137, 166, 0, 0,0, 0
60, 42, 46, 137, 152, 44.8281, 44.8281,5, 5
60, 42, 47, 137, 156, 44.935, 44.935,5, 5
60, 43, 1, 153, 105, 0, 0,0, 0
60, 43, 2, 153, 136, 16.1034, 22.9745,3, 2
60, 43, 3, 153, 97, 0, 0,0, 0
60, 43, 4, 153, 205, 0, 0,0, 0
60, 43, 5, 153, 182, 16.3504, 16.3504,2, 2
60, 43, 6, 153, 165, 79.4703, 86.2094,11, 10
60, 43, 7, 153, 137, 47.6487, 47.6487,5, 5
60, 43, 8, 153, 132, 7.57397, 14.783,2, 1
60, 43, 9, 153, 176, 203.209, 440.403,51, 22
60, 43, 10, 153, 178, 204.216, 365.906,42, 22
60, 43, 11, 153, 170, 129.126, 245.24,28, 13
60, 43, 12, 153, 173, 31.9674, 31.9674,4, 4
60, 43, 13, 153, 171, 21.5179, 21.5179,3, 3
60, 43, 14, 153, 149, 0, 0,0, 0
60, 43, 15, 153, 122, 6.81432, 6.81432,1, 1
60, 43, 16, 153, 111, 0, 0,0, 0
60, 43, 17, 153, 120, 14.6798, 14.6798,2, 2
60, 43, 18, 153, 132, 23.2117, 30.6688,4, 3
60, 43, 19, 153, 138, 21.6457, 28.5215,3, 2
60, 43, 20, 153, 160, 6.7811, 6.7811,1, 1
60, 43, 21, 153, 102, 16.9395, 16.9395,2, 2
60, 43, 22, 153, 133, 26.8542, 33.7432,4, 3
60, 43, 23, 153, 151, 0, 0,0, 0
60, 43, 24, 153, 130, 21.9657, 29.0755,4, 3
60, 43, 25, 153, 159, 9.24212, 9.24212,1, 1
60, 43, 26, 153, 184, 0, 0,0, 0
60, 43, 27, 153, 123, 25.4733, 32.6496,4, 3
60, 43, 28, 153, 163, 38.4938, 52.6005,7, 5
60, 43, 29, 153, 187, 48.5451, 63.9412,8, 6
60, 43, 30, 153, 163, 14.7337, 21.6002,3, 2
60, 43, 31, 153, 140, 32.7976, 47.4884,6, 4
60, 43, 32, 153, 169, 0, 0,0, 0
60, 43, 33, 153, 165, 286.863, 610.417,68, 28
60, 43, 34, 153, 128, 15.7504, 23.6112,3, 2
60, 43, 35, 153, 132, 59.4251, 110.599,13, 7
60, 43, 36, 153, 159, 30.4318, 37.8148,5, 4
60, 43, 37, 153, 165, 0, 0,0, 0
60, 43, 38, 153, 178, 324.052, 577.754,65, 33
60, 43, 39, 153, 164, 239.802, 352.051,40, 25
60, 43, 40, 153, 149, 74.6629, 81.3465,10, 9
60, 43, 41, 153, 134, 113.161, 146.609,15, 11
60, 43, 42, 153, 137, 267.66, 339.468,36, 28
60, 43, 44, 153, 127, 14.0684, 14.0684,2, 2
60, 43, 45, 153, 166, 110.148, 237.792,29, 12
60, 43, 46, 153, 152, 25.0303, 25.0303,3, 3
60, 43, 47, 153, 156, 47.7411, 95.5321,11, 5
60, 44, 1, 127, 105, 7.22946, 7.22946,1, 1
60, 44, 2, 127, 136, 33.9965, 33.9965,4, 4
60, 44, 3, 127, 97, 8.65546, 8.65546,1, 1
60, 44, 4, 127, 205, 14.8518, 14.8518,2, 2
60, 44, 5, 127, 182, 126.5, 136.709,13, 12
60, 44, 6, 127, 165, 103.755, 112.252,12, 11
60, 44, 7, 127, 137, 24.2249, 24.2249,2, 2
60, 44, 8, 127, 132, 23.6888, 23.6888,2, 2
60, 44, 9, 127, 176, 0, 0,0, 0
60, 44, 10, 127, 178, 8.1513, 8.1513,1, 1
60, 44, 11, 127, 170, 14.1089, 21.0768,3, 2
60, 44, 12, 127, 173, 66.5031, 66.5031,5, 5
60, 44, 13, 127, 171, 52.4946, 52.4946,3, 3
60, 44, 14, 127, 149, 26.4165, 26.4165,3, 3
60, 44, 15, 127, 122, 16.0965, 16.0965,2, 2
60, 44, 16, 127, 111, 14.2462, 14.2462,2, 2
60, 44, 17, 127, 120, 27.899, 27.899,3, 3
60, 44, 18, 127, 132, 25.2372, 25.2372,3, 3
60, 44, 19, 127, 138, 31.0278, 31.0278,3, 3
60, 44, 20, 127, 160, 20.3341, 20.3341,2, 2
60, 44, 21, 127, 102, 97.6987, 104.772,11, 10
60, 44, 22, 127, 133, 51.6951, 51.6951,6, 6
60, 44, 23, 127, 151, 6.90936, 6.90936,1, 1
60, 44, 24, 127, 130, 0, 0,0, 0
60, 44, 25, 127, 159, 28.0856, 28.0856,3, 3
60, 44, 26, 127, 184, 24.4692, 24.4692,3, 3
60, 44, 27, 127, 123, 11.5008, 11.5008,1, 1
60, 44, 28, 127, 163, 36.3205, 36.3205,4, 4
60, 44, 29, 127, 187, 23.9197, 23.9197,3, 3
60, 44, 30, 127, 163, 35.327, 35.327,4, 4
60, 44, 31, 127, 140, 0, 0,0, 0
60, 44, 32, 127, 169, 10.9654, 10.9654,1, 1
60, 44, 33, 127, 165, 0, 0,0, 0
60, 44, 34, 127, 128, 64.3276, 64.3276,8, 8
60, 44, 35, 127, 132, 14.1085, 14.1085,2, 2
60, 44, 36, 127, 159, 71.0571, 71.0571,7, 7
60, 44, 37, 127, 165, 10.9369, 10.9369,1, 1
60, 44, 38, 127, 178, 18.3388, 18.3388,2, 2
60, 44, 39, 127, 164, 18.0661, 18.0661,2, 2
60, 44, 40, 127, 149, 25.7251, 25.7251,3, 3
60, 44, 41, 127, 134, 6.94821, 6.94821,1, 1
60, 44, 42, 127, 137, 8.46435, 8.46435,1, 1
60, 44, 43, 127, 153, 14.0684, 14.0684,2, 2
60, 44, 45, 127, 166, 75.0359, 75.0359,9, 9
60, 44, 46, 127, 152, 339.409, 346.89,35, 34
60, 44, 47, 127, 156, 52.4507, 52.4507,6, 6
60, 45, 1, 166, 105, 6.88796, 6.88796,1, 1
60, 45, 2, 166, 136, 0, 0,0, 0
60, 45, 3, 166, 97, 6.74782, 6.74782,1, 1
60, 45, 4, 166, 205, 0, 0,0, 0
60, 45, 5, 166, 182, 8.71679, 8.71679,1, 1
60, 45, 6, 166, 165, 262.759, 409.473,43, 26
60, 45, 7, 166, 137, 0, 0,0, 0
60, 45, 8, 166, 132, 0, 0,0, 0
60, 45, 9, 166, 176, 254.628, 427.625,51, 28
60, 45, 10, 166, 178, 178.018, 281.652,29, 17
60, 45, 11, 166, 170, 78.2019, 129.909,17, 10
60, 45, 12, 166, 173, 0, 0,0, 0
60, 45, 13, 166, 171, 0, 0,0, 0
60, 45, 14, 166, 149, 38.1132, 45.0225,6, 5
60, 45, 15, 166, 122, 0, 0,0, 0
60, 45, 16, 166, 111, 28.5837, 28.5837,4, 4
60, 45, 17, 166, 120, 22.3989, 22.3989,3, 3
60, 45, 18, 166, 132, 0, 0,0, 0
60, 45, 19, 166, 138, 0, 0,0, 0
60, 45, 20, 166, 160, 8.74444, 8.74444,1, 1
60, 45, 21, 166, 102, 0, 0,0, 0
60, 45, 22, 166, 133, 34.3653, 56.0966,7, 4
60, 45, 23, 166, 151, 38.6643, 38.6643,5, 5
60, 45, 24, 166, 130, 18.6231, 36.6836,4, 2
60, 45, 25, 166, 159, 7.69898, 7.69898,1, 1
60, 45, 26, 166, 184, 0, 0,0, 0
60, 45, 27, 166, 123, 0, 0,0, 0
60, 45, 28, 166, 163, 0, 0,0, 0
60, 45, 29, 166, 187, 13.8183, 13.8183,2, 2
60, 45, 30, 166, 163, 0, 0,0, 0
60, 45, 31, 166, 140, 0, 0,0, 0
60, 45, 32, 166, 169, 57.477, 71.9283,9, 7
60, 45, 33, 166, 165, 161.415, 288.812,35, 19
60, 45, 34, 166, 128, 16.3272, 16.3272,2, 2
60, 45, 35, 166, 132, 101.03, 124.438,14, 11
60, 45, 36, 166, 159, 15.3737, 15.3737,2, 2
60, 45, 37, 166, 165, 24.2306, 31.6936,4, 3
60, 45, 38, 166, 178, 227.037, 422.877,51, 26
60, 45, 39, 166, 164, 265.312, 400.613,46, 28
60, 45, 40, 166, 149, 0, 0,0, 0
60, 45, 41, 166, 134, 0, 0,0, 0
60, 45, 42, 166, 137, 0, 0,0, 0
60, 45, 43, 166, 153, 109.97, 237.791,29, 12
60, 45, 44, 166, 127, 75.0361, 75.0361,9, 9
60, 45, 46, 166, 152, 151.742, 174.838,19, 16
60, 45, 47, 166, 156, 105.862, 168.606,17, 10
60, 46, 1, 152, 105, 0, 0,0, 0
60, 46, 2, 152, 136, 19.6355, 19.6355,2, 2
60, 46, 3, 152, 97, 15.3314, 15.3314,2, 2
60, 46, 4, 152, 205, 15.8521, 15.8521,2, 2
60, 46, 5, 152, 182, 97.2909, 119.119,14, 11
60, 46, 6, 152, 165, 216.384, 231.379,25, 23
60, 46, 7, 152, 137, 51.8415, 61.0117,7, 6
60, 46, 8, 152, 132, 6.71072, 6.71072,1, 1
60, 46, 9, 152, 176, 8.08201, 8.08201,1, 1
60, 46, 10, 152, 178, 18.8268, 18.8268,2, 2
60, 46, 11, 152, 170, 35.566, 35.566,4, 4
60, 46, 12, 152, 173, 50.3979, 77.0783,8, 5
60, 46, 13, 152, 171, 8.1243, 8.1243,1, 1
60, 46, 14, 152, 149, 39.2587, 39.2587,4, 4
60, 46, 15, 152, 122, 27.2813, 34.9847,4, 3
60, 46, 16, 152, 111, 32.8725, 32.8725,4, 4
60, 46, 17, 152, 120, 26.2234, 26.2234,3, 3
60, 46, 18, 152, 132, 36.1741, 36.1741,4, 4
60, 46, 19, 152, 138, 9.26908, 9.26908,1, 1
60, 46, 20, 152, 160, 36.3134, 36.3134,4, 4
60, 46, 21, 152, 102, 50.514, 50.514,5, 5
60, 46, 22, 152, 133, 74.5149, 89.4422,10, 8
60, 46, 23, 152, 151, 38.3068, 38.3068,5, 5
60, 46, 24, 152, 130, 0, 0,0, 0
60, 46, 25, 152, 159, 45.7852, 45.7852,6, 6
60, 46, 26, 152, 184, 50.4685, 65.4402,8, 6
60, 46, 27, 152, 123, 20.4754, 27.2026,3, 2
60, 46, 28, 152, 163, 43.1685, 43.1685,4, 4
60, 46, 29, 152, 187, 7.01358, 7.01358,1, 1
60, 46, 30, 152, 163, 21.9597, 21.9597,3, 3
60, 46, 31, 152, 140, 14.964, 14.964,2, 2
60, 46, 32, 152, 169, 46.8624, 53.7708,7, 6
60, 46, 33, 152, 165, 11.3933, 11.3933,1, 1
60, 46, 34, 152, 128, 54.4865, 54.4865,7, 7
60, 46, 35, 152, 132, 17.7883, 17.7883,2, 2
60, 46, 36, 152, 159, 47.3797, 55.3288,6, 5
60, 46, 37, 152, 165, 38.3, 45.988,6, 5
60, 46, 38, 152, 178, 20.0933, 20.0933,2, 2
60, 46, 39, 152, 164, 15.1736, 15.1736,1, 1
60, 46, 40, 152, 149, 11.1855, 11.1855,1, 1
60, 46, 41, 152, 134, 7.45768, 7.45768,1, 1
60, 46, 42, 152, 137, 38.0435, 44.8271,5, 4
60, 46, 43, 152, 153, 25.0304, 25.0304,3, 3
60, 46, 44, 152, 127, 317.178, 346.891,35, 32
60, 46, 45, 152, 166, 166.584, 174.838,19, 18
60, 46, 47, 152, 156, 111.641, 119.947,11, 10
60, 47, 1, 156, 105, 0, 0,0, 0
60, 47, 2, 156, 136, 24.8966, 40.2778,4, 2
60, 47, 3, 156, 97, 17.6995, 25.1266,3, 2
60, 47, 4, 156, 205, 17.7026, 24.5276,3, 2
60, 47, 5, 156, 182, 7.46232, 7.46232,1, 1
60, 47, 6, 156, 165, 151.5, 185.65,21, 17
60, 47, 7, 156, 137, 9.21672, 16.9582,2, 1
60, 47, 8, 156, 132, 15.3607, 15.3607,2, 2
60, 47, 9, 156, 176, 53.5031, 53.5031,7, 7
60, 47, 10, 156, 178, 87.7314, 109.821,13, 10
60, 47, 11, 156, 170, 28.9654, 36.1262,5, 4
60, 47, 12, 156, 173, 22.0154, 39.7465,4, 2
60, 47, 13, 156, 171, 0, 0,0, 0
60, 47, 14, 156, 149, 62.3019, 84.7599,9, 7
60, 47, 15, 156, 122, 21.0764, 27.7752,3, 2
60, 47, 16, 156, 111, 47.4835, 75.8871,9, 5
60, 47, 17, 156, 120, 30.0222, 45.5296,5, 3
60, 47, 18, 156, 132, 15.8209, 23.3252,3, 2
60, 47, 19, 156, 138, 19.8586, 19.8586,2, 2
60, 47, 20, 156, 160, 13.772, 24.8716,2, 1
60, 47, 21, 156, 102, 16.3607, 16.3607,1, 1
60, 47, 22, 156, 133, 101.875, 163.376,17, 10
60, 47, 23, 156, 151, 81.5594, 97.4464,11, 9
60, 47, 24, 156, 130, 83.0269, 101.525,12, 10
60, 47, 25, 156, 159, 14.8255, 22.1938,2, 1
60, 47, 26, 156, 184, 10.7208, 17.4076,2, 1
60, 47, 27, 156, 123, 11.3529, 22.0676,2, 1
60, 47, 28, 156, 163, 51.0858, 69.9202,6, 4
60, 47, 29, 156, 187, 0, 0,0, 0
60, 47, 30, 156, 163, 8.62226, 8.62226,1, 1
60, 47, 31, 156, 140, 14.4478, 14.4478,2, 2
60, 47, 32, 156, 169, 84.1843, 107.402,13, 10
60, 47, 33, 156, 165, 47.0953, 53.9938,7, 6
60, 47, 34, 156, 128, 17.1435, 17.1435,2, 2
60, 47, 35, 156, 132, 72.4169, 80.2852,8, 7
60, 47, 36, 156, 159, 33.0825, 45.4959,4, 3
60, 47, 37, 156, 165, 36.5397, 51.8882,6, 4
60, 47, 38, 156, 178, 66.3727, 89.9289,11, 8
60, 47, 39, 156, 164, 105.322, 125.101,14, 12
60, 47, 40, 156, 149, 11.7975, 11.7975,1, 1
60, 47, 41, 156, 134, 0, 0,0, 0
60, 47, 42, 156, 137, 34.5485, 44.9353,5, 4
60, 47, 43, 156, 153, 88.0263, 95.5316,11, 10
60, 47, 44, 156, 127, 43.3072, 52.4505,6, 5
60, 47, 45, 156, 166, 110.725, 168.605,17, 11
60, 47, 46, 156, 152, 87.6476, 119.947,11, 8
