46, 1, 2, 168, 217, 180.817, 187.495,23, 22
46, 1, 3, 168, 165, 367.167, 387.44,41, 39
46, 1, 4, 168, 331, 19.0809, 37.3662,4, 2
46, 1, 5, 168, 306, 0, 0,0, 0
46, 1, 6, 168, 306, 14.9495, 14.9495,2, 2
46, 1, 7, 168, 215, 0, 0,0, 0
46, 1, 8, 168, 206, 0, 0,0, 0
46, 1, 9, 168, 261, 15.2256, 15.2256,2, 2
46, 1, 10, 168, 280, 6.88684, 6.88684,1, 1
46, 1, 11, 168, 283, 22.4896, 22.4896,3, 3
46, 1, 12, 168, 270, 16.4149, 16.4149,2, 2
46, 1, 13, 168, 288, 0, 0,0, 0
46, 1, 14, 168, 230, 10.156, 16.8986,2, 1
46, 1, 15, 168, 200, 7.26511, 7.26511,1, 1
46, 1, 16, 168, 200, 38.7339, 38.7339,5, 5
46, 1, 17, 168, 197, 37.8583, 45.0382,6, 5
46, 1, 18, 168, 205, 24.8871, 24.8871,3, 3
46, 1, 19, 168, 228, 0, 0,0, 0
46, 1, 20, 168, 263, 0, 0,0, 0
46, 1, 21, 168, 174, 6.89002, 6.89002,1, 1
46, 1, 22, 168, 211, 0, 0,0, 0
46, 1, 23, 168, 267, 15.8667, 15.8667,2, 2
46, 1, 24, 168, 229, 29.0981, 29.0981,4, 4
46, 1, 25, 168, 261, 15.637, 23.3027,3, 2
46, 1, 26, 168, 280, 7.51979, 7.51979,1, 1
46, 1, 27, 168, 223, 87.3202, 125.341,16, 11
46, 1, 28, 168, 250, 49.0505, 49.0505,6, 6
46, 1, 29, 168, 284, 0, 0,0, 0
46, 1, 30, 168, 254, 0, 0,0, 0
46, 1, 31, 168, 229, 37.0482, 43.8657,6, 5
46, 1, 32, 168, 271, 46.9406, 46.9406,6, 6
46, 1, 33, 168, 276, 0, 0,0, 0
46, 1, 34, 168, 213, 22.1367, 22.1367,3, 3
46, 1, 35, 168, 226, 6.80162, 6.80162,1, 1
46, 1, 36, 168, 262, 6.74689, 6.74689,1, 1
46, 1, 37, 168, 277, 22.8142, 22.8142,3, 3
46, 1, 38, 168, 290, 6.71123, 6.71123,1, 1
46, 1, 39, 168, 262, 31.3956, 31.3956,4, 4
46, 1, 40, 168, 252, 0, 0,0, 0
46, 1, 41, 168, 242, 0, 0,0, 0
46, 1, 42, 168, 230, 6.76233, 6.76233,1, 1
46, 1, 43, 168, 260, 0, 0,0, 0
46, 1, 44, 168, 238, 14.54, 14.54,2, 2
46, 1, 45, 168, 268, 6.88798, 6.88798,1, 1
46, 1, 46, 168, 284, 0, 0,0, 0
46, 1, 47, 168, 255, 0, 0,0, 0
46, 2, 1, 217, 168, 180.629, 187.494,23, 22
46, 2, 3, 217, 165, 348.449, 401.604,43, 37
46, 2, 4, 217, 331, 41.4236, 64.4603,6, 4
46, 2, 5, 217, 306, 26.1893, 33.4179,4, 3
46, 2, 6, 217, 306, 9.31352, 16.976,2, 1
46, 2, 7, 217, 215, 49.0436, 63.6258,8, 6
46, 2, 8, 217, 206, 15.09, 15.09,2, 2
46, 2, 9, 217, 261, 0, 0,0, 0
46, 2, 10, 217, 280, 26.0514, 48.1488,4, 2
46, 2, 11, 217, 283, 0, 0,0, 0
46, 2, 12, 217, 270, 31.6419, 47.0324,6, 4
46, 2, 13, 217, 288, 27.0341, 27.0341,3, 3
46, 2, 14, 217, 230, 24.057, 32.2009,3, 2
46, 2, 15, 217, 200, 41.369, 63.0204,5, 3
46, 2, 16, 217, 200, 33.5576, 52.0245,5, 3
46, 2, 17, 217, 197, 62.6476, 76.6017,5, 4
46, 2, 18, 217, 205, 78.5506, 94.782,9, 7
46, 2, 19, 217, 228, 30.7563, 30.7563,4, 4
46, 2, 20, 217, 263, 61.297, 82.3056,7, 5
46, 2, 21, 217, 174, 43.0457, 62.0705,7, 5
46, 2, 22, 217, 211, 99.449, 130.785,12, 9
46, 2, 23, 217, 267, 27.4401, 37.0419,4, 3
46, 2, 24, 217, 229, 0, 0,0, 0
46, 2, 25, 217, 261, 88.8779, 115.601,11, 8
46, 2, 26, 217, 280, 14.3331, 14.3331,2, 2
46, 2, 27, 217, 223, 114.707, 143.674,16, 13
46, 2, 28, 217, 250, 182.738, 236.619,23, 17
46, 2, 29, 217, 284, 50.7727, 67.1725,8, 6
46, 2, 30, 217, 254, 96.4259, 117.909,14, 11
46, 2, 31, 217, 229, 183.686, 222.048,25, 20
46, 2, 32, 217, 271, 36.5646, 68.8756,6, 3
46, 2, 33, 217, 276, 25.1977, 25.1977,3, 3
46, 2, 34, 217, 213, 49.2935, 60.5617,6, 5
46, 2, 35, 217, 226, 22.663, 32.7232,3, 2
46, 2, 36, 217, 262, 52.1572, 61.1585,7, 6
46, 2, 37, 217, 277, 26.2255, 47.7723,4, 2
46, 2, 38, 217, 290, 45.5118, 71.0225,6, 4
46, 2, 39, 217, 262, 31.0267, 40.1569,4, 3
46, 2, 40, 217, 252, 14.6002, 14.6002,2, 2
46, 2, 41, 217, 242, 50.3909, 50.3909,6, 6
46, 2, 42, 217, 230, 48.6831, 48.6831,6, 6
46, 2, 43, 217, 260, 41.9791, 55.6228,7, 5
46, 2, 44, 217, 238, 38.5793, 53.6716,6, 4
46, 2, 45, 217, 268, 0, 0,0, 0
46, 2, 46, 217, 284, 11.2053, 19.6352,2, 1
46, 2, 47, 217, 255, 23.2136, 40.2784,4, 2
46, 3, 1, 165, 168, 334.972, 387.439,41, 35
46, 3, 2, 165, 217, 365.21, 401.604,43, 39
46, 3, 4, 165, 331, 27.4071, 45.3516,4, 2
46, 3, 5, 165, 306, 7.44976, 7.44976,1, 1
46, 3, 6, 165, 306, 7.66254, 7.66254,1, 1
46, 3, 7, 165, 215, 24.6008, 24.6008,3, 3
46, 3, 8, 165, 206, 17.2055, 23.8927,3, 2
46, 3, 9, 165, 261, 0, 0,0, 0
46, 3, 10, 165, 280, 22.1011, 52.5299,6, 2
46, 3, 11, 165, 283, 6.98132, 6.98132,1, 1
46, 3, 12, 165, 270, 27.774, 27.774,3, 3
46, 3, 13, 165, 288, 0, 0,0, 0
46, 3, 14, 165, 230, 16.1525, 24.1697,3, 2
46, 3, 15, 165, 200, 16.9826, 33.3554,3, 1
46, 3, 16, 165, 200, 41.1417, 65.4747,7, 4
46, 3, 17, 165, 197, 40.1897, 56.1731,6, 4
46, 3, 18, 165, 205, 56.0753, 79.6386,9, 6
46, 3, 19, 165, 228, 0, 0,0, 0
46, 3, 20, 165, 263, 12.9761, 21.9829,2, 1
46, 3, 21, 165, 174, 12.9607, 28.8279,3, 1
46, 3, 22, 165, 211, 12.3449, 22.4016,2, 1
46, 3, 23, 165, 267, 14.5426, 30.7096,3, 1
46, 3, 24, 165, 229, 31.3987, 31.3987,2, 2
46, 3, 25, 165, 261, 29.7322, 45.6484,5, 3
46, 3, 26, 165, 280, 11.2595, 18.0654,2, 1
46, 3, 27, 165, 223, 71.8927, 81.5495,9, 8
46, 3, 28, 165, 250, 77.2108, 102.246,12, 9
46, 3, 29, 165, 284, 17.5656, 24.5322,3, 2
46, 3, 30, 165, 254, 22.9747, 22.9747,3, 3
46, 3, 31, 165, 229, 63.2866, 71.4689,9, 8
46, 3, 32, 165, 271, 64.3002, 107.514,10, 5
46, 3, 33, 165, 276, 0, 0,0, 0
46, 3, 34, 165, 213, 62.8927, 93.9293,9, 5
46, 3, 35, 165, 226, 20.6365, 35.7922,4, 2
46, 3, 36, 165, 262, 16.4706, 24.1391,3, 2
46, 3, 37, 165, 277, 51.4618, 68.1578,6, 4
46, 3, 38, 165, 290, 30.258, 56.4946,6, 3
46, 3, 39, 165, 262, 18.2446, 26.2773,3, 2
46, 3, 40, 165, 252, 0, 0,0, 0
46, 3, 41, 165, 242, 0, 0,0, 0
46, 3, 42, 165, 230, 12.2949, 12.2949,1, 1
46, 3, 43, 165, 260, 9.30054, 9.30054,1, 1
46, 3, 44, 165, 238, 24.9489, 24.9489,3, 3
46, 3, 45, 165, 268, 6.74782, 6.74782,1, 1
46, 3, 46, 165, 284, 8.15687, 15.3314,2, 1
46, 3, 47, 165, 255, 16.5846, 25.1267,3, 2
46, 4, 1, 331, 168, 30.4773, 37.3654,4, 3
46, 4, 2, 331, 217, 43.7228, 64.4602,6, 4
46, 4, 3, 331, 165, 24.3168, 45.3515,4, 2
46, 4, 5, 331, 306, 6.7614, 6.7614,1, 1
46, 4, 6, 331, 306, 7.35889, 14.5527,2, 1
46, 4, 7, 331, 215, 22.9663, 44.448,6, 3
46, 4, 8, 331, 206, 0, 0,0, 0
46, 4, 9, 331, 261, 0, 0,0, 0
46, 4, 10, 331, 280, 16.1475, 23.4577,3, 2
46, 4, 11, 331, 283, 0, 0,0, 0
46, 4, 12, 331, 270, 14.0553, 27.7982,4, 2
46, 4, 13, 331, 288, 0, 0,0, 0
46, 4, 14, 331, 230, 8.31105, 16.5214,2, 1
46, 4, 15, 331, 200, 9.06954, 16.4064,2, 1
46, 4, 16, 331, 200, 10.4453, 18.8913,2, 1
46, 4, 17, 331, 197, 10.8763, 19.7212,2, 1
46, 4, 18, 331, 205, 0, 0,0, 0
46, 4, 19, 331, 228, 6.87814, 6.87814,1, 1
46, 4, 20, 331, 263, 11.6196, 22.8643,2, 1
46, 4, 21, 331, 174, 8.12136, 14.8523,2, 1
46, 4, 22, 331, 211, 12.0902, 21.9587,2, 1
46, 4, 23, 331, 267, 7.88904, 14.6375,2, 1
46, 4, 24, 331, 229, 0, 0,0, 0
46, 4, 25, 331, 261, 9.61182, 17.5108,2, 1
46, 4, 26, 331, 280, 0, 0,0, 0
46, 4, 27, 331, 223, 9.6328, 18.9337,2, 1
46, 4, 28, 331, 250, 26.5974, 42.709,5, 3
46, 4, 29, 331, 284, 28.8196, 42.7927,6, 4
46, 4, 30, 331, 254, 14.4426, 21.5746,3, 2
46, 4, 31, 331, 229, 8.71272, 8.71272,1, 1
46, 4, 32, 331, 271, 31.0854, 49.5134,5, 3
46, 4, 33, 331, 276, 0, 0,0, 0
46, 4, 34, 331, 213, 15.8864, 15.8864,2, 2
46, 4, 35, 331, 226, 8.57097, 15.8409,2, 1
46, 4, 36, 331, 262, 7.95087, 15.8444,2, 1
46, 4, 37, 331, 277, 21.1768, 38.0756,4, 2
46, 4, 38, 331, 290, 17.4677, 32.88,4, 2
46, 4, 39, 331, 262, 8.62668, 16.4186,2, 1
46, 4, 40, 331, 252, 13.7404, 13.7404,2, 2
46, 4, 41, 331, 242, 6.68091, 6.68091,1, 1
46, 4, 42, 331, 230, 7.75468, 7.75468,1, 1
46, 4, 43, 331, 260, 6.8066, 6.8066,1, 1
46, 4, 44, 331, 238, 7.64849, 14.8518,2, 1
46, 4, 45, 331, 268, 0, 0,0, 0
46, 4, 46, 331, 284, 7.97141, 15.852,2, 1
46, 4, 47, 331, 255, 15.9799, 24.5277,3, 2
46, 5, 1, 306, 168, 0, 0,0, 0
46, 5, 2, 306, 217, 33.4179, 33.4179,4, 4
46, 5, 3, 306, 165, 7.44981, 7.44981,1, 1
46, 5, 4, 306, 331, 6.76135, 6.76135,1, 1
46, 5, 6, 306, 306, 213.596, 223.241,24, 23
46, 5, 7, 306, 215, 60.7731, 71.1182,8, 7
46, 5, 8, 306, 206, 52.7574, 60.0972,7, 6
46, 5, 9, 306, 261, 8.11107, 8.11107,1, 1
46, 5, 10, 306, 280, 15.8999, 15.8999,2, 2
46, 5, 11, 306, 283, 41.1578, 41.1578,5, 5
46, 5, 12, 306, 270, 128.749, 151.407,14, 12
46, 5, 13, 306, 288, 81.2932, 81.2932,9, 9
46, 5, 14, 306, 230, 31.7824, 31.7824,4, 4
46, 5, 15, 306, 200, 36.6375, 36.6375,4, 4
46, 5, 16, 306, 200, 20.8969, 20.8969,3, 3
46, 5, 17, 306, 197, 38.9427, 38.9427,5, 5
46, 5, 18, 306, 205, 31.1866, 31.1866,4, 4
46, 5, 19, 306, 228, 14.8708, 14.8708,2, 2
46, 5, 20, 306, 263, 34.2642, 42.0497,5, 4
46, 5, 21, 306, 174, 50.9704, 50.9704,6, 6
46, 5, 22, 306, 211, 51.1475, 51.1475,6, 6
46, 5, 23, 306, 267, 23.8461, 23.8461,3, 3
46, 5, 24, 306, 229, 26.9841, 26.9841,3, 3
46, 5, 25, 306, 261, 32.9243, 32.9243,4, 4
46, 5, 26, 306, 280, 41.7014, 49.0547,6, 5
46, 5, 27, 306, 223, 10.449, 18.0673,2, 1
46, 5, 28, 306, 250, 35.8038, 42.6306,5, 4
46, 5, 29, 306, 284, 72.1858, 94.4359,8, 6
46, 5, 30, 306, 254, 44.1855, 54.1327,6, 5
46, 5, 31, 306, 229, 15.4805, 15.4805,2, 2
46, 5, 32, 306, 271, 17.9366, 25.2205,3, 2
46, 5, 33, 306, 276, 7.95876, 15.7556,2, 1
46, 5, 34, 306, 213, 59.8704, 59.8704,7, 7
46, 5, 35, 306, 226, 6.6986, 6.6986,1, 1
46, 5, 36, 306, 262, 107.385, 116.397,12, 11
46, 5, 37, 306, 277, 33.5178, 41.0967,5, 4
46, 5, 38, 306, 290, 18.4747, 25.8975,3, 2
46, 5, 39, 306, 262, 36.1626, 36.1626,4, 4
46, 5, 40, 306, 252, 22.3946, 30.01,4, 3
46, 5, 41, 306, 242, 41.2312, 48.403,6, 5
46, 5, 42, 306, 230, 23.6219, 23.6219,3, 3
46, 5, 43, 306, 260, 50.1939, 59.1918,7, 6
46, 5, 44, 306, 238, 234.879, 255.38,25, 23
46, 5, 45, 306, 268, 40.2097, 40.2097,5, 5
46, 5, 46, 306, 284, 160.673, 178.001,20, 18
46, 5, 47, 306, 255, 40.0401, 47.5024,5, 4
46, 6, 1, 306, 168, 14.9495, 14.9495,2, 2
46, 6, 2, 306, 217, 16.9761, 16.9761,2, 2
46, 6, 3, 306, 165, 7.66252, 7.66252,1, 1
46, 6, 4, 306, 331, 14.5526, 14.5526,2, 2
46, 6, 5, 306, 306, 223.241, 223.241,24, 24
46, 6, 7, 306, 215, 46.3338, 46.3338,5, 5
46, 6, 8, 306, 206, 16.0873, 16.0873,2, 2
46, 6, 9, 306, 261, 242.299, 468.912,54, 26
46, 6, 10, 306, 280, 227.028, 378.808,42, 24
46, 6, 11, 306, 283, 190.434, 374.341,45, 21
46, 6, 12, 306, 270, 70.7963, 70.7963,8, 8
46, 6, 13, 306, 288, 29.0781, 29.0781,4, 4
46, 6, 14, 306, 230, 59.5872, 66.4652,8, 7
46, 6, 15, 306, 200, 23.635, 23.635,3, 3
46, 6, 16, 306, 200, 52.3825, 52.3825,7, 7
46, 6, 17, 306, 197, 17.6007, 17.6007,2, 2
46, 6, 18, 306, 205, 24.3756, 24.3756,3, 3
46, 6, 19, 306, 228, 0, 0,0, 0
46, 6, 20, 306, 263, 35.3131, 42.4035,5, 4
46, 6, 21, 306, 174, 30.1519, 30.1519,4, 4
46, 6, 22, 306, 211, 94.6431, 125.077,13, 9
46, 6, 23, 306, 267, 57.3922, 64.7448,7, 6
46, 6, 24, 306, 229, 83.0545, 91.9392,12, 11
46, 6, 25, 306, 261, 32.7476, 32.7476,4, 4
46, 6, 26, 306, 280, 8.66107, 8.66107,1, 1
46, 6, 27, 306, 223, 26.707, 26.707,3, 3
46, 6, 28, 306, 250, 53.5482, 53.5482,6, 6
46, 6, 29, 306, 284, 62.0217, 62.0217,7, 7
46, 6, 30, 306, 254, 8.84975, 8.84975,1, 1
46, 6, 31, 306, 229, 16.7832, 16.7832,2, 2
46, 6, 32, 306, 271, 108.384, 115.245,15, 14
46, 6, 33, 306, 276, 249.327, 475.231,59, 29
46, 6, 34, 306, 213, 62.5568, 77.7263,9, 7
46, 6, 35, 306, 226, 122.946, 216.273,24, 12
46, 6, 36, 306, 262, 46.8862, 46.8862,4, 4
46, 6, 37, 306, 277, 74.1672, 87.9322,11, 9
46, 6, 38, 306, 290, 302.73, 511.363,60, 33
46, 6, 39, 306, 262, 327.24, 620.75,67, 31
46, 6, 40, 306, 252, 22.3702, 22.3702,3, 3
46, 6, 41, 306, 242, 44.1331, 44.1331,6, 6
46, 6, 42, 306, 230, 32.034, 39.1521,5, 4
46, 6, 43, 306, 260, 232.547, 434.157,51, 25
46, 6, 44, 306, 238, 267.609, 286.145,31, 29
46, 6, 45, 306, 268, 574.295, 871.539,94, 59
46, 6, 46, 306, 284, 401.439, 450.048,52, 47
46, 6, 47, 306, 255, 283.302, 415.533,44, 28
46, 7, 1, 215, 168, 0, 0,0, 0
46, 7, 2, 215, 217, 63.6257, 63.6257,8, 8
46, 7, 3, 215, 165, 24.6007, 24.6007,3, 3
46, 7, 4, 215, 331, 29.9595, 44.448,6, 4
46, 7, 5, 215, 306, 71.1182, 71.1182,8, 8
46, 7, 6, 215, 306, 38.7642, 46.3336,5, 4
46, 7, 8, 215, 206, 167.327, 167.327,20, 20
46, 7, 9, 215, 261, 0, 0,0, 0
46, 7, 10, 215, 280, 8.10879, 8.10879,1, 1
46, 7, 11, 215, 283, 67.7858, 87.4196,9, 7
46, 7, 12, 215, 270, 111.842, 120.63,11, 10
46, 7, 13, 215, 288, 22.9949, 22.9949,3, 3
46, 7, 14, 215, 230, 517.261, 560.012,57, 52
46, 7, 15, 215, 200, 444.867, 486.116,50, 45
46, 7, 16, 215, 200, 25.8379, 34.1485,4, 3
46, 7, 17, 215, 197, 43.5831, 51.2234,6, 5
46, 7, 18, 215, 205, 100.616, 115.442,14, 12
46, 7, 19, 215, 228, 43.8514, 43.8514,5, 5
46, 7, 20, 215, 263, 484.724, 534.447,55, 49
46, 7, 21, 215, 174, 49.869, 57.8865,7, 6
46, 7, 22, 215, 211, 151.796, 158.899,18, 17
46, 7, 23, 215, 267, 75.2079, 82.5475,10, 9
46, 7, 24, 215, 229, 14.9959, 14.9959,2, 2
46, 7, 25, 215, 261, 580.794, 637.501,66, 59
46, 7, 26, 215, 280, 24.101, 24.101,3, 3
46, 7, 27, 215, 223, 32.0161, 32.0161,3, 3
46, 7, 28, 215, 250, 96.6536, 105.049,12, 11
46, 7, 29, 215, 284, 48.7552, 55.6324,5, 4
46, 7, 30, 215, 254, 52.301, 52.301,5, 5
46, 7, 31, 215, 229, 57.5357, 72.4933,9, 7
46, 7, 32, 215, 271, 258.938, 286.979,33, 30
46, 7, 33, 215, 276, 31.0538, 31.0538,4, 4
46, 7, 34, 215, 213, 103.529, 110.756,12, 11
46, 7, 35, 215, 226, 59.7889, 59.7889,7, 7
46, 7, 36, 215, 262, 68.8254, 75.6857,8, 7
46, 7, 37, 215, 277, 293.748, 328.092,34, 30
46, 7, 38, 215, 290, 20.3531, 20.3531,2, 2
46, 7, 39, 215, 262, 7.97783, 7.97783,1, 1
46, 7, 40, 215, 252, 25.2834, 25.2834,3, 3
46, 7, 41, 215, 242, 23.7672, 23.7672,3, 3
46, 7, 42, 215, 230, 35.5467, 35.5467,4, 4
46, 7, 43, 215, 260, 81.2962, 101.366,10, 8
46, 7, 44, 215, 238, 41.7575, 41.7575,4, 4
46, 7, 45, 215, 268, 0, 0,0, 0
46, 7, 46, 215, 284, 68.7296, 76.5397,9, 8
46, 7, 47, 215, 255, 40.7895, 40.7895,5, 5
46, 8, 1, 206, 168, 0, 0,0, 0
46, 8, 2, 206, 217, 15.09, 15.09,2, 2
46, 8, 3, 206, 165, 23.8925, 23.8925,3, 3
46, 8, 4, 206, 331, 0, 0,0, 0
46, 8, 5, 206, 306, 60.0972, 60.0972,7, 7
46, 8, 6, 206, 306, 16.0873, 16.0873,2, 2
46, 8, 7, 206, 215, 152.415, 167.327,20, 18
46, 8, 9, 206, 261, 0, 0,0, 0
46, 8, 10, 206, 280, 0, 0,0, 0
46, 8, 11, 206, 283, 38.4913, 38.4913,4, 4
46, 8, 12, 206, 270, 66.188, 66.188,7, 7
46, 8, 13, 206, 288, 91.5991, 91.5991,11, 11
46, 8, 14, 206, 230, 102.368, 109.184,13, 12
46, 8, 15, 206, 200, 252.065, 261.146,26, 25
46, 8, 16, 206, 200, 16.1413, 23.8922,3, 2
46, 8, 17, 206, 197, 35.0825, 35.0825,5, 5
46, 8, 18, 206, 205, 98.9108, 113.28,12, 10
46, 8, 19, 206, 228, 254.356, 254.356,27, 27
46, 8, 20, 206, 263, 267.973, 290.173,32, 29
46, 8, 21, 206, 174, 200.691, 200.691,23, 23
46, 8, 22, 206, 211, 75.5715, 75.5715,8, 8
46, 8, 23, 206, 267, 25.1716, 25.1716,3, 3
46, 8, 24, 206, 229, 0, 0,0, 0
46, 8, 25, 206, 261, 109.048, 116.179,14, 13
46, 8, 26, 206, 280, 75.31, 82.1493,11, 10
46, 8, 27, 206, 223, 32.0154, 32.0154,4, 4
46, 8, 28, 206, 250, 78.7378, 78.7378,9, 9
46, 8, 29, 206, 284, 77.3801, 77.3801,9, 9
46, 8, 30, 206, 254, 64.5506, 64.5506,7, 7
46, 8, 31, 206, 229, 50.9918, 57.7854,7, 6
46, 8, 32, 206, 271, 60.6105, 60.6105,8, 8
46, 8, 33, 206, 276, 32.567, 32.567,4, 4
46, 8, 34, 206, 213, 90.5613, 90.5613,9, 9
46, 8, 35, 206, 226, 18.2394, 18.2394,2, 2
46, 8, 36, 206, 262, 71.3079, 71.3079,8, 8
46, 8, 37, 206, 277, 56.3828, 56.3828,7, 7
46, 8, 38, 206, 290, 0, 0,0, 0
46, 8, 39, 206, 262, 13.9284, 13.9284,2, 2
46, 8, 40, 206, 252, 97.7299, 105.592,11, 10
46, 8, 41, 206, 242, 58.2133, 58.2133,6, 6
46, 8, 42, 206, 230, 72.9527, 80.1654,10, 9
46, 8, 43, 206, 260, 43.6302, 43.6302,5, 5
46, 8, 44, 206, 238, 16.7232, 16.7232,2, 2
46, 8, 45, 206, 268, 21.8064, 21.8064,3, 3
46, 8, 46, 206, 284, 20.7515, 20.7515,3, 3
46, 8, 47, 206, 255, 29.6208, 29.6208,4, 4
46, 9, 1, 261, 168, 7.85638, 15.2256,2, 1
46, 9, 2, 261, 217, 0, 0,0, 0
46, 9, 3, 261, 165, 0, 0,0, 0
46, 9, 4, 261, 331, 0, 0,0, 0
46, 9, 5, 261, 306, 8.11103, 8.11103,1, 1
46, 9, 6, 261, 306, 264.176, 468.912,54, 28
46, 9, 7, 261, 215, 0, 0,0, 0
46, 9, 8, 261, 206, 0, 0,0, 0
46, 9, 10, 261, 280, 979.267, 1631.61,169, 87
46, 9, 11, 261, 283, 407.467, 755.068,80, 36
46, 9, 12, 261, 270, 148.409, 198.424,20, 14
46, 9, 13, 261, 288, 15.4592, 15.4592,2, 2
46, 9, 14, 261, 230, 0, 0,0, 0
46, 9, 15, 261, 200, 0, 0,0, 0
46, 9, 16, 261, 200, 22.952, 30.6583,4, 3
46, 9, 17, 261, 197, 0, 0,0, 0
46, 9, 18, 261, 205, 0, 0,0, 0
46, 9, 19, 261, 228, 0, 0,0, 0
46, 9, 20, 261, 263, 0, 0,0, 0
46, 9, 21, 261, 174, 0, 0,0, 0
46, 9, 22, 261, 211, 0, 0,0, 0
46, 9, 23, 261, 267, 36.5362, 36.5362,5, 5
46, 9, 24, 261, 229, 38.9401, 54.0046,7, 5
46, 9, 25, 261, 261, 0, 0,0, 0
46, 9, 26, 261, 280, 0, 0,0, 0
46, 9, 27, 261, 223, 8.2402, 8.2402,1, 1
46, 9, 28, 261, 250, 0, 0,0, 0
46, 9, 29, 261, 284, 32.006, 32.006,4, 4
46, 9, 30, 261, 254, 0, 0,0, 0
46, 9, 31, 261, 229, 7.1121, 7.1121,1, 1
46, 9, 32, 261, 271, 22.6449, 22.6449,3, 3
46, 9, 33, 261, 276, 329.574, 668.642,78, 35
46, 9, 34, 261, 213, 0, 0,0, 0
46, 9, 35, 261, 226, 180.046, 280.232,36, 22
46, 9, 36, 261, 262, 14.1731, 14.1731,2, 2
46, 9, 37, 261, 277, 25.7841, 32.5287,4, 3
46, 9, 38, 261, 290, 530.862, 1088.2,132, 59
46, 9, 39, 261, 262, 497.599, 968.404,105, 47
46, 9, 40, 261, 252, 0, 0,0, 0
46, 9, 41, 261, 242, 0, 0,0, 0
46, 9, 42, 261, 230, 14.9343, 21.8654,3, 2
46, 9, 43, 261, 260, 379.1, 719.608,82, 40
46, 9, 44, 261, 238, 0, 0,0, 0
46, 9, 45, 261, 268, 393.007, 691.314,83, 43
46, 9, 46, 261, 284, 37.8836, 57.4933,6, 4
46, 9, 47, 261, 255, 55.138, 112.986,13, 6
46, 10, 1, 280, 168, 6.88681, 6.88681,1, 1
46, 10, 2, 280, 217, 26.6966, 48.1479,4, 2
46, 10, 3, 280, 165, 27.1236, 52.5297,6, 3
46, 10, 4, 280, 331, 16.3835, 23.4578,3, 2
46, 10, 5, 280, 306, 15.8999, 15.8999,2, 2
46, 10, 6, 280, 306, 186.313, 378.808,42, 19
46, 10, 7, 280, 215, 8.10886, 8.10886,1, 1
46, 10, 8, 280, 206, 0, 0,0, 0
46, 10, 9, 280, 261, 983.707, 1631.6,169, 90
46, 10, 11, 280, 283, 737.517, 1111.36,119, 75
46, 10, 12, 280, 270, 341.117, 393.165,42, 36
46, 10, 13, 280, 288, 39.1905, 39.1905,5, 5
46, 10, 14, 280, 230, 10.4982, 18.3863,2, 1
46, 10, 15, 280, 200, 16.9969, 31.7656,2, 1
46, 10, 16, 280, 200, 56.2884, 69.1809,6, 5
46, 10, 17, 280, 197, 16.8293, 30.346,2, 1
46, 10, 18, 280, 205, 9.44624, 18.8803,2, 1
46, 10, 19, 280, 228, 0, 0,0, 0
46, 10, 20, 280, 263, 10.2697, 20.2204,2, 1
46, 10, 21, 280, 174, 24.3905, 36.8786,2, 1
46, 10, 22, 280, 211, 15.6419, 29.8592,2, 1
46, 10, 23, 280, 267, 50.3202, 72.4347,7, 5
46, 10, 24, 280, 229, 73.1852, 87.2545,12, 10
46, 10, 25, 280, 261, 21.2978, 34.0957,2, 1
46, 10, 26, 280, 280, 9.1751, 9.1751,1, 1
46, 10, 27, 280, 223, 19.4262, 27.9837,3, 2
46, 10, 28, 280, 250, 49.304, 77.7772,6, 4
46, 10, 29, 280, 284, 18.9207, 33.0861,4, 2
46, 10, 30, 280, 254, 13.8431, 13.8431,2, 2
46, 10, 31, 280, 229, 0, 0,0, 0
46, 10, 32, 280, 271, 64.382, 85.275,7, 5
46, 10, 33, 280, 276, 305.016, 606.968,70, 31
46, 10, 34, 280, 213, 54.5608, 75.6481,8, 6
46, 10, 35, 280, 226, 245.483, 402.622,43, 25
46, 10, 36, 280, 262, 98.4967, 106.165,11, 10
46, 10, 37, 280, 277, 39.7866, 65.3208,6, 3
46, 10, 38, 280, 290, 457.962, 958.846,107, 47
46, 10, 39, 280, 262, 646.336, 1121.88,126, 67
46, 10, 40, 280, 252, 0, 0,0, 0
46, 10, 41, 280, 242, 0, 0,0, 0
46, 10, 42, 280, 230, 37.5086, 51.4343,7, 5
46, 10, 43, 280, 260, 325.591, 643.828,78, 37
46, 10, 44, 280, 238, 23.2517, 23.2517,3, 3
46, 10, 45, 280, 268, 231.328, 470.797,51, 23
46, 10, 46, 280, 284, 36.5075, 60.1293,7, 4
46, 10, 47, 280, 255, 110.11, 205.909,24, 12
46, 11, 1, 283, 168, 22.4895, 22.4895,3, 3
46, 11, 2, 283, 217, 0, 0,0, 0
46, 11, 3, 283, 165, 6.98129, 6.98129,1, 1
46, 11, 4, 283, 331, 0, 0,0, 0
46, 11, 5, 283, 306, 41.1576, 41.1576,5, 5
46, 11, 6, 283, 306, 212.691, 374.341,45, 24
46, 11, 7, 283, 215, 68.4367, 87.4197,9, 7
46, 11, 8, 283, 206, 38.4913, 38.4913,4, 4
46, 11, 9, 283, 261, 475.486, 755.068,80, 46
46, 11, 10, 283, 280, 729.308, 1111.37,119, 74
46, 11, 12, 283, 270, 652.239, 738.759,72, 63
46, 11, 13, 283, 288, 184.827, 202.334,25, 23
46, 11, 14, 283, 230, 6.67383, 6.67383,1, 1
46, 11, 15, 283, 200, 61.4077, 68.5645,7, 6
46, 11, 16, 283, 200, 32.1373, 38.9707,5, 4
46, 11, 17, 283, 197, 23.6127, 30.5999,4, 3
46, 11, 18, 283, 205, 45.6843, 54.6605,6, 5
46, 11, 19, 283, 228, 6.73515, 6.73515,1, 1
46, 11, 20, 283, 263, 40.2281, 40.2281,4, 4
46, 11, 21, 283, 174, 23.7334, 23.7334,3, 3
46, 11, 22, 283, 211, 0, 0,0, 0
46, 11, 23, 283, 267, 7.09905, 7.09905,1, 1
46, 11, 24, 283, 229, 11.2311, 21.9788,2, 1
46, 11, 25, 283, 261, 11.4224, 19.5874,2, 1
46, 11, 26, 283, 280, 7.22812, 7.22812,1, 1
46, 11, 27, 283, 223, 33.8033, 33.8033,4, 4
46, 11, 28, 283, 250, 61.8515, 70.3311,8, 7
46, 11, 29, 283, 284, 73.2378, 81.9694,9, 8
46, 11, 30, 283, 254, 11.3444, 11.3444,1, 1
46, 11, 31, 283, 229, 56.2655, 64.2638,7, 6
46, 11, 32, 283, 271, 14.529, 21.5586,3, 2
46, 11, 33, 283, 276, 285.419, 430.627,51, 33
46, 11, 34, 283, 213, 158.107, 166.445,18, 17
46, 11, 35, 283, 226, 228.359, 337.71,38, 24
46, 11, 36, 283, 262, 220.886, 247.052,28, 25
46, 11, 37, 283, 277, 23.9667, 31.451,4, 3
46, 11, 38, 283, 290, 274.477, 455.419,53, 31
46, 11, 39, 283, 262, 440.243, 670.518,76, 48
46, 11, 40, 283, 252, 21.7269, 21.7269,3, 3
46, 11, 41, 283, 242, 50.7017, 50.7017,6, 6
46, 11, 42, 283, 230, 91.6774, 113.439,13, 10
46, 11, 43, 283, 260, 298.444, 422.617,49, 33
46, 11, 44, 283, 238, 39.4136, 39.4136,4, 4
46, 11, 45, 283, 268, 185.471, 284.573,35, 22
46, 11, 46, 283, 284, 87.6109, 122.586,13, 9
46, 11, 47, 283, 255, 106.518, 170.236,21, 13
46, 12, 1, 270, 168, 8.77835, 16.4149,2, 1
46, 12, 2, 270, 217, 30.6544, 47.0323,6, 4
46, 12, 3, 270, 165, 19.3736, 27.7742,3, 2
46, 12, 4, 270, 331, 14.3746, 21.1314,3, 2
46, 12, 5, 270, 306, 103.721, 151.407,14, 10
46, 12, 6, 270, 306, 49.5342, 70.7962,8, 6
46, 12, 7, 270, 215, 86.0837, 120.626,11, 8
46, 12, 8, 270, 206, 44.561, 66.1882,7, 5
46, 12, 9, 270, 261, 173.119, 198.423,20, 17
46, 12, 10, 270, 280, 366.081, 393.166,42, 39
46, 12, 11, 270, 283, 642.504, 738.758,72, 61
46, 12, 13, 270, 288, 391.934, 432.216,47, 42
46, 12, 14, 270, 230, 17.5851, 27.6334,3, 2
46, 12, 15, 270, 200, 93.5059, 123.681,12, 9
46, 12, 16, 270, 200, 29.9899, 46.351,6, 4
46, 12, 17, 270, 197, 41.0969, 50.0959,6, 5
46, 12, 18, 270, 205, 67.3239, 77.0912,9, 8
46, 12, 19, 270, 228, 27.938, 37.0719,4, 3
46, 12, 20, 270, 263, 91.6497, 111.911,12, 10
46, 12, 21, 270, 174, 53.115, 53.115,6, 6
46, 12, 22, 270, 211, 47.9866, 57.3473,6, 5
46, 12, 23, 270, 267, 23.3325, 30.6134,4, 3
46, 12, 24, 270, 229, 16.352, 16.352,2, 2
46, 12, 25, 270, 261, 51.3933, 65.5355,8, 6
46, 12, 26, 270, 280, 29.2485, 37.4274,4, 3
46, 12, 27, 270, 223, 43.5199, 58.5603,5, 4
46, 12, 28, 270, 250, 55.3896, 82.4952,9, 6
46, 12, 29, 270, 284, 117.387, 156.314,13, 11
46, 12, 30, 270, 254, 35.2332, 46.921,5, 4
46, 12, 31, 270, 229, 16.7917, 16.7917,2, 2
46, 12, 32, 270, 271, 18.5544, 28.5445,3, 2
46, 12, 33, 270, 276, 70.8298, 82.1035,8, 7
46, 12, 34, 270, 213, 170.094, 206.155,25, 20
46, 12, 35, 270, 226, 22.8011, 30.2463,4, 3
46, 12, 36, 270, 262, 292.574, 367.777,35, 28
46, 12, 37, 270, 277, 25.5804, 35.8562,4, 3
46, 12, 38, 270, 290, 31.7161, 54.7007,5, 3
46, 12, 39, 270, 262, 48.1964, 57.5745,7, 6
46, 12, 40, 270, 252, 56.862, 66.3182,8, 7
46, 12, 41, 270, 242, 122.194, 148.441,17, 14
46, 12, 42, 270, 230, 174.278, 197.124,23, 20
46, 12, 43, 270, 260, 64.325, 77.9699,8, 7
46, 12, 44, 270, 238, 73.8317, 100.476,9, 7
46, 12, 45, 270, 268, 13.9872, 13.9872,2, 2
46, 12, 46, 270, 284, 83.2506, 113.107,12, 9
46, 12, 47, 270, 255, 41.6023, 61.2074,6, 4
46, 13, 1, 288, 168, 0, 0,0, 0
46, 13, 2, 288, 217, 27.0344, 27.0344,3, 3
46, 13, 3, 288, 165, 0, 0,0, 0
46, 13, 4, 288, 331, 0, 0,0, 0
46, 13, 5, 288, 306, 81.2932, 81.2932,9, 9
46, 13, 6, 288, 306, 29.078, 29.078,4, 4
46, 13, 7, 288, 215, 22.9951, 22.9951,3, 3
46, 13, 8, 288, 206, 84.867, 91.5992,11, 10
46, 13, 9, 288, 261, 15.4593, 15.4593,2, 2
46, 13, 10, 288, 280, 39.1906, 39.1906,5, 5
46, 13, 11, 288, 283, 195.403, 202.335,25, 24
46, 13, 12, 288, 270, 424.347, 432.215,47, 46
46, 13, 14, 288, 230, 16.5292, 16.5292,2, 2
46, 13, 15, 288, 200, 27.522, 27.522,3, 3
46, 13, 16, 288, 200, 0, 0,0, 0
46, 13, 17, 288, 197, 40.4016, 40.4016,5, 5
46, 13, 18, 288, 205, 51.6295, 51.6295,6, 6
46, 13, 19, 288, 228, 68.0568, 90.7794,11, 8
46, 13, 20, 288, 263, 25.9458, 25.9458,3, 3
46, 13, 21, 288, 174, 63.7744, 70.6409,8, 7
46, 13, 22, 288, 211, 24.066, 24.066,3, 3
46, 13, 23, 288, 267, 0, 0,0, 0
46, 13, 24, 288, 229, 0, 0,0, 0
46, 13, 25, 288, 261, 52.1021, 52.1021,6, 6
46, 13, 26, 288, 280, 0, 0,0, 0
46, 13, 27, 288, 223, 23.2183, 23.2183,3, 3
46, 13, 28, 288, 250, 20.9855, 20.9855,2, 2
46, 13, 29, 288, 284, 65.1458, 65.1458,7, 7
46, 13, 30, 288, 254, 44.6858, 44.6858,5, 5
46, 13, 31, 288, 229, 40.5084, 40.5084,4, 4
46, 13, 32, 288, 271, 0, 0,0, 0
46, 13, 33, 288, 276, 60.2859, 60.2859,7, 7
46, 13, 34, 288, 213, 79.5354, 79.5354,9, 9
46, 13, 35, 288, 226, 0, 0,0, 0
46, 13, 36, 288, 262, 145.909, 145.909,15, 15
46, 13, 37, 288, 277, 0, 0,0, 0
46, 13, 38, 288, 290, 18.1355, 18.1355,2, 2
46, 13, 39, 288, 262, 7.74862, 7.74862,1, 1
46, 13, 40, 288, 252, 109.604, 123.919,14, 12
46, 13, 41, 288, 242, 77.6491, 84.319,9, 8
46, 13, 42, 288, 230, 109.127, 117.007,13, 12
46, 13, 43, 288, 260, 50.8399, 50.8399,7, 7
46, 13, 44, 288, 238, 60.0434, 60.0434,4, 4
46, 13, 45, 288, 268, 10.9293, 10.9293,1, 1
46, 13, 46, 288, 284, 8.1243, 8.1243,1, 1
46, 13, 47, 288, 255, 0, 0,0, 0
46, 14, 1, 230, 168, 16.8986, 16.8986,2, 2
46, 14, 2, 230, 217, 32.2003, 32.2003,3, 3
46, 14, 3, 230, 165, 24.1698, 24.1698,3, 3
46, 14, 4, 230, 331, 16.5213, 16.5213,2, 2
46, 14, 5, 230, 306, 31.7824, 31.7824,4, 4
46, 14, 6, 230, 306, 45.1104, 66.4652,8, 5
46, 14, 7, 230, 215, 531.857, 560.013,57, 54
46, 14, 8, 230, 206, 109.184, 109.184,13, 13
46, 14, 9, 230, 261, 0, 0,0, 0
46, 14, 10, 230, 280, 18.3863, 18.3863,2, 2
46, 14, 11, 230, 283, 6.67376, 6.67376,1, 1
46, 14, 12, 230, 270, 27.6334, 27.6334,3, 3
46, 14, 13, 230, 288, 16.5292, 16.5292,2, 2
46, 14, 15, 230, 200, 398.129, 437.097,47, 42
46, 14, 16, 230, 200, 116.965, 123.674,14, 13
46, 14, 17, 230, 197, 153.754, 161.508,16, 15
46, 14, 18, 230, 205, 70.4285, 70.4285,9, 9
46, 14, 19, 230, 228, 17.6145, 17.6145,2, 2
46, 14, 20, 230, 263, 331.11, 369.626,43, 38
46, 14, 21, 230, 174, 32.2158, 32.2158,4, 4
46, 14, 22, 230, 211, 134.89, 172.977,19, 14
46, 14, 23, 230, 267, 178.1, 207.793,24, 20
46, 14, 24, 230, 229, 103.317, 118.331,14, 12
46, 14, 25, 230, 261, 494.335, 525.793,53, 49
46, 14, 26, 230, 280, 17.394, 17.394,2, 2
46, 14, 27, 230, 223, 26.0312, 26.0312,2, 2
46, 14, 28, 230, 250, 75.0316, 75.0316,7, 7
46, 14, 29, 230, 284, 28.0594, 34.8348,4, 3
46, 14, 30, 230, 254, 24.6319, 24.6319,3, 3
46, 14, 31, 230, 229, 26.8063, 26.8063,3, 3
46, 14, 32, 230, 271, 616.469, 752.123,69, 55
46, 14, 33, 230, 276, 0, 0,0, 0
46, 14, 34, 230, 213, 75.8658, 75.8658,8, 8
46, 14, 35, 230, 226, 50.9743, 50.9743,5, 5
46, 14, 36, 230, 262, 38.1689, 38.1689,4, 4
46, 14, 37, 230, 277, 539.338, 623.455,65, 55
46, 14, 38, 230, 290, 20.374, 20.374,2, 2
46, 14, 39, 230, 262, 40.3422, 54.0981,6, 4
46, 14, 40, 230, 252, 0, 0,0, 0
46, 14, 41, 230, 242, 17.818, 17.818,2, 2
46, 14, 42, 230, 230, 7.68105, 7.68105,1, 1
46, 14, 43, 230, 260, 17.8616, 25.3291,3, 2
46, 14, 44, 230, 238, 48.2815, 48.2815,6, 6
46, 14, 45, 230, 268, 38.2235, 45.0224,6, 5
46, 14, 46, 230, 284, 45.9731, 45.9731,5, 5
46, 14, 47, 230, 255, 87.299, 109.543,12, 9
46, 15, 1, 200, 168, 7.26506, 7.26506,1, 1
46, 15, 2, 200, 217, 63.021, 63.021,5, 5
46, 15, 3, 200, 165, 33.3561, 33.3561,3, 3
46, 15, 4, 200, 331, 16.4064, 16.4064,2, 2
46, 15, 5, 200, 306, 36.6375, 36.6375,4, 4
46, 15, 6, 200, 306, 23.635, 23.635,3, 3
46, 15, 7, 200, 215, 470.691, 486.118,50, 48
46, 15, 8, 200, 206, 261.146, 261.146,26, 26
46, 15, 9, 200, 261, 0, 0,0, 0
46, 15, 10, 200, 280, 31.7653, 31.7653,2, 2
46, 15, 11, 200, 283, 68.5649, 68.5649,7, 7
46, 15, 12, 200, 270, 123.68, 123.68,12, 12
46, 15, 13, 200, 288, 27.5219, 27.5219,3, 3
46, 15, 14, 200, 230, 415.205, 437.097,47, 44
46, 15, 16, 200, 200, 49.9078, 49.9078,5, 5
46, 15, 17, 200, 197, 62.3504, 62.3504,6, 6
46, 15, 18, 200, 205, 129.304, 129.304,14, 14
46, 15, 19, 200, 228, 115.671, 115.671,13, 13
46, 15, 20, 200, 263, 643.866, 714.394,76, 68
46, 15, 21, 200, 174, 163.494, 170.388,17, 16
46, 15, 22, 200, 211, 205.094, 205.094,21, 21
46, 15, 23, 200, 267, 49.1379, 49.1379,5, 5
46, 15, 24, 200, 229, 14.2293, 14.2293,2, 2
46, 15, 25, 200, 261, 464.765, 475.64,47, 46
46, 15, 26, 200, 280, 28.6169, 28.6169,4, 4
46, 15, 27, 200, 223, 10.2945, 10.2945,1, 1
46, 15, 28, 200, 250, 58.0604, 58.0604,5, 5
46, 15, 29, 200, 284, 39.2694, 39.2694,5, 5
46, 15, 30, 200, 254, 48.102, 48.102,4, 4
46, 15, 31, 200, 229, 48.6168, 48.6168,6, 6
46, 15, 32, 200, 271, 255.071, 278.749,30, 27
46, 15, 33, 200, 276, 64.0299, 64.0299,7, 7
46, 15, 34, 200, 213, 207.47, 214.561,23, 22
46, 15, 35, 200, 226, 57.7111, 57.7111,6, 6
46, 15, 36, 200, 262, 85.9897, 85.9897,10, 10
46, 15, 37, 200, 277, 162.331, 162.331,17, 17
46, 15, 38, 200, 290, 30.2409, 30.2409,2, 2
46, 15, 39, 200, 262, 12.0112, 12.0112,1, 1
46, 15, 40, 200, 252, 57.3793, 57.3793,6, 6
46, 15, 41, 200, 242, 42.3253, 42.3253,5, 5
46, 15, 42, 200, 230, 59.7038, 59.7038,7, 7
46, 15, 43, 200, 260, 30.2706, 30.2706,4, 4
46, 15, 44, 200, 238, 73.6573, 73.6573,9, 9
46, 15, 45, 200, 268, 0, 0,0, 0
46, 15, 46, 200, 284, 64.2812, 64.2812,7, 7
46, 15, 47, 200, 255, 72.7209, 79.4172,10, 9
46, 16, 1, 200, 168, 38.7339, 38.7339,5, 5
46, 16, 2, 200, 217, 37.3231, 52.0254,5, 3
46, 16, 3, 200, 165, 49.6902, 65.4745,7, 5
46, 16, 4, 200, 331, 18.8915, 18.8915,2, 2
46, 16, 5, 200, 306, 14.178, 20.8969,3, 2
46, 16, 6, 200, 306, 37.7874, 52.3824,7, 5
46, 16, 7, 200, 215, 26.6595, 34.1486,4, 3
46, 16, 8, 200, 206, 23.8923, 23.8923,3, 3
46, 16, 9, 200, 261, 22.7249, 30.6583,4, 3
46, 16, 10, 200, 280, 58.9245, 69.1815,6, 5
46, 16, 11, 200, 283, 38.9709, 38.9709,5, 5
46, 16, 12, 200, 270, 30.9022, 46.3511,6, 4
46, 16, 13, 200, 288, 0, 0,0, 0
46, 16, 14, 200, 230, 91.8539, 123.674,14, 10
46, 16, 15, 200, 200, 34.5048, 49.9087,5, 3
46, 16, 17, 200, 197, 242.028, 272.178,28, 24
46, 16, 18, 200, 205, 122.228, 129.338,14, 13
46, 16, 19, 200, 228, 17.5971, 17.5971,2, 2
46, 16, 20, 200, 263, 11.9591, 19.5729,2, 1
46, 16, 21, 200, 174, 14.0421, 20.749,2, 1
46, 16, 22, 200, 211, 45.598, 69.9689,7, 4
46, 16, 23, 200, 267, 39.4842, 48.2205,4, 3
46, 16, 24, 200, 229, 57.4346, 57.4346,7, 7
46, 16, 25, 200, 261, 49.1251, 56.115,6, 5
46, 16, 26, 200, 280, 6.94301, 6.94301,1, 1
46, 16, 27, 200, 223, 27.3719, 37.8026,4, 3
46, 16, 28, 200, 250, 44.5379, 60.7025,5, 3
46, 16, 29, 200, 284, 16.039, 31.1668,4, 2
46, 16, 30, 200, 254, 14.1757, 14.1757,2, 2
46, 16, 31, 200, 229, 26.1737, 26.1737,3, 3
46, 16, 32, 200, 271, 151.11, 237.42,24, 14
46, 16, 33, 200, 276, 0, 0,0, 0
46, 16, 34, 200, 213, 57.3207, 83.5443,9, 6
46, 16, 35, 200, 226, 65.014, 82.2897,8, 6
46, 16, 36, 200, 262, 45.6641, 54.9212,6, 5
46, 16, 37, 200, 277, 140.803, 224.124,23, 13
46, 16, 38, 200, 290, 25.0269, 44.1974,4, 2
46, 16, 39, 200, 262, 95.589, 117.655,15, 12
46, 16, 40, 200, 252, 0, 0,0, 0
46, 16, 41, 200, 242, 0, 0,0, 0
46, 16, 42, 200, 230, 0, 0,0, 0
46, 16, 43, 200, 260, 7.87754, 7.87754,1, 1
46, 16, 44, 200, 238, 19.6085, 35.9342,4, 2
46, 16, 45, 200, 268, 28.9471, 36.365,5, 4
46, 16, 46, 200, 284, 37.3239, 53.1092,6, 4
46, 16, 47, 200, 255, 55.8611, 86.5374,10, 6
46, 17, 1, 197, 168, 30.6558, 45.038,6, 4
46, 17, 2, 197, 217, 76.6016, 76.6016,5, 5
46, 17, 3, 197, 165, 56.1731, 56.1731,6, 6
46, 17, 4, 197, 331, 19.7212, 19.7212,2, 2
46, 17, 5, 197, 306, 38.9426, 38.9426,5, 5
46, 17, 6, 197, 306, 17.6006, 17.6006,2, 2
46, 17, 7, 197, 215, 51.2234, 51.2234,6, 6
46, 17, 8, 197, 206, 35.0826, 35.0826,5, 5
46, 17, 9, 197, 261, 0, 0,0, 0
46, 17, 10, 197, 280, 30.347, 30.347,2, 2
46, 17, 11, 197, 283, 30.5998, 30.5998,4, 4
46, 17, 12, 197, 270, 50.0957, 50.0957,6, 6
46, 17, 13, 197, 288, 40.4018, 40.4018,5, 5
46, 17, 14, 197, 230, 151.497, 161.51,16, 15
46, 17, 15, 197, 200, 62.3511, 62.3511,6, 6
46, 17, 16, 197, 200, 256.244, 272.176,28, 26
46, 17, 18, 197, 205, 286.897, 314.148,34, 31
46, 17, 19, 197, 228, 127.241, 127.241,14, 14
46, 17, 20, 197, 263, 96.9718, 96.9718,11, 11
46, 17, 21, 197, 174, 20.6466, 20.6466,2, 2
46, 17, 22, 197, 211, 91.9405, 129.93,12, 7
46, 17, 23, 197, 267, 48.6446, 56.2144,5, 4
46, 17, 24, 197, 229, 18.5005, 25.7587,3, 2
46, 17, 25, 197, 261, 139.776, 167.977,16, 12
46, 17, 26, 197, 280, 16.8213, 16.8213,2, 2
46, 17, 27, 197, 223, 40.1204, 40.1204,4, 4
46, 17, 28, 197, 250, 108.629, 108.629,6, 6
46, 17, 29, 197, 284, 27.5439, 27.5439,3, 3
46, 17, 30, 197, 254, 46.0847, 46.0847,5, 5
46, 17, 31, 197, 229, 63.4526, 70.2869,8, 7
46, 17, 32, 197, 271, 86.6256, 107.39,12, 9
46, 17, 33, 197, 276, 23.3352, 23.3352,3, 3
46, 17, 34, 197, 213, 136.654, 143.819,16, 15
46, 17, 35, 197, 226, 73.6869, 73.6869,6, 6
46, 17, 36, 197, 262, 59.1046, 59.1046,7, 7
46, 17, 37, 197, 277, 97.5299, 104.533,11, 10
46, 17, 38, 197, 290, 29.6259, 29.6259,2, 2
46, 17, 39, 197, 262, 38.6533, 38.6533,3, 3
46, 17, 40, 197, 252, 15.7469, 15.7469,2, 2
46, 17, 41, 197, 242, 36.1085, 36.1085,4, 4
46, 17, 42, 197, 230, 24.5642, 24.5642,3, 3
46, 17, 43, 197, 260, 36.2562, 43.0697,6, 5
46, 17, 44, 197, 238, 41.7267, 48.4386,6, 5
46, 17, 45, 197, 268, 22.3988, 22.3988,3, 3
46, 17, 46, 197, 284, 33.5284, 33.5284,4, 4
46, 17, 47, 197, 255, 38.6931, 45.5304,5, 4
46, 18, 1, 205, 168, 16.8751, 24.8872,3, 2
46, 18, 2, 205, 217, 78.349, 94.7821,9, 7
46, 18, 3, 205, 165, 64.8986, 79.6387,9, 7
46, 18, 4, 205, 331, 0, 0,0, 0
46, 18, 5, 205, 306, 31.1867, 31.1867,4, 4
46, 18, 6, 205, 306, 24.3757, 24.3757,3, 3
46, 18, 7, 205, 215, 108.535, 115.442,14, 13
46, 18, 8, 205, 206, 113.28, 113.28,12, 12
46, 18, 9, 205, 261, 0, 0,0, 0
46, 18, 10, 205, 280, 18.8803, 18.8803,2, 2
46, 18, 11, 205, 283, 54.6606, 54.6606,6, 6
46, 18, 12, 205, 270, 77.0909, 77.0909,9, 9
46, 18, 13, 205, 288, 51.6292, 51.6292,6, 6
46, 18, 14, 205, 230, 49.2376, 70.428,9, 6
46, 18, 15, 205, 200, 122.346, 129.305,14, 13
46, 18, 16, 205, 200, 114.464, 129.337,14, 12
46, 18, 17, 205, 197, 297.916, 314.149,34, 32
46, 18, 19, 205, 228, 284.424, 321.964,36, 31
46, 18, 20, 205, 263, 227.67, 279.406,30, 24
46, 18, 21, 205, 174, 77.5116, 86.2701,10, 9
46, 18, 22, 205, 211, 83.9954, 90.7922,10, 9
46, 18, 23, 205, 267, 36.9591, 36.9591,4, 4
46, 18, 24, 205, 229, 26.4657, 26.4657,3, 3
46, 18, 25, 205, 261, 124.181, 141.158,14, 12
46, 18, 26, 205, 280, 20.1082, 20.1082,2, 2
46, 18, 27, 205, 223, 32.0712, 32.0712,4, 4
46, 18, 28, 205, 250, 136.436, 143.188,17, 16
46, 18, 29, 205, 284, 35.2783, 35.2783,4, 4
46, 18, 30, 205, 254, 54.31, 61.1645,8, 7
46, 18, 31, 205, 229, 68.8379, 86.6275,8, 6
46, 18, 32, 205, 271, 46.1391, 46.1391,5, 5
46, 18, 33, 205, 276, 20.2376, 20.2376,2, 2
46, 18, 34, 205, 213, 118.929, 136.342,14, 12
46, 18, 35, 205, 226, 43.9137, 43.9137,5, 5
46, 18, 36, 205, 262, 99.1117, 113.921,12, 10
46, 18, 37, 205, 277, 39.1753, 39.1753,5, 5
46, 18, 38, 205, 290, 18.2703, 18.2703,2, 2
46, 18, 39, 205, 262, 34.4049, 34.4049,5, 5
46, 18, 40, 205, 252, 35.5978, 35.5978,4, 4
46, 18, 41, 205, 242, 48.0812, 57.3743,7, 6
46, 18, 42, 205, 230, 140.771, 156.615,15, 13
46, 18, 43, 205, 260, 30.6688, 30.6688,4, 4
46, 18, 44, 205, 238, 67.5904, 77.287,9, 8
46, 18, 45, 205, 268, 0, 0,0, 0
46, 18, 46, 205, 284, 58.3481, 58.3481,7, 7
46, 18, 47, 205, 255, 23.3252, 23.3252,3, 3
46, 19, 1, 228, 168, 0, 0,0, 0
46, 19, 2, 228, 217, 30.7563, 30.7563,4, 4
46, 19, 3, 228, 165, 0, 0,0, 0
46, 19, 4, 228, 331, 6.87818, 6.87818,1, 1
46, 19, 5, 228, 306, 14.8708, 14.8708,2, 2
46, 19, 6, 228, 306, 0, 0,0, 0
46, 19, 7, 228, 215, 43.8517, 43.8517,5, 5
46, 19, 8, 228, 206, 247.372, 254.356,27, 26
46, 19, 9, 228, 261, 0, 0,0, 0
46, 19, 10, 228, 280, 0, 0,0, 0
46, 19, 11, 228, 283, 6.73515, 6.73515,1, 1
46, 19, 12, 228, 270, 37.0719, 37.0719,4, 4
46, 19, 13, 228, 288, 90.7794, 90.7794,11, 11
46, 19, 14, 228, 230, 17.6146, 17.6146,2, 2
46, 19, 15, 228, 200, 115.672, 115.672,13, 13
46, 19, 16, 228, 200, 17.5971, 17.5971,2, 2
46, 19, 17, 228, 197, 127.239, 127.239,14, 14
46, 19, 18, 228, 205, 321.964, 321.964,36, 36
46, 19, 20, 228, 263, 117.26, 117.26,14, 14
46, 19, 21, 228, 174, 62.8747, 62.8747,7, 7
46, 19, 22, 228, 211, 34.9453, 34.9453,4, 4
46, 19, 23, 228, 267, 19.0632, 19.0632,2, 2
46, 19, 24, 228, 229, 0, 0,0, 0
46, 19, 25, 228, 261, 53.8653, 53.8653,7, 7
46, 19, 26, 228, 280, 26.6473, 26.6473,3, 3
46, 19, 27, 228, 223, 26.1248, 26.1248,3, 3
46, 19, 28, 228, 250, 76.2617, 76.2617,9, 9
46, 19, 29, 228, 284, 58.6792, 66.8079,8, 7
46, 19, 30, 228, 254, 122.413, 147.519,17, 14
46, 19, 31, 228, 229, 58.6841, 58.6841,6, 6
46, 19, 32, 228, 271, 7.42257, 7.42257,1, 1
46, 19, 33, 228, 276, 36.9213, 36.9213,4, 4
46, 19, 34, 228, 213, 48.2922, 48.2922,6, 6
46, 19, 35, 228, 226, 0, 0,0, 0
46, 19, 36, 228, 262, 52.9819, 52.9819,7, 7
46, 19, 37, 228, 277, 7.75507, 7.75507,1, 1
46, 19, 38, 228, 290, 0, 0,0, 0
46, 19, 39, 228, 262, 6.95702, 6.95702,1, 1
46, 19, 40, 228, 252, 106.874, 113.743,12, 11
46, 19, 41, 228, 242, 71.3633, 71.3633,8, 8
46, 19, 42, 228, 230, 93.1161, 93.1161,11, 11
46, 19, 43, 228, 260, 43.3095, 43.3095,5, 5
46, 19, 44, 228, 238, 31.0273, 31.0273,3, 3
46, 19, 45, 228, 268, 0, 0,0, 0
46, 19, 46, 228, 284, 9.2691, 9.2691,1, 1
46, 19, 47, 228, 255, 27.8632, 27.8632,3, 3
46, 20, 1, 263, 168, 0, 0,0, 0
46, 20, 2, 263, 217, 82.306, 82.306,7, 7
46, 20, 3, 263, 165, 21.9829, 21.9829,2, 2
46, 20, 4, 263, 331, 22.8644, 22.8644,2, 2
46, 20, 5, 263, 306, 34.8042, 42.0496,5, 4
46, 20, 6, 263, 306, 42.4029, 42.4029,5, 5
46, 20, 7, 263, 215, 511.333, 534.447,55, 52
46, 20, 8, 263, 206, 256.383, 290.174,32, 28
46, 20, 9, 263, 261, 0, 0,0, 0
46, 20, 10, 263, 280, 20.2204, 20.2204,2, 2
46, 20, 11, 263, 283, 31.617, 40.2281,4, 3
46, 20, 12, 263, 270, 93.9848, 111.911,12, 10
46, 20, 13, 263, 288, 25.9462, 25.9462,3, 3
46, 20, 14, 263, 230, 348.122, 369.628,43, 40
46, 20, 15, 263, 200, 628.763, 714.395,76, 66
46, 20, 16, 263, 200, 19.573, 19.573,2, 2
46, 20, 17, 263, 197, 87.5332, 96.972,11, 10
46, 20, 18, 263, 205, 229.527, 279.406,30, 24
46, 20, 19, 263, 228, 110.537, 117.26,14, 13
46, 20, 21, 263, 174, 118.789, 127.396,15, 14
46, 20, 22, 263, 211, 168, 174.674,18, 17
46, 20, 23, 263, 267, 57.5867, 72.0422,9, 7
46, 20, 24, 263, 229, 37.3214, 37.3214,5, 5
46, 20, 25, 263, 261, 627.193, 723.015,71, 59
46, 20, 26, 263, 280, 16.7235, 16.7235,2, 2
46, 20, 27, 263, 223, 28.2769, 36.5965,3, 2
46, 20, 28, 263, 250, 61.0131, 70.3603,6, 5
46, 20, 29, 263, 284, 87.0671, 87.0671,9, 9
46, 20, 30, 263, 254, 60.0142, 60.0142,7, 7
46, 20, 31, 263, 229, 62.4024, 72.6527,7, 6
46, 20, 32, 263, 271, 303.8, 320.93,36, 34
46, 20, 33, 263, 276, 38.7416, 57.5306,6, 4
46, 20, 34, 263, 213, 125.295, 169.142,19, 14
46, 20, 35, 263, 226, 40.9314, 40.9314,5, 5
46, 20, 36, 263, 262, 125.242, 149.689,15, 13
46, 20, 37, 263, 277, 255.254, 281.698,30, 27
46, 20, 38, 263, 290, 25.0577, 25.0577,2, 2
46, 20, 39, 263, 262, 13.5486, 13.5486,1, 1
46, 20, 40, 263, 252, 15.1377, 22.0104,3, 2
46, 20, 41, 263, 242, 41.8314, 61.9936,7, 5
46, 20, 42, 263, 230, 66.4556, 81.2502,10, 8
46, 20, 43, 263, 260, 16.5377, 16.5377,2, 2
46, 20, 44, 263, 238, 55.6412, 55.6412,5, 5
46, 20, 45, 263, 268, 8.74436, 8.74436,1, 1
46, 20, 46, 263, 284, 52.8934, 52.8934,6, 6
46, 20, 47, 263, 255, 24.8724, 24.8724,2, 2
46, 21, 1, 174, 168, 6.89, 6.89,1, 1
46, 21, 2, 174, 217, 62.0709, 62.0709,7, 7
46, 21, 3, 174, 165, 28.8283, 28.8283,3, 3
46, 21, 4, 174, 331, 14.8523, 14.8523,2, 2
46, 21, 5, 174, 306, 44.2854, 50.9704,6, 5
46, 21, 6, 174, 306, 30.1519, 30.1519,4, 4
46, 21, 7, 174, 215, 57.8864, 57.8864,7, 7
46, 21, 8, 174, 206, 180.292, 200.692,23, 20
46, 21, 9, 174, 261, 0, 0,0, 0
46, 21, 10, 174, 280, 36.879, 36.879,2, 2
46, 21, 11, 174, 283, 23.7335, 23.7335,3, 3
46, 21, 12, 174, 270, 53.1149, 53.1149,6, 6
46, 21, 13, 174, 288, 70.6408, 70.6408,8, 8
46, 21, 14, 174, 230, 24.7518, 32.2159,4, 3
46, 21, 15, 174, 200, 161.081, 170.389,17, 16
46, 21, 16, 174, 200, 20.7489, 20.7489,2, 2
46, 21, 17, 174, 197, 20.6469, 20.6469,2, 2
46, 21, 18, 174, 205, 79.453, 86.2694,10, 9
46, 21, 19, 174, 228, 55.8492, 62.8747,7, 6
46, 21, 20, 174, 263, 127.396, 127.396,15, 15
46, 21, 22, 174, 211, 423.758, 439.275,44, 42
46, 21, 23, 174, 267, 130.19, 130.19,15, 15
46, 21, 24, 174, 229, 38.6475, 38.6475,5, 5
46, 21, 25, 174, 261, 115.568, 115.568,11, 11
46, 21, 26, 174, 280, 124.233, 156.843,18, 14
46, 21, 27, 174, 223, 33.172, 33.172,3, 3
46, 21, 28, 174, 250, 69.4703, 69.4703,6, 6
46, 21, 29, 174, 284, 44.8018, 44.8018,6, 6
46, 21, 30, 174, 254, 67.43, 67.43,7, 7
46, 21, 31, 174, 229, 45.3674, 45.3674,5, 5
46, 21, 32, 174, 271, 56.691, 56.691,4, 4
46, 21, 33, 174, 276, 7.59193, 7.59193,1, 1
46, 21, 34, 174, 213, 155.223, 161.93,16, 15
46, 21, 35, 174, 226, 19.4219, 19.4219,1, 1
46, 21, 36, 174, 262, 73.8311, 82.7384,10, 9
46, 21, 37, 174, 277, 25.3809, 25.3809,2, 2
46, 21, 38, 174, 290, 24.1243, 24.1243,2, 2
46, 21, 39, 174, 262, 11.3632, 11.3632,1, 1
46, 21, 40, 174, 252, 40.022, 40.022,4, 4
46, 21, 41, 174, 242, 55.0301, 55.0301,6, 6
46, 21, 42, 174, 230, 64.3609, 64.3609,8, 8
46, 21, 43, 174, 260, 32.0004, 32.0004,4, 4
46, 21, 44, 174, 238, 143.613, 164.233,18, 15
46, 21, 45, 174, 268, 8.03108, 8.03108,1, 1
46, 21, 46, 174, 284, 93.1135, 100.313,10, 9
46, 21, 47, 174, 255, 53.5882, 53.5882,5, 5
46, 22, 1, 211, 168, 0, 0,0, 0
46, 22, 2, 211, 217, 123.933, 130.784,12, 11
46, 22, 3, 211, 165, 22.4015, 22.4015,2, 2
46, 22, 4, 211, 331, 21.9587, 21.9587,2, 2
46, 22, 5, 211, 306, 51.1473, 51.1473,6, 6
46, 22, 6, 211, 306, 66.1234, 125.077,13, 6
46, 22, 7, 211, 215, 151.958, 158.899,18, 17
46, 22, 8, 211, 206, 67.1713, 75.5722,8, 7
46, 22, 9, 211, 261, 0, 0,0, 0
46, 22, 10, 211, 280, 29.8591, 29.8591,2, 2
46, 22, 11, 211, 283, 0, 0,0, 0
46, 22, 12, 211, 270, 57.3478, 57.3478,6, 6
46, 22, 13, 211, 288, 24.066, 24.066,3, 3
46, 22, 14, 211, 230, 135.034, 172.98,19, 14
46, 22, 15, 211, 200, 205.094, 205.094,21, 21
46, 22, 16, 211, 200, 55.5286, 69.9683,7, 5
46, 22, 17, 211, 197, 88.3567, 129.929,12, 7
46, 22, 18, 211, 205, 83.9953, 90.792,10, 9
46, 22, 19, 211, 228, 34.9451, 34.9451,4, 4
46, 22, 20, 211, 263, 160.624, 174.674,18, 16
46, 22, 21, 211, 174, 400.04, 439.274,44, 39
46, 22, 23, 211, 267, 259.896, 304.027,35, 29
46, 22, 24, 211, 229, 56.5376, 99.3302,11, 6
46, 22, 25, 211, 261, 205.981, 220.993,22, 20
46, 22, 26, 211, 280, 57.4896, 57.4896,7, 7
46, 22, 27, 211, 223, 35.0616, 46.2733,4, 3
46, 22, 28, 211, 250, 88.3528, 88.3528,6, 6
46, 22, 29, 211, 284, 37.3449, 37.3449,4, 4
46, 22, 30, 211, 254, 58.5491, 76.156,8, 6
46, 22, 31, 211, 229, 50.6798, 65.9181,8, 6
46, 22, 32, 211, 271, 57.0025, 71.5021,7, 5
46, 22, 33, 211, 276, 16.074, 16.074,2, 2
46, 22, 34, 211, 213, 174.872, 234.851,25, 18
46, 22, 35, 211, 226, 42.9466, 50.4607,5, 4
46, 22, 36, 211, 262, 36.2246, 36.2246,4, 4
46, 22, 37, 211, 277, 56.1646, 56.1646,6, 6
46, 22, 38, 211, 290, 32.1269, 32.1269,2, 2
46, 22, 39, 211, 262, 50.0914, 73.236,6, 3
46, 22, 40, 211, 252, 28.3039, 28.3039,4, 4
46, 22, 41, 211, 242, 37.8103, 37.8103,5, 5
46, 22, 42, 211, 230, 60.3891, 75.7542,8, 6
46, 22, 43, 211, 260, 49.884, 49.884,6, 6
46, 22, 44, 211, 238, 121.769, 176.415,21, 14
46, 22, 45, 211, 268, 35.0751, 75.4909,9, 4
46, 22, 46, 211, 284, 151.983, 167.568,19, 17
46, 22, 47, 211, 255, 184.658, 269.83,28, 18
46, 23, 1, 267, 168, 15.8666, 15.8666,2, 2
46, 23, 2, 267, 217, 37.0417, 37.0417,4, 4
46, 23, 3, 267, 165, 30.7095, 30.7095,3, 3
46, 23, 4, 267, 331, 14.6375, 14.6375,2, 2
46, 23, 5, 267, 306, 23.8461, 23.8461,3, 3
46, 23, 6, 267, 306, 57.3922, 64.7449,7, 6
46, 23, 7, 267, 215, 82.5474, 82.5474,10, 10
46, 23, 8, 267, 206, 18.4536, 25.1713,3, 2
46, 23, 9, 267, 261, 29.3101, 36.5361,5, 4
46, 23, 10, 267, 280, 65.6459, 72.4342,7, 6
46, 23, 11, 267, 283, 7.09905, 7.09905,1, 1
46, 23, 12, 267, 270, 30.6136, 30.6136,4, 4
46, 23, 13, 267, 288, 0, 0,0, 0
46, 23, 14, 267, 230, 184.513, 207.794,24, 21
46, 23, 15, 267, 200, 42.3109, 49.1377,5, 4
46, 23, 16, 267, 200, 41.2745, 48.2204,4, 3
46, 23, 17, 267, 197, 56.2135, 56.2135,5, 5
46, 23, 18, 267, 205, 36.9589, 36.9589,4, 4
46, 23, 19, 267, 228, 19.0632, 19.0632,2, 2
46, 23, 20, 267, 263, 72.0421, 72.0421,9, 9
46, 23, 21, 267, 174, 107.504, 130.19,15, 12
46, 23, 22, 267, 211, 289.016, 304.026,35, 33
46, 23, 24, 267, 229, 512.997, 590.601,65, 55
46, 23, 25, 267, 261, 113.292, 120.769,13, 12
46, 23, 26, 267, 280, 14.0776, 14.0776,2, 2
46, 23, 27, 267, 223, 10.0316, 10.0316,1, 1
46, 23, 28, 267, 250, 41.2119, 41.2119,3, 3
46, 23, 29, 267, 284, 22.2324, 22.2324,3, 3
46, 23, 30, 267, 254, 9.28686, 9.28686,1, 1
46, 23, 31, 267, 229, 0, 0,0, 0
46, 23, 32, 267, 271, 167.154, 233.584,26, 17
46, 23, 33, 267, 276, 0, 0,0, 0
46, 23, 34, 267, 213, 46.4194, 46.4194,5, 5
46, 23, 35, 267, 226, 103.637, 125.636,11, 9
46, 23, 36, 267, 262, 23.9499, 23.9499,3, 3
46, 23, 37, 267, 277, 149.724, 179.169,21, 17
46, 23, 38, 267, 290, 24.4473, 24.4473,2, 2
46, 23, 39, 267, 262, 54.5574, 76.7363,8, 5
46, 23, 40, 267, 252, 0, 0,0, 0
46, 23, 41, 267, 242, 8.36486, 8.36486,1, 1
46, 23, 42, 267, 230, 22.3843, 22.3843,3, 3
46, 23, 43, 267, 260, 0, 0,0, 0
46, 23, 44, 267, 238, 38.2942, 38.2942,5, 5
46, 23, 45, 267, 268, 47.1324, 54.3029,7, 6
46, 23, 46, 267, 284, 38.3068, 38.3068,5, 5
46, 23, 47, 267, 255, 164.84, 195.916,22, 18
46, 24, 1, 229, 168, 22.0036, 29.0982,4, 3
46, 24, 2, 229, 217, 0, 0,0, 0
46, 24, 3, 229, 165, 15.9416, 31.3992,2, 1
46, 24, 4, 229, 331, 0, 0,0, 0
46, 24, 5, 229, 306, 26.984, 26.984,3, 3
46, 24, 6, 229, 306, 77.9602, 91.9389,12, 10
46, 24, 7, 229, 215, 14.9959, 14.9959,2, 2
46, 24, 8, 229, 206, 0, 0,0, 0
46, 24, 9, 229, 261, 47.1777, 54.0046,7, 6
46, 24, 10, 229, 280, 79.4941, 87.2545,12, 11
46, 24, 11, 229, 283, 21.9789, 21.9789,2, 2
46, 24, 12, 229, 270, 8.42814, 16.3521,2, 1
46, 24, 13, 229, 288, 0, 0,0, 0
46, 24, 14, 229, 230, 101.594, 118.33,14, 12
46, 24, 15, 229, 200, 7.33076, 14.2294,2, 1
46, 24, 16, 229, 200, 57.4345, 57.4345,7, 7
46, 24, 17, 229, 197, 25.7587, 25.7587,3, 3
46, 24, 18, 229, 205, 17.3727, 26.4657,3, 2
46, 24, 19, 229, 228, 0, 0,0, 0
46, 24, 20, 229, 263, 37.3214, 37.3214,5, 5
46, 24, 21, 229, 174, 30.7253, 38.6475,5, 4
46, 24, 22, 229, 211, 82.6006, 99.3301,11, 9
46, 24, 23, 229, 267, 502.202, 590.601,65, 54
46, 24, 25, 229, 261, 52.3089, 65.9284,7, 5
46, 24, 26, 229, 280, 9.41704, 17.885,2, 1
46, 24, 27, 229, 223, 14.2012, 14.2012,2, 2
46, 24, 28, 229, 250, 7.08176, 13.7558,2, 1
46, 24, 29, 229, 284, 0, 0,0, 0
46, 24, 30, 229, 254, 0, 0,0, 0
46, 24, 31, 229, 229, 0, 0,0, 0
46, 24, 32, 229, 271, 147.246, 217.051,24, 16
46, 24, 33, 229, 276, 37.8735, 37.8735,5, 5
46, 24, 34, 229, 213, 54.7061, 81.2265,9, 6
46, 24, 35, 229, 226, 117.778, 139.818,15, 12
46, 24, 36, 229, 262, 8.98793, 8.98793,1, 1
46, 24, 37, 229, 277, 123.124, 156.025,19, 15
46, 24, 38, 229, 290, 34.0433, 34.0433,4, 4
46, 24, 39, 229, 262, 85.2028, 93.5756,10, 9
46, 24, 40, 229, 252, 0, 0,0, 0
46, 24, 41, 229, 242, 0, 0,0, 0
46, 24, 42, 229, 230, 8.44466, 16.6957,2, 1
46, 24, 43, 229, 260, 36.4086, 36.4086,5, 5
46, 24, 44, 229, 238, 24.9257, 31.8333,4, 3
46, 24, 45, 229, 268, 60.1021, 60.1021,7, 7
46, 24, 46, 229, 284, 6.86002, 6.86002,1, 1
46, 24, 47, 229, 255, 120.418, 131.064,16, 15
46, 25, 1, 261, 168, 16.44, 23.3027,3, 2
46, 25, 2, 261, 217, 94.2025, 115.601,11, 8
46, 25, 3, 261, 165, 45.6484, 45.6484,5, 5
46, 25, 4, 261, 331, 17.5108, 17.5108,2, 2
46, 25, 5, 261, 306, 32.9245, 32.9245,4, 4
46, 25, 6, 261, 306, 32.7476, 32.7476,4, 4
46, 25, 7, 261, 215, 589.43, 637.499,66, 60
46, 25, 8, 261, 206, 108.926, 116.178,14, 13
46, 25, 9, 261, 261, 0, 0,0, 0
46, 25, 10, 261, 280, 34.0975, 34.0975,2, 2
46, 25, 11, 261, 283, 19.5875, 19.5875,2, 2
46, 25, 12, 261, 270, 65.5353, 65.5353,8, 8
46, 25, 13, 261, 288, 52.102, 52.102,6, 6
46, 25, 14, 261, 230, 500.712, 525.787,53, 50
46, 25, 15, 261, 200, 420.679, 475.642,47, 41
46, 25, 16, 261, 200, 48.8193, 56.1157,6, 5
46, 25, 17, 261, 197, 145.247, 167.977,16, 13
46, 25, 18, 261, 205, 133.938, 141.159,14, 13
46, 25, 19, 261, 228, 45.9368, 53.8651,7, 6
46, 25, 20, 261, 263, 688.534, 723.014,71, 67
46, 25, 21, 261, 174, 115.567, 115.567,11, 11
46, 25, 22, 261, 211, 196.926, 220.992,22, 19
46, 25, 23, 261, 267, 98.6722, 120.769,13, 10
46, 25, 24, 261, 229, 54.3902, 65.9283,7, 6
46, 25, 26, 261, 280, 15.1097, 15.1097,2, 2
46, 25, 27, 261, 223, 43.7014, 43.7014,5, 5
46, 25, 28, 261, 250, 138.922, 145.757,14, 13
46, 25, 29, 261, 284, 50.7003, 50.7003,6, 6
46, 25, 30, 261, 254, 47.6759, 54.4042,7, 6
46, 25, 31, 261, 229, 101.618, 115.561,13, 11
46, 25, 32, 261, 271, 432.472, 459.502,46, 43
46, 25, 33, 261, 276, 16.9197, 16.9197,2, 2
46, 25, 34, 261, 213, 113.826, 113.826,12, 12
46, 25, 35, 261, 226, 80.1477, 98.4532,10, 8
46, 25, 36, 261, 262, 83.0493, 83.0493,10, 10
46, 25, 37, 261, 277, 389.46, 432.956,42, 37
46, 25, 38, 261, 290, 24.5656, 24.5656,2, 2
46, 25, 39, 261, 262, 54.8675, 69.4263,8, 6
46, 25, 40, 261, 252, 37.1971, 37.1971,5, 5
46, 25, 41, 261, 242, 18.6644, 18.6644,2, 2
46, 25, 42, 261, 230, 40.6999, 48.044,6, 5
46, 25, 43, 261, 260, 26.1092, 26.1092,3, 3
46, 25, 44, 261, 238, 52.1954, 68.4732,8, 6
46, 25, 45, 261, 268, 7.69892, 7.69892,1, 1
46, 25, 46, 261, 284, 45.7854, 45.7854,6, 6
46, 25, 47, 261, 255, 37.7416, 37.7416,4, 4
46, 26, 1, 280, 168, 7.51976, 7.51976,1, 1
46, 26, 2, 280, 217, 14.3332, 14.3332,2, 2
46, 26, 3, 280, 165, 18.0651, 18.0651,2, 2
46, 26, 4, 280, 331, 0, 0,0, 0
46, 26, 5, 280, 306, 49.0547, 49.0547,6, 6
46, 26, 6, 280, 306, 8.66107, 8.66107,1, 1
46, 26, 7, 280, 215, 24.101, 24.101,3, 3
46, 26, 8, 280, 206, 60.7023, 82.1494,11, 8
46, 26, 9, 280, 261, 0, 0,0, 0
46, 26, 10, 280, 280, 9.17512, 9.17512,1, 1
46, 26, 11, 280, 283, 7.22817, 7.22817,1, 1
46, 26, 12, 280, 270, 37.4274, 37.4274,4, 4
46, 26, 13, 280, 288, 0, 0,0, 0
46, 26, 14, 280, 230, 17.394, 17.394,2, 2
46, 26, 15, 280, 200, 28.6169, 28.6169,4, 4
46, 26, 16, 280, 200, 6.94302, 6.94302,1, 1
46, 26, 17, 280, 197, 16.8213, 16.8213,2, 2
46, 26, 18, 280, 205, 20.1082, 20.1082,2, 2
46, 26, 19, 280, 228, 26.6473, 26.6473,3, 3
46, 26, 20, 280, 263, 16.7234, 16.7234,2, 2
46, 26, 21, 280, 174, 124.796, 156.843,18, 14
46, 26, 22, 280, 211, 57.4898, 57.4898,7, 7
46, 26, 23, 280, 267, 14.0776, 14.0776,2, 2
46, 26, 24, 280, 229, 17.8851, 17.8851,2, 2
46, 26, 25, 280, 261, 15.1097, 15.1097,2, 2
46, 26, 27, 280, 223, 7.23522, 7.23522,1, 1
46, 26, 28, 280, 250, 28.2892, 28.2892,4, 4
46, 26, 29, 280, 284, 15.9502, 15.9502,2, 2
46, 26, 30, 280, 254, 23.8147, 23.8147,3, 3
46, 26, 31, 280, 229, 7.38365, 7.38365,1, 1
46, 26, 32, 280, 271, 27.7772, 27.7772,3, 3
46, 26, 33, 280, 276, 13.5146, 13.5146,2, 2
46, 26, 34, 280, 213, 48.2024, 61.977,7, 5
46, 26, 35, 280, 226, 7.04555, 7.04555,1, 1
46, 26, 36, 280, 262, 24.591, 24.591,3, 3
46, 26, 37, 280, 277, 17.6481, 17.6481,2, 2
46, 26, 38, 280, 290, 8.19891, 8.19891,1, 1
46, 26, 39, 280, 262, 0, 0,0, 0
46, 26, 40, 280, 252, 22.4164, 22.4164,3, 3
46, 26, 41, 280, 242, 23.0678, 23.0678,3, 3
46, 26, 42, 280, 230, 24.6274, 24.6274,3, 3
46, 26, 43, 280, 260, 10.7875, 10.7875,1, 1
46, 26, 44, 280, 238, 46.7172, 54.0154,6, 5
46, 26, 45, 280, 268, 0, 0,0, 0
46, 26, 46, 280, 284, 72.1453, 72.1453,9, 9
46, 26, 47, 280, 255, 33.3816, 33.3816,4, 4
46, 27, 1, 223, 168, 88.7038, 125.341,16, 11
46, 27, 2, 223, 217, 126.37, 143.674,16, 14
46, 27, 3, 223, 165, 66.7714, 81.5495,9, 7
46, 27, 4, 223, 331, 18.9338, 18.9338,2, 2
46, 27, 5, 223, 306, 18.0673, 18.0673,2, 2
46, 27, 6, 223, 306, 26.7068, 26.7068,3, 3
46, 27, 7, 223, 215, 32.0161, 32.0161,3, 3
46, 27, 8, 223, 206, 32.0155, 32.0155,4, 4
46, 27, 9, 223, 261, 8.24018, 8.24018,1, 1
46, 27, 10, 223, 280, 27.9839, 27.9839,3, 3
46, 27, 11, 223, 283, 33.8033, 33.8033,4, 4
46, 27, 12, 223, 270, 58.5598, 58.5598,5, 5
46, 27, 13, 223, 288, 23.2184, 23.2184,3, 3
46, 27, 14, 223, 230, 26.0319, 26.0319,2, 2
46, 27, 15, 223, 200, 10.2949, 10.2949,1, 1
46, 27, 16, 223, 200, 37.8024, 37.8024,4, 4
46, 27, 17, 223, 197, 40.1204, 40.1204,4, 4
46, 27, 18, 223, 205, 32.0712, 32.0712,4, 4
46, 27, 19, 223, 228, 26.1245, 26.1245,3, 3
46, 27, 20, 223, 263, 36.5965, 36.5965,3, 3
46, 27, 21, 223, 174, 33.1718, 33.1718,3, 3
46, 27, 22, 223, 211, 46.2734, 46.2734,4, 4
46, 27, 23, 223, 267, 10.0317, 10.0317,1, 1
46, 27, 24, 223, 229, 14.2012, 14.2012,2, 2
46, 27, 25, 223, 261, 36.2605, 43.7014,5, 4
46, 27, 26, 223, 280, 7.23522, 7.23522,1, 1
46, 27, 28, 223, 250, 615.077, 668.541,64, 58
46, 27, 29, 223, 284, 42.57, 42.57,4, 4
46, 27, 30, 223, 254, 124.54, 136.124,13, 12
46, 27, 31, 223, 229, 556.255, 643.755,64, 55
46, 27, 32, 223, 271, 30.9195, 30.9195,3, 3
46, 27, 33, 223, 276, 15.7234, 15.7234,2, 2
46, 27, 34, 223, 213, 49.06, 49.06,5, 5
46, 27, 35, 223, 226, 10.5086, 10.5086,1, 1
46, 27, 36, 223, 262, 35.8422, 35.8422,3, 3
46, 27, 37, 223, 277, 22.5865, 22.5865,2, 2
46, 27, 38, 223, 290, 47.4048, 61.751,5, 3
46, 27, 39, 223, 262, 28.7344, 35.8085,4, 3
46, 27, 40, 223, 252, 7.60383, 7.60383,1, 1
46, 27, 41, 223, 242, 48.5241, 48.5241,6, 6
46, 27, 42, 223, 230, 7.11166, 7.11166,1, 1
46, 27, 43, 223, 260, 60.0862, 60.0862,7, 7
46, 27, 44, 223, 238, 20.6519, 20.6519,2, 2
46, 27, 45, 223, 268, 0, 0,0, 0
46, 27, 46, 223, 284, 27.2025, 27.2025,3, 3
46, 27, 47, 223, 255, 22.0681, 22.0681,2, 2
46, 28, 1, 250, 168, 49.0505, 49.0505,6, 6
46, 28, 2, 250, 217, 182.216, 236.619,23, 18
46, 28, 3, 250, 165, 75.3047, 102.247,12, 9
46, 28, 4, 250, 331, 25.8329, 42.709,5, 3
46, 28, 5, 250, 306, 34.6646, 42.6306,5, 4
46, 28, 6, 250, 306, 43.8827, 53.5482,6, 5
46, 28, 7, 250, 215, 97.2674, 105.049,12, 11
46, 28, 8, 250, 206, 69.7359, 78.7378,9, 8
46, 28, 9, 250, 261, 0, 0,0, 0
46, 28, 10, 250, 280, 49.3041, 77.7772,6, 4
46, 28, 11, 250, 283, 70.3311, 70.3311,8, 8
46, 28, 12, 250, 270, 64.6528, 82.4951,9, 7
46, 28, 13, 250, 288, 20.9856, 20.9856,2, 2
46, 28, 14, 250, 230, 63.8601, 75.032,7, 6
46, 28, 15, 250, 200, 42.9663, 58.0609,5, 4
46, 28, 16, 250, 200, 35.5428, 60.7016,5, 3
46, 28, 17, 250, 197, 77.0433, 108.633,6, 5
46, 28, 18, 250, 205, 120.21, 143.188,17, 14
46, 28, 19, 250, 228, 76.2617, 76.2617,9, 9
46, 28, 20, 250, 263, 56.332, 70.3605,6, 5
46, 28, 21, 250, 174, 57.3819, 69.4703,6, 5
46, 28, 22, 250, 211, 61.8429, 88.3538,6, 5
46, 28, 23, 250, 267, 26.5802, 41.2123,3, 2
46, 28, 24, 250, 229, 13.7558, 13.7558,2, 2
46, 28, 25, 250, 261, 123.144, 145.757,14, 12
46, 28, 26, 250, 280, 28.2892, 28.2892,4, 4
46, 28, 27, 250, 223, 607.131, 668.538,64, 57
46, 28, 29, 250, 284, 70.294, 89.875,10, 8
46, 28, 30, 250, 254, 218.995, 226.468,25, 24
46, 28, 31, 250, 229, 670.621, 739.345,71, 62
46, 28, 32, 250, 271, 45.5639, 76.0129,7, 4
46, 28, 33, 250, 276, 57.5445, 57.5445,6, 6
46, 28, 34, 250, 213, 53.6372, 71.7695,8, 6
46, 28, 35, 250, 226, 32.1306, 49.3943,3, 2
46, 28, 36, 250, 262, 78.8028, 90.1255,9, 8
46, 28, 37, 250, 277, 32.3164, 52.9218,5, 3
46, 28, 38, 250, 290, 43.2235, 72.0511,5, 3
46, 28, 39, 250, 262, 23.6431, 45.9432,2, 1
46, 28, 40, 250, 252, 14.6012, 14.6012,2, 2
46, 28, 41, 250, 242, 41.7108, 41.7108,5, 5
46, 28, 42, 250, 230, 62.025, 62.025,8, 8
46, 28, 43, 250, 260, 84.3576, 92.3784,12, 11
46, 28, 44, 250, 238, 35.1349, 43.3282,5, 4
46, 28, 45, 250, 268, 0, 0,0, 0
46, 28, 46, 250, 284, 38.6167, 50.091,5, 4
46, 28, 47, 250, 255, 45.6921, 69.9203,6, 4
46, 29, 1, 284, 168, 0, 0,0, 0
46, 29, 2, 284, 217, 49.813, 67.1724,8, 6
46, 29, 3, 284, 165, 16.1008, 24.5321,3, 2
46, 29, 4, 284, 331, 28.8197, 42.7927,6, 4
46, 29, 5, 284, 306, 69.9614, 94.4363,8, 6
46, 29, 6, 284, 306, 42.3508, 62.0218,7, 5
46, 29, 7, 284, 215, 42.2118, 55.6333,5, 4
46, 29, 8, 284, 206, 60.5372, 77.3802,9, 7
46, 29, 9, 284, 261, 25.1144, 32.0061,4, 3
46, 29, 10, 284, 280, 17.2064, 33.0862,4, 2
46, 29, 11, 284, 283, 72.5141, 81.9697,9, 8
46, 29, 12, 284, 270, 100.999, 156.316,13, 9
46, 29, 13, 284, 288, 65.1458, 65.1458,7, 7
46, 29, 14, 284, 230, 25.6966, 34.8349,4, 3
46, 29, 15, 284, 200, 23.4515, 39.2695,5, 3
46, 29, 16, 284, 200, 16.2192, 31.1669,4, 2
46, 29, 17, 284, 197, 18.6544, 27.5439,3, 2
46, 29, 18, 284, 205, 35.2784, 35.2784,4, 4
46, 29, 19, 284, 228, 66.8079, 66.8079,8, 8
46, 29, 20, 284, 263, 49.5315, 87.0677,9, 5
46, 29, 21, 284, 174, 37.7074, 44.8019,6, 5
46, 29, 22, 284, 211, 28.0012, 37.3455,4, 3
46, 29, 23, 284, 267, 15.3137, 22.2325,3, 2
46, 29, 24, 284, 229, 0, 0,0, 0
46, 29, 25, 284, 261, 35.8417, 50.7006,6, 4
46, 29, 26, 284, 280, 8.7436, 15.9502,2, 1
46, 29, 27, 284, 223, 28.6989, 42.5705,4, 3
46, 29, 28, 284, 250, 69.9338, 89.8753,10, 8
46, 29, 30, 284, 254, 105.815, 119.85,13, 12
46, 29, 31, 284, 229, 28.7361, 43.3945,5, 3
46, 29, 32, 284, 271, 17.6598, 26.9152,3, 2
46, 29, 33, 284, 276, 439.824, 459.566,46, 44
46, 29, 34, 284, 213, 57.0828, 72.6597,9, 7
46, 29, 35, 284, 226, 8.12054, 15.2693,2, 1
46, 29, 36, 284, 262, 63.7797, 79.8401,8, 7
46, 29, 37, 284, 277, 18.2572, 27.4729,3, 2
46, 29, 38, 284, 290, 134.818, 177.105,20, 15
46, 29, 39, 284, 262, 24.9814, 33.5287,4, 3
46, 29, 40, 284, 252, 143.959, 159.297,18, 16
46, 29, 41, 284, 242, 191.475, 201.77,23, 22
46, 29, 42, 284, 230, 195.987, 228.472,25, 21
46, 29, 43, 284, 260, 124.996, 143.12,16, 14
46, 29, 44, 284, 238, 49.1812, 64.3671,6, 5
46, 29, 45, 284, 268, 13.8183, 13.8183,2, 2
46, 29, 46, 284, 284, 27.8212, 46.2158,5, 3
46, 29, 47, 284, 255, 27.6162, 46.6438,5, 3
46, 30, 1, 254, 168, 0, 0,0, 0
46, 30, 2, 254, 217, 108.775, 117.908,14, 13
46, 30, 3, 254, 165, 22.9747, 22.9747,3, 3
46, 30, 4, 254, 331, 21.5746, 21.5746,3, 3
46, 30, 5, 254, 306, 54.1327, 54.1327,6, 6
46, 30, 6, 254, 306, 8.84973, 8.84973,1, 1
46, 30, 7, 254, 215, 52.3004, 52.3004,5, 5
46, 30, 8, 254, 206, 64.5505, 64.5505,7, 7
46, 30, 9, 254, 261, 0, 0,0, 0
46, 30, 10, 254, 280, 13.8431, 13.8431,2, 2
46, 30, 11, 254, 283, 11.3445, 11.3445,1, 1
46, 30, 12, 254, 270, 46.9209, 46.9209,5, 5
46, 30, 13, 254, 288, 35.9064, 44.6858,5, 4
46, 30, 14, 254, 230, 17.6484, 24.632,3, 2
46, 30, 15, 254, 200, 48.1019, 48.1019,4, 4
46, 30, 16, 254, 200, 14.1757, 14.1757,2, 2
46, 30, 17, 254, 197, 37.8662, 46.0856,5, 4
46, 30, 18, 254, 205, 61.1642, 61.1642,8, 8
46, 30, 19, 254, 228, 147.518, 147.518,17, 17
46, 30, 20, 254, 263, 60.0145, 60.0145,7, 7
46, 30, 21, 254, 174, 58.1829, 67.43,7, 6
46, 30, 22, 254, 211, 65.3733, 76.1555,8, 7
46, 30, 23, 254, 267, 9.28681, 9.28681,1, 1
46, 30, 24, 254, 229, 0, 0,0, 0
46, 30, 25, 254, 261, 47.0917, 54.4041,7, 6
46, 30, 26, 254, 280, 23.8147, 23.8147,3, 3
46, 30, 27, 254, 223, 113.067, 136.127,13, 10
46, 30, 28, 254, 250, 197.832, 226.468,25, 22
46, 30, 29, 254, 284, 113.139, 119.85,13, 12
46, 30, 31, 254, 229, 269.964, 285.49,30, 28
46, 30, 32, 254, 271, 9.42778, 9.42778,1, 1
46, 30, 33, 254, 276, 53.6912, 53.6912,7, 7
46, 30, 34, 254, 213, 36.8843, 44.9227,6, 5
46, 30, 35, 254, 226, 0, 0,0, 0
46, 30, 36, 254, 262, 39.3476, 47.0942,6, 5
46, 30, 37, 254, 277, 16.4693, 16.4693,2, 2
46, 30, 38, 254, 290, 31.7658, 31.7658,4, 4
46, 30, 39, 254, 262, 15.3472, 15.3472,2, 2
46, 30, 40, 254, 252, 98.2263, 106.4,12, 11
46, 30, 41, 254, 242, 50.9848, 58.8511,7, 6
46, 30, 42, 254, 230, 74.4405, 74.4405,10, 10
46, 30, 43, 254, 260, 49.1458, 49.1458,6, 6
46, 30, 44, 254, 238, 48.5318, 57.5385,6, 5
46, 30, 45, 254, 268, 0, 0,0, 0
46, 30, 46, 254, 284, 30.6282, 37.3332,5, 4
46, 30, 47, 254, 255, 30.2351, 30.2351,4, 4
46, 31, 1, 229, 168, 43.8658, 43.8658,6, 6
46, 31, 2, 229, 217, 182.227, 222.048,25, 20
46, 31, 3, 229, 165, 64.6483, 71.469,9, 8
46, 31, 4, 229, 331, 8.71272, 8.71272,1, 1
46, 31, 5, 229, 306, 15.4805, 15.4805,2, 2
46, 31, 6, 229, 306, 16.7835, 16.7835,2, 2
46, 31, 7, 229, 215, 72.4933, 72.4933,9, 9
46, 31, 8, 229, 206, 57.7851, 57.7851,7, 7
46, 31, 9, 229, 261, 7.1121, 7.1121,1, 1
46, 31, 10, 229, 280, 0, 0,0, 0
46, 31, 11, 229, 283, 64.2639, 64.2639,7, 7
46, 31, 12, 229, 270, 16.7915, 16.7915,2, 2
46, 31, 13, 229, 288, 40.5084, 40.5084,4, 4
46, 31, 14, 229, 230, 26.8065, 26.8065,3, 3
46, 31, 15, 229, 200, 40.5205, 48.617,6, 5
46, 31, 16, 229, 200, 26.1737, 26.1737,3, 3
46, 31, 17, 229, 197, 63.4527, 70.2869,8, 7
46, 31, 18, 229, 205, 68.8378, 86.6275,8, 6
46, 31, 19, 229, 228, 58.6837, 58.6837,6, 6
46, 31, 20, 229, 263, 62.0001, 72.653,7, 6
46, 31, 21, 229, 174, 36.8112, 45.3682,5, 4
46, 31, 22, 229, 211, 50.6798, 65.918,8, 6
46, 31, 23, 229, 267, 0, 0,0, 0
46, 31, 24, 229, 229, 0, 0,0, 0
46, 31, 25, 229, 261, 101.34, 115.561,13, 11
46, 31, 26, 229, 280, 7.38362, 7.38362,1, 1
46, 31, 27, 229, 223, 594.217, 643.753,64, 58
46, 31, 28, 229, 250, 677.545, 739.345,71, 64
46, 31, 29, 229, 284, 43.3944, 43.3944,5, 5
46, 31, 30, 229, 254, 257.619, 285.491,30, 27
46, 31, 32, 229, 271, 0, 0,0, 0
46, 31, 33, 229, 276, 61.6291, 61.6291,7, 7
46, 31, 34, 229, 213, 46.1417, 46.1417,6, 6
46, 31, 35, 229, 226, 0, 0,0, 0
46, 31, 36, 229, 262, 46.2967, 46.2967,5, 5
46, 31, 37, 229, 277, 14.1107, 14.1107,2, 2
46, 31, 38, 229, 290, 20.9652, 20.9652,3, 3
46, 31, 39, 229, 262, 20.9875, 20.9875,3, 3
46, 31, 40, 229, 252, 45.7856, 45.7856,5, 5
46, 31, 41, 229, 242, 25.6806, 25.6806,3, 3
46, 31, 42, 229, 230, 68.2376, 75.7187,8, 7
46, 31, 43, 229, 260, 65.3198, 65.3198,8, 8
46, 31, 44, 229, 238, 26.797, 36.9345,3, 2
46, 31, 45, 229, 268, 0, 0,0, 0
46, 31, 46, 229, 284, 22.6974, 22.6974,3, 3
46, 31, 47, 229, 255, 42.6023, 42.6023,5, 5
46, 32, 1, 271, 168, 31.726, 46.9405,6, 4
46, 32, 2, 271, 217, 29.1181, 68.8763,6, 2
46, 32, 3, 271, 165, 61.8047, 107.515,10, 5
46, 32, 4, 271, 331, 23.2267, 49.5139,5, 2
46, 32, 5, 271, 306, 25.2205, 25.2205,3, 3
46, 32, 6, 271, 306, 58.6925, 115.245,15, 7
46, 32, 7, 271, 215, 251.086, 286.979,33, 29
46, 32, 8, 271, 206, 60.6105, 60.6105,8, 8
46, 32, 9, 271, 261, 22.6449, 22.6449,3, 3
46, 32, 10, 271, 280, 44.8797, 85.2774,7, 3
46, 32, 11, 271, 283, 14.8019, 21.5586,3, 2
46, 32, 12, 271, 270, 28.5446, 28.5446,3, 3
46, 32, 13, 271, 288, 0, 0,0, 0
46, 32, 14, 271, 230, 590.756, 752.12,69, 53
46, 32, 15, 271, 200, 232.617, 278.751,30, 25
46, 32, 16, 271, 200, 175.728, 237.419,24, 17
46, 32, 17, 271, 197, 87.4786, 107.391,12, 10
46, 32, 18, 271, 205, 36.3647, 46.1392,5, 4
46, 32, 19, 271, 228, 7.42251, 7.42251,1, 1
46, 32, 20, 271, 263, 270.146, 320.931,36, 30
46, 32, 21, 271, 174, 37.8814, 56.6914,4, 3
46, 32, 22, 271, 211, 51.0029, 71.5026,7, 5
46, 32, 23, 271, 267, 126.335, 233.585,26, 13
46, 32, 24, 271, 229, 127.86, 217.051,24, 13
46, 32, 25, 271, 261, 394.052, 459.503,46, 39
46, 32, 26, 271, 280, 19.4865, 27.7769,3, 2
46, 32, 27, 271, 223, 14.3654, 30.9197,3, 1
46, 32, 28, 271, 250, 37.3294, 76.0139,7, 3
46, 32, 29, 271, 284, 19.7601, 26.9155,3, 2
46, 32, 30, 271, 254, 9.42801, 9.42801,1, 1
46, 32, 31, 271, 229, 0, 0,0, 0
46, 32, 33, 271, 276, 0, 0,0, 0
46, 32, 34, 271, 213, 82.9413, 105.03,11, 9
46, 32, 35, 271, 226, 100.713, 128.366,14, 11
46, 32, 36, 271, 262, 27.0122, 34.6675,4, 3
46, 32, 37, 271, 277, 6265.38, 6677.8,218, 178
46, 32, 38, 271, 290, 24.6289, 61.4009,6, 2
46, 32, 39, 271, 262, 27.5245, 44.8112,5, 3
46, 32, 40, 271, 252, 0, 0,0, 0
46, 32, 41, 271, 242, 0, 0,0, 0
46, 32, 42, 271, 230, 14.997, 21.8056,3, 2
46, 32, 43, 271, 260, 12.2985, 12.2985,1, 1
46, 32, 44, 271, 238, 35.2959, 35.2959,4, 4
46, 32, 45, 271, 268, 64.0827, 94.2662,12, 8
46, 32, 46, 271, 284, 67.2152, 88.5855,12, 9
46, 32, 47, 271, 255, 59.479, 107.403,13, 7
46, 33, 1, 276, 168, 0, 0,0, 0
46, 33, 2, 276, 217, 17.1169, 25.1973,3, 2
46, 33, 3, 276, 165, 0, 0,0, 0
46, 33, 4, 276, 331, 0, 0,0, 0
46, 33, 5, 276, 306, 15.7556, 15.7556,2, 2
46, 33, 6, 276, 306, 205.762, 475.232,59, 24
46, 33, 7, 276, 215, 31.0539, 31.0539,4, 4
46, 33, 8, 276, 206, 32.567, 32.567,4, 4
46, 33, 9, 276, 261, 302.987, 668.643,78, 33
46, 33, 10, 276, 280, 266.724, 606.969,70, 28
46, 33, 11, 276, 283, 215.195, 430.627,51, 24
46, 33, 12, 276, 270, 74.4357, 82.1032,8, 7
46, 33, 13, 276, 288, 53.5488, 60.2858,7, 6
46, 33, 14, 276, 230, 0, 0,0, 0
46, 33, 15, 276, 200, 56.943, 64.0298,7, 6
46, 33, 16, 276, 200, 0, 0,0, 0
46, 33, 17, 276, 197, 16.4257, 23.335,3, 2
46, 33, 18, 276, 205, 20.2375, 20.2375,2, 2
46, 33, 19, 276, 228, 30.0084, 36.9212,4, 3
46, 33, 20, 276, 263, 57.5301, 57.5301,6, 6
46, 33, 21, 276, 174, 7.59196, 7.59196,1, 1
46, 33, 22, 276, 211, 16.0738, 16.0738,2, 2
46, 33, 23, 276, 267, 0, 0,0, 0
46, 33, 24, 276, 229, 23.1153, 37.8736,5, 3
46, 33, 25, 276, 261, 16.9195, 16.9195,2, 2
46, 33, 26, 276, 280, 13.5146, 13.5146,2, 2
46, 33, 27, 276, 223, 15.7235, 15.7235,2, 2
46, 33, 28, 276, 250, 47.3806, 57.5444,6, 5
46, 33, 29, 276, 284, 433.14, 459.566,46, 43
46, 33, 30, 276, 254, 46.4656, 53.6913,7, 6
46, 33, 31, 276, 229, 61.6292, 61.6292,7, 7
46, 33, 32, 276, 271, 0, 0,0, 0
46, 33, 34, 276, 213, 53.9729, 53.9729,6, 6
46, 33, 35, 276, 226, 77.6534, 115.225,15, 10
46, 33, 36, 276, 262, 75.9313, 90.656,10, 8
46, 33, 37, 276, 277, 0, 0,0, 0
46, 33, 38, 276, 290, 676.76, 1215.95,138, 70
46, 33, 39, 276, 262, 279.79, 563.208,64, 29
46, 33, 40, 276, 252, 44.6236, 44.6236,5, 5
46, 33, 41, 276, 242, 107.711, 125.453,14, 12
46, 33, 42, 276, 230, 175.766, 206.429,24, 20
46, 33, 43, 276, 260, 523.879, 994.52,111, 53
46, 33, 44, 276, 238, 8.02079, 8.02079,1, 1
46, 33, 45, 276, 268, 251.278, 489.665,59, 28
46, 33, 46, 276, 284, 26.209, 26.209,3, 3
46, 33, 47, 276, 255, 75.0034, 144.332,18, 9
46, 34, 1, 213, 168, 15.3129, 22.1367,3, 2
46, 34, 2, 213, 217, 60.5614, 60.5614,6, 6
46, 34, 3, 213, 165, 77.1374, 93.9297,9, 7
46, 34, 4, 213, 331, 15.8864, 15.8864,2, 2
46, 34, 5, 213, 306, 59.8702, 59.8702,7, 7
46, 34, 6, 213, 306, 62.5568, 77.7264,9, 7
46, 34, 7, 213, 215, 110.756, 110.756,12, 12
46, 34, 8, 213, 206, 90.561, 90.561,9, 9
46, 34, 9, 213, 261, 0, 0,0, 0
46, 34, 10, 213, 280, 51.4332, 75.648,8, 5
46, 34, 11, 213, 283, 166.446, 166.446,18, 18
46, 34, 12, 213, 270, 184.609, 206.155,25, 22
46, 34, 13, 213, 288, 79.5355, 79.5355,9, 9
46, 34, 14, 213, 230, 75.8654, 75.8654,8, 8
46, 34, 15, 213, 200, 180.619, 214.56,23, 19
46, 34, 16, 213, 200, 57.9201, 83.5443,9, 6
46, 34, 17, 213, 197, 119.418, 143.818,16, 13
46, 34, 18, 213, 205, 125.841, 136.342,14, 13
46, 34, 19, 213, 228, 39.8097, 48.2921,6, 5
46, 34, 20, 213, 263, 169.143, 169.143,19, 19
46, 34, 21, 213, 174, 151.424, 161.931,16, 15
46, 34, 22, 213, 211, 203.157, 234.85,25, 21
46, 34, 23, 213, 267, 37.7599, 46.4193,5, 4
46, 34, 24, 213, 229, 59.3715, 81.2262,9, 6
46, 34, 25, 213, 261, 105.495, 113.826,12, 11
46, 34, 26, 213, 280, 52.1158, 61.9772,7, 6
46, 34, 27, 213, 223, 49.0597, 49.0597,5, 5
46, 34, 28, 213, 250, 57.305, 71.7692,8, 6
46, 34, 29, 213, 284, 72.6596, 72.6596,9, 9
46, 34, 30, 213, 254, 44.9225, 44.9225,6, 6
46, 34, 31, 213, 229, 46.1417, 46.1417,6, 6
46, 34, 32, 213, 271, 77.7578, 105.029,11, 8
46, 34, 33, 213, 276, 53.9731, 53.9731,6, 6
46, 34, 35, 213, 226, 164.193, 194.581,24, 20
46, 34, 36, 213, 262, 376.213, 425.196,49, 43
46, 34, 37, 213, 277, 56.662, 64.3293,8, 7
46, 34, 38, 213, 290, 37.4112, 45.6102,4, 3
46, 34, 39, 213, 262, 146.052, 155.294,18, 17
46, 34, 40, 213, 252, 65.044, 65.044,7, 7
46, 34, 41, 213, 242, 81.3032, 81.3032,10, 10
46, 34, 42, 213, 230, 80.4684, 90.1982,10, 9
46, 34, 43, 213, 260, 42.7702, 42.7702,5, 5
46, 34, 44, 213, 238, 131.002, 156.838,18, 15
46, 34, 45, 213, 268, 43.0154, 51.334,6, 5
46, 34, 46, 213, 284, 100.549, 108.295,13, 12
46, 34, 47, 213, 255, 74.1655, 98.5059,11, 8
46, 35, 1, 226, 168, 6.80164, 6.80164,1, 1
46, 35, 2, 226, 217, 32.7235, 32.7235,3, 3
46, 35, 3, 226, 165, 35.7926, 35.7926,4, 4
46, 35, 4, 226, 331, 15.841, 15.841,2, 2
46, 35, 5, 226, 306, 6.69859, 6.69859,1, 1
46, 35, 6, 226, 306, 177.376, 216.273,24, 19
46, 35, 7, 226, 215, 59.7894, 59.7894,7, 7
46, 35, 8, 226, 206, 18.2393, 18.2393,2, 2
46, 35, 9, 226, 261, 214.607, 280.232,36, 27
46, 35, 10, 226, 280, 300.783, 402.623,43, 31
46, 35, 11, 226, 283, 230.635, 337.712,38, 25
46, 35, 12, 226, 270, 30.2463, 30.2463,4, 4
46, 35, 13, 226, 288, 0, 0,0, 0
46, 35, 14, 226, 230, 50.9744, 50.9744,5, 5
46, 35, 15, 226, 200, 50.8672, 57.7113,6, 5
46, 35, 16, 226, 200, 82.2884, 82.2884,8, 8
46, 35, 17, 226, 197, 63.0015, 73.6884,6, 5
46, 35, 18, 226, 205, 43.9135, 43.9135,5, 5
46, 35, 19, 226, 228, 0, 0,0, 0
46, 35, 20, 226, 263, 40.9312, 40.9312,5, 5
46, 35, 21, 226, 174, 19.4217, 19.4217,1, 1
46, 35, 22, 226, 211, 50.4596, 50.4596,5, 5
46, 35, 23, 226, 267, 110.742, 125.637,11, 9
46, 35, 24, 226, 229, 98.9825, 139.816,15, 10
46, 35, 25, 226, 261, 91.2508, 98.4588,10, 9
46, 35, 26, 226, 280, 7.04554, 7.04554,1, 1
46, 35, 27, 226, 223, 10.5085, 10.5085,1, 1
46, 35, 28, 226, 250, 49.3939, 49.3939,3, 3
46, 35, 29, 226, 284, 15.2692, 15.2692,2, 2
46, 35, 30, 226, 254, 0, 0,0, 0
46, 35, 31, 226, 229, 0, 0,0, 0
46, 35, 32, 226, 271, 128.366, 128.366,14, 14
46, 35, 33, 226, 276, 94.1799, 115.225,15, 12
46, 35, 34, 226, 213, 173.935, 194.58,24, 21
46, 35, 36, 226, 262, 74.4599, 104.131,13, 9
46, 35, 37, 226, 277, 52.4116, 52.4116,5, 5
46, 35, 38, 226, 290, 237.776, 313.968,35, 25
46, 35, 39, 226, 262, 452.236, 610.997,65, 45
46, 35, 40, 226, 252, 0, 0,0, 0
46, 35, 41, 226, 242, 6.89707, 6.89707,1, 1
46, 35, 42, 226, 230, 16.283, 16.283,2, 2
46, 35, 43, 226, 260, 218.48, 309.485,36, 24
46, 35, 44, 226, 238, 21.8903, 21.8903,3, 3
46, 35, 45, 226, 268, 200.778, 248.582,27, 21
46, 35, 46, 226, 284, 41.3425, 41.3425,5, 5
46, 35, 47, 226, 255, 112.678, 161.161,18, 12
46, 36, 1, 262, 168, 6.74689, 6.74689,1, 1
46, 36, 2, 262, 217, 61.1584, 61.1584,7, 7
46, 36, 3, 262, 165, 24.1391, 24.1391,3, 3
46, 36, 4, 262, 331, 15.8445, 15.8445,2, 2
46, 36, 5, 262, 306, 107.385, 116.397,12, 11
46, 36, 6, 262, 306, 46.8861, 46.8861,4, 4
46, 36, 7, 262, 215, 75.6859, 75.6859,8, 8
46, 36, 8, 262, 206, 56.0637, 71.308,8, 6
46, 36, 9, 262, 261, 14.173, 14.173,2, 2
46, 36, 10, 262, 280, 106.165, 106.165,11, 11
46, 36, 11, 262, 283, 247.052, 247.052,28, 28
46, 36, 12, 262, 270, 314.036, 367.776,35, 28
46, 36, 13, 262, 288, 145.909, 145.909,15, 15
46, 36, 14, 262, 230, 38.169, 38.169,4, 4
46, 36, 15, 262, 200, 79.3198, 85.9898,10, 9
46, 36, 16, 262, 200, 54.9212, 54.9212,6, 6
46, 36, 17, 262, 197, 59.1042, 59.1042,7, 7
46, 36, 18, 262, 205, 113.921, 113.921,12, 12
46, 36, 19, 262, 228, 52.9819, 52.9819,7, 7
46, 36, 20, 262, 263, 142.907, 149.689,15, 14
46, 36, 21, 262, 174, 72.2736, 82.7385,10, 9
46, 36, 22, 262, 211, 36.2251, 36.2251,4, 4
46, 36, 23, 262, 267, 23.9501, 23.9501,3, 3
46, 36, 24, 262, 229, 8.98782, 8.98782,1, 1
46, 36, 25, 262, 261, 83.0495, 83.0495,10, 10
46, 36, 26, 262, 280, 24.5909, 24.5909,3, 3
46, 36, 27, 262, 223, 35.8433, 35.8433,3, 3
46, 36, 28, 262, 250, 90.1256, 90.1256,9, 9
46, 36, 29, 262, 284, 72.8973, 79.8398,8, 7
46, 36, 30, 262, 254, 39.4968, 47.0942,6, 5
46, 36, 31, 262, 229, 46.2967, 46.2967,5, 5
46, 36, 32, 262, 271, 34.6667, 34.6667,4, 4
46, 36, 33, 262, 276, 90.6559, 90.6559,10, 10
46, 36, 34, 262, 213, 415.98, 425.196,49, 48
46, 36, 35, 262, 226, 90.4275, 104.131,13, 11
46, 36, 37, 262, 277, 26.3055, 26.3055,3, 3
46, 36, 38, 262, 290, 29.2893, 29.2893,2, 2
46, 36, 39, 262, 262, 230.133, 253.319,27, 24
46, 36, 40, 262, 252, 52.1769, 59.6572,7, 6
46, 36, 41, 262, 242, 149.8, 165.398,19, 17
46, 36, 42, 262, 230, 125.445, 140.334,17, 15
46, 36, 43, 262, 260, 66.8463, 66.8463,8, 8
46, 36, 44, 262, 238, 93.9773, 93.9773,10, 10
46, 36, 45, 262, 268, 22.2971, 22.2971,3, 3
46, 36, 46, 262, 284, 95.1654, 101.842,12, 11
46, 36, 47, 262, 255, 53.3772, 53.3772,5, 5
46, 37, 1, 277, 168, 22.8141, 22.8141,3, 3
46, 37, 2, 277, 217, 31.2411, 47.7719,4, 2
46, 37, 3, 277, 165, 59.5528, 68.1575,6, 5
46, 37, 4, 277, 331, 21.1767, 38.0755,4, 2
46, 37, 5, 277, 306, 41.0969, 41.0969,5, 5
46, 37, 6, 277, 306, 64.7765, 87.9321,11, 8
46, 37, 7, 277, 215, 309.768, 328.092,34, 32
46, 37, 8, 277, 206, 48.4837, 56.3824,7, 6
46, 37, 9, 277, 261, 23.761, 32.5287,4, 3
46, 37, 10, 277, 280, 58.1419, 65.322,6, 5
46, 37, 11, 277, 283, 31.451, 31.451,4, 4
46, 37, 12, 277, 270, 29.1409, 35.8565,4, 3
46, 37, 13, 277, 288, 0, 0,0, 0
46, 37, 14, 277, 230, 544.054, 623.457,65, 56
46, 37, 15, 277, 200, 162.329, 162.329,17, 17
46, 37, 16, 277, 200, 145.039, 224.119,23, 14
46, 37, 17, 277, 197, 88.0593, 104.533,11, 9
46, 37, 18, 277, 205, 39.1752, 39.1752,5, 5
46, 37, 19, 277, 228, 7.75504, 7.75504,1, 1
46, 37, 20, 277, 263, 247.476, 281.698,30, 26
46, 37, 21, 277, 174, 25.3808, 25.3808,2, 2
46, 37, 22, 277, 211, 47.7634, 56.1644,6, 5
46, 37, 23, 277, 267, 156.466, 179.169,21, 18
46, 37, 24, 277, 229, 124.648, 156.025,19, 15
46, 37, 25, 277, 261, 416.553, 432.957,42, 40
46, 37, 26, 277, 280, 17.6479, 17.6479,2, 2
46, 37, 27, 277, 223, 13.0403, 22.5864,2, 1
46, 37, 28, 277, 250, 37.101, 52.9199,5, 3
46, 37, 29, 277, 284, 20.1244, 27.4731,3, 2
46, 37, 30, 277, 254, 16.4692, 16.4692,2, 2
46, 37, 31, 277, 229, 14.1107, 14.1107,2, 2
46, 37, 32, 277, 271, 6303.01, 6678.55,218, 181
46, 37, 33, 277, 276, 0, 0,0, 0
46, 37, 34, 277, 213, 64.3293, 64.3293,8, 8
46, 37, 35, 277, 226, 52.4116, 52.4116,5, 5
46, 37, 36, 277, 262, 18.4327, 26.3057,3, 2
46, 37, 38, 277, 290, 23.5173, 40.5887,4, 2
46, 37, 39, 277, 262, 26.7161, 34.4196,4, 3
46, 37, 40, 277, 252, 0, 0,0, 0
46, 37, 41, 277, 242, 0, 0,0, 0
46, 37, 42, 277, 230, 0, 0,0, 0
46, 37, 43, 277, 260, 14.048, 14.048,1, 1
46, 37, 44, 277, 238, 26.3236, 34.3121,4, 3
46, 37, 45, 277, 268, 24.285, 31.6938,4, 3
46, 37, 46, 277, 284, 38.1784, 52.995,7, 5
46, 37, 47, 277, 255, 43.9655, 59.3824,7, 5
46, 38, 1, 290, 168, 6.7112, 6.7112,1, 1
46, 38, 2, 290, 217, 47.2397, 71.0207,6, 4
46, 38, 3, 290, 165, 37.8708, 56.4949,6, 4
46, 38, 4, 290, 331, 17.1115, 32.88,4, 2
46, 38, 5, 290, 306, 18.0941, 25.8975,3, 2
46, 38, 6, 290, 306, 219.47, 511.363,60, 23
46, 38, 7, 290, 215, 12.3092, 20.3533,2, 1
46, 38, 8, 290, 206, 0, 0,0, 0
46, 38, 9, 290, 261, 438.97, 1088.19,132, 49
46, 38, 10, 290, 280, 400.625, 958.846,107, 39
46, 38, 11, 290, 283, 212.491, 455.419,53, 23
46, 38, 12, 290, 270, 37.4495, 54.7006,5, 3
46, 38, 13, 290, 288, 18.1356, 18.1356,2, 2
46, 38, 14, 290, 230, 11.5357, 20.374,2, 1
46, 38, 15, 290, 200, 18.6251, 30.2411,2, 1
46, 38, 16, 290, 200, 24.059, 44.197,4, 2
46, 38, 17, 290, 197, 15.4808, 29.6253,2, 1
46, 38, 18, 290, 205, 10.3873, 18.2703,2, 1
46, 38, 19, 290, 228, 0, 0,0, 0
46, 38, 20, 290, 263, 13.4896, 25.0574,2, 1
46, 38, 21, 290, 174, 15.5415, 24.1242,2, 1
46, 38, 22, 290, 211, 17.819, 32.1268,2, 1
46, 38, 23, 290, 267, 13.7423, 24.4475,2, 1
46, 38, 24, 290, 229, 25.1841, 34.0432,4, 3
46, 38, 25, 290, 261, 15.0039, 24.5656,2, 1
46, 38, 26, 290, 280, 8.19889, 8.19889,1, 1
46, 38, 27, 290, 223, 49.6976, 61.749,5, 4
46, 38, 28, 290, 250, 43.2234, 72.0509,5, 3
46, 38, 29, 290, 284, 128.625, 177.105,20, 14
46, 38, 30, 290, 254, 17.3187, 31.7658,4, 2
46, 38, 31, 290, 229, 20.9653, 20.9653,3, 3
46, 38, 32, 290, 271, 36.4624, 61.4004,6, 3
46, 38, 33, 290, 276, 604.78, 1215.96,138, 61
46, 38, 34, 290, 213, 35.5777, 45.6111,4, 3
46, 38, 35, 290, 226, 171.768, 313.968,35, 18
46, 38, 36, 290, 262, 19.0267, 29.2891,2, 1
46, 38, 37, 290, 277, 23.5165, 40.5877,4, 2
46, 38, 39, 290, 262, 399.446, 827.074,94, 41
46, 38, 40, 290, 252, 0, 0,0, 0
46, 38, 41, 290, 242, 29.0683, 29.0683,4, 4
46, 38, 42, 290, 230, 55.645, 63.9591,8, 7
46, 38, 43, 290, 260, 431.378, 981.944,117, 48
46, 38, 44, 290, 238, 10.4177, 18.3389,2, 1
46, 38, 45, 290, 268, 253.406, 585.291,70, 28
46, 38, 46, 290, 284, 10.8657, 20.0932,2, 1
46, 38, 47, 290, 255, 75.2581, 159.463,20, 9
46, 39, 1, 262, 168, 31.3956, 31.3956,4, 4
46, 39, 2, 262, 217, 33.4431, 40.1564,4, 3
46, 39, 3, 262, 165, 26.2772, 26.2772,3, 3
46, 39, 4, 262, 331, 16.4186, 16.4186,2, 2
46, 39, 5, 262, 306, 36.1626, 36.1626,4, 4
46, 39, 6, 262, 306, 326.158, 620.75,67, 31
46, 39, 7, 262, 215, 7.97772, 7.97772,1, 1
46, 39, 8, 262, 206, 13.9284, 13.9284,2, 2
46, 39, 9, 262, 261, 524.775, 968.406,105, 52
46, 39, 10, 262, 280, 662.566, 1121.88,126, 69
46, 39, 11, 262, 283, 422.284, 670.517,76, 44
46, 39, 12, 262, 270, 57.5745, 57.5745,7, 7
46, 39, 13, 262, 288, 7.7486, 7.7486,1, 1
46, 39, 14, 262, 230, 46.0078, 54.0981,6, 5
46, 39, 15, 262, 200, 12.0113, 12.0113,1, 1
46, 39, 16, 262, 200, 104.137, 117.655,15, 13
46, 39, 17, 262, 197, 38.6547, 38.6547,3, 3
46, 39, 18, 262, 205, 34.4049, 34.4049,5, 5
46, 39, 19, 262, 228, 6.957, 6.957,1, 1
46, 39, 20, 262, 263, 13.5476, 13.5476,1, 1
46, 39, 21, 262, 174, 11.3631, 11.3631,1, 1
46, 39, 22, 262, 211, 65.0123, 73.2365,6, 5
46, 39, 23, 262, 267, 63.0507, 76.736,8, 6
46, 39, 24, 262, 229, 86.05, 93.5759,10, 9
46, 39, 25, 262, 261, 62.3257, 69.4269,8, 7
46, 39, 26, 262, 280, 0, 0,0, 0
46, 39, 27, 262, 223, 35.8083, 35.8083,4, 4
46, 39, 28, 262, 250, 45.9429, 45.9429,2, 2
46, 39, 29, 262, 284, 33.5286, 33.5286,4, 4
46, 39, 30, 262, 254, 15.3472, 15.3472,2, 2
46, 39, 31, 262, 229, 14.134, 20.9874,3, 2
46, 39, 32, 262, 271, 44.8106, 44.8106,5, 5
46, 39, 33, 262, 276, 312.557, 563.208,64, 33
46, 39, 34, 262, 213, 147.329, 155.294,18, 17
46, 39, 35, 262, 226, 407.472, 610.996,65, 40
46, 39, 36, 262, 262, 245.553, 253.319,27, 26
46, 39, 37, 262, 277, 27.4478, 34.4195,4, 3
46, 39, 38, 262, 290, 468.669, 827.074,94, 49
46, 39, 40, 262, 252, 0, 0,0, 0
46, 39, 41, 262, 242, 6.80543, 6.80543,1, 1
46, 39, 42, 262, 230, 28.6362, 36.3175,4, 3
46, 39, 43, 262, 260, 352.56, 611.563,70, 37
46, 39, 44, 262, 238, 41.3161, 48.3978,6, 5
46, 39, 45, 262, 268, 378.655, 698.486,81, 41
46, 39, 46, 262, 284, 45.6434, 52.6376,6, 5
46, 39, 47, 262, 255, 152.51, 253.363,28, 16
46, 40, 1, 252, 168, 0, 0,0, 0
46, 40, 2, 252, 217, 7.39695, 14.6003,2, 1
46, 40, 3, 252, 165, 0, 0,0, 0
46, 40, 4, 252, 331, 13.7404, 13.7404,2, 2
46, 40, 5, 252, 306, 30.01, 30.01,4, 4
46, 40, 6, 252, 306, 22.3702, 22.3702,3, 3
46, 40, 7, 252, 215, 25.2833, 25.2833,3, 3
46, 40, 8, 252, 206, 86.9159, 105.592,11, 9
46, 40, 9, 252, 261, 0, 0,0, 0
46, 40, 10, 252, 280, 0, 0,0, 0
46, 40, 11, 252, 283, 21.727, 21.727,3, 3
46, 40, 12, 252, 270, 66.3181, 66.3181,8, 8
46, 40, 13, 252, 288, 101.3, 123.919,14, 11
46, 40, 14, 252, 230, 0, 0,0, 0
46, 40, 15, 252, 200, 49.6054, 57.3792,6, 5
46, 40, 16, 252, 200, 0, 0,0, 0
46, 40, 17, 252, 197, 8.31122, 15.747,2, 1
46, 40, 18, 252, 205, 35.5978, 35.5978,4, 4
46, 40, 19, 252, 228, 107.036, 113.743,12, 11
46, 40, 20, 252, 263, 22.0105, 22.0105,3, 3
46, 40, 21, 252, 174, 40.0222, 40.0222,4, 4
46, 40, 22, 252, 211, 28.3039, 28.3039,4, 4
46, 40, 23, 252, 267, 0, 0,0, 0
46, 40, 24, 252, 229, 0, 0,0, 0
46, 40, 25, 252, 261, 29.8031, 37.1971,5, 4
46, 40, 26, 252, 280, 22.4164, 22.4164,3, 3
46, 40, 27, 252, 223, 7.6038, 7.6038,1, 1
46, 40, 28, 252, 250, 14.6012, 14.6012,2, 2
46, 40, 29, 252, 284, 152.598, 159.297,18, 17
46, 40, 30, 252, 254, 90.9927, 106.4,12, 10
46, 40, 31, 252, 229, 38.7622, 45.7859,5, 4
46, 40, 32, 252, 271, 0, 0,0, 0
46, 40, 33, 252, 276, 44.6236, 44.6236,5, 5
46, 40, 34, 252, 213, 52.9441, 65.044,7, 6
46, 40, 35, 252, 226, 0, 0,0, 0
46, 40, 36, 252, 262, 51.0043, 59.6571,7, 6
46, 40, 37, 252, 277, 0, 0,0, 0
46, 40, 38, 252, 290, 0, 0,0, 0
46, 40, 39, 252, 262, 0, 0,0, 0
46, 40, 41, 252, 242, 653.014, 743.809,73, 62
46, 40, 42, 252, 230, 410.242, 427.746,44, 42
46, 40, 43, 252, 260, 136.817, 136.817,16, 16
46, 40, 44, 252, 238, 34.8869, 34.8869,4, 4
46, 40, 45, 252, 268, 0, 0,0, 0
46, 40, 46, 252, 284, 30.3944, 30.3944,3, 3
46, 40, 47, 252, 255, 35.8905, 35.8905,4, 4
46, 41, 1, 242, 168, 0, 0,0, 0
46, 41, 2, 242, 217, 50.3905, 50.3905,6, 6
46, 41, 3, 242, 165, 0, 0,0, 0
46, 41, 4, 242, 331, 6.68091, 6.68091,1, 1
46, 41, 5, 242, 306, 48.4031, 48.4031,6, 6
46, 41, 6, 242, 306, 44.1331, 44.1331,6, 6
46, 41, 7, 242, 215, 23.7671, 23.7671,3, 3
46, 41, 8, 242, 206, 47.7508, 58.2135,6, 5
46, 41, 9, 242, 261, 0, 0,0, 0
46, 41, 10, 242, 280, 0, 0,0, 0
46, 41, 11, 242, 283, 50.7018, 50.7018,6, 6
46, 41, 12, 242, 270, 141.471, 148.441,17, 16
46, 41, 13, 242, 288, 76.7767, 84.3193,9, 8
46, 41, 14, 242, 230, 17.8181, 17.8181,2, 2
46, 41, 15, 242, 200, 42.3253, 42.3253,5, 5
46, 41, 16, 242, 200, 0, 0,0, 0
46, 41, 17, 242, 197, 36.1086, 36.1086,4, 4
46, 41, 18, 242, 205, 57.3744, 57.3744,7, 7
46, 41, 19, 242, 228, 71.3634, 71.3634,8, 8
46, 41, 20, 242, 263, 61.9936, 61.9936,7, 7
46, 41, 21, 242, 174, 55.0302, 55.0302,6, 6
46, 41, 22, 242, 211, 37.8102, 37.8102,5, 5
46, 41, 23, 242, 267, 8.36479, 8.36479,1, 1
46, 41, 24, 242, 229, 0, 0,0, 0
46, 41, 25, 242, 261, 18.6645, 18.6645,2, 2
46, 41, 26, 242, 280, 23.0678, 23.0678,3, 3
46, 41, 27, 242, 223, 40.7598, 48.524,6, 5
46, 41, 28, 242, 250, 41.7107, 41.7107,5, 5
46, 41, 29, 242, 284, 187.741, 201.77,23, 21
46, 41, 30, 242, 254, 58.851, 58.851,7, 7
46, 41, 31, 242, 229, 25.6805, 25.6805,3, 3
46, 41, 32, 242, 271, 0, 0,0, 0
46, 41, 33, 242, 276, 118.59, 125.454,14, 13
46, 41, 34, 242, 213, 81.3035, 81.3035,10, 10
46, 41, 35, 242, 226, 6.89708, 6.89708,1, 1
46, 41, 36, 242, 262, 158.321, 165.397,19, 18
46, 41, 37, 242, 277, 0, 0,0, 0
46, 41, 38, 242, 290, 29.0682, 29.0682,4, 4
46, 41, 39, 242, 262, 6.80546, 6.80546,1, 1
46, 41, 40, 242, 252, 670.373, 743.811,73, 65
46, 41, 42, 242, 230, 562.533, 584.507,58, 55
46, 41, 43, 242, 260, 317.654, 326.532,34, 33
46, 41, 44, 242, 238, 41.608, 41.608,4, 4
46, 41, 45, 242, 268, 0, 0,0, 0
46, 41, 46, 242, 284, 7.45771, 7.45771,1, 1
46, 41, 47, 242, 255, 0, 0,0, 0
46, 42, 1, 230, 168, 6.7623, 6.7623,1, 1
46, 42, 2, 230, 217, 48.683, 48.683,6, 6
46, 42, 3, 230, 165, 12.2949, 12.2949,1, 1
46, 42, 4, 230, 331, 7.75463, 7.75463,1, 1
46, 42, 5, 230, 306, 16.2857, 23.6218,3, 2
46, 42, 6, 230, 306, 39.1521, 39.1521,5, 5
46, 42, 7, 230, 215, 35.5464, 35.5464,4, 4
46, 42, 8, 230, 206, 72.7442, 80.1653,10, 9
46, 42, 9, 230, 261, 21.8654, 21.8654,3, 3
46, 42, 10, 230, 280, 51.4343, 51.4343,7, 7
46, 42, 11, 230, 283, 113.439, 113.439,13, 13
46, 42, 12, 230, 270, 175.361, 197.124,23, 20
46, 42, 13, 230, 288, 109.896, 117.007,13, 12
46, 42, 14, 230, 230, 7.68105, 7.68105,1, 1
46, 42, 15, 230, 200, 59.7038, 59.7038,7, 7
46, 42, 16, 230, 200, 0, 0,0, 0
46, 42, 17, 230, 197, 24.5642, 24.5642,3, 3
46, 42, 18, 230, 205, 149.496, 156.613,15, 14
46, 42, 19, 230, 228, 86.3691, 93.116,11, 10
46, 42, 20, 230, 263, 74.2245, 81.2507,10, 9
46, 42, 21, 230, 174, 64.3609, 64.3609,8, 8
46, 42, 22, 230, 211, 75.7541, 75.7541,8, 8
46, 42, 23, 230, 267, 15.2153, 22.3842,3, 2
46, 42, 24, 230, 229, 16.6956, 16.6956,2, 2
46, 42, 25, 230, 261, 48.0443, 48.0443,6, 6
46, 42, 26, 230, 280, 24.6273, 24.6273,3, 3
46, 42, 27, 230, 223, 7.11166, 7.11166,1, 1
46, 42, 28, 230, 250, 54.931, 62.0251,8, 7
46, 42, 29, 230, 284, 205.584, 228.471,25, 22
46, 42, 30, 230, 254, 74.4405, 74.4405,10, 10
46, 42, 31, 230, 229, 67.7514, 75.7183,8, 7
46, 42, 32, 230, 271, 21.8057, 21.8057,3, 3
46, 42, 33, 230, 276, 191.694, 206.429,24, 22
46, 42, 34, 230, 213, 90.1975, 90.1975,10, 10
46, 42, 35, 230, 226, 16.283, 16.283,2, 2
46, 42, 36, 230, 262, 133.283, 140.334,17, 16
46, 42, 37, 230, 277, 0, 0,0, 0
46, 42, 38, 230, 290, 63.9591, 63.9591,8, 8
46, 42, 39, 230, 262, 36.3175, 36.3175,4, 4
46, 42, 40, 230, 252, 396.302, 427.746,44, 40
46, 42, 41, 230, 242, 543.142, 584.505,58, 53
46, 42, 43, 230, 260, 540.852, 566.148,61, 58
46, 42, 44, 230, 238, 57.4617, 57.4617,6, 6
46, 42, 45, 230, 268, 0, 0,0, 0
46, 42, 46, 230, 284, 74.229, 74.229,8, 8
46, 42, 47, 230, 255, 65.6941, 65.6941,7, 7
46, 43, 1, 260, 168, 0, 0,0, 0
46, 43, 2, 260, 217, 41.0863, 55.6229,7, 5
46, 43, 3, 260, 165, 9.30059, 9.30059,1, 1
46, 43, 4, 260, 331, 6.80655, 6.80655,1, 1
46, 43, 5, 260, 306, 59.1919, 59.1919,7, 7
46, 43, 6, 260, 306, 218.063, 434.158,51, 24
46, 43, 7, 260, 215, 93.8697, 101.365,10, 9
46, 43, 8, 260, 206, 36.4214, 43.6303,5, 4
46, 43, 9, 260, 261, 349.947, 719.607,82, 36
46, 43, 10, 260, 280, 360.832, 643.828,78, 41
46, 43, 11, 260, 283, 230.478, 422.617,49, 24
46, 43, 12, 260, 270, 70.735, 77.9703,8, 7
46, 43, 13, 260, 288, 50.8399, 50.8399,7, 7
46, 43, 14, 260, 230, 25.3292, 25.3292,3, 3
46, 43, 15, 260, 200, 22.8639, 30.2706,4, 3
46, 43, 16, 260, 200, 7.87758, 7.87758,1, 1
46, 43, 17, 260, 197, 43.07, 43.07,6, 6
46, 43, 18, 260, 205, 23.2117, 30.6688,4, 3
46, 43, 19, 260, 228, 36.4338, 43.3095,5, 4
46, 43, 20, 260, 263, 16.5375, 16.5375,2, 2
46, 43, 21, 260, 174, 25.3017, 32.0005,4, 3
46, 43, 22, 260, 211, 42.9954, 49.8844,6, 5
46, 43, 23, 260, 267, 0, 0,0, 0
46, 43, 24, 260, 229, 29.2988, 36.4085,5, 4
46, 43, 25, 260, 261, 26.1094, 26.1094,3, 3
46, 43, 26, 260, 280, 10.7875, 10.7875,1, 1
46, 43, 27, 260, 223, 52.9095, 60.0857,7, 6
46, 43, 28, 260, 250, 78.2717, 92.3784,12, 10
46, 43, 29, 260, 284, 127.724, 143.12,16, 14
46, 43, 30, 260, 254, 35.3256, 49.1459,6, 4
46, 43, 31, 260, 229, 50.6289, 65.3197,8, 6
46, 43, 32, 260, 271, 12.2986, 12.2986,1, 1
46, 43, 33, 260, 276, 512.504, 994.521,111, 51
46, 43, 34, 260, 213, 34.9092, 42.77,5, 4
46, 43, 35, 260, 226, 155.983, 309.485,36, 17
46, 43, 36, 260, 262, 59.4633, 66.8464,8, 7
46, 43, 37, 260, 277, 14.0482, 14.0482,1, 1
46, 43, 38, 260, 290, 588.744, 981.944,117, 66
46, 43, 39, 260, 262, 369.792, 611.563,70, 39
46, 43, 40, 260, 252, 130.133, 136.817,16, 15
46, 43, 41, 260, 242, 283.68, 326.532,34, 29
46, 43, 42, 260, 230, 479.894, 566.148,61, 51
46, 43, 44, 260, 238, 33.7462, 33.7462,4, 4
46, 43, 45, 260, 268, 204.403, 370.12,45, 23
46, 43, 46, 260, 284, 72.0767, 72.0767,8, 8
46, 43, 47, 260, 255, 113.309, 223.105,25, 12
46, 44, 1, 238, 168, 14.54, 14.54,2, 2
46, 44, 2, 238, 217, 53.6714, 53.6714,6, 6
46, 44, 3, 238, 165, 24.9488, 24.9488,3, 3
46, 44, 4, 238, 331, 14.8519, 14.8519,2, 2
46, 44, 5, 238, 306, 231.64, 255.379,25, 22
46, 44, 6, 238, 306, 261.645, 286.144,31, 28
46, 44, 7, 238, 215, 41.7568, 41.7568,4, 4
46, 44, 8, 238, 206, 16.7232, 16.7232,2, 2
46, 44, 9, 238, 261, 0, 0,0, 0
46, 44, 10, 238, 280, 23.2517, 23.2517,3, 3
46, 44, 11, 238, 283, 32.4451, 39.4131,4, 3
46, 44, 12, 238, 270, 100.475, 100.475,9, 9
46, 44, 13, 238, 288, 60.0434, 60.0434,4, 4
46, 44, 14, 238, 230, 48.2815, 48.2815,6, 6
46, 44, 15, 238, 200, 73.6573, 73.6573,9, 9
46, 44, 16, 238, 200, 35.9342, 35.9342,4, 4
46, 44, 17, 238, 197, 48.4385, 48.4385,6, 6
46, 44, 18, 238, 205, 77.2869, 77.2869,9, 9
46, 44, 19, 238, 228, 31.0276, 31.0276,3, 3
46, 44, 20, 238, 263, 55.6407, 55.6407,5, 5
46, 44, 21, 238, 174, 157.16, 164.233,18, 17
46, 44, 22, 238, 211, 152.924, 176.415,21, 18
46, 44, 23, 238, 267, 38.2944, 38.2944,5, 5
46, 44, 24, 238, 229, 31.8329, 31.8329,4, 4
46, 44, 25, 238, 261, 68.4729, 68.4729,8, 8
46, 44, 26, 238, 280, 54.0151, 54.0151,6, 6
46, 44, 27, 238, 223, 20.652, 20.652,2, 2
46, 44, 28, 238, 250, 43.3281, 43.3281,5, 5
46, 44, 29, 238, 284, 64.3667, 64.3667,6, 6
46, 44, 30, 238, 254, 57.5385, 57.5385,6, 6
46, 44, 31, 238, 229, 36.9344, 36.9344,3, 3
46, 44, 32, 238, 271, 35.2954, 35.2954,4, 4
46, 44, 33, 238, 276, 8.02077, 8.02077,1, 1
46, 44, 34, 238, 213, 145.709, 156.837,18, 17
46, 44, 35, 238, 226, 21.8903, 21.8903,3, 3
46, 44, 36, 238, 262, 93.9769, 93.9769,10, 10
46, 44, 37, 238, 277, 34.3121, 34.3121,4, 4
46, 44, 38, 238, 290, 18.3389, 18.3389,2, 2
46, 44, 39, 238, 262, 41.3161, 48.3978,6, 5
46, 44, 40, 238, 252, 34.887, 34.887,4, 4
46, 44, 41, 238, 242, 41.6078, 41.6078,4, 4
46, 44, 42, 238, 230, 57.4616, 57.4616,6, 6
46, 44, 43, 238, 260, 33.746, 33.746,4, 4
46, 44, 45, 238, 268, 195.451, 211.186,24, 22
46, 44, 46, 238, 284, 597.409, 620.961,59, 56
46, 44, 47, 238, 255, 165.287, 197.74,20, 16
46, 45, 1, 268, 168, 6.88796, 6.88796,1, 1
46, 45, 2, 268, 217, 0, 0,0, 0
46, 45, 3, 268, 165, 6.74782, 6.74782,1, 1
46, 45, 4, 268, 331, 0, 0,0, 0
46, 45, 5, 268, 306, 40.2097, 40.2097,5, 5
46, 45, 6, 268, 306, 520.553, 871.54,94, 52
46, 45, 7, 268, 215, 0, 0,0, 0
46, 45, 8, 268, 206, 14.3385, 21.8065,3, 2
46, 45, 9, 268, 261, 413.331, 691.313,83, 47
46, 45, 10, 268, 280, 294.688, 470.797,51, 31
46, 45, 11, 268, 283, 183.196, 284.572,35, 22
46, 45, 12, 268, 270, 13.9872, 13.9872,2, 2
46, 45, 13, 268, 288, 10.9293, 10.9293,1, 1
46, 45, 14, 268, 230, 38.1132, 45.0225,6, 5
46, 45, 15, 268, 200, 0, 0,0, 0
46, 45, 16, 268, 200, 36.365, 36.365,5, 5
46, 45, 17, 268, 197, 22.3989, 22.3989,3, 3
46, 45, 18, 268, 205, 0, 0,0, 0
46, 45, 19, 268, 228, 0, 0,0, 0
46, 45, 20, 268, 263, 8.74444, 8.74444,1, 1
46, 45, 21, 268, 174, 8.03108, 8.03108,1, 1
46, 45, 22, 268, 211, 53.7602, 75.4915,9, 6
46, 45, 23, 268, 267, 54.3028, 54.3028,7, 7
46, 45, 24, 268, 229, 42.0414, 60.1019,7, 5
46, 45, 25, 268, 261, 7.69898, 7.69898,1, 1
46, 45, 26, 268, 280, 0, 0,0, 0
46, 45, 27, 268, 223, 0, 0,0, 0
46, 45, 28, 268, 250, 0, 0,0, 0
46, 45, 29, 268, 284, 13.8183, 13.8183,2, 2
46, 45, 30, 268, 254, 0, 0,0, 0
46, 45, 31, 268, 229, 0, 0,0, 0
46, 45, 32, 268, 271, 79.8146, 94.2659,12, 10
46, 45, 33, 268, 276, 259.426, 489.665,59, 30
46, 45, 34, 268, 213, 44.1802, 51.3341,6, 5
46, 45, 35, 268, 226, 176.042, 248.583,27, 19
46, 45, 36, 268, 262, 22.2971, 22.2971,3, 3
46, 45, 37, 268, 277, 24.2306, 31.6936,4, 3
46, 45, 38, 268, 290, 301.914, 585.291,70, 35
46, 45, 39, 268, 262, 400.17, 698.487,81, 44
46, 45, 40, 268, 252, 0, 0,0, 0
46, 45, 41, 268, 242, 0, 0,0, 0
46, 45, 42, 268, 230, 0, 0,0, 0
46, 45, 43, 268, 260, 179.419, 370.12,45, 20
46, 45, 44, 268, 238, 200.658, 211.187,24, 23
46, 45, 46, 268, 284, 367.191, 417.98,44, 38
46, 45, 47, 268, 255, 214.102, 332.217,37, 23
46, 46, 1, 284, 168, 0, 0,0, 0
46, 46, 2, 284, 217, 19.6355, 19.6355,2, 2
46, 46, 3, 284, 165, 15.3314, 15.3314,2, 2
46, 46, 4, 284, 331, 15.8521, 15.8521,2, 2
46, 46, 5, 284, 306, 146.017, 178.001,20, 16
46, 46, 6, 284, 306, 407.3, 450.048,52, 46
46, 46, 7, 284, 215, 67.3697, 76.5398,9, 8
46, 46, 8, 284, 206, 20.7514, 20.7514,3, 3
46, 46, 9, 284, 261, 50.5737, 57.4936,6, 5
46, 46, 10, 284, 280, 60.1294, 60.1294,7, 7
46, 46, 11, 284, 283, 122.586, 122.586,13, 13
46, 46, 12, 284, 270, 86.427, 113.107,12, 9
46, 46, 13, 284, 288, 8.1243, 8.1243,1, 1
46, 46, 14, 284, 230, 45.9733, 45.9733,5, 5
46, 46, 15, 284, 200, 56.5778, 64.2812,7, 6
46, 46, 16, 284, 200, 53.1092, 53.1092,6, 6
46, 46, 17, 284, 197, 33.5285, 33.5285,4, 4
46, 46, 18, 284, 205, 58.3481, 58.3481,7, 7
46, 46, 19, 284, 228, 9.26908, 9.26908,1, 1
46, 46, 20, 284, 263, 52.8935, 52.8935,6, 6
46, 46, 21, 284, 174, 93.6262, 100.314,10, 9
46, 46, 22, 284, 211, 144.388, 167.568,19, 16
46, 46, 23, 284, 267, 38.3068, 38.3068,5, 5
46, 46, 24, 284, 229, 6.86006, 6.86006,1, 1
46, 46, 25, 284, 261, 45.7852, 45.7852,6, 6
46, 46, 26, 284, 280, 57.1736, 72.1453,9, 7
46, 46, 27, 284, 223, 20.4754, 27.2026,3, 2
46, 46, 28, 284, 250, 50.091, 50.091,5, 5
46, 46, 29, 284, 284, 28.7904, 46.2157,5, 3
46, 46, 30, 284, 254, 29.7089, 37.3332,5, 4
46, 46, 31, 284, 229, 22.6975, 22.6975,3, 3
46, 46, 32, 284, 271, 74.6453, 88.5858,12, 10
46, 46, 33, 284, 276, 26.209, 26.209,3, 3
46, 46, 34, 284, 213, 108.294, 108.294,13, 13
46, 46, 35, 284, 226, 41.3425, 41.3425,5, 5
46, 46, 36, 284, 262, 93.8924, 101.842,12, 11
46, 46, 37, 284, 277, 45.3071, 52.9952,7, 6
46, 46, 38, 284, 290, 20.0933, 20.0933,2, 2
46, 46, 39, 284, 262, 52.6377, 52.6377,6, 6
46, 46, 40, 284, 252, 30.3943, 30.3943,3, 3
46, 46, 41, 284, 242, 7.45768, 7.45768,1, 1
46, 46, 42, 284, 230, 67.4452, 74.2289,8, 7
46, 46, 43, 284, 260, 63.1048, 72.0766,8, 7
46, 46, 44, 284, 238, 575.32, 620.961,59, 54
46, 46, 45, 284, 268, 388.155, 417.981,44, 40
46, 46, 47, 284, 255, 227.885, 251.347,26, 23
46, 47, 1, 255, 168, 0, 0,0, 0
46, 47, 2, 255, 217, 24.8971, 40.2782,4, 2
46, 47, 3, 255, 165, 17.6994, 25.1266,3, 2
46, 47, 4, 255, 331, 17.7027, 24.5277,3, 2
46, 47, 5, 255, 306, 38.4796, 47.5021,5, 4
46, 47, 6, 255, 306, 314.139, 415.532,44, 33
46, 47, 7, 255, 215, 33.0481, 40.7896,5, 4
46, 47, 8, 255, 206, 29.6208, 29.6208,4, 4
46, 47, 9, 255, 261, 98.9065, 112.986,13, 11
46, 47, 10, 255, 280, 176.963, 205.909,24, 20
46, 47, 11, 255, 283, 138.327, 170.237,21, 17
46, 47, 12, 255, 270, 43.4766, 61.2076,6, 4
46, 47, 13, 255, 288, 0, 0,0, 0
46, 47, 14, 255, 230, 87.0851, 109.544,12, 10
46, 47, 15, 255, 200, 72.7193, 79.418,10, 9
46, 47, 16, 255, 200, 58.1343, 86.5378,10, 6
46, 47, 17, 255, 197, 30.0228, 45.5303,5, 3
46, 47, 18, 255, 205, 15.8209, 23.3251,3, 2
46, 47, 19, 255, 228, 27.8628, 27.8628,3, 3
46, 47, 20, 255, 263, 13.7724, 24.8723,2, 1
46, 47, 21, 255, 174, 53.5881, 53.5881,5, 5
46, 47, 22, 255, 211, 193.864, 269.831,28, 19
46, 47, 23, 255, 267, 157.458, 195.916,22, 17
46, 47, 24, 255, 229, 105.763, 131.064,16, 13
46, 47, 25, 255, 261, 30.3733, 37.7416,4, 3
46, 47, 26, 255, 280, 26.6944, 33.3811,4, 3
46, 47, 27, 255, 223, 11.3531, 22.0681,2, 1
46, 47, 28, 255, 250, 51.0857, 69.9202,6, 4
46, 47, 29, 255, 284, 28.663, 46.6439,5, 3
46, 47, 30, 255, 254, 23.2751, 30.2351,4, 3
46, 47, 31, 255, 229, 42.6024, 42.6024,5, 5
46, 47, 32, 255, 271, 84.1845, 107.403,13, 10
46, 47, 33, 255, 276, 122.124, 144.332,18, 15
46, 47, 34, 255, 213, 71.2502, 98.506,11, 8
46, 47, 35, 255, 226, 128.648, 161.162,18, 14
46, 47, 36, 255, 262, 40.9638, 53.3775,5, 4
46, 47, 37, 255, 277, 44.0339, 59.3825,7, 5
46, 47, 38, 255, 290, 135.907, 159.463,20, 17
46, 47, 39, 255, 262, 212.138, 253.364,28, 23
46, 47, 40, 255, 252, 35.8907, 35.8907,4, 4
46, 47, 41, 255, 242, 0, 0,0, 0
46, 47, 42, 255, 230, 47.2386, 65.6944,7, 5
46, 47, 43, 255, 260, 154.246, 223.105,25, 17
46, 47, 44, 255, 238, 148.45, 197.741,20, 15
46, 47, 45, 255, 268, 245.11, 332.214,37, 27
46, 47, 46, 255, 284, 198.258, 251.35,26, 20
