28, 1, 2, 398, 395, 344.737, 360.643,42, 40
28, 1, 3, 398, 327, 835.647, 877.911,90, 85
28, 1, 4, 398, 564, 26.929, 53.0623,6, 3
28, 1, 5, 398, 610, 15.4262, 22.4339,3, 2
28, 1, 6, 398, 546, 28.784, 28.784,4, 4
28, 1, 7, 398, 454, 18.5838, 18.5838,2, 2
28, 1, 8, 398, 444, 0, 0,0, 0
28, 1, 9, 398, 445, 15.2256, 15.2256,2, 2
28, 1, 10, 398, 499, 13.5892, 13.5892,2, 2
28, 1, 11, 398, 517, 37.5205, 37.5205,5, 5
28, 1, 12, 398, 508, 31.6956, 31.6956,4, 4
28, 1, 13, 398, 574, 15.8842, 15.8842,2, 2
28, 1, 14, 398, 480, 92.6323, 109.346,12, 10
28, 1, 15, 398, 421, 7.26511, 7.26511,1, 1
28, 1, 16, 398, 459, 104.051, 111.915,14, 13
28, 1, 17, 398, 443, 78.0597, 91.946,11, 9
28, 1, 18, 398, 406, 58.8654, 58.8654,7, 7
28, 1, 19, 398, 454, 6.69207, 6.69207,1, 1
28, 1, 20, 398, 509, 15.1246, 15.1246,2, 2
28, 1, 21, 398, 400, 6.89002, 6.89002,1, 1
28, 1, 22, 398, 434, 8.99349, 16.3532,2, 1
28, 1, 23, 398, 573, 65.3293, 72.9869,9, 8
28, 1, 24, 398, 503, 67.3032, 82.673,11, 9
28, 1, 25, 398, 517, 81.91, 103.758,13, 10
28, 1, 26, 398, 574, 14.2561, 14.2561,2, 2
28, 1, 27, 398, 433, 107.973, 145.994,19, 14
28, 1, 28, 398, 469, 74.8898, 74.8898,9, 9
28, 1, 29, 398, 567, 0, 0,0, 0
28, 1, 30, 398, 535, 30.5403, 38.4092,5, 4
28, 1, 31, 398, 410, 84.6599, 131.792,17, 11
28, 1, 32, 398, 579, 93.073, 101.397,13, 12
28, 1, 33, 398, 518, 0, 0,0, 0
28, 1, 34, 398, 414, 30.266, 30.266,4, 4
28, 1, 35, 398, 450, 42.2357, 49.0633,6, 5
28, 1, 36, 398, 477, 13.6439, 13.6439,2, 2
28, 1, 37, 398, 608, 84.4515, 111.907,13, 10
28, 1, 38, 398, 537, 35.6354, 35.6354,5, 5
28, 1, 39, 398, 483, 38.6439, 38.6439,5, 5
28, 1, 40, 398, 488, 7.54864, 7.54864,1, 1
28, 1, 41, 398, 449, 7.56857, 7.56857,1, 1
28, 1, 42, 398, 473, 6.76233, 6.76233,1, 1
28, 1, 43, 398, 471, 7.35296, 7.35296,1, 1
28, 1, 44, 398, 460, 30.5138, 30.5138,4, 4
28, 1, 45, 398, 513, 13.5755, 13.5755,2, 2
28, 1, 46, 398, 507, 7.44293, 7.44293,1, 1
28, 1, 47, 398, 528, 38.1796, 53.0168,6, 4
28, 2, 1, 395, 398, 345.561, 360.644,42, 40
28, 2, 3, 395, 327, 709.202, 789.629,83, 74
28, 2, 4, 395, 564, 57.2321, 87.0867,9, 6
28, 2, 5, 395, 610, 59.0334, 66.262,8, 7
28, 2, 6, 395, 546, 35.6576, 58.7895,7, 4
28, 2, 7, 395, 454, 124.501, 160.604,20, 15
28, 2, 8, 395, 444, 96.6169, 133.548,16, 11
28, 2, 9, 395, 445, 0, 0,0, 0
28, 2, 10, 395, 499, 33.5764, 55.6737,5, 3
28, 2, 11, 395, 517, 46.6796, 68.7563,8, 5
28, 2, 12, 395, 508, 74.3551, 119.301,14, 8
28, 2, 13, 395, 574, 52.5277, 52.5277,5, 5
28, 2, 14, 395, 480, 74.7698, 82.9137,9, 8
28, 2, 15, 395, 421, 106.971, 128.622,13, 11
28, 2, 16, 395, 459, 57.2765, 82.771,9, 6
28, 2, 17, 395, 443, 113.195, 143.336,13, 10
28, 2, 18, 395, 406, 122.886, 146.043,15, 12
28, 2, 19, 395, 454, 101.004, 111.162,13, 12
28, 2, 20, 395, 509, 105.799, 133.608,14, 11
28, 2, 21, 395, 400, 81.8938, 118.14,13, 9
28, 2, 22, 395, 434, 127.229, 166.269,16, 12
28, 2, 23, 395, 573, 41.2702, 58.3691,7, 5
28, 2, 24, 395, 503, 7.33752, 7.33752,1, 1
28, 2, 25, 395, 517, 144.402, 185.261,19, 14
28, 2, 26, 395, 574, 72.3292, 72.3292,8, 8
28, 2, 27, 395, 433, 232.249, 276.776,32, 27
28, 2, 28, 395, 469, 334.653, 436.805,45, 33
28, 2, 29, 395, 567, 88.7648, 114.053,14, 11
28, 2, 30, 395, 535, 225.586, 253.822,30, 26
28, 2, 31, 395, 410, 310.707, 363.265,41, 34
28, 2, 32, 395, 579, 61.9558, 101.309,10, 6
28, 2, 33, 395, 518, 81.6167, 105.805,12, 9
28, 2, 34, 395, 414, 102.087, 129.563,14, 11
28, 2, 35, 395, 450, 41.6098, 58.5712,6, 4
28, 2, 36, 395, 477, 116.344, 133.305,14, 12
28, 2, 37, 395, 608, 52.2789, 73.8256,7, 5
28, 2, 38, 395, 537, 45.5118, 71.0224,6, 4
28, 2, 39, 395, 483, 66.6515, 75.7817,8, 7
28, 2, 40, 395, 488, 48.3778, 64.0622,7, 5
28, 2, 41, 395, 449, 87.4907, 109.329,13, 10
28, 2, 42, 395, 473, 92.5012, 100.275,12, 11
28, 2, 43, 395, 471, 63.9448, 77.5885,10, 8
28, 2, 44, 395, 460, 52.7005, 67.7928,8, 6
28, 2, 45, 395, 513, 7.30548, 7.30548,1, 1
28, 2, 46, 395, 507, 61.3776, 77.9904,9, 7
28, 2, 47, 395, 528, 79.4561, 111.804,12, 8
28, 3, 1, 327, 398, 760.854, 877.913,90, 76
28, 3, 2, 327, 395, 673.575, 789.628,83, 69
28, 3, 4, 327, 564, 34.372, 59.0233,6, 3
28, 3, 5, 327, 610, 7.44979, 7.44979,1, 1
28, 3, 6, 327, 546, 32.5165, 45.9956,6, 4
28, 3, 7, 327, 454, 31.3519, 31.3519,4, 4
28, 3, 8, 327, 444, 31.08, 44.6541,6, 4
28, 3, 9, 327, 445, 17.6698, 17.6698,2, 2
28, 3, 10, 327, 499, 36.7653, 67.1941,8, 4
28, 3, 11, 327, 517, 29.6622, 29.6622,4, 4
28, 3, 12, 327, 508, 42.6149, 42.6149,5, 5
28, 3, 13, 327, 574, 0, 0,0, 0
28, 3, 14, 327, 480, 38.0767, 46.0939,5, 4
28, 3, 15, 327, 421, 46.0232, 62.3961,7, 5
28, 3, 16, 327, 459, 76.5218, 100.855,11, 8
28, 3, 17, 327, 443, 93.4766, 116.62,14, 11
28, 3, 18, 327, 406, 102.354, 125.917,14, 11
28, 3, 19, 327, 454, 14.3885, 21.1684,3, 2
28, 3, 20, 327, 509, 27.6232, 36.6301,4, 3
28, 3, 21, 327, 400, 34.795, 50.6623,6, 4
28, 3, 22, 327, 434, 12.3449, 22.4016,2, 1
28, 3, 23, 327, 573, 30.2465, 46.4136,5, 3
28, 3, 24, 327, 503, 60.6449, 60.6449,6, 6
28, 3, 25, 327, 517, 43.6876, 59.6039,7, 5
28, 3, 26, 327, 574, 19.5054, 42.3114,5, 2
28, 3, 27, 327, 433, 144.846, 154.503,17, 16
28, 3, 28, 327, 469, 151.031, 182.801,22, 18
28, 3, 29, 327, 567, 17.5656, 24.5322,3, 2
28, 3, 30, 327, 535, 71.6557, 93.177,12, 9
28, 3, 31, 327, 410, 111.656, 119.838,15, 14
28, 3, 32, 327, 579, 139.619, 189.693,21, 15
28, 3, 33, 327, 518, 16.9609, 16.9609,2, 2
28, 3, 34, 327, 414, 62.8928, 93.9294,9, 5
28, 3, 35, 327, 450, 27.3876, 42.5432,5, 3
28, 3, 36, 327, 477, 16.4706, 24.139,3, 2
28, 3, 37, 327, 608, 95.2254, 111.921,11, 9
28, 3, 38, 327, 537, 55.0405, 81.2772,9, 6
28, 3, 39, 327, 483, 34.8357, 42.8684,5, 4
28, 3, 40, 327, 488, 0, 0,0, 0
28, 3, 41, 327, 449, 0, 0,0, 0
28, 3, 42, 327, 473, 12.2949, 12.2949,1, 1
28, 3, 43, 327, 471, 23.1771, 23.1771,3, 3
28, 3, 44, 327, 460, 24.9488, 24.9488,3, 3
28, 3, 45, 327, 513, 13.7697, 13.7697,2, 2
28, 3, 46, 327, 507, 38.9004, 61.5143,8, 5
28, 3, 47, 327, 528, 16.5845, 25.1266,3, 2
28, 4, 1, 564, 398, 46.1742, 53.0623,6, 5
28, 4, 2, 564, 395, 66.3489, 87.0865,9, 7
28, 4, 3, 564, 327, 37.9884, 59.0229,6, 4
28, 4, 5, 564, 610, 14.5035, 22.017,3, 2
28, 4, 6, 564, 546, 66.7909, 154.194,17, 7
28, 4, 7, 564, 454, 30.9941, 52.4757,7, 4
28, 4, 8, 564, 444, 61.8564, 174.523,23, 8
28, 4, 9, 564, 445, 31.8808, 55.9276,7, 4
28, 4, 10, 564, 499, 29.0827, 55.8378,6, 3
28, 4, 11, 564, 517, 22.3573, 59.113,6, 2
28, 4, 12, 564, 508, 83.4702, 172.362,14, 6
28, 4, 13, 564, 574, 37.7325, 59.8504,8, 5
28, 4, 14, 564, 480, 36.7327, 44.943,6, 5
28, 4, 15, 564, 421, 51.5589, 65.7282,9, 7
28, 4, 16, 564, 459, 17.2903, 25.7362,3, 2
28, 4, 17, 564, 443, 24.972, 33.8168,4, 3
28, 4, 18, 564, 406, 26.0924, 67.1763,8, 3
28, 4, 19, 564, 454, 48.8812, 164.532,21, 6
28, 4, 20, 564, 509, 27.112, 73.4939,9, 3
28, 4, 21, 564, 400, 30.5806, 76.5547,10, 4
28, 4, 22, 564, 434, 26.4673, 36.3356,4, 3
28, 4, 23, 564, 573, 7.88895, 14.6375,2, 1
28, 4, 24, 564, 503, 0, 0,0, 0
28, 4, 25, 564, 517, 45.6549, 53.5539,7, 6
28, 4, 26, 564, 574, 40.7859, 136.455,17, 5
28, 4, 27, 564, 433, 27.3906, 36.6915,4, 3
28, 4, 28, 564, 469, 41.0496, 71.4136,9, 5
28, 4, 29, 564, 567, 28.8197, 42.7927,6, 4
28, 4, 30, 564, 535, 29.1256, 36.2576,5, 4
28, 4, 31, 564, 410, 15.6013, 15.6013,2, 2
28, 4, 32, 564, 579, 31.0858, 49.5141,5, 3
28, 4, 33, 564, 518, 0, 0,0, 0
28, 4, 34, 564, 414, 34.9921, 61.0376,7, 4
28, 4, 35, 564, 450, 8.57108, 15.841,2, 1
28, 4, 36, 564, 477, 49.7611, 111.564,10, 4
28, 4, 37, 564, 608, 21.1768, 38.0755,4, 2
28, 4, 38, 564, 537, 17.4676, 32.88,4, 2
28, 4, 39, 564, 483, 15.8897, 23.6817,3, 2
28, 4, 40, 564, 488, 13.7404, 13.7404,2, 2
28, 4, 41, 564, 449, 14.579, 14.579,2, 2
28, 4, 42, 564, 473, 24.1488, 31.0626,4, 3
28, 4, 43, 564, 471, 14.1753, 14.1753,2, 2
28, 4, 44, 564, 460, 14.7627, 21.966,3, 2
28, 4, 45, 564, 513, 48.6661, 99.5053,11, 5
28, 4, 46, 564, 507, 42.8219, 81.8466,10, 5
28, 4, 47, 564, 528, 46.8598, 62.8908,8, 6
28, 5, 1, 610, 398, 15.4262, 22.4339,3, 2
28, 5, 2, 610, 395, 57.9375, 66.2619,8, 7
28, 5, 3, 610, 327, 7.44981, 7.44981,1, 1
28, 5, 4, 610, 564, 22.017, 22.017,3, 3
28, 5, 6, 610, 546, 517.868, 636.307,73, 58
28, 5, 7, 610, 454, 107.836, 146.703,18, 13
28, 5, 8, 610, 444, 70.1231, 105.448,13, 8
28, 5, 9, 610, 445, 29.5856, 29.5856,4, 4
28, 5, 10, 610, 499, 47.5513, 47.5513,6, 6
28, 5, 11, 610, 517, 108.183, 123.712,15, 13
28, 5, 12, 610, 508, 218.945, 264.098,28, 23
28, 5, 13, 610, 574, 174.902, 243.651,29, 20
28, 5, 14, 610, 480, 59.6214, 59.6214,8, 8
28, 5, 15, 610, 421, 53.1348, 69.0794,8, 6
28, 5, 16, 610, 459, 36.3784, 36.3784,5, 5
28, 5, 17, 610, 443, 52.8001, 52.8001,7, 7
28, 5, 18, 610, 406, 75.6978, 91.993,11, 9
28, 5, 19, 610, 454, 54.5044, 54.5044,7, 7
28, 5, 20, 610, 509, 108.556, 149.641,17, 12
28, 5, 21, 610, 400, 95.9324, 95.9324,11, 11
28, 5, 22, 610, 434, 97.5988, 120.618,15, 12
28, 5, 23, 610, 573, 35.6091, 54.9108,6, 4
28, 5, 24, 610, 503, 26.9841, 26.9841,3, 3
28, 5, 25, 610, 517, 94.821, 117.43,15, 12
28, 5, 26, 610, 574, 82.6987, 90.052,11, 10
28, 5, 27, 610, 433, 10.449, 18.0673,2, 1
28, 5, 28, 610, 469, 45.6579, 73.7245,9, 5
28, 5, 29, 610, 567, 120.578, 142.828,13, 11
28, 5, 30, 610, 535, 74.3863, 92.1758,11, 9
28, 5, 31, 610, 410, 55.4412, 71.5573,9, 7
28, 5, 32, 610, 579, 39.7763, 47.0602,6, 5
28, 5, 33, 610, 518, 76.7576, 99.7121,12, 9
28, 5, 34, 610, 414, 141.437, 167.072,19, 16
28, 5, 35, 610, 450, 13.6273, 13.6273,2, 2
28, 5, 36, 610, 477, 172.797, 196.075,22, 19
28, 5, 37, 610, 608, 47.5062, 55.0852,7, 6
28, 5, 38, 610, 537, 45.0698, 66.5158,8, 5
28, 5, 39, 610, 483, 45.0988, 45.0988,5, 5
28, 5, 40, 610, 488, 82.4673, 90.0827,12, 11
28, 5, 41, 610, 449, 109.644, 145.889,18, 13
28, 5, 42, 610, 473, 87.8503, 121.582,14, 10
28, 5, 43, 610, 471, 84.8875, 93.8854,11, 10
28, 5, 44, 610, 460, 485.5, 587.37,61, 49
28, 5, 45, 610, 513, 106.851, 106.851,13, 13
28, 5, 46, 610, 507, 337.857, 368.785,42, 38
28, 5, 47, 610, 528, 150.106, 193.432,24, 18
28, 6, 1, 546, 398, 28.784, 28.784,4, 4
28, 6, 2, 546, 395, 58.7896, 58.7896,7, 7
28, 6, 3, 546, 327, 37.3655, 45.9959,6, 5
28, 6, 4, 546, 564, 46.9483, 154.194,17, 5
28, 6, 5, 546, 610, 563.216, 636.307,73, 63
28, 6, 7, 546, 454, 126.648, 126.648,12, 12
28, 6, 8, 546, 444, 79.4639, 79.4639,8, 8
28, 6, 9, 546, 445, 411.136, 790.681,92, 44
28, 6, 10, 546, 499, 404.878, 635.85,74, 45
28, 6, 11, 546, 517, 458.999, 759.844,89, 49
28, 6, 12, 546, 508, 267.499, 479.705,52, 28
28, 6, 13, 546, 574, 142.28, 305.07,34, 15
28, 6, 14, 546, 480, 82.198, 96.4589,12, 10
28, 6, 15, 546, 421, 50.5395, 50.5395,6, 6
28, 6, 16, 546, 459, 87.5634, 87.5634,12, 12
28, 6, 17, 546, 443, 34.0916, 34.0916,4, 4
28, 6, 18, 546, 406, 57.4654, 57.4654,7, 7
28, 6, 19, 546, 454, 22.4013, 22.4013,3, 3
28, 6, 20, 546, 509, 123.913, 131.003,15, 14
28, 6, 21, 546, 400, 88.0822, 88.0822,10, 10
28, 6, 22, 546, 434, 165.729, 196.162,21, 17
28, 6, 23, 546, 573, 107.959, 132.261,15, 12
28, 6, 24, 546, 503, 143.841, 161.07,19, 17
28, 6, 25, 546, 517, 140.571, 140.571,14, 14
28, 6, 26, 546, 574, 33.2689, 33.2689,4, 4
28, 6, 27, 546, 433, 44.1241, 44.1241,5, 5
28, 6, 28, 546, 469, 114.936, 114.936,11, 11
28, 6, 29, 546, 567, 151.624, 238.38,29, 18
28, 6, 30, 546, 535, 31.3705, 31.3705,4, 4
28, 6, 31, 546, 410, 94.8203, 101.81,12, 11
28, 6, 32, 546, 579, 115.085, 121.946,16, 15
28, 6, 33, 546, 518, 389.661, 691.546,86, 46
28, 6, 34, 546, 414, 178.513, 241.84,27, 19
28, 6, 35, 546, 450, 210.241, 341.134,39, 22
28, 6, 36, 546, 477, 196.742, 275.679,32, 22
28, 6, 37, 546, 608, 74.1672, 87.9322,11, 9
28, 6, 38, 546, 537, 465.243, 770.873,92, 52
28, 6, 39, 546, 483, 470.408, 844.632,93, 46
28, 6, 40, 546, 488, 78.6078, 78.6078,10, 10
28, 6, 41, 546, 449, 105.995, 105.995,13, 13
28, 6, 42, 546, 473, 108.025, 115.143,14, 13
28, 6, 43, 546, 471, 308.001, 587.418,70, 34
28, 6, 44, 546, 460, 512.168, 602.734,67, 56
28, 6, 45, 546, 513, 893.181, 1388.3,153, 92
28, 6, 46, 546, 507, 793.893, 1028.7,117, 89
28, 6, 47, 546, 528, 594.621, 839.121,90, 60
28, 7, 1, 454, 398, 18.5838, 18.5838,2, 2
28, 7, 2, 454, 395, 133.049, 160.604,20, 16
28, 7, 3, 454, 327, 31.3514, 31.3514,4, 4
28, 7, 4, 454, 564, 37.9873, 52.4758,7, 5
28, 7, 5, 454, 610, 124.359, 146.703,18, 15
28, 7, 6, 454, 546, 91.4905, 126.648,12, 8
28, 7, 8, 454, 444, 397.851, 418.419,50, 48
28, 7, 9, 454, 445, 7.97437, 22.7769,3, 1
28, 7, 10, 454, 499, 30.1925, 30.1925,4, 4
28, 7, 11, 454, 517, 180.11, 216.586,22, 18
28, 7, 12, 454, 508, 147.619, 173.404,16, 13
28, 7, 13, 454, 574, 48.5082, 56.961,7, 6
28, 7, 14, 454, 480, 986.821, 1067.47,110, 100
28, 7, 15, 454, 421, 922.618, 1006.45,105, 94
28, 7, 16, 454, 459, 99.3024, 114.451,14, 12
28, 7, 17, 454, 443, 196.706, 227.771,26, 22
28, 7, 18, 454, 406, 303.821, 325.807,37, 34
28, 7, 19, 454, 454, 127.011, 133.74,16, 15
28, 7, 20, 454, 509, 835.045, 940.25,98, 85
28, 7, 21, 454, 400, 167.201, 190.869,23, 20
28, 7, 22, 454, 434, 294.639, 330.612,38, 33
28, 7, 23, 454, 573, 236.433, 271.845,33, 28
28, 7, 24, 454, 503, 85.8338, 85.8338,11, 11
28, 7, 25, 454, 517, 1114.74, 1204.99,120, 109
28, 7, 26, 454, 574, 73.8858, 73.8858,9, 9
28, 7, 27, 454, 433, 74.2049, 94.2244,10, 8
28, 7, 28, 454, 469, 196.954, 262.811,28, 21
28, 7, 29, 454, 567, 56.4875, 63.3648,6, 5
28, 7, 30, 454, 535, 70.6973, 70.6973,7, 7
28, 7, 31, 454, 410, 123.248, 177.359,20, 13
28, 7, 32, 454, 579, 510.574, 538.615,62, 59
28, 7, 33, 454, 518, 74.8528, 93.8017,11, 9
28, 7, 34, 454, 414, 214.852, 233.779,25, 23
28, 7, 35, 454, 450, 92.6561, 92.6561,11, 11
28, 7, 36, 454, 477, 155.562, 176.716,20, 17
28, 7, 37, 454, 608, 579.777, 614.121,67, 63
28, 7, 38, 454, 537, 28.1135, 28.1135,3, 3
28, 7, 39, 454, 483, 14.835, 14.835,2, 2
28, 7, 40, 454, 488, 53.5676, 53.5676,6, 6
28, 7, 41, 454, 449, 72.4484, 90.3166,10, 8
28, 7, 42, 454, 473, 69.4683, 83.9037,10, 8
28, 7, 43, 454, 471, 112.746, 132.816,14, 12
28, 7, 44, 454, 460, 60.6974, 77.0774,8, 6
28, 7, 45, 454, 513, 14.6103, 14.6103,2, 2
28, 7, 46, 454, 507, 148.327, 177.428,19, 16
28, 7, 47, 454, 528, 104.497, 115.081,13, 12
28, 8, 1, 444, 398, 0, 0,0, 0
28, 8, 2, 444, 395, 97.5669, 133.547,16, 11
28, 8, 3, 444, 327, 37.7321, 44.6539,6, 5
28, 8, 4, 444, 564, 58.1867, 174.523,23, 7
28, 8, 5, 444, 610, 83.8617, 105.448,13, 10
28, 8, 6, 444, 546, 63.2919, 79.4638,8, 7
28, 8, 7, 444, 454, 360.597, 418.419,50, 43
28, 8, 9, 444, 445, 0, 0,0, 0
28, 8, 10, 444, 499, 0, 0,0, 0
28, 8, 11, 444, 517, 86.6463, 115.504,12, 9
28, 8, 12, 444, 508, 136.648, 162.642,16, 14
28, 8, 13, 444, 574, 296.216, 364.185,43, 34
28, 8, 14, 444, 480, 189.271, 203.111,25, 23
28, 8, 15, 444, 421, 631.73, 711.58,74, 66
28, 8, 16, 444, 459, 25.2892, 33.0401,4, 3
28, 8, 17, 444, 443, 72.5573, 72.5573,10, 10
28, 8, 18, 444, 406, 197.846, 243.149,27, 21
28, 8, 19, 444, 454, 587.868, 717.995,77, 61
28, 8, 20, 444, 509, 661.288, 762.025,85, 72
28, 8, 21, 444, 400, 366.016, 405.382,45, 40
28, 8, 22, 444, 434, 158.146, 180.278,21, 18
28, 8, 23, 444, 573, 49.7676, 49.7676,6, 6
28, 8, 24, 444, 503, 14.4445, 14.4445,2, 2
28, 8, 25, 444, 517, 281.623, 324.72,36, 31
28, 8, 26, 444, 574, 207.428, 311.228,39, 25
28, 8, 27, 444, 433, 46.587, 46.587,6, 6
28, 8, 28, 444, 469, 155.159, 174.724,20, 18
28, 8, 29, 444, 567, 118.801, 118.801,14, 14
28, 8, 30, 444, 535, 189.18, 224.382,23, 19
28, 8, 31, 444, 410, 85.6276, 99.1727,12, 10
28, 8, 32, 444, 579, 123.088, 123.088,16, 16
28, 8, 33, 444, 518, 80.6766, 108.89,12, 9
28, 8, 34, 444, 414, 138.936, 149.219,15, 14
28, 8, 35, 444, 450, 26.6121, 26.6121,3, 3
28, 8, 36, 444, 477, 133.722, 140.94,16, 15
28, 8, 37, 444, 608, 122.087, 136.858,17, 15
28, 8, 38, 444, 537, 7.2081, 7.2081,1, 1
28, 8, 39, 444, 483, 13.9284, 13.9284,2, 2
28, 8, 40, 444, 488, 195.054, 202.916,21, 20
28, 8, 41, 444, 449, 137.717, 194.531,21, 14
28, 8, 42, 444, 473, 130.041, 154.026,18, 15
28, 8, 43, 444, 471, 43.6302, 43.6302,5, 5
28, 8, 44, 444, 460, 52.2182, 62.0664,7, 6
28, 8, 45, 444, 513, 28.757, 28.757,4, 4
28, 8, 46, 444, 507, 54.5009, 61.3979,8, 7
28, 8, 47, 444, 528, 85.3026, 104.279,12, 10
28, 9, 1, 445, 398, 7.85638, 15.2256,2, 1
28, 9, 2, 445, 395, 0, 0,0, 0
28, 9, 3, 445, 327, 8.91128, 17.6697,2, 1
28, 9, 4, 445, 564, 32.6531, 55.9275,7, 4
28, 9, 5, 445, 610, 29.5854, 29.5854,4, 4
28, 9, 6, 445, 546, 439.025, 790.68,92, 48
28, 9, 7, 445, 454, 22.777, 22.777,3, 3
28, 9, 8, 445, 444, 0, 0,0, 0
28, 9, 10, 445, 499, 1323.17, 2184.33,231, 123
28, 9, 11, 445, 517, 695.298, 1229.58,129, 63
28, 9, 12, 445, 508, 265.969, 389.1,42, 27
28, 9, 13, 445, 574, 55.8994, 86.3539,11, 7
28, 9, 14, 445, 480, 6.79737, 6.79737,1, 1
28, 9, 15, 445, 421, 0, 0,0, 0
28, 9, 16, 445, 459, 45.2328, 59.676,8, 6
28, 9, 17, 445, 443, 17.2397, 17.2397,2, 2
28, 9, 18, 445, 406, 0, 0,0, 0
28, 9, 19, 445, 454, 0, 0,0, 0
28, 9, 20, 445, 509, 6.73533, 6.73533,1, 1
28, 9, 21, 445, 400, 0, 0,0, 0
28, 9, 22, 445, 434, 0, 0,0, 0
28, 9, 23, 445, 573, 84.5052, 145.403,15, 9
28, 9, 24, 445, 503, 93.7714, 165.895,20, 11
28, 9, 25, 445, 517, 7.08393, 7.08393,1, 1
28, 9, 26, 445, 574, 0, 0,0, 0
28, 9, 27, 445, 433, 46.8324, 53.539,7, 6
28, 9, 28, 445, 469, 23.589, 23.589,3, 3
28, 9, 29, 445, 567, 113.689, 145.549,17, 13
28, 9, 30, 445, 535, 0, 0,0, 0
28, 9, 31, 445, 410, 21.422, 21.422,3, 3
28, 9, 32, 445, 579, 43.9795, 58.9618,7, 5
28, 9, 33, 445, 518, 491.323, 975.67,115, 54
28, 9, 34, 445, 414, 15.1434, 15.1434,2, 2
28, 9, 35, 445, 450, 279.303, 445.334,55, 32
28, 9, 36, 445, 477, 98.8327, 126.93,14, 11
28, 9, 37, 445, 608, 40.1592, 53.6848,7, 5
28, 9, 38, 445, 537, 707.503, 1484.58,178, 79
28, 9, 39, 445, 483, 713.51, 1274.09,142, 72
28, 9, 40, 445, 488, 15.5468, 29.8185,4, 2
28, 9, 41, 445, 449, 22.3558, 22.3558,3, 3
28, 9, 42, 445, 473, 78.2928, 85.2239,11, 10
28, 9, 43, 445, 471, 505.037, 1029.83,117, 53
28, 9, 44, 445, 460, 0, 0,0, 0
28, 9, 45, 445, 513, 567.35, 1053.26,126, 62
28, 9, 46, 445, 507, 84.123, 125.317,15, 10
28, 9, 47, 445, 528, 157.499, 323.062,37, 17
28, 10, 1, 499, 398, 13.5891, 13.5891,2, 2
28, 10, 2, 499, 395, 34.2221, 55.6737,5, 3
28, 10, 3, 499, 327, 41.7877, 67.1941,8, 5
28, 10, 4, 499, 564, 48.763, 55.8374,6, 5
28, 10, 5, 499, 610, 47.5512, 47.5512,6, 6
28, 10, 6, 499, 546, 344.539, 635.851,74, 38
28, 10, 7, 499, 454, 30.1923, 30.1923,4, 4
28, 10, 8, 499, 444, 0, 0,0, 0
28, 10, 9, 499, 445, 1356.8, 2184.33,231, 129
28, 10, 11, 499, 517, 1311.91, 1937.89,212, 135
28, 10, 12, 499, 508, 696.177, 807.48,89, 75
28, 10, 13, 499, 574, 138.651, 145.646,18, 17
28, 10, 14, 499, 480, 35.9013, 43.7893,5, 4
28, 10, 15, 499, 421, 32.1944, 46.9631,4, 3
28, 10, 16, 499, 459, 119.517, 146.066,15, 12
28, 10, 17, 499, 443, 66.134, 79.651,7, 6
28, 10, 18, 499, 406, 36.7502, 46.1842,5, 4
28, 10, 19, 499, 454, 0, 0,0, 0
28, 10, 20, 499, 509, 34.8508, 44.8013,5, 4
28, 10, 21, 499, 400, 33.5937, 46.0823,3, 2
28, 10, 22, 499, 434, 22.7133, 36.9311,3, 2
28, 10, 23, 499, 573, 100.835, 122.951,13, 11
28, 10, 24, 499, 503, 159.717, 194.688,25, 20
28, 10, 25, 499, 517, 38.9409, 51.7391,4, 3
28, 10, 26, 499, 574, 9.17514, 9.17514,1, 1
28, 10, 27, 499, 433, 33.0688, 41.6265,5, 4
28, 10, 28, 499, 469, 89.5699, 118.043,11, 9
28, 10, 29, 499, 567, 80.2816, 144.922,17, 9
28, 10, 30, 499, 535, 13.843, 13.843,2, 2
28, 10, 31, 499, 410, 17.3305, 17.3305,2, 2
28, 10, 32, 499, 579, 128.378, 149.272,15, 13
28, 10, 33, 499, 518, 515.936, 962.284,111, 54
28, 10, 34, 499, 414, 112.174, 133.261,15, 13
28, 10, 35, 499, 450, 407.016, 611.53,68, 44
28, 10, 36, 499, 477, 231.524, 253.692,28, 25
28, 10, 37, 499, 608, 62.3776, 87.9119,9, 6
28, 10, 38, 499, 537, 707.669, 1395.8,155, 72
28, 10, 39, 499, 483, 950.274, 1549.05,178, 102
28, 10, 40, 499, 488, 29.8525, 29.8525,4, 4
28, 10, 41, 499, 449, 83.5043, 97.2077,11, 9
28, 10, 42, 499, 473, 100.924, 128.291,17, 13
28, 10, 43, 499, 471, 507.99, 969.457,118, 58
28, 10, 44, 499, 460, 39.2817, 39.2817,5, 5
28, 10, 45, 499, 513, 423.627, 791.346,89, 44
28, 10, 46, 499, 507, 114.449, 155.943,18, 13
28, 10, 47, 499, 528, 180.151, 320.255,38, 20
28, 11, 1, 517, 398, 30.3388, 37.5204,5, 4
28, 11, 2, 517, 395, 44.8893, 68.7563,8, 5
28, 11, 3, 517, 327, 29.6621, 29.6621,4, 4
28, 11, 4, 517, 564, 32.7029, 59.1124,6, 3
28, 11, 5, 517, 610, 123.711, 123.711,15, 15
28, 11, 6, 517, 546, 455.5, 759.844,89, 50
28, 11, 7, 517, 454, 166.472, 216.586,22, 16
28, 11, 8, 517, 444, 89.8407, 115.505,12, 9
28, 11, 9, 517, 445, 784.287, 1229.58,129, 75
28, 11, 10, 517, 499, 1322.73, 1937.9,212, 137
28, 11, 12, 517, 508, 1179.64, 1429.2,143, 113
28, 11, 13, 517, 574, 444.819, 489.797,59, 54
28, 11, 14, 517, 480, 45.6465, 53.1995,7, 6
28, 11, 15, 517, 421, 114.807, 129.496,14, 12
28, 11, 16, 517, 459, 48.2551, 55.0885,7, 6
28, 11, 17, 517, 443, 62.2794, 69.2666,9, 8
28, 11, 18, 517, 406, 110.255, 136.554,16, 13
28, 11, 19, 517, 454, 34.0345, 51.2468,6, 4
28, 11, 20, 517, 509, 98.8002, 108.002,12, 11
28, 11, 21, 517, 400, 64.0423, 83.253,9, 7
28, 11, 22, 517, 434, 46.611, 46.611,5, 5
28, 11, 23, 517, 573, 15.6177, 15.6177,2, 2
28, 11, 24, 517, 503, 54.6627, 97.9613,11, 6
28, 11, 25, 517, 517, 103.063, 147.911,14, 9
28, 11, 26, 517, 574, 23.6647, 30.9224,4, 3
28, 11, 27, 517, 433, 62.7823, 62.7823,7, 7
28, 11, 28, 517, 469, 135.868, 176.195,19, 14
28, 11, 29, 517, 567, 197.834, 281.425,32, 21
28, 11, 30, 517, 535, 53.1415, 67.4872,8, 6
28, 11, 31, 517, 410, 129.805, 147.483,17, 15
28, 11, 32, 517, 579, 67.5103, 74.54,9, 8
28, 11, 33, 517, 518, 559.659, 849.681,99, 63
28, 11, 34, 517, 414, 325.933, 373.251,39, 33
28, 11, 35, 517, 450, 384.006, 556.803,64, 42
28, 11, 36, 517, 477, 441.395, 537.813,58, 47
28, 11, 37, 517, 608, 30.8926, 46.2535,6, 4
28, 11, 38, 517, 537, 486.535, 745.182,89, 57
28, 11, 39, 517, 483, 677.971, 1081.72,126, 75
28, 11, 40, 517, 488, 93.4795, 118.74,15, 12
28, 11, 41, 517, 449, 149.761, 198.771,22, 16
28, 11, 42, 517, 473, 278.218, 380.484,43, 30
28, 11, 43, 517, 471, 528.243, 723.978,84, 58
28, 11, 44, 517, 460, 122.745, 122.745,14, 14
28, 11, 45, 517, 513, 400.586, 640.331,79, 48
28, 11, 46, 517, 507, 241.783, 323.469,37, 27
28, 11, 47, 517, 528, 271.332, 404.89,47, 31
28, 12, 1, 508, 398, 24.0591, 31.6956,4, 3
28, 12, 2, 508, 395, 88.9314, 119.301,14, 10
28, 12, 3, 508, 327, 34.2147, 42.6153,5, 4
28, 12, 4, 508, 564, 70.2891, 172.362,14, 5
28, 12, 5, 508, 610, 202.928, 264.098,28, 22
28, 12, 6, 508, 546, 255.184, 479.704,52, 27
28, 12, 7, 508, 454, 120.43, 173.403,16, 11
28, 12, 8, 508, 444, 109.117, 162.642,16, 11
28, 12, 9, 508, 445, 281.709, 389.1,42, 29
28, 12, 10, 508, 499, 696.192, 807.48,89, 76
28, 12, 11, 508, 517, 1198.83, 1429.2,143, 116
28, 12, 13, 508, 574, 814.662, 949.284,105, 88
28, 12, 14, 508, 480, 31.843, 48.5912,6, 4
28, 12, 15, 508, 421, 128.123, 166.217,16, 12
28, 12, 16, 508, 459, 74.3641, 104.597,14, 10
28, 12, 17, 508, 443, 63.1749, 72.1739,9, 8
28, 12, 18, 508, 406, 113.718, 123.485,15, 14
28, 12, 19, 508, 454, 103.152, 119.855,14, 12
28, 12, 20, 508, 509, 137.381, 157.641,17, 15
28, 12, 21, 508, 400, 116.213, 125.47,14, 13
28, 12, 22, 508, 434, 81.2208, 90.5815,9, 8
28, 12, 23, 508, 573, 37.1459, 44.4269,6, 5
28, 12, 24, 508, 503, 16.352, 16.352,2, 2
28, 12, 25, 508, 517, 135.634, 167.669,19, 15
28, 12, 26, 508, 574, 82.2214, 90.4003,11, 10
28, 12, 27, 508, 433, 74.3696, 89.41,9, 8
28, 12, 28, 508, 469, 111.065, 146.595,14, 10
28, 12, 29, 508, 567, 160.597, 199.523,18, 16
28, 12, 30, 508, 535, 82.511, 94.1988,11, 10
28, 12, 31, 508, 410, 53.7228, 53.7228,7, 7
28, 12, 32, 508, 579, 76.0706, 102.263,12, 9
28, 12, 33, 508, 518, 164.658, 195.736,20, 17
28, 12, 34, 508, 414, 336.712, 414.981,47, 37
28, 12, 35, 508, 450, 63.6517, 71.0969,9, 8
28, 12, 36, 508, 477, 558.047, 731.723,70, 53
28, 12, 37, 508, 608, 40.626, 50.9019,6, 5
28, 12, 38, 508, 537, 69.3529, 92.3376,10, 8
28, 12, 39, 508, 483, 149.183, 172.408,20, 17
28, 12, 40, 508, 488, 154.465, 177.549,22, 19
28, 12, 41, 508, 449, 302.956, 374.167,43, 34
28, 12, 42, 508, 473, 279.889, 333.553,38, 31
28, 12, 43, 508, 471, 138.05, 151.695,16, 15
28, 12, 44, 508, 460, 179.307, 227.022,24, 19
28, 12, 45, 508, 513, 127.409, 212.637,23, 14
28, 12, 46, 508, 507, 230.109, 376.752,43, 26
28, 12, 47, 508, 528, 165.898, 249.388,27, 17
28, 13, 1, 574, 398, 15.8842, 15.8842,2, 2
28, 13, 2, 574, 395, 52.5283, 52.5283,5, 5
28, 13, 3, 574, 327, 0, 0,0, 0
28, 13, 4, 574, 564, 30.829, 59.8504,8, 4
28, 13, 5, 574, 610, 183.791, 243.651,29, 21
28, 13, 6, 574, 546, 152.682, 305.07,34, 16
28, 13, 7, 574, 454, 56.9611, 56.9611,7, 7
28, 13, 8, 574, 444, 298.643, 364.185,43, 34
28, 13, 9, 574, 445, 55.7221, 86.3542,11, 7
28, 13, 10, 574, 499, 130.018, 145.646,18, 16
28, 13, 11, 574, 517, 459.002, 489.797,59, 55
28, 13, 12, 574, 508, 841.784, 949.284,105, 91
28, 13, 14, 574, 480, 36.9607, 36.9607,5, 5
28, 13, 15, 574, 421, 80.6961, 88.1349,10, 9
28, 13, 16, 574, 459, 6.70229, 6.70229,1, 1
28, 13, 17, 574, 443, 61.1554, 61.1554,8, 8
28, 13, 18, 574, 406, 58.9876, 58.9876,7, 7
28, 13, 19, 574, 454, 163.582, 186.304,23, 20
28, 13, 20, 574, 509, 92.0863, 92.0863,11, 11
28, 13, 21, 574, 400, 145.903, 152.77,18, 17
28, 13, 22, 574, 434, 38.8015, 38.8015,5, 5
28, 13, 23, 574, 573, 15.6501, 37.0148,5, 2
28, 13, 24, 574, 503, 0, 0,0, 0
28, 13, 25, 574, 517, 108.185, 108.185,13, 13
28, 13, 26, 574, 574, 58.3863, 58.3863,7, 7
28, 13, 27, 574, 433, 23.1379, 23.1379,3, 3
28, 13, 28, 574, 469, 79.7423, 79.7423,8, 8
28, 13, 29, 574, 567, 140.31, 155.738,18, 16
28, 13, 30, 574, 535, 119.955, 127.173,14, 13
28, 13, 31, 574, 410, 81.2831, 81.2831,8, 8
28, 13, 32, 574, 579, 21.7142, 29.2697,4, 3
28, 13, 33, 574, 518, 126.997, 133.938,15, 14
28, 13, 34, 574, 414, 160.989, 174.656,21, 19
28, 13, 35, 574, 450, 15.6381, 15.6381,2, 2
28, 13, 36, 574, 477, 304.028, 317.489,36, 34
28, 13, 37, 574, 608, 0, 0,0, 0
28, 13, 38, 574, 537, 25.7776, 32.9129,4, 3
28, 13, 39, 574, 483, 48.6296, 48.6296,6, 6
28, 13, 40, 574, 488, 263.757, 299.544,31, 27
28, 13, 41, 574, 449, 189.607, 196.277,23, 22
28, 13, 42, 574, 473, 218.634, 233.797,25, 23
28, 13, 43, 574, 471, 50.8399, 50.8399,7, 7
28, 13, 44, 574, 460, 112.839, 158.405,14, 9
28, 13, 45, 574, 513, 57.7243, 96.1482,11, 6
28, 13, 46, 574, 507, 126.993, 192.582,21, 14
28, 13, 47, 574, 528, 66.3287, 119.452,13, 7
28, 14, 1, 480, 398, 89.8889, 109.346,12, 10
28, 14, 2, 480, 395, 82.9132, 82.9132,9, 9
28, 14, 3, 480, 327, 46.0938, 46.0938,5, 5
28, 14, 4, 480, 564, 44.943, 44.943,6, 6
28, 14, 5, 480, 610, 52.656, 59.6213,8, 7
28, 14, 6, 480, 546, 75.1041, 96.4589,12, 9
28, 14, 7, 480, 454, 1029.9, 1067.47,110, 106
28, 14, 8, 480, 444, 203.111, 203.111,25, 25
28, 14, 9, 480, 445, 6.79738, 6.79738,1, 1
28, 14, 10, 480, 499, 36.0014, 43.7891,5, 4
28, 14, 11, 480, 517, 45.35, 53.1995,7, 6
28, 14, 12, 480, 508, 48.5911, 48.5911,6, 6
28, 14, 13, 480, 574, 36.9607, 36.9607,5, 5
28, 14, 15, 480, 421, 663.597, 710.452,81, 75
28, 14, 16, 480, 459, 204.639, 211.348,24, 23
28, 14, 17, 480, 443, 291.451, 308.03,33, 31
28, 14, 18, 480, 406, 183.12, 183.12,22, 22
28, 14, 19, 480, 454, 80.8047, 80.8047,10, 10
28, 14, 20, 480, 509, 621.182, 673.714,76, 69
28, 14, 21, 480, 400, 72.9769, 72.9769,9, 9
28, 14, 22, 480, 434, 224.773, 270.169,30, 24
28, 14, 23, 480, 573, 324.738, 354.431,40, 36
28, 14, 24, 480, 503, 243.798, 272.499,33, 29
28, 14, 25, 480, 517, 969.52, 1036.32,102, 93
28, 14, 26, 480, 574, 51.7562, 51.7562,6, 6
28, 14, 27, 480, 433, 69.6566, 84.1346,9, 7
28, 14, 28, 480, 469, 117.543, 117.543,12, 12
28, 14, 29, 480, 567, 28.0594, 34.8348,4, 3
28, 14, 30, 480, 535, 39.0768, 39.0768,5, 5
28, 14, 31, 480, 410, 35.5795, 35.5795,4, 4
28, 14, 32, 480, 579, 1033.2, 1204.92,117, 98
28, 14, 33, 480, 518, 0, 0,0, 0
28, 14, 34, 480, 414, 128.87, 128.87,15, 15
28, 14, 35, 480, 450, 145.665, 145.665,17, 17
28, 14, 36, 480, 477, 93.6853, 100.565,12, 11
28, 14, 37, 480, 608, 948.636, 1101.67,119, 100
28, 14, 38, 480, 537, 20.374, 20.374,2, 2
28, 14, 39, 480, 483, 77.7694, 91.5254,11, 9
28, 14, 40, 480, 488, 0, 0,0, 0
28, 14, 41, 480, 449, 26.4237, 26.4237,3, 3
28, 14, 42, 480, 473, 29.8003, 29.8003,4, 4
28, 14, 43, 480, 471, 31.9344, 39.4018,5, 4
28, 14, 44, 480, 460, 80.7871, 80.7871,10, 10
28, 14, 45, 480, 513, 60.9406, 67.7395,9, 8
28, 14, 46, 480, 507, 116.009, 116.009,13, 13
28, 14, 47, 480, 528, 146.673, 168.917,19, 16
28, 15, 1, 421, 398, 7.26497, 7.26497,1, 1
28, 15, 2, 421, 395, 121.824, 128.621,13, 12
28, 15, 3, 421, 327, 62.3956, 62.3956,7, 7
28, 15, 4, 421, 564, 58.3458, 65.7282,9, 8
28, 15, 5, 421, 610, 69.0791, 69.0791,8, 8
28, 15, 6, 421, 546, 42.1178, 50.5393,6, 5
28, 15, 7, 421, 454, 929.773, 1006.45,105, 95
28, 15, 8, 421, 444, 655.377, 711.583,74, 67
28, 15, 9, 421, 445, 0, 0,0, 0
28, 15, 10, 421, 499, 46.9627, 46.9627,4, 4
28, 15, 11, 421, 517, 115.182, 129.497,14, 12
28, 15, 12, 421, 508, 158.298, 166.218,16, 15
28, 15, 13, 421, 574, 88.1351, 88.1351,10, 10
28, 15, 14, 421, 480, 681.876, 710.452,81, 77
28, 15, 16, 421, 459, 104.015, 104.015,12, 12
28, 15, 17, 421, 443, 160.796, 176.69,20, 18
28, 15, 18, 421, 406, 343.879, 377.067,38, 34
28, 15, 19, 421, 454, 247.082, 269.106,32, 29
28, 15, 20, 421, 509, 1250.85, 1364.23,140, 127
28, 15, 21, 421, 400, 343.23, 373.711,38, 34
28, 15, 22, 421, 434, 328.975, 346.099,37, 35
28, 15, 23, 421, 573, 134.203, 134.203,16, 16
28, 15, 24, 421, 503, 76.7843, 76.7843,10, 10
28, 15, 25, 421, 517, 785.08, 820.803,84, 80
28, 15, 26, 421, 574, 90.9495, 90.9495,11, 11
28, 15, 27, 421, 433, 70.9134, 70.9134,8, 8
28, 15, 28, 421, 469, 129.831, 145.892,14, 12
28, 15, 29, 421, 567, 61.3019, 61.3019,8, 8
28, 15, 30, 421, 535, 90.5718, 98.5976,10, 9
28, 15, 31, 421, 410, 94.9081, 106.72,12, 11
28, 15, 32, 421, 579, 426.816, 466.07,53, 48
28, 15, 33, 421, 518, 122.077, 122.077,14, 14
28, 15, 34, 421, 414, 286.44, 293.531,32, 31
28, 15, 35, 421, 450, 96.5698, 96.5698,11, 11
28, 15, 36, 421, 477, 155.852, 155.852,17, 17
28, 15, 37, 421, 608, 275.143, 275.143,30, 30
28, 15, 38, 421, 537, 30.2396, 30.2396,2, 2
28, 15, 39, 421, 483, 35.6218, 43.3158,5, 4
28, 15, 40, 421, 488, 75.1573, 75.1573,8, 8
28, 15, 41, 421, 449, 87.9282, 95.3716,12, 11
28, 15, 42, 421, 473, 137.185, 137.185,15, 15
28, 15, 43, 421, 471, 54.7497, 54.7497,7, 7
28, 15, 44, 421, 460, 95.0332, 101.762,13, 12
28, 15, 45, 421, 513, 15.9137, 15.9137,2, 2
28, 15, 46, 421, 507, 107.327, 107.327,12, 12
28, 15, 47, 421, 528, 113.18, 144.494,18, 14
28, 16, 1, 459, 398, 111.915, 111.915,14, 14
28, 16, 2, 459, 395, 68.0691, 82.7716,9, 7
28, 16, 3, 459, 327, 85.071, 100.855,11, 9
28, 16, 4, 459, 564, 25.7363, 25.7363,3, 3
28, 16, 5, 459, 610, 29.6595, 36.3784,5, 4
28, 16, 6, 459, 546, 72.9681, 87.5631,12, 10
28, 16, 7, 459, 454, 100.124, 114.451,14, 12
28, 16, 8, 459, 444, 33.0402, 33.0402,4, 4
28, 16, 9, 459, 445, 51.7426, 59.6759,8, 7
28, 16, 10, 459, 499, 98.9414, 146.067,15, 10
28, 16, 11, 459, 517, 55.0885, 55.0885,7, 7
28, 16, 12, 459, 508, 75.4052, 104.597,14, 10
28, 16, 13, 459, 574, 6.70226, 6.70226,1, 1
28, 16, 14, 459, 480, 164.786, 211.346,24, 18
28, 16, 15, 459, 421, 88.6118, 104.016,12, 10
28, 16, 17, 459, 443, 605.882, 693.293,75, 64
28, 16, 18, 459, 406, 262.039, 276.904,32, 30
28, 16, 19, 459, 454, 79.4351, 79.4351,10, 10
28, 16, 20, 459, 509, 56.3134, 63.9272,7, 6
28, 16, 21, 459, 400, 14.0422, 20.7493,2, 1
28, 16, 22, 459, 434, 61.9233, 86.2944,9, 6
28, 16, 23, 459, 573, 106.024, 114.76,12, 11
28, 16, 24, 459, 503, 127.6, 136.006,17, 16
28, 16, 25, 459, 517, 111.094, 118.084,14, 13
28, 16, 26, 459, 574, 21.7037, 21.7037,3, 3
28, 16, 27, 459, 433, 114.012, 139.246,17, 14
28, 16, 28, 459, 469, 110.543, 126.708,13, 11
28, 16, 29, 459, 567, 29.5844, 44.7122,6, 4
28, 16, 30, 459, 535, 36.2011, 36.2011,5, 5
28, 16, 31, 459, 410, 83.5373, 91.1485,12, 11
28, 16, 32, 459, 579, 319.803, 420.146,45, 33
28, 16, 33, 459, 518, 0, 0,0, 0
28, 16, 34, 459, 414, 101.313, 127.537,15, 12
28, 16, 35, 459, 450, 164.515, 190.602,21, 18
28, 16, 36, 459, 477, 74.8524, 84.1096,10, 9
28, 16, 37, 459, 608, 273.463, 370.691,42, 30
28, 16, 38, 459, 537, 54.6328, 73.8034,8, 6
28, 16, 39, 459, 483, 120.032, 142.098,18, 15
28, 16, 40, 459, 488, 6.94668, 6.94668,1, 1
28, 16, 41, 459, 449, 0, 0,0, 0
28, 16, 42, 459, 473, 7.05371, 7.05371,1, 1
28, 16, 43, 459, 471, 7.87756, 7.87756,1, 1
28, 16, 44, 459, 460, 26.4017, 42.7274,5, 3
28, 16, 45, 459, 513, 35.7114, 43.1291,6, 5
28, 16, 46, 459, 507, 79.3484, 95.1335,11, 9
28, 16, 47, 459, 528, 82.4559, 126.755,15, 9
28, 17, 1, 443, 398, 77.5641, 91.9462,11, 9
28, 17, 2, 443, 395, 143.336, 143.336,13, 13
28, 17, 3, 443, 327, 116.62, 116.62,14, 14
28, 17, 4, 443, 564, 33.8169, 33.8169,4, 4
28, 17, 5, 443, 610, 52.8, 52.8,7, 7
28, 17, 6, 443, 546, 34.0916, 34.0916,4, 4
28, 17, 7, 443, 454, 212.941, 227.77,26, 24
28, 17, 8, 443, 444, 72.5572, 72.5572,10, 10
28, 17, 9, 443, 445, 9.93274, 17.2398,2, 1
28, 17, 10, 443, 499, 79.6513, 79.6513,7, 7
28, 17, 11, 443, 517, 69.2664, 69.2664,9, 9
28, 17, 12, 443, 508, 64.8533, 72.1736,9, 8
28, 17, 13, 443, 574, 54.358, 61.1557,8, 7
28, 17, 14, 443, 480, 298.02, 308.033,33, 32
28, 17, 15, 443, 421, 176.69, 176.69,20, 20
28, 17, 16, 443, 459, 653.149, 693.292,75, 70
28, 17, 18, 443, 406, 591.544, 650.232,71, 64
28, 17, 19, 443, 454, 250.183, 250.183,30, 30
28, 17, 20, 443, 509, 198.207, 198.207,22, 22
28, 17, 21, 443, 400, 85.2899, 85.2899,10, 10
28, 17, 22, 443, 434, 185.458, 223.448,22, 17
28, 17, 23, 443, 573, 131.458, 139.028,15, 14
28, 17, 24, 443, 503, 57.8363, 72.3991,9, 7
28, 17, 25, 443, 517, 328.068, 356.268,38, 34
28, 17, 26, 443, 574, 32.1454, 32.1454,4, 4
28, 17, 27, 443, 433, 82.3544, 92.0103,10, 9
28, 17, 28, 443, 469, 218.495, 233.55,21, 19
28, 17, 29, 443, 567, 27.5439, 27.5439,3, 3
28, 17, 30, 443, 535, 97.9664, 97.9664,11, 11
28, 17, 31, 443, 410, 144.206, 158.472,19, 17
28, 17, 32, 443, 579, 222.39, 243.155,27, 24
28, 17, 33, 443, 518, 40.2494, 40.2494,5, 5
28, 17, 34, 443, 414, 209.842, 224.728,26, 24
28, 17, 35, 443, 450, 168.502, 176.712,18, 17
28, 17, 36, 443, 477, 122.781, 129.533,15, 14
28, 17, 37, 443, 608, 196.7, 203.703,23, 22
28, 17, 38, 443, 537, 38.9782, 38.9782,3, 3
28, 17, 39, 443, 483, 81.3317, 81.3317,9, 9
28, 17, 40, 443, 488, 37.3446, 37.3446,5, 5
28, 17, 41, 443, 449, 42.9572, 42.9572,5, 5
28, 17, 42, 443, 473, 31.4952, 31.4952,4, 4
28, 17, 43, 443, 471, 55.6291, 62.4425,8, 7
28, 17, 44, 443, 460, 79.5498, 86.2617,11, 10
28, 17, 45, 443, 513, 36.0838, 36.0838,5, 5
28, 17, 46, 443, 507, 67.4805, 67.4805,8, 8
28, 17, 47, 443, 528, 63.4581, 70.2954,8, 7
28, 18, 1, 406, 398, 50.8533, 58.8654,7, 6
28, 18, 2, 406, 395, 129.61, 146.043,15, 13
28, 18, 3, 406, 327, 111.177, 125.917,14, 12
28, 18, 4, 406, 564, 67.1765, 67.1765,8, 8
28, 18, 5, 406, 610, 73.7076, 91.993,11, 9
28, 18, 6, 406, 546, 50.3734, 57.4654,7, 6
28, 18, 7, 406, 454, 295.668, 325.807,37, 33
28, 18, 8, 406, 444, 236.409, 243.149,27, 26
28, 18, 9, 406, 445, 0, 0,0, 0
28, 18, 10, 406, 499, 37.3407, 46.1845,5, 4
28, 18, 11, 406, 517, 129.716, 136.554,16, 15
28, 18, 12, 406, 508, 109.755, 123.485,15, 13
28, 18, 13, 406, 574, 58.9876, 58.9876,7, 7
28, 18, 14, 406, 480, 154.851, 183.12,22, 18
28, 18, 15, 406, 421, 336.931, 377.063,38, 33
28, 18, 16, 406, 459, 262.03, 276.904,32, 30
28, 18, 17, 406, 443, 600.214, 650.232,71, 65
28, 18, 19, 406, 454, 545.727, 590.507,68, 62
28, 18, 20, 406, 509, 446.164, 521.389,56, 47
28, 18, 21, 406, 400, 133.096, 156.678,19, 16
28, 18, 22, 406, 434, 131.809, 147.264,17, 15
28, 18, 23, 406, 573, 64.6332, 64.6332,8, 8
28, 18, 24, 406, 503, 57.9024, 57.9024,7, 7
28, 18, 25, 406, 517, 253.263, 270.24,31, 29
28, 18, 26, 406, 574, 93.8224, 93.8224,9, 9
28, 18, 27, 406, 433, 120.696, 127.443,16, 15
28, 18, 28, 406, 469, 216.919, 238.028,29, 26
28, 18, 29, 406, 567, 68.6149, 68.6149,8, 8
28, 18, 30, 406, 535, 168.005, 174.86,22, 21
28, 18, 31, 406, 410, 142.146, 159.936,16, 14
28, 18, 32, 406, 579, 87.9808, 96.0244,11, 10
28, 18, 33, 406, 518, 44.467, 44.467,5, 5
28, 18, 34, 406, 414, 302.58, 334.916,37, 33
28, 18, 35, 406, 450, 131.516, 148.432,18, 16
28, 18, 36, 406, 477, 160.861, 175.67,18, 16
28, 18, 37, 406, 608, 76.8773, 76.8773,10, 10
28, 18, 38, 406, 537, 24.9778, 24.9778,3, 3
28, 18, 39, 406, 483, 71.0933, 71.0933,10, 10
28, 18, 40, 406, 488, 66.4622, 66.4622,8, 8
28, 18, 41, 406, 449, 77.3796, 86.6727,11, 10
28, 18, 42, 406, 473, 179.713, 195.557,20, 18
28, 18, 43, 406, 471, 49.1372, 49.1372,6, 6
28, 18, 44, 406, 460, 75.5131, 92.4331,11, 9
28, 18, 45, 406, 513, 0, 0,0, 0
28, 18, 46, 406, 507, 82.4809, 82.4809,10, 10
28, 18, 47, 406, 528, 79.5599, 94.386,11, 9
28, 19, 1, 454, 398, 6.69206, 6.69206,1, 1
28, 19, 2, 454, 395, 97.5183, 111.161,13, 11
28, 19, 3, 454, 327, 21.1684, 21.1684,3, 3
28, 19, 4, 454, 564, 68.5523, 164.532,21, 8
28, 19, 5, 454, 610, 54.5044, 54.5044,7, 7
28, 19, 6, 454, 546, 15.7084, 22.4013,3, 2
28, 19, 7, 454, 454, 127.011, 133.74,16, 15
28, 19, 8, 454, 444, 582.586, 717.996,77, 60
28, 19, 9, 454, 445, 0, 0,0, 0
28, 19, 10, 454, 499, 0, 0,0, 0
28, 19, 11, 454, 517, 42.8922, 51.2468,6, 5
28, 19, 12, 454, 508, 119.855, 119.855,14, 14
28, 19, 13, 454, 574, 179.583, 186.304,23, 22
28, 19, 14, 454, 480, 72.8477, 80.8047,10, 9
28, 19, 15, 454, 421, 247.845, 269.107,32, 29
28, 19, 16, 454, 459, 79.4353, 79.4353,10, 10
28, 19, 17, 454, 443, 236.196, 250.182,30, 28
28, 19, 18, 454, 406, 552.719, 590.507,68, 63
28, 19, 20, 454, 509, 277.918, 316.012,38, 33
28, 19, 21, 454, 400, 157.136, 188.127,21, 17
28, 19, 22, 454, 434, 74.6064, 90.4559,10, 8
28, 19, 23, 454, 573, 19.0632, 19.0632,2, 2
28, 19, 24, 454, 503, 14.1189, 14.1189,2, 2
28, 19, 25, 454, 517, 135.045, 163.124,19, 15
28, 19, 26, 454, 574, 144.312, 243.034,30, 17
28, 19, 27, 454, 433, 78.1337, 92.3282,11, 9
28, 19, 28, 454, 469, 145.604, 175.943,21, 17
28, 19, 29, 454, 567, 97.9548, 114.352,14, 12
28, 19, 30, 454, 535, 281.574, 337.819,40, 33
28, 19, 31, 454, 410, 97.1715, 104.701,12, 11
28, 19, 32, 454, 579, 30.4921, 30.4921,4, 4
28, 19, 33, 454, 518, 96.72, 105.913,12, 11
28, 19, 34, 454, 414, 155.127, 172.554,21, 19
28, 19, 35, 454, 450, 39.3102, 39.3102,5, 5
28, 19, 36, 454, 477, 134.855, 164.022,19, 15
28, 19, 37, 454, 608, 29.5464, 29.5464,4, 4
28, 19, 38, 454, 537, 0, 0,0, 0
28, 19, 39, 454, 483, 14.0544, 14.0544,2, 2
28, 19, 40, 454, 488, 203.008, 240.628,28, 23
28, 19, 41, 454, 449, 154.087, 162.955,18, 17
28, 19, 42, 454, 473, 170.967, 186.679,22, 20
28, 19, 43, 454, 471, 79.8349, 79.8349,10, 10
28, 19, 44, 454, 460, 56.5287, 63.7896,7, 6
28, 19, 45, 454, 513, 7.30445, 7.30445,1, 1
28, 19, 46, 454, 507, 55.8118, 55.8118,7, 7
28, 19, 47, 454, 528, 60.8166, 83.2777,10, 7
28, 20, 1, 509, 398, 15.1248, 15.1248,2, 2
28, 20, 2, 509, 395, 126.92, 133.608,14, 13
28, 20, 3, 509, 327, 36.6301, 36.6301,4, 4
28, 20, 4, 509, 564, 73.4939, 73.4939,9, 9
28, 20, 5, 509, 610, 133.91, 149.641,17, 15
28, 20, 6, 509, 546, 116.8, 131.003,15, 13
28, 20, 7, 509, 454, 892.762, 940.25,98, 92
28, 20, 8, 509, 444, 688.131, 762.029,85, 76
28, 20, 9, 509, 445, 6.73531, 6.73531,1, 1
28, 20, 10, 509, 499, 44.8014, 44.8014,5, 5
28, 20, 11, 509, 517, 99.3904, 108.002,12, 11
28, 20, 12, 509, 508, 139.715, 157.641,17, 15
28, 20, 13, 509, 574, 85.1538, 92.0861,11, 10
28, 20, 14, 509, 480, 635.591, 673.716,76, 71
28, 20, 15, 509, 421, 1251.58, 1364.23,140, 127
28, 20, 16, 509, 459, 54.854, 63.9272,7, 6
28, 20, 17, 509, 443, 188.769, 198.207,22, 21
28, 20, 18, 509, 406, 440.96, 521.387,56, 46
28, 20, 19, 509, 454, 294.562, 316.012,38, 35
28, 20, 21, 509, 400, 283.926, 292.533,33, 32
28, 20, 22, 509, 434, 314.421, 328.3,35, 33
28, 20, 23, 509, 573, 184.378, 207.333,24, 21
28, 20, 24, 509, 503, 82.793, 82.793,11, 11
28, 20, 25, 509, 517, 1175.08, 1306.97,128, 111
28, 20, 26, 509, 574, 128.57, 135.32,17, 16
28, 20, 27, 509, 433, 102.082, 117.234,12, 10
28, 20, 28, 509, 469, 157.252, 166.6,17, 16
28, 20, 29, 509, 567, 123.327, 123.327,14, 14
28, 20, 30, 509, 535, 145.373, 145.373,18, 18
28, 20, 31, 509, 410, 125.616, 135.866,15, 14
28, 20, 32, 509, 579, 510.932, 550.957,64, 59
28, 20, 33, 509, 518, 86.7229, 105.512,12, 10
28, 20, 34, 509, 414, 227.415, 278.91,29, 23
28, 20, 35, 509, 450, 62.551, 62.551,8, 8
28, 20, 36, 509, 477, 208.587, 233.035,24, 22
28, 20, 37, 509, 608, 473.56, 530.776,60, 53
28, 20, 38, 509, 537, 40.3752, 40.3752,4, 4
28, 20, 39, 509, 483, 34.036, 34.036,4, 4
28, 20, 40, 509, 488, 76.567, 83.4397,10, 9
28, 20, 41, 509, 449, 88.9075, 115.841,14, 11
28, 20, 42, 509, 473, 114.023, 128.818,15, 13
28, 20, 43, 509, 471, 24.7635, 24.7635,3, 3
28, 20, 44, 509, 460, 97.1789, 97.1789,10, 10
28, 20, 45, 509, 513, 26.1764, 33.569,4, 3
28, 20, 46, 509, 507, 114.652, 121.445,15, 14
28, 20, 47, 509, 528, 119.345, 119.345,13, 13
28, 21, 1, 400, 398, 6.89, 6.89,1, 1
28, 21, 2, 400, 395, 118.14, 118.14,13, 13
28, 21, 3, 400, 327, 50.6627, 50.6627,6, 6
28, 21, 4, 400, 564, 69.7848, 76.5549,10, 9
28, 21, 5, 400, 610, 89.2473, 95.9324,11, 10
28, 21, 6, 400, 546, 81.2451, 88.082,10, 9
28, 21, 7, 400, 454, 176.531, 190.869,23, 21
28, 21, 8, 400, 444, 370.771, 405.382,45, 40
28, 21, 9, 400, 445, 0, 0,0, 0
28, 21, 10, 400, 499, 46.0832, 46.0832,3, 3
28, 21, 11, 400, 517, 83.2549, 83.2549,9, 9
28, 21, 12, 400, 508, 117.664, 125.469,14, 13
28, 21, 13, 400, 574, 130.607, 152.77,18, 15
28, 21, 14, 400, 480, 65.5129, 72.9769,9, 8
28, 21, 15, 400, 421, 324.769, 373.711,38, 32
28, 21, 16, 400, 459, 20.7489, 20.7489,2, 2
28, 21, 17, 400, 443, 77.7813, 85.2902,10, 9
28, 21, 18, 400, 406, 135.224, 156.678,19, 16
28, 21, 19, 400, 454, 165.011, 188.127,21, 18
28, 21, 20, 400, 509, 275.693, 292.533,33, 31
28, 21, 22, 400, 434, 736.382, 788.771,86, 80
28, 21, 23, 400, 573, 216.452, 231.138,28, 26
28, 21, 24, 400, 503, 85.7501, 85.7501,11, 11
28, 21, 25, 400, 517, 213.579, 229.077,24, 22
28, 21, 26, 400, 574, 301.583, 334.193,41, 37
28, 21, 27, 400, 433, 31.1441, 31.1441,3, 3
28, 21, 28, 400, 469, 125.867, 145.409,14, 12
28, 21, 29, 400, 567, 74.216, 74.216,10, 10
28, 21, 30, 400, 535, 133.201, 141.617,16, 15
28, 21, 31, 400, 410, 73.2887, 87.131,10, 8
28, 21, 32, 400, 579, 56.691, 56.691,4, 4
28, 21, 33, 400, 518, 59.3023, 74.3267,8, 6
28, 21, 34, 400, 414, 200.164, 222.327,23, 20
28, 21, 35, 400, 450, 37.3579, 37.3579,3, 3
28, 21, 36, 400, 477, 152.739, 161.646,18, 17
28, 21, 37, 400, 608, 40.8848, 40.8848,4, 4
28, 21, 38, 400, 537, 31.4261, 31.4261,3, 3
28, 21, 39, 400, 483, 29.1219, 29.1219,3, 3
28, 21, 40, 400, 488, 99.2043, 113.553,11, 9
28, 21, 41, 400, 449, 102.306, 111.748,12, 11
28, 21, 42, 400, 473, 129.805, 152.18,17, 14
28, 21, 43, 400, 471, 32.0004, 32.0004,4, 4
28, 21, 44, 400, 460, 198.653, 248.776,29, 22
28, 21, 45, 400, 513, 15.3707, 22.199,3, 2
28, 21, 46, 400, 507, 139.43, 146.63,16, 15
28, 21, 47, 400, 528, 144.011, 150.91,16, 15
28, 22, 1, 434, 398, 16.3531, 16.3531,2, 2
28, 22, 2, 434, 395, 151.719, 166.268,16, 14
28, 22, 3, 434, 327, 22.401, 22.401,2, 2
28, 22, 4, 434, 564, 36.3355, 36.3355,4, 4
28, 22, 5, 434, 610, 106.026, 120.618,15, 13
28, 22, 6, 434, 546, 137.209, 196.162,21, 14
28, 22, 7, 434, 454, 316.989, 330.612,38, 36
28, 22, 8, 434, 444, 165.142, 180.279,21, 19
28, 22, 9, 434, 445, 0, 0,0, 0
28, 22, 10, 434, 499, 36.931, 36.931,3, 3
28, 22, 11, 434, 517, 46.6107, 46.6107,5, 5
28, 22, 12, 434, 508, 90.5813, 90.5813,9, 9
28, 22, 13, 434, 574, 38.8015, 38.8015,5, 5
28, 22, 14, 434, 480, 224.915, 270.17,30, 24
28, 22, 15, 434, 421, 346.1, 346.1,37, 37
28, 22, 16, 434, 459, 71.8544, 86.2941,9, 7
28, 22, 17, 434, 443, 174.348, 223.45,22, 16
28, 22, 18, 434, 406, 140.468, 147.264,17, 16
28, 22, 19, 434, 454, 90.4558, 90.4558,10, 10
28, 22, 20, 434, 509, 300.197, 328.3,35, 31
28, 22, 21, 434, 400, 709.589, 788.771,86, 76
28, 22, 23, 434, 573, 511.415, 562.653,65, 58
28, 22, 24, 434, 503, 174.533, 224.858,26, 20
28, 22, 25, 434, 517, 381.807, 403.917,43, 40
28, 22, 26, 434, 574, 127.011, 127.011,16, 16
28, 22, 27, 434, 433, 43.6117, 54.9033,5, 4
28, 22, 28, 434, 469, 151.51, 151.51,13, 13
28, 22, 29, 434, 567, 54.4575, 54.4575,6, 6
28, 22, 30, 434, 535, 66.1976, 83.8045,9, 7
28, 22, 31, 434, 410, 74.3331, 89.5713,11, 9
28, 22, 32, 434, 579, 79.0751, 93.5746,10, 8
28, 22, 33, 434, 518, 54.9183, 54.9183,7, 7
28, 22, 34, 434, 414, 244.731, 311.773,32, 24
28, 22, 35, 434, 450, 80.2153, 87.7295,9, 8
28, 22, 36, 434, 477, 127.467, 149.978,17, 14
28, 22, 37, 434, 608, 94.9673, 94.9673,11, 11
28, 22, 38, 434, 537, 32.1268, 32.1268,2, 2
28, 22, 39, 434, 483, 93.69, 116.835,11, 8
28, 22, 40, 434, 488, 50.1935, 50.1935,7, 7
28, 22, 41, 434, 449, 70.6089, 70.6089,9, 9
28, 22, 42, 434, 473, 81.961, 97.3262,11, 9
28, 22, 43, 434, 471, 62.5362, 62.5362,7, 7
28, 22, 44, 434, 460, 192.414, 261.762,32, 23
28, 22, 45, 434, 513, 70.1596, 110.576,13, 8
28, 22, 46, 434, 507, 212.023, 244.846,29, 25
28, 22, 47, 434, 528, 341.506, 442.702,46, 34
28, 23, 1, 573, 398, 72.9868, 72.9868,9, 9
28, 23, 2, 573, 395, 58.3688, 58.3688,7, 7
28, 23, 3, 573, 327, 46.4135, 46.4135,5, 5
28, 23, 4, 573, 564, 14.6375, 14.6375,2, 2
28, 23, 5, 573, 610, 54.9105, 54.9105,6, 6
28, 23, 6, 573, 546, 107.051, 132.261,15, 12
28, 23, 7, 573, 454, 240.696, 271.846,33, 29
28, 23, 8, 573, 444, 43.0496, 49.7673,6, 5
28, 23, 9, 573, 445, 105.83, 145.404,15, 11
28, 23, 10, 573, 499, 106.066, 122.951,13, 11
28, 23, 11, 573, 517, 15.6177, 15.6177,2, 2
28, 23, 12, 573, 508, 44.427, 44.427,6, 6
28, 23, 13, 573, 574, 37.0149, 37.0149,5, 5
28, 23, 14, 573, 480, 331.151, 354.431,40, 37
28, 23, 15, 573, 421, 120.054, 134.203,16, 14
28, 23, 16, 573, 459, 100.811, 114.759,12, 10
28, 23, 17, 573, 443, 131.691, 139.028,15, 14
28, 23, 18, 573, 406, 64.6324, 64.6324,8, 8
28, 23, 19, 573, 454, 19.0632, 19.0632,2, 2
28, 23, 20, 573, 509, 207.333, 207.333,24, 24
28, 23, 21, 573, 400, 208.452, 231.138,28, 25
28, 23, 22, 573, 434, 524.217, 562.652,65, 60
28, 23, 24, 573, 503, 1107.31, 1297.26,135, 112
28, 23, 25, 573, 517, 220.31, 241.939,26, 23
28, 23, 26, 573, 574, 59.7667, 67.3986,9, 8
28, 23, 27, 573, 433, 10.0315, 10.0315,1, 1
28, 23, 28, 573, 469, 54.7005, 61.4425,6, 5
28, 23, 29, 573, 567, 29.4028, 29.4028,4, 4
28, 23, 30, 573, 535, 9.28681, 9.28681,1, 1
28, 23, 31, 573, 410, 13.5536, 13.5536,2, 2
28, 23, 32, 573, 579, 361.034, 441.798,51, 40
28, 23, 33, 573, 518, 32.0294, 32.0294,4, 4
28, 23, 34, 573, 414, 85.4068, 85.4068,10, 10
28, 23, 35, 573, 450, 159.008, 197.632,19, 15
28, 23, 36, 573, 477, 58.2137, 65.235,8, 7
28, 23, 37, 573, 608, 343.162, 380.599,46, 41
28, 23, 38, 573, 537, 47.9805, 47.9805,5, 5
28, 23, 39, 573, 483, 88.5003, 120.399,13, 9
28, 23, 40, 573, 488, 8.29984, 8.29984,1, 1
28, 23, 41, 573, 449, 15.1354, 15.1354,2, 2
28, 23, 42, 573, 473, 44.1334, 44.1334,6, 6
28, 23, 43, 573, 471, 32.764, 32.764,4, 4
28, 23, 44, 573, 460, 67.8961, 67.8961,9, 9
28, 23, 45, 573, 513, 118.546, 132.413,17, 15
28, 23, 46, 573, 507, 104.892, 104.892,12, 12
28, 23, 47, 573, 528, 372.24, 432.956,49, 41
28, 24, 1, 503, 398, 75.5787, 82.6733,11, 10
28, 24, 2, 503, 395, 7.33752, 7.33752,1, 1
28, 24, 3, 503, 327, 37.6839, 60.6453,6, 4
28, 24, 4, 503, 564, 0, 0,0, 0
28, 24, 5, 503, 610, 26.9841, 26.9841,3, 3
28, 24, 6, 503, 546, 121.906, 161.07,19, 14
28, 24, 7, 503, 454, 85.834, 85.834,11, 11
28, 24, 8, 503, 444, 14.4446, 14.4446,2, 2
28, 24, 9, 503, 445, 120.55, 165.895,20, 14
28, 24, 10, 503, 499, 171.213, 194.688,25, 22
28, 24, 11, 503, 517, 97.9612, 97.9612,11, 11
28, 24, 12, 503, 508, 8.42814, 16.3521,2, 1
28, 24, 13, 503, 574, 0, 0,0, 0
28, 24, 14, 503, 480, 248.569, 272.499,33, 30
28, 24, 15, 503, 421, 69.8857, 76.7843,10, 9
28, 24, 16, 503, 459, 128.626, 136.006,17, 16
28, 24, 17, 503, 443, 72.3991, 72.3991,9, 9
28, 24, 18, 503, 406, 48.8094, 57.9023,7, 6
28, 24, 19, 503, 454, 14.1189, 14.1189,2, 2
28, 24, 20, 503, 509, 82.7932, 82.7932,11, 11
28, 24, 21, 503, 400, 77.8278, 85.75,11, 10
28, 24, 22, 503, 434, 192.91, 224.857,26, 22
28, 24, 23, 503, 573, 1084.62, 1297.26,135, 109
28, 24, 25, 503, 517, 149.118, 169.611,20, 17
28, 24, 26, 503, 574, 25.1762, 33.6442,4, 3
28, 24, 27, 503, 433, 29.6873, 29.6873,4, 4
28, 24, 28, 503, 469, 13.8223, 20.4963,3, 2
28, 24, 29, 503, 567, 0, 0,0, 0
28, 24, 30, 503, 535, 17.711, 17.711,2, 2
28, 24, 31, 503, 410, 7.11261, 7.11261,1, 1
28, 24, 32, 503, 579, 263.584, 348.847,41, 31
28, 24, 33, 503, 518, 37.8735, 37.8735,5, 5
28, 24, 34, 503, 414, 96.4739, 130.288,15, 11
28, 24, 35, 503, 450, 194.652, 216.692,24, 21
28, 24, 36, 503, 477, 46.5047, 53.1965,7, 6
28, 24, 37, 503, 608, 297.433, 344.296,42, 36
28, 24, 38, 503, 537, 91.3681, 91.3681,11, 11
28, 24, 39, 503, 483, 167.627, 208.6,23, 18
28, 24, 40, 503, 488, 0, 0,0, 0
28, 24, 41, 503, 449, 0, 0,0, 0
28, 24, 42, 503, 473, 15.3782, 23.6292,3, 2
28, 24, 43, 503, 471, 50.0379, 50.0379,7, 7
28, 24, 44, 503, 460, 54.3996, 68.9888,9, 7
28, 24, 45, 503, 513, 185.222, 185.222,22, 22
28, 24, 46, 503, 507, 78.4757, 78.4757,10, 10
28, 24, 47, 503, 528, 248.947, 281.467,34, 30
28, 25, 1, 517, 398, 89.2482, 103.758,13, 11
28, 25, 2, 517, 395, 149.773, 185.261,19, 14
28, 25, 3, 517, 327, 59.6042, 59.6042,7, 7
28, 25, 4, 517, 564, 53.5539, 53.5539,7, 7
28, 25, 5, 517, 610, 100.842, 117.431,15, 13
28, 25, 6, 517, 546, 116.271, 140.571,14, 12
28, 25, 7, 517, 454, 1121.76, 1204.99,120, 110
28, 25, 8, 517, 444, 278.754, 324.719,36, 31
28, 25, 9, 517, 445, 7.08392, 7.08392,1, 1
28, 25, 10, 517, 499, 51.7389, 51.7389,4, 4
28, 25, 11, 517, 517, 110.644, 147.91,14, 10
28, 25, 12, 517, 508, 138.169, 167.668,19, 16
28, 25, 13, 517, 574, 98.7576, 108.185,13, 12
28, 25, 14, 517, 480, 980.703, 1036.31,102, 95
28, 25, 15, 517, 421, 740.037, 820.804,84, 75
28, 25, 16, 517, 459, 103.803, 118.084,14, 12
28, 25, 17, 517, 443, 326.773, 356.268,38, 34
28, 25, 18, 517, 406, 239.227, 270.242,31, 27
28, 25, 19, 517, 454, 133.149, 163.124,19, 15
28, 25, 20, 517, 509, 1216.73, 1306.97,128, 118
28, 25, 21, 517, 400, 193.663, 229.076,24, 20
28, 25, 22, 517, 434, 358.98, 403.919,43, 37
28, 25, 23, 517, 573, 219.843, 241.939,26, 23
28, 25, 24, 517, 503, 151.199, 169.611,20, 18
28, 25, 26, 517, 574, 113.525, 120.338,15, 14
28, 25, 27, 517, 433, 110.822, 110.822,13, 13
28, 25, 28, 517, 469, 231.729, 267.678,26, 22
28, 25, 29, 517, 567, 92.6982, 92.6982,11, 11
28, 25, 30, 517, 535, 84.1087, 90.8371,12, 11
28, 25, 31, 517, 410, 174.341, 196.454,22, 19
28, 25, 32, 517, 579, 995.024, 1084.37,116, 105
28, 25, 33, 517, 518, 73.1239, 110.61,12, 8
28, 25, 34, 517, 414, 221.79, 274.612,28, 22
28, 25, 35, 517, 450, 141.102, 167.4,18, 15
28, 25, 36, 517, 477, 172.673, 195.441,24, 21
28, 25, 37, 517, 608, 870.465, 958.237,100, 89
28, 25, 38, 517, 537, 50.386, 50.386,5, 5
28, 25, 39, 517, 483, 82.8523, 97.4112,11, 9
28, 25, 40, 517, 488, 76.233, 93.6569,11, 9
28, 25, 41, 517, 449, 87.2985, 116.537,12, 9
28, 25, 42, 517, 473, 105.979, 139.607,17, 13
28, 25, 43, 517, 471, 48.6212, 48.6212,6, 6
28, 25, 44, 517, 460, 90.9541, 107.232,13, 11
28, 25, 45, 517, 513, 47.4386, 47.4386,6, 6
28, 25, 46, 517, 507, 97.1678, 114.841,14, 12
28, 25, 47, 517, 528, 115.622, 159.357,14, 10
28, 26, 1, 574, 398, 14.2561, 14.2561,2, 2
28, 26, 2, 574, 395, 72.3275, 72.3275,8, 8
28, 26, 3, 574, 327, 42.3114, 42.3114,5, 5
28, 26, 4, 574, 564, 70.776, 136.455,17, 8
28, 26, 5, 574, 610, 90.0521, 90.0521,11, 11
28, 26, 6, 574, 546, 33.2689, 33.2689,4, 4
28, 26, 7, 574, 454, 73.886, 73.886,9, 9
28, 26, 8, 574, 444, 191.182, 311.228,39, 23
28, 26, 9, 574, 445, 0, 0,0, 0
28, 26, 10, 574, 499, 9.17512, 9.17512,1, 1
28, 26, 11, 574, 517, 30.9226, 30.9226,4, 4
28, 26, 12, 574, 508, 83.1279, 90.4002,11, 10
28, 26, 13, 574, 574, 50.1728, 58.3863,7, 6
28, 26, 14, 574, 480, 51.7562, 51.7562,6, 6
28, 26, 15, 574, 421, 90.9496, 90.9496,11, 11
28, 26, 16, 574, 459, 14.7053, 21.7038,3, 2
28, 26, 17, 574, 443, 32.1455, 32.1455,4, 4
28, 26, 18, 574, 406, 85.8024, 93.8223,9, 8
28, 26, 19, 574, 454, 154.015, 243.034,30, 18
28, 26, 20, 574, 509, 112.567, 135.32,17, 14
28, 26, 21, 574, 400, 281.432, 334.193,41, 34
28, 26, 22, 574, 434, 119.123, 127.011,16, 15
28, 26, 23, 574, 573, 67.3985, 67.3985,9, 9
28, 26, 24, 574, 503, 33.6444, 33.6444,4, 4
28, 26, 25, 574, 517, 113.22, 120.338,15, 14
28, 26, 27, 574, 433, 29.1044, 29.1044,4, 4
28, 26, 28, 574, 469, 74.3005, 74.3005,10, 10
28, 26, 29, 574, 567, 60.5612, 60.5612,8, 8
28, 26, 30, 574, 535, 58.2478, 71.6862,9, 7
28, 26, 31, 574, 410, 50.8366, 57.7399,7, 6
28, 26, 32, 574, 579, 41.9071, 41.9071,5, 5
28, 26, 33, 574, 518, 34.981, 34.981,5, 5
28, 26, 34, 574, 414, 81.8059, 95.5806,11, 9
28, 26, 35, 574, 450, 30.2641, 38.5742,5, 4
28, 26, 36, 574, 477, 64.6011, 71.4436,9, 8
28, 26, 37, 574, 608, 24.8137, 24.8137,3, 3
28, 26, 38, 574, 537, 8.19891, 8.19891,1, 1
28, 26, 39, 574, 483, 7.46152, 7.46152,1, 1
28, 26, 40, 574, 488, 55.2139, 55.2139,7, 7
28, 26, 41, 574, 449, 79.3727, 86.2735,11, 10
28, 26, 42, 574, 473, 47.8202, 47.8202,6, 6
28, 26, 43, 574, 471, 25.3336, 25.3336,3, 3
28, 26, 44, 574, 460, 114.845, 131.1,15, 13
28, 26, 45, 574, 513, 14.4821, 14.4821,2, 2
28, 26, 46, 574, 507, 110.898, 110.898,14, 14
28, 26, 47, 574, 528, 96.702, 117.646,14, 11
28, 27, 1, 433, 398, 109.357, 145.995,19, 14
28, 27, 2, 433, 395, 231.356, 276.777,32, 26
28, 27, 3, 433, 327, 139.725, 154.503,17, 15
28, 27, 4, 433, 564, 36.6916, 36.6916,4, 4
28, 27, 5, 433, 610, 18.0673, 18.0673,2, 2
28, 27, 6, 433, 546, 35.5428, 44.1239,5, 4
28, 27, 7, 433, 454, 78.2083, 94.2242,10, 8
28, 27, 8, 433, 444, 46.587, 46.587,6, 6
28, 27, 9, 433, 445, 53.5389, 53.5389,7, 7
28, 27, 10, 433, 499, 41.6265, 41.6265,5, 5
28, 27, 11, 433, 517, 62.7823, 62.7823,7, 7
28, 27, 12, 433, 508, 89.4095, 89.4095,9, 9
28, 27, 13, 433, 574, 23.1379, 23.1379,3, 3
28, 27, 14, 433, 480, 69.4187, 84.1345,9, 7
28, 27, 15, 433, 421, 61.1443, 70.9135,8, 7
28, 27, 16, 433, 459, 117.261, 139.246,17, 14
28, 27, 17, 433, 443, 92.0103, 92.0103,10, 10
28, 27, 18, 433, 406, 105.684, 127.443,16, 13
28, 27, 19, 433, 454, 85.5711, 92.3275,11, 10
28, 27, 20, 433, 509, 101.664, 117.234,12, 10
28, 27, 21, 433, 400, 31.1445, 31.1445,3, 3
28, 27, 22, 433, 434, 54.9042, 54.9042,5, 5
28, 27, 23, 433, 573, 10.0316, 10.0316,1, 1
28, 27, 24, 433, 503, 29.6873, 29.6873,4, 4
28, 27, 25, 433, 517, 103.381, 110.822,13, 12
28, 27, 26, 433, 574, 29.1043, 29.1043,4, 4
28, 27, 28, 433, 469, 1352.88, 1489.1,144, 129
28, 27, 29, 433, 567, 72.275, 78.9892,9, 8
28, 27, 30, 433, 535, 370.8, 390.57,44, 42
28, 27, 31, 433, 410, 1058.96, 1250.23,125, 104
28, 27, 32, 433, 579, 52.9696, 52.9696,6, 6
28, 27, 33, 433, 518, 65.3684, 65.3684,8, 8
28, 27, 34, 433, 414, 79.9577, 79.9577,9, 9
28, 27, 35, 433, 450, 53.3358, 53.3358,6, 6
28, 27, 36, 433, 477, 51.2039, 59.2556,6, 5
28, 27, 37, 433, 608, 66.7012, 76.236,9, 8
28, 27, 38, 433, 537, 55.9024, 70.2485,6, 4
28, 27, 39, 433, 483, 93.4357, 100.51,12, 11
28, 27, 40, 433, 488, 7.60383, 7.60383,1, 1
28, 27, 41, 433, 449, 62.4706, 62.4706,8, 8
28, 27, 42, 433, 473, 82.6706, 82.6706,10, 10
28, 27, 43, 433, 471, 99.7865, 99.7865,12, 12
28, 27, 44, 433, 460, 20.6215, 20.6215,2, 2
28, 27, 45, 433, 513, 14.6442, 14.6442,2, 2
28, 27, 46, 433, 507, 38.958, 46.3387,5, 4
28, 27, 47, 433, 528, 30.5446, 30.5446,3, 3
28, 28, 1, 469, 398, 66.4748, 74.8896,9, 8
28, 28, 2, 469, 395, 339.623, 436.805,45, 35
28, 28, 3, 469, 327, 149.147, 182.801,22, 18
28, 28, 4, 469, 564, 54.5378, 71.4137,9, 7
28, 28, 5, 469, 610, 65.7588, 73.7248,9, 8
28, 28, 6, 469, 546, 85.5743, 114.935,11, 8
28, 28, 7, 469, 454, 210.546, 262.811,28, 22
28, 28, 8, 469, 444, 142.67, 174.724,20, 16
28, 28, 9, 469, 445, 15.3838, 23.589,3, 2
28, 28, 10, 469, 499, 75.5825, 118.042,11, 7
28, 28, 11, 469, 517, 152.76, 176.195,19, 16
28, 28, 12, 469, 508, 128.753, 146.595,14, 12
28, 28, 13, 469, 574, 60.2773, 79.7414,8, 6
28, 28, 14, 469, 480, 91.7227, 117.543,12, 9
28, 28, 15, 469, 421, 118.825, 145.892,14, 12
28, 28, 16, 469, 459, 79.816, 126.707,13, 8
28, 28, 17, 469, 443, 164.376, 233.542,21, 15
28, 28, 18, 469, 406, 174.997, 238.029,29, 21
28, 28, 19, 469, 454, 152.54, 175.942,21, 18
28, 28, 20, 469, 509, 137.277, 166.599,17, 14
28, 28, 21, 469, 400, 99.1885, 145.409,14, 9
28, 28, 22, 469, 434, 108.966, 151.511,13, 10
28, 28, 23, 469, 573, 46.8108, 61.4429,6, 5
28, 28, 24, 469, 503, 20.4963, 20.4963,3, 3
28, 28, 25, 469, 517, 229.742, 267.679,26, 22
28, 28, 26, 469, 574, 67.0542, 74.3004,10, 9
28, 28, 27, 469, 433, 1323.18, 1489.09,144, 125
28, 28, 29, 469, 567, 112.684, 132.265,15, 13
28, 28, 30, 469, 535, 593.386, 682.382,73, 63
28, 28, 31, 469, 410, 1313.47, 1484.34,141, 120
28, 28, 32, 469, 579, 45.5638, 76.013,7, 4
28, 28, 33, 469, 518, 147.654, 170.47,18, 15
28, 28, 34, 469, 414, 107.128, 125.26,12, 10
28, 28, 35, 469, 450, 74.8511, 100.166,9, 7
28, 28, 36, 469, 477, 141.687, 202.784,20, 13
28, 28, 37, 469, 608, 57.1394, 94.005,10, 6
28, 28, 38, 469, 537, 66.9196, 95.7472,8, 6
28, 28, 39, 469, 483, 33.1251, 62.2585,4, 2
28, 28, 40, 469, 488, 69.5819, 88.7447,9, 7
28, 28, 41, 469, 449, 123.863, 132.054,14, 13
28, 28, 42, 469, 473, 137.309, 184.099,22, 16
28, 28, 43, 469, 471, 127.019, 142.009,18, 16
28, 28, 44, 469, 460, 45.0605, 53.2537,6, 5
28, 28, 45, 469, 513, 6.95231, 6.95231,1, 1
28, 28, 46, 469, 507, 66.8574, 94.4663,10, 7
28, 28, 47, 469, 528, 99.5607, 161.082,16, 9
28, 29, 1, 567, 398, 0, 0,0, 0
28, 29, 2, 567, 395, 96.6936, 114.053,14, 12
28, 29, 3, 567, 327, 16.1009, 24.5323,3, 2
28, 29, 4, 567, 564, 28.8197, 42.7928,6, 4
28, 29, 5, 567, 610, 118.354, 142.829,13, 11
28, 29, 6, 567, 546, 143.974, 238.38,29, 17
28, 29, 7, 567, 454, 49.9429, 63.3643,6, 5
28, 29, 8, 567, 444, 101.958, 118.801,14, 12
28, 29, 9, 567, 445, 104.702, 145.549,17, 12
28, 29, 10, 567, 499, 96.2748, 144.922,17, 11
28, 29, 11, 567, 517, 218.849, 281.425,32, 24
28, 29, 12, 567, 508, 144.208, 199.521,18, 14
28, 29, 13, 567, 574, 133.153, 155.737,18, 15
28, 29, 14, 567, 480, 25.6968, 34.8351,4, 3
28, 29, 15, 567, 421, 45.4839, 61.3019,8, 6
28, 29, 16, 567, 459, 29.7646, 44.7122,6, 4
28, 29, 17, 567, 443, 18.6543, 27.544,3, 2
28, 29, 18, 567, 406, 68.6151, 68.6151,8, 8
28, 29, 19, 567, 454, 107.005, 114.351,14, 13
28, 29, 20, 567, 509, 85.7913, 123.328,14, 10
28, 29, 21, 567, 400, 67.1215, 74.2161,10, 9
28, 29, 22, 567, 434, 45.1131, 54.457,6, 5
28, 29, 23, 567, 573, 22.4841, 29.4028,4, 3
28, 29, 24, 567, 503, 0, 0,0, 0
28, 29, 25, 567, 517, 69.6002, 92.6984,11, 8
28, 29, 26, 567, 574, 46.437, 60.5612,8, 6
28, 29, 27, 567, 433, 65.1177, 78.9892,9, 8
28, 29, 28, 567, 469, 112.324, 132.266,15, 13
28, 29, 30, 567, 535, 227.14, 248.36,28, 26
28, 29, 31, 567, 410, 80.2277, 94.8861,12, 10
28, 29, 32, 567, 579, 17.66, 26.9154,3, 2
28, 29, 33, 567, 518, 1213.76, 1461.2,155, 124
28, 29, 34, 567, 414, 80.4695, 96.0463,12, 10
28, 29, 35, 567, 450, 31.0937, 45.4627,6, 4
28, 29, 36, 567, 477, 128.846, 144.906,15, 14
28, 29, 37, 567, 608, 18.2576, 27.4732,3, 2
28, 29, 38, 567, 537, 555.885, 731.658,87, 64
28, 29, 39, 567, 483, 126.612, 188.822,23, 15
28, 29, 40, 567, 488, 372.248, 438.43,50, 42
28, 29, 41, 567, 449, 396.104, 456.118,50, 44
28, 29, 42, 567, 473, 400.805, 565.603,63, 43
28, 29, 43, 567, 471, 269.81, 346.299,41, 31
28, 29, 44, 567, 460, 85.7095, 100.895,11, 10
28, 29, 45, 567, 513, 54.4068, 83.2992,11, 7
28, 29, 46, 567, 507, 61.0146, 93.9655,11, 7
28, 29, 47, 567, 528, 105.013, 138.955,17, 13
28, 30, 1, 535, 398, 31.3642, 38.4092,5, 4
28, 30, 2, 535, 395, 237.935, 253.822,30, 28
28, 30, 3, 535, 327, 93.1771, 93.1771,12, 12
28, 30, 4, 535, 564, 36.2578, 36.2578,5, 5
28, 30, 5, 535, 610, 92.1757, 92.1757,11, 11
28, 30, 6, 535, 546, 31.3703, 31.3703,4, 4
28, 30, 7, 535, 454, 70.6979, 70.6979,7, 7
28, 30, 8, 535, 444, 209.637, 224.384,23, 22
28, 30, 9, 535, 445, 0, 0,0, 0
28, 30, 10, 535, 499, 13.843, 13.843,2, 2
28, 30, 11, 535, 517, 60.554, 67.4873,8, 7
28, 30, 12, 535, 508, 94.199, 94.199,11, 11
28, 30, 13, 535, 574, 100.786, 127.173,14, 11
28, 30, 14, 535, 480, 32.0931, 39.0766,5, 4
28, 30, 15, 535, 421, 90.6618, 98.5975,10, 9
28, 30, 16, 535, 459, 29.3214, 36.2011,5, 4
28, 30, 17, 535, 443, 89.7471, 97.9664,11, 10
28, 30, 18, 535, 406, 152.648, 174.86,22, 19
28, 30, 19, 535, 454, 309.104, 337.819,40, 36
28, 30, 20, 535, 509, 131.003, 145.373,18, 16
28, 30, 21, 535, 400, 110.19, 141.617,16, 12
28, 30, 22, 535, 434, 73.0227, 83.8049,9, 8
28, 30, 23, 535, 573, 9.28676, 9.28676,1, 1
28, 30, 24, 535, 503, 17.711, 17.711,2, 2
28, 30, 25, 535, 517, 76.6872, 90.8372,12, 10
28, 30, 26, 535, 574, 71.6864, 71.6864,9, 9
28, 30, 27, 535, 433, 367.801, 390.571,44, 41
28, 30, 28, 535, 469, 569.705, 682.382,73, 59
28, 30, 29, 535, 567, 226.861, 248.36,28, 25
28, 30, 31, 535, 410, 544.001, 566.656,61, 58
28, 30, 32, 535, 579, 16.3788, 16.3788,2, 2
28, 30, 33, 535, 518, 152.301, 167.146,20, 18
28, 30, 34, 535, 414, 73.4713, 81.5096,11, 10
28, 30, 35, 535, 450, 0, 0,0, 0
28, 30, 36, 535, 477, 106.616, 121.492,15, 13
28, 30, 37, 535, 608, 31.5694, 31.5694,4, 4
28, 30, 38, 535, 537, 81.371, 81.371,10, 10
28, 30, 39, 535, 483, 22.2349, 22.2349,3, 3
28, 30, 40, 535, 488, 219.289, 258.523,30, 25
28, 30, 41, 535, 449, 150.602, 158.468,18, 17
28, 30, 42, 535, 473, 170.661, 200.167,25, 21
28, 30, 43, 535, 471, 80.9049, 88.0592,11, 10
28, 30, 44, 535, 460, 55.9493, 64.9559,7, 6
28, 30, 45, 535, 513, 0, 0,0, 0
28, 30, 46, 535, 507, 45.8314, 52.5365,7, 6
28, 30, 47, 535, 528, 37.5701, 37.5701,5, 5
28, 31, 1, 410, 398, 106.39, 131.792,17, 14
28, 31, 2, 410, 395, 316.479, 363.262,41, 35
28, 31, 3, 410, 327, 98.5327, 119.839,15, 12
28, 31, 4, 410, 564, 15.6013, 15.6013,2, 2
28, 31, 5, 410, 610, 62.2874, 71.5573,9, 8
28, 31, 6, 410, 546, 76.2011, 101.81,12, 9
28, 31, 7, 410, 454, 153.597, 177.359,20, 17
28, 31, 8, 410, 444, 92.488, 99.1727,12, 11
28, 31, 9, 410, 445, 21.4219, 21.4219,3, 3
28, 31, 10, 410, 499, 8.92218, 17.3306,2, 1
28, 31, 11, 410, 517, 139.626, 147.483,17, 16
28, 31, 12, 410, 508, 47.01, 53.7228,7, 6
28, 31, 13, 410, 574, 74.2535, 81.2829,8, 7
28, 31, 14, 410, 480, 35.5796, 35.5796,4, 4
28, 31, 15, 410, 421, 88.8737, 106.72,12, 10
28, 31, 16, 410, 459, 76.9376, 91.1485,12, 10
28, 31, 17, 410, 443, 144.877, 158.474,19, 17
28, 31, 18, 410, 406, 142.146, 159.936,16, 14
28, 31, 19, 410, 454, 97.9821, 104.701,12, 11
28, 31, 20, 410, 509, 116.922, 135.866,15, 13
28, 31, 21, 410, 400, 64.7317, 87.1312,10, 7
28, 31, 22, 410, 434, 66.7186, 89.5713,11, 8
28, 31, 23, 410, 573, 13.5536, 13.5536,2, 2
28, 31, 24, 410, 503, 7.11268, 7.11268,1, 1
28, 31, 25, 410, 517, 168.473, 196.454,22, 18
28, 31, 26, 410, 574, 51.0654, 57.7399,7, 6
28, 31, 27, 410, 433, 1118.47, 1250.23,125, 109
28, 31, 28, 410, 469, 1321.96, 1484.33,141, 122
28, 31, 29, 410, 567, 88.1596, 94.8862,12, 11
28, 31, 30, 410, 535, 513.414, 566.656,61, 55
28, 31, 32, 410, 579, 0, 0,0, 0
28, 31, 33, 410, 518, 127.748, 127.748,15, 15
28, 31, 34, 410, 414, 98.382, 107.125,13, 12
28, 31, 35, 410, 450, 24.8503, 32.0371,4, 3
28, 31, 36, 410, 477, 109.13, 116.149,13, 12
28, 31, 37, 410, 608, 52.7542, 52.7542,6, 6
28, 31, 38, 410, 537, 36.4277, 36.4277,5, 5
28, 31, 39, 410, 483, 51.3504, 51.3504,7, 7
28, 31, 40, 410, 488, 99.1578, 106.509,10, 9
28, 31, 41, 410, 449, 41.8761, 41.8761,5, 5
28, 31, 42, 410, 473, 124.3, 146.669,16, 13
28, 31, 43, 410, 471, 119.005, 126.697,15, 14
28, 31, 44, 410, 460, 34.1092, 44.2467,4, 3
28, 31, 45, 410, 513, 7.33625, 7.33625,1, 1
28, 31, 46, 410, 507, 58.0536, 65.0524,8, 7
28, 31, 47, 410, 528, 72.2155, 86.0955,10, 8
28, 32, 1, 579, 398, 86.182, 101.396,13, 11
28, 32, 2, 579, 395, 61.5515, 101.31,10, 6
28, 32, 3, 579, 327, 122.675, 189.694,21, 13
28, 32, 4, 579, 564, 23.2267, 49.5139,5, 2
28, 32, 5, 579, 610, 40.1881, 47.0602,6, 5
28, 32, 6, 579, 546, 65.3936, 121.946,16, 8
28, 32, 7, 579, 454, 502.723, 538.616,62, 58
28, 32, 8, 579, 444, 123.088, 123.088,16, 16
28, 32, 9, 579, 445, 42.0256, 58.9615,7, 5
28, 32, 10, 579, 499, 70.3092, 149.273,15, 6
28, 32, 11, 579, 517, 42.4393, 74.5402,9, 5
28, 32, 12, 579, 508, 79.3028, 102.263,12, 9
28, 32, 13, 579, 574, 29.2698, 29.2698,4, 4
28, 32, 14, 579, 480, 1027.83, 1204.92,117, 99
28, 32, 15, 579, 421, 419.938, 466.072,53, 48
28, 32, 16, 579, 459, 344.827, 420.146,45, 36
28, 32, 17, 579, 443, 216.079, 243.156,27, 24
28, 32, 18, 579, 406, 86.2502, 96.0247,11, 10
28, 32, 19, 579, 454, 30.4919, 30.4919,4, 4
28, 32, 20, 579, 509, 485.654, 550.957,64, 56
28, 32, 21, 579, 400, 37.8814, 56.6914,4, 3
28, 32, 22, 579, 434, 73.0759, 93.5756,10, 8
28, 32, 23, 579, 573, 326.661, 441.8,51, 37
28, 32, 24, 579, 503, 237.354, 348.846,41, 27
28, 32, 25, 579, 517, 948.626, 1084.37,116, 100
28, 32, 26, 579, 574, 33.6165, 41.9068,5, 4
28, 32, 27, 579, 433, 36.4155, 52.9698,6, 4
28, 32, 28, 579, 469, 37.3294, 76.0139,7, 3
28, 32, 29, 579, 567, 19.7601, 26.9155,3, 2
28, 32, 30, 579, 535, 16.3789, 16.3789,2, 2
28, 32, 31, 579, 410, 0, 0,0, 0
28, 32, 33, 579, 518, 0, 0,0, 0
28, 32, 34, 579, 414, 98.5809, 120.669,13, 11
28, 32, 35, 579, 450, 209.455, 244.755,28, 24
28, 32, 36, 579, 477, 42.223, 70.4136,9, 5
28, 32, 37, 579, 608, 10240.7, 10979,425, 351
28, 32, 38, 579, 537, 46.8914, 91.2128,10, 5
28, 32, 39, 579, 483, 56.5163, 73.803,9, 7
28, 32, 40, 579, 488, 7.01665, 13.8914,2, 1
28, 32, 41, 579, 449, 7.86872, 7.86872,1, 1
28, 32, 42, 579, 473, 34.3004, 41.109,5, 4
28, 32, 43, 579, 471, 19.6451, 19.6451,2, 2
28, 32, 44, 579, 460, 55.3269, 65.5665,7, 6
28, 32, 45, 579, 513, 70.9753, 101.159,13, 9
28, 32, 46, 579, 507, 67.2152, 88.5855,12, 9
28, 32, 47, 579, 528, 97.8489, 145.773,18, 12
28, 33, 1, 518, 398, 0, 0,0, 0
28, 33, 2, 518, 395, 74.4865, 105.805,12, 8
28, 33, 3, 518, 327, 16.9608, 16.9608,2, 2
28, 33, 4, 518, 564, 0, 0,0, 0
28, 33, 5, 518, 610, 84.8015, 99.7121,12, 10
28, 33, 6, 518, 546, 301.1, 691.546,86, 35
28, 33, 7, 518, 454, 74.6605, 93.8016,11, 9
28, 33, 8, 518, 444, 79.9722, 108.89,12, 9
28, 33, 9, 518, 445, 441.946, 975.671,115, 48
28, 33, 10, 518, 499, 477.718, 962.286,111, 50
28, 33, 11, 518, 517, 413.457, 849.681,99, 44
28, 33, 12, 518, 508, 168.264, 195.736,20, 17
28, 33, 13, 518, 574, 105.677, 133.938,15, 12
28, 33, 14, 518, 480, 0, 0,0, 0
28, 33, 15, 518, 421, 100.066, 122.076,14, 11
28, 33, 16, 518, 459, 0, 0,0, 0
28, 33, 17, 518, 443, 33.34, 40.2494,5, 4
28, 33, 18, 518, 406, 36.8804, 44.4669,5, 4
28, 33, 19, 518, 454, 82.8605, 105.913,12, 9
28, 33, 20, 518, 509, 98.2121, 105.511,12, 11
28, 33, 21, 518, 400, 55.5429, 74.3268,8, 6
28, 33, 22, 518, 434, 54.9183, 54.9183,7, 7
28, 33, 23, 518, 573, 25.1705, 32.0293,4, 3
28, 33, 24, 518, 503, 23.1153, 37.8736,5, 3
28, 33, 25, 518, 517, 80.1647, 110.61,12, 9
28, 33, 26, 518, 574, 27.9835, 34.981,5, 4
28, 33, 27, 518, 433, 65.3687, 65.3687,8, 8
28, 33, 28, 518, 469, 141.453, 170.469,18, 15
28, 33, 29, 518, 567, 1149.15, 1461.2,155, 116
28, 33, 30, 518, 535, 159.92, 167.146,20, 19
28, 33, 31, 518, 410, 118.893, 127.748,15, 14
28, 33, 32, 518, 579, 0, 0,0, 0
28, 33, 34, 518, 414, 106.034, 114.309,12, 11
28, 33, 35, 518, 450, 161.606, 284.914,36, 20
28, 33, 36, 518, 477, 147.652, 178.339,21, 17
28, 33, 37, 518, 608, 0, 0,0, 0
28, 33, 38, 518, 537, 1438.9, 2579.25,294, 149
28, 33, 39, 518, 483, 529.684, 1003.4,114, 54
28, 33, 40, 518, 488, 146.241, 154.724,18, 17
28, 33, 41, 518, 449, 294.001, 341.992,37, 32
28, 33, 42, 518, 473, 445.668, 585.144,67, 50
28, 33, 43, 518, 471, 960.91, 1892.06,212, 96
28, 33, 44, 518, 460, 45.4314, 45.4314,5, 5
28, 33, 45, 518, 513, 353.58, 703.208,85, 40
28, 33, 46, 518, 507, 56.7871, 56.7871,7, 7
28, 33, 47, 518, 528, 182.801, 386.552,47, 21
28, 34, 1, 414, 398, 23.4422, 30.2659,4, 3
28, 34, 2, 414, 395, 129.563, 129.563,14, 14
28, 34, 3, 414, 327, 77.1388, 93.9309,9, 7
28, 34, 4, 414, 564, 43.8581, 61.0376,7, 5
28, 34, 5, 414, 610, 147.064, 167.073,19, 17
28, 34, 6, 414, 546, 202.511, 241.839,27, 22
28, 34, 7, 414, 454, 226.714, 233.779,25, 24
28, 34, 8, 414, 444, 149.219, 149.219,15, 15
28, 34, 9, 414, 445, 15.1434, 15.1434,2, 2
28, 34, 10, 414, 499, 101.911, 133.26,15, 11
28, 34, 11, 414, 517, 357.479, 373.251,39, 37
28, 34, 12, 414, 508, 361.349, 414.981,47, 40
28, 34, 13, 414, 574, 157.206, 174.656,21, 19
28, 34, 14, 414, 480, 121.399, 128.87,15, 14
28, 34, 15, 414, 421, 251.265, 293.531,32, 27
28, 34, 16, 414, 459, 101.913, 127.537,15, 12
28, 34, 17, 414, 443, 200.327, 224.727,26, 23
28, 34, 18, 414, 406, 317.277, 334.916,37, 35
28, 34, 19, 414, 454, 164.072, 172.554,21, 20
28, 34, 20, 414, 509, 278.909, 278.909,29, 29
28, 34, 21, 414, 400, 211.82, 222.327,23, 22
28, 34, 22, 414, 434, 265.767, 311.774,32, 26
28, 34, 23, 414, 573, 69.0491, 85.4064,10, 8
28, 34, 24, 414, 503, 101.488, 130.287,15, 11
28, 34, 25, 414, 517, 259.379, 274.612,28, 26
28, 34, 26, 414, 574, 85.719, 95.5805,11, 10
28, 34, 27, 414, 433, 79.9576, 79.9576,9, 9
28, 34, 28, 414, 469, 110.795, 125.26,12, 10
28, 34, 29, 414, 567, 96.0466, 96.0466,12, 12
28, 34, 30, 414, 535, 81.5099, 81.5099,11, 11
28, 34, 31, 414, 410, 107.125, 107.125,13, 13
28, 34, 32, 414, 579, 93.3967, 120.668,13, 10
28, 34, 33, 414, 518, 114.31, 114.31,12, 12
28, 34, 35, 414, 450, 406.782, 451.241,52, 46
28, 34, 36, 414, 477, 559.285, 668.609,79, 65
28, 34, 37, 414, 608, 110.506, 118.173,15, 14
28, 34, 38, 414, 537, 44.8753, 53.0742,5, 4
28, 34, 39, 414, 483, 273.794, 304.989,36, 32
28, 34, 40, 414, 488, 154.578, 154.578,18, 18
28, 34, 41, 414, 449, 146.612, 146.612,17, 17
28, 34, 42, 414, 473, 163.931, 180.406,20, 18
28, 34, 43, 414, 471, 103.697, 103.697,11, 11
28, 34, 44, 414, 460, 206.814, 232.65,27, 24
28, 34, 45, 414, 513, 77.4473, 93.6879,11, 9
28, 34, 46, 414, 507, 225.019, 239.867,28, 26
28, 34, 47, 414, 528, 178.285, 202.625,21, 18
28, 35, 1, 450, 398, 49.0633, 49.0633,6, 6
28, 35, 2, 450, 395, 58.571, 58.571,6, 6
28, 35, 3, 450, 327, 42.5435, 42.5435,5, 5
28, 35, 4, 450, 564, 15.841, 15.841,2, 2
28, 35, 5, 450, 610, 13.6273, 13.6273,2, 2
28, 35, 6, 450, 546, 274.062, 341.133,39, 30
28, 35, 7, 450, 454, 92.6563, 92.6563,11, 11
28, 35, 8, 450, 444, 26.6121, 26.6121,3, 3
28, 35, 9, 450, 445, 351.444, 445.333,55, 42
28, 35, 10, 450, 499, 454.98, 611.529,68, 49
28, 35, 11, 450, 517, 383.403, 556.805,64, 42
28, 35, 12, 450, 508, 64.0219, 71.097,9, 8
28, 35, 13, 450, 574, 15.6381, 15.6381,2, 2
28, 35, 14, 450, 480, 145.665, 145.665,17, 17
28, 35, 15, 450, 421, 89.7267, 96.5708,11, 10
28, 35, 16, 450, 459, 190.602, 190.602,21, 21
28, 35, 17, 450, 443, 159.281, 176.714,18, 16
28, 35, 18, 450, 406, 148.432, 148.432,18, 18
28, 35, 19, 450, 454, 39.3101, 39.3101,5, 5
28, 35, 20, 450, 509, 55.2863, 62.5508,8, 7
28, 35, 21, 450, 400, 37.3577, 37.3577,3, 3
28, 35, 22, 450, 434, 87.7297, 87.7297,9, 9
28, 35, 23, 450, 573, 175.205, 197.631,19, 16
28, 35, 24, 450, 503, 166.719, 216.69,24, 18
28, 35, 25, 450, 517, 152.808, 167.406,18, 16
28, 35, 26, 450, 574, 38.5742, 38.5742,5, 5
28, 35, 27, 450, 433, 37.7958, 53.3361,6, 4
28, 35, 28, 450, 469, 100.167, 100.167,9, 9
28, 35, 29, 450, 567, 45.4625, 45.4625,6, 6
28, 35, 30, 450, 535, 0, 0,0, 0
28, 35, 31, 450, 410, 32.0372, 32.0372,4, 4
28, 35, 32, 450, 579, 213.268, 244.754,28, 24
28, 35, 33, 450, 518, 242.673, 284.914,36, 30
28, 35, 34, 450, 414, 404.103, 451.241,52, 46
28, 35, 36, 450, 477, 163.033, 207.518,26, 20
28, 35, 37, 450, 608, 123.076, 145.813,16, 13
28, 35, 38, 450, 537, 459.779, 602,70, 51
28, 35, 39, 450, 483, 763.492, 969.544,105, 79
28, 35, 40, 450, 488, 0, 0,0, 0
28, 35, 41, 450, 449, 20.9351, 20.9351,3, 3
28, 35, 42, 450, 473, 51.5744, 72.1702,9, 6
28, 35, 43, 450, 471, 316.846, 466.499,55, 35
28, 35, 44, 450, 460, 46.1039, 46.1039,6, 6
28, 35, 45, 450, 513, 323.459, 401.734,46, 36
28, 35, 46, 450, 507, 85.763, 99.5708,13, 11
28, 35, 47, 450, 528, 218.996, 297.316,32, 22
28, 36, 1, 477, 398, 13.644, 13.644,2, 2
28, 36, 2, 477, 395, 120.861, 133.305,14, 13
28, 36, 3, 477, 327, 24.1391, 24.1391,3, 3
28, 36, 4, 477, 564, 62.4806, 111.563,10, 5
28, 36, 5, 477, 610, 179.535, 196.075,22, 20
28, 36, 6, 477, 546, 204.055, 275.678,32, 23
28, 36, 7, 477, 454, 176.716, 176.716,20, 20
28, 36, 8, 477, 444, 115.945, 140.94,16, 13
28, 36, 9, 477, 445, 98.9176, 126.93,14, 11
28, 36, 10, 477, 499, 216.844, 253.692,28, 24
28, 36, 11, 477, 517, 470.817, 537.814,58, 51
28, 36, 12, 477, 508, 583.463, 731.719,70, 53
28, 36, 13, 477, 574, 288.888, 317.489,36, 32
28, 36, 14, 477, 480, 86.614, 100.565,12, 10
28, 36, 15, 477, 421, 149.182, 155.852,17, 16
28, 36, 16, 477, 459, 76.9053, 84.1097,10, 9
28, 36, 17, 477, 443, 121.045, 129.533,15, 14
28, 36, 18, 477, 406, 166.644, 175.67,18, 17
28, 36, 19, 477, 454, 155.653, 164.022,19, 18
28, 36, 20, 477, 509, 203.848, 233.035,24, 20
28, 36, 21, 477, 400, 143.486, 161.646,18, 16
28, 36, 22, 477, 434, 132.665, 149.978,17, 15
28, 36, 23, 477, 573, 58.1285, 65.2352,8, 7
28, 36, 24, 477, 503, 46.4699, 53.1966,7, 6
28, 36, 25, 477, 517, 186.514, 195.441,24, 23
28, 36, 26, 477, 574, 56.4664, 71.4436,9, 7
28, 36, 27, 477, 433, 59.2556, 59.2556,6, 6
28, 36, 28, 477, 469, 187.118, 202.784,20, 18
28, 36, 29, 477, 567, 137.963, 144.906,15, 14
28, 36, 30, 477, 535, 105.462, 121.492,15, 13
28, 36, 31, 477, 410, 106.725, 116.148,13, 12
28, 36, 32, 477, 579, 63.674, 70.4134,9, 8
28, 36, 33, 477, 518, 161.514, 178.34,21, 19
28, 36, 34, 477, 414, 613.739, 668.609,79, 72
28, 36, 35, 477, 450, 179.697, 207.518,26, 22
28, 36, 37, 477, 608, 66.3438, 73.0309,9, 8
28, 36, 38, 477, 537, 29.2883, 29.2883,2, 2
28, 36, 39, 477, 483, 447.075, 499.657,53, 48
28, 36, 40, 477, 488, 160.323, 204.289,24, 18
28, 36, 41, 477, 449, 229.133, 258.66,31, 27
28, 36, 42, 477, 473, 241.444, 287.987,33, 27
28, 36, 43, 477, 471, 80.7617, 80.7617,10, 10
28, 36, 44, 477, 460, 152.022, 152.022,18, 18
28, 36, 45, 477, 513, 149.997, 215.817,25, 17
28, 36, 46, 477, 507, 207.857, 244.592,29, 24
28, 36, 47, 477, 528, 171.592, 221.556,25, 19
28, 37, 1, 608, 398, 111.907, 111.907,13, 13
28, 37, 2, 608, 395, 57.2954, 73.8264,7, 5
28, 37, 3, 608, 327, 95.8402, 111.922,11, 9
28, 37, 4, 608, 564, 21.1767, 38.0755,4, 2
28, 37, 5, 608, 610, 55.0852, 55.0852,7, 7
28, 37, 6, 608, 546, 64.7766, 87.9323,11, 8
28, 37, 7, 608, 454, 570.883, 614.122,67, 62
28, 37, 8, 608, 444, 111.325, 136.858,17, 14
28, 37, 9, 608, 445, 44.9173, 53.6852,7, 6
28, 37, 10, 608, 499, 73.7606, 87.9104,9, 7
28, 37, 11, 608, 517, 46.2535, 46.2535,6, 6
28, 37, 12, 608, 508, 44.1864, 50.9019,6, 5
28, 37, 13, 608, 574, 0, 0,0, 0
28, 37, 14, 608, 480, 952.579, 1101.67,119, 102
28, 37, 15, 608, 421, 275.145, 275.145,30, 30
28, 37, 16, 608, 459, 291.612, 370.692,42, 33
28, 37, 17, 608, 443, 173.042, 203.702,23, 19
28, 37, 18, 608, 406, 69.3213, 76.8772,10, 9
28, 37, 19, 608, 454, 29.5464, 29.5464,4, 4
28, 37, 20, 608, 509, 468.08, 530.776,60, 52
28, 37, 21, 608, 400, 40.8845, 40.8845,4, 4
28, 37, 22, 608, 434, 86.5664, 94.9674,11, 10
28, 37, 23, 608, 573, 334.714, 380.599,46, 40
28, 37, 24, 608, 503, 305.466, 344.296,42, 37
28, 37, 25, 608, 517, 871.501, 958.237,100, 89
28, 37, 26, 608, 574, 24.8137, 24.8137,3, 3
28, 37, 27, 608, 433, 66.6897, 76.2356,9, 8
28, 37, 28, 608, 469, 78.1873, 94.0062,10, 8
28, 37, 29, 608, 567, 20.124, 27.4728,3, 2
28, 37, 30, 608, 535, 31.5696, 31.5696,4, 4
28, 37, 31, 608, 410, 43.8523, 52.7541,6, 5
28, 37, 32, 608, 579, 10212.2, 10980.9,425, 348
28, 37, 33, 608, 518, 0, 0,0, 0
28, 37, 34, 608, 414, 118.173, 118.173,15, 15
28, 37, 35, 608, 450, 130.129, 145.813,16, 14
28, 37, 36, 608, 477, 65.1578, 73.0307,9, 8
28, 37, 38, 608, 537, 38.6565, 62.7735,7, 4
28, 37, 39, 608, 483, 78.1492, 85.8528,11, 10
28, 37, 40, 608, 488, 0, 0,0, 0
28, 37, 41, 608, 449, 7.06014, 7.06014,1, 1
28, 37, 42, 608, 473, 6.79343, 6.79343,1, 1
28, 37, 43, 608, 471, 42.2969, 42.2969,5, 5
28, 37, 44, 608, 460, 39.7756, 59.5919,6, 4
28, 37, 45, 608, 513, 38.3194, 45.728,6, 5
28, 37, 46, 608, 507, 75.0023, 96.7809,13, 10
28, 37, 47, 608, 528, 135.986, 160.236,18, 15
28, 38, 1, 537, 398, 28.3302, 35.6354,5, 4
28, 38, 2, 537, 395, 47.2412, 71.0223,6, 4
28, 38, 3, 537, 327, 62.653, 81.2771,9, 7
28, 38, 4, 537, 564, 17.1115, 32.8799,4, 2
28, 38, 5, 537, 610, 51.413, 66.5156,8, 6
28, 38, 6, 537, 546, 290.039, 770.872,92, 31
28, 38, 7, 537, 454, 20.069, 28.1132,3, 2
28, 38, 8, 537, 444, 7.20815, 7.20815,1, 1
28, 38, 9, 537, 445, 538.415, 1484.58,178, 60
28, 38, 10, 537, 499, 583.655, 1395.8,155, 56
28, 38, 11, 537, 517, 305.144, 745.182,89, 34
28, 38, 12, 537, 508, 53.1294, 92.3371,10, 5
28, 38, 13, 537, 574, 32.9129, 32.9129,4, 4
28, 38, 14, 537, 480, 11.5357, 20.3741,2, 1
28, 38, 15, 537, 421, 18.624, 30.2398,2, 1
28, 38, 16, 537, 459, 46.8497, 73.803,8, 5
28, 38, 17, 537, 443, 24.8335, 38.978,3, 2
28, 38, 18, 537, 406, 17.0948, 24.9777,3, 2
28, 38, 19, 537, 454, 0, 0,0, 0
28, 38, 20, 537, 509, 28.8073, 40.3751,4, 3
28, 38, 21, 537, 400, 22.8446, 31.4274,3, 2
28, 38, 22, 537, 434, 17.8186, 32.1269,2, 1
28, 38, 23, 537, 573, 30.4059, 47.9805,5, 3
28, 38, 24, 537, 503, 66.2122, 91.3682,11, 8
28, 38, 25, 537, 517, 40.8242, 50.3859,5, 4
28, 38, 26, 537, 574, 8.19882, 8.19882,1, 1
28, 38, 27, 537, 433, 58.1968, 70.248,6, 5
28, 38, 28, 537, 469, 66.9195, 95.747,8, 6
28, 38, 29, 537, 567, 451.133, 731.658,87, 51
28, 38, 30, 537, 535, 52.7882, 81.3711,10, 6
28, 38, 31, 537, 410, 36.4275, 36.4275,5, 5
28, 38, 32, 537, 579, 66.2743, 91.2122,10, 7
28, 38, 33, 537, 518, 1217.05, 2579.25,294, 122
28, 38, 34, 537, 414, 43.0408, 53.0742,5, 4
28, 38, 35, 537, 450, 288.403, 602.001,70, 31
28, 38, 36, 537, 477, 19.0255, 29.2881,2, 1
28, 38, 37, 537, 608, 45.7033, 62.7746,7, 5
28, 38, 39, 537, 483, 561.141, 1316.68,149, 57
28, 38, 40, 537, 488, 54.0143, 61.32,8, 7
28, 38, 41, 537, 449, 78.4677, 102.49,13, 10
28, 38, 42, 537, 473, 172.002, 285.477,36, 21
28, 38, 43, 537, 471, 797.585, 2004.17,232, 83
28, 38, 44, 537, 460, 26.222, 34.1431,4, 3
28, 38, 45, 537, 513, 386.053, 987.257,118, 42
28, 38, 46, 537, 507, 33.8032, 56.9901,7, 4
28, 38, 47, 537, 528, 133.806, 333.059,42, 16
28, 39, 1, 483, 398, 38.6439, 38.6439,5, 5
28, 39, 2, 483, 395, 69.0682, 75.7815,8, 7
28, 39, 3, 483, 327, 42.8685, 42.8685,5, 5
28, 39, 4, 483, 564, 23.6817, 23.6817,3, 3
28, 39, 5, 483, 610, 45.0985, 45.0985,5, 5
28, 39, 6, 483, 546, 454.294, 844.632,93, 45
28, 39, 7, 483, 454, 14.8351, 14.8351,2, 2
28, 39, 8, 483, 444, 13.9284, 13.9284,2, 2
28, 39, 9, 483, 445, 732.938, 1274.09,142, 76
28, 39, 10, 483, 499, 957.043, 1549.05,178, 103
28, 39, 11, 483, 517, 658.832, 1081.72,126, 71
28, 39, 12, 483, 508, 151.37, 172.408,20, 17
28, 39, 13, 483, 574, 48.6296, 48.6296,6, 6
28, 39, 14, 483, 480, 83.4345, 91.5248,11, 10
28, 39, 15, 483, 421, 43.3158, 43.3158,5, 5
28, 39, 16, 483, 459, 128.58, 142.098,18, 16
28, 39, 17, 483, 443, 81.3313, 81.3313,9, 9
28, 39, 18, 483, 406, 71.0932, 71.0932,10, 10
28, 39, 19, 483, 454, 14.0544, 14.0544,2, 2
28, 39, 20, 483, 509, 34.0361, 34.0361,4, 4
28, 39, 21, 483, 400, 29.1213, 29.1213,3, 3
28, 39, 22, 483, 434, 108.61, 116.834,11, 10
28, 39, 23, 483, 573, 99.8185, 120.399,13, 10
28, 39, 24, 483, 503, 179.092, 208.601,23, 19
28, 39, 25, 483, 517, 90.3101, 97.4113,11, 10
28, 39, 26, 483, 574, 7.46149, 7.46149,1, 1
28, 39, 27, 483, 433, 92.0227, 100.51,12, 11
28, 39, 28, 483, 469, 62.2582, 62.2582,4, 4
28, 39, 29, 483, 567, 108.874, 188.822,23, 13
28, 39, 30, 483, 535, 15.3472, 22.2349,3, 2
28, 39, 31, 483, 410, 37.7703, 51.3505,7, 5
28, 39, 32, 483, 579, 73.8029, 73.8029,9, 9
28, 39, 33, 483, 518, 571.048, 1003.4,114, 60
28, 39, 34, 483, 414, 289.831, 304.989,36, 34
28, 39, 35, 483, 450, 688.104, 969.542,105, 70
28, 39, 36, 483, 477, 484.389, 499.657,53, 51
28, 39, 37, 483, 608, 78.881, 85.8527,11, 10
28, 39, 38, 483, 537, 746.067, 1316.68,149, 77
28, 39, 40, 483, 488, 31.4781, 38.2467,5, 4
28, 39, 41, 483, 449, 74.3076, 88.4333,11, 9
28, 39, 42, 483, 473, 111.477, 142.013,16, 12
28, 39, 43, 483, 471, 570.375, 978.106,112, 60
28, 39, 44, 483, 460, 56.3367, 63.4184,8, 7
28, 39, 45, 483, 513, 583.698, 1006.62,117, 64
28, 39, 46, 483, 507, 106.371, 113.366,14, 13
28, 39, 47, 483, 528, 327.298, 527.547,60, 35
28, 40, 1, 488, 398, 7.54868, 7.54868,1, 1
28, 40, 2, 488, 395, 39.3761, 64.0622,7, 4
28, 40, 3, 488, 327, 0, 0,0, 0
28, 40, 4, 488, 564, 13.7404, 13.7404,2, 2
28, 40, 5, 488, 610, 76.1526, 90.0827,12, 10
28, 40, 6, 488, 546, 63.681, 78.6078,10, 8
28, 40, 7, 488, 454, 53.5676, 53.5676,6, 6
28, 40, 8, 488, 444, 174.09, 202.916,21, 18
28, 40, 9, 488, 445, 29.8185, 29.8185,4, 4
28, 40, 10, 488, 499, 22.5263, 29.8526,4, 3
28, 40, 11, 488, 517, 93.4714, 118.74,15, 12
28, 40, 12, 488, 508, 163.884, 177.548,22, 20
28, 40, 13, 488, 574, 262.69, 299.542,31, 26
28, 40, 14, 488, 480, 0, 0,0, 0
28, 40, 15, 488, 421, 67.3839, 75.1577,8, 7
28, 40, 16, 488, 459, 6.94668, 6.94668,1, 1
28, 40, 17, 488, 443, 29.9089, 37.3446,5, 4
28, 40, 18, 488, 406, 51.0641, 66.4622,8, 6
28, 40, 19, 488, 454, 211.584, 240.628,28, 24
28, 40, 20, 488, 509, 64.8059, 83.4392,10, 8
28, 40, 21, 488, 400, 85.5077, 113.553,11, 8
28, 40, 22, 488, 434, 42.9654, 50.1935,7, 6
28, 40, 23, 488, 573, 8.29987, 8.29987,1, 1
28, 40, 24, 488, 503, 0, 0,0, 0
28, 40, 25, 488, 517, 70.1804, 93.6562,11, 8
28, 40, 26, 488, 574, 46.5743, 55.2138,7, 6
28, 40, 27, 488, 433, 7.6038, 7.6038,1, 1
28, 40, 28, 488, 469, 68.8488, 88.7438,9, 7
28, 40, 29, 488, 567, 376.968, 438.431,50, 42
28, 40, 30, 488, 535, 226.507, 258.523,30, 26
28, 40, 31, 488, 410, 83.6279, 106.508,10, 7
28, 40, 32, 488, 579, 13.8914, 13.8914,2, 2
28, 40, 33, 488, 518, 136.295, 154.724,18, 16
28, 40, 34, 488, 414, 135.229, 154.578,18, 16
28, 40, 35, 488, 450, 0, 0,0, 0
28, 40, 36, 488, 477, 165.506, 204.289,24, 19
28, 40, 37, 488, 608, 0, 0,0, 0
28, 40, 38, 488, 537, 54.131, 61.32,8, 7
28, 40, 39, 488, 483, 31.2885, 38.2469,5, 4
28, 40, 41, 488, 449, 1253.39, 1461.76,148, 122
28, 40, 42, 488, 473, 737.449, 816.922,89, 79
28, 40, 43, 488, 471, 297.659, 297.659,35, 35
28, 40, 44, 488, 460, 64.2626, 71.287,9, 8
28, 40, 45, 488, 513, 17.1986, 25.8143,3, 2
28, 40, 46, 488, 507, 74.0538, 82.4036,8, 7
28, 40, 47, 488, 528, 69.6715, 94.8818,10, 7
28, 41, 1, 449, 398, 7.56858, 7.56858,1, 1
28, 41, 2, 449, 395, 109.329, 109.329,13, 13
28, 41, 3, 449, 327, 0, 0,0, 0
28, 41, 4, 449, 564, 14.5791, 14.5791,2, 2
28, 41, 5, 449, 610, 138.05, 145.889,18, 17
28, 41, 6, 449, 546, 81.3872, 105.995,13, 10
28, 41, 7, 449, 454, 72.4486, 90.3168,10, 8
28, 41, 8, 449, 444, 161.874, 194.531,21, 18
28, 41, 9, 449, 445, 15.5465, 22.3558,3, 2
28, 41, 10, 449, 499, 54.9683, 97.2077,11, 6
28, 41, 11, 449, 517, 148.903, 198.771,22, 16
28, 41, 12, 449, 508, 313.555, 374.166,43, 35
28, 41, 13, 449, 574, 180.77, 196.276,23, 21
28, 41, 14, 449, 480, 26.4236, 26.4236,3, 3
28, 41, 15, 449, 421, 87.9283, 95.3716,12, 11
28, 41, 16, 449, 459, 0, 0,0, 0
28, 41, 17, 449, 443, 42.9573, 42.9573,5, 5
28, 41, 18, 449, 406, 86.6725, 86.6725,11, 11
28, 41, 19, 449, 454, 155.273, 162.955,18, 17
28, 41, 20, 449, 509, 108.889, 115.841,14, 13
28, 41, 21, 449, 400, 104.163, 111.749,12, 11
28, 41, 22, 449, 434, 70.6095, 70.6095,9, 9
28, 41, 23, 449, 573, 15.1354, 15.1354,2, 2
28, 41, 24, 449, 503, 0, 0,0, 0
28, 41, 25, 449, 517, 96.3165, 116.537,12, 10
28, 41, 26, 449, 574, 86.2735, 86.2735,11, 11
28, 41, 27, 449, 433, 54.7064, 62.4705,8, 7
28, 41, 28, 449, 469, 123.506, 132.054,14, 13
28, 41, 29, 449, 567, 389.856, 456.118,50, 42
28, 41, 30, 449, 535, 150.678, 158.468,18, 17
28, 41, 31, 449, 410, 41.8763, 41.8763,5, 5
28, 41, 32, 449, 579, 7.86872, 7.86872,1, 1
28, 41, 33, 449, 518, 307.691, 341.992,37, 33
28, 41, 34, 449, 414, 138.728, 146.612,17, 16
28, 41, 35, 449, 450, 20.9352, 20.9352,3, 3
28, 41, 36, 449, 477, 237.811, 258.66,31, 28
28, 41, 37, 449, 608, 7.06016, 7.06016,1, 1
28, 41, 38, 449, 537, 102.49, 102.49,13, 13
28, 41, 39, 449, 483, 72.3408, 88.4333,11, 9
28, 41, 40, 449, 488, 1269.42, 1461.76,148, 126
28, 41, 42, 449, 473, 1001.1, 1166.7,113, 95
28, 41, 43, 449, 471, 510.85, 533.957,59, 56
28, 41, 44, 449, 460, 109.956, 117.531,13, 12
28, 41, 45, 449, 513, 36.4227, 77.8334,9, 4
28, 41, 46, 449, 507, 74.7018, 90.4729,10, 8
28, 41, 47, 449, 528, 54.5389, 76.8721,9, 6
28, 42, 1, 473, 398, 6.76234, 6.76234,1, 1
28, 42, 2, 473, 395, 92.0231, 100.275,12, 11
28, 42, 3, 473, 327, 12.2949, 12.2949,1, 1
28, 42, 4, 473, 564, 31.0627, 31.0627,4, 4
28, 42, 5, 473, 610, 107.416, 121.582,14, 12
28, 42, 6, 473, 546, 92.6539, 115.143,14, 11
28, 42, 7, 473, 454, 76.7026, 83.9044,10, 9
28, 42, 8, 473, 444, 132.215, 154.026,18, 15
28, 42, 9, 473, 445, 78.4181, 85.2237,11, 10
28, 42, 10, 473, 499, 121.569, 128.291,17, 16
28, 42, 11, 473, 517, 325.992, 380.485,43, 36
28, 42, 12, 473, 508, 296.535, 333.555,38, 33
28, 42, 13, 473, 574, 218.788, 233.799,25, 23
28, 42, 14, 473, 480, 29.8003, 29.8003,4, 4
28, 42, 15, 473, 421, 130.411, 137.185,15, 14
28, 42, 16, 473, 459, 7.05367, 7.05367,1, 1
28, 42, 17, 473, 443, 31.4952, 31.4952,4, 4
28, 42, 18, 473, 406, 181.021, 195.558,20, 18
28, 42, 19, 473, 454, 163.338, 186.68,22, 19
28, 42, 20, 473, 509, 114.389, 128.818,15, 13
28, 42, 21, 473, 400, 134.732, 152.181,17, 15
28, 42, 22, 473, 434, 90.4277, 97.3266,11, 10
28, 42, 23, 473, 573, 29.8285, 44.1334,6, 4
28, 42, 24, 473, 503, 23.6292, 23.6292,3, 3
28, 42, 25, 473, 517, 124.808, 139.607,17, 15
28, 42, 26, 473, 574, 47.8202, 47.8202,6, 6
28, 42, 27, 473, 433, 75.2608, 82.6705,10, 9
28, 42, 28, 473, 469, 150.686, 184.1,22, 18
28, 42, 29, 473, 567, 449.707, 565.603,63, 49
28, 42, 30, 473, 535, 186.354, 200.167,25, 23
28, 42, 31, 473, 410, 128.348, 146.669,16, 14
28, 42, 32, 473, 579, 41.109, 41.109,5, 5
28, 42, 33, 473, 518, 460.646, 585.145,67, 51
28, 42, 34, 473, 414, 166.18, 180.406,20, 18
28, 42, 35, 473, 450, 72.1703, 72.1703,9, 9
28, 42, 36, 473, 477, 258.571, 287.987,33, 29
28, 42, 37, 473, 608, 6.7934, 6.7934,1, 1
28, 42, 38, 473, 537, 249.497, 285.477,36, 31
28, 42, 39, 473, 483, 126.303, 142.013,16, 14
28, 42, 40, 473, 488, 752.658, 816.918,89, 81
28, 42, 41, 473, 449, 1023.16, 1166.7,113, 96
28, 42, 43, 473, 471, 994.51, 1188.88,130, 107
28, 42, 44, 473, 460, 85.6079, 85.6079,10, 10
28, 42, 45, 473, 513, 45.3923, 45.3923,6, 6
28, 42, 46, 473, 507, 124.44, 146.374,17, 14
28, 42, 47, 473, 528, 154.178, 186.675,21, 17
28, 43, 1, 471, 398, 7.35298, 7.35298,1, 1
28, 43, 2, 471, 395, 56.3238, 77.5886,10, 7
28, 43, 3, 471, 327, 23.1771, 23.1771,3, 3
28, 43, 4, 471, 564, 14.1755, 14.1755,2, 2
28, 43, 5, 471, 610, 93.8849, 93.8849,11, 11
28, 43, 6, 471, 546, 283.115, 587.418,70, 31
28, 43, 7, 471, 454, 125.322, 132.817,14, 13
28, 43, 8, 471, 444, 36.4218, 43.6307,5, 4
28, 43, 9, 471, 445, 522.453, 1029.82,117, 54
28, 43, 10, 471, 499, 561.748, 969.458,118, 64
28, 43, 11, 471, 517, 396.301, 723.978,84, 42
28, 43, 12, 471, 508, 136.985, 151.694,16, 14
28, 43, 13, 471, 574, 50.8397, 50.8397,7, 7
28, 43, 14, 471, 480, 39.4019, 39.4019,5, 5
28, 43, 15, 471, 421, 47.3432, 54.7498,7, 6
28, 43, 16, 471, 459, 7.87761, 7.87761,1, 1
28, 43, 17, 471, 443, 62.4426, 62.4426,8, 8
28, 43, 18, 471, 406, 41.6803, 49.1374,6, 5
28, 43, 19, 471, 454, 72.9595, 79.8352,10, 9
28, 43, 20, 471, 509, 24.7636, 24.7636,3, 3
28, 43, 21, 471, 400, 25.3013, 32,4, 3
28, 43, 22, 471, 434, 55.6473, 62.5363,7, 6
28, 43, 23, 471, 573, 24.5214, 32.7641,4, 3
28, 43, 24, 471, 503, 42.9281, 50.0379,7, 6
28, 43, 25, 471, 517, 48.6212, 48.6212,6, 6
28, 43, 26, 471, 574, 25.3337, 25.3337,3, 3
28, 43, 27, 471, 433, 92.6102, 99.7865,12, 11
28, 43, 28, 471, 469, 127.902, 142.009,18, 16
28, 43, 29, 471, 567, 262.234, 346.3,41, 30
28, 43, 30, 471, 535, 74.2391, 88.0594,11, 9
28, 43, 31, 471, 410, 112.007, 126.698,15, 13
28, 43, 32, 471, 579, 19.6451, 19.6451,2, 2
28, 43, 33, 471, 518, 994.865, 1892.06,212, 100
28, 43, 34, 471, 414, 95.8355, 103.696,11, 10
28, 43, 35, 471, 450, 283.254, 466.499,55, 32
28, 43, 36, 471, 477, 73.379, 80.7621,10, 9
28, 43, 37, 471, 608, 42.297, 42.297,5, 5
28, 43, 38, 471, 537, 1083.38, 2004.17,232, 114
28, 43, 39, 471, 483, 566.596, 978.107,112, 60
28, 43, 40, 471, 488, 268.402, 297.659,35, 31
28, 43, 41, 471, 449, 463.37, 533.956,59, 50
28, 43, 42, 471, 473, 885.525, 1188.88,130, 95
28, 43, 44, 471, 460, 60.331, 60.331,7, 7
28, 43, 45, 471, 513, 321.307, 606.192,74, 36
28, 43, 46, 471, 507, 99.2662, 116.078,13, 11
28, 43, 47, 471, 528, 237.369, 396.803,44, 24
28, 44, 1, 460, 398, 30.5137, 30.5137,4, 4
28, 44, 2, 460, 395, 67.7925, 67.7925,8, 8
28, 44, 3, 460, 327, 24.9488, 24.9488,3, 3
28, 44, 4, 460, 564, 21.966, 21.966,3, 3
28, 44, 5, 460, 610, 498.162, 587.369,61, 50
28, 44, 6, 460, 546, 515.672, 602.733,67, 57
28, 44, 7, 460, 454, 77.0772, 77.0772,8, 8
28, 44, 8, 460, 444, 62.0663, 62.0663,7, 7
28, 44, 9, 460, 445, 0, 0,0, 0
28, 44, 10, 460, 499, 39.2818, 39.2818,5, 5
28, 44, 11, 460, 517, 115.776, 122.744,14, 13
28, 44, 12, 460, 508, 219.526, 227.022,24, 23
28, 44, 13, 460, 574, 130.16, 158.404,14, 11
28, 44, 14, 460, 480, 80.7871, 80.7871,10, 10
28, 44, 15, 460, 421, 101.761, 101.761,13, 13
28, 44, 16, 460, 459, 42.7279, 42.7279,5, 5
28, 44, 17, 460, 443, 86.2617, 86.2617,11, 11
28, 44, 18, 460, 406, 92.4331, 92.4331,11, 11
28, 44, 19, 460, 454, 63.7898, 63.7898,7, 7
28, 44, 20, 460, 509, 97.1786, 97.1786,10, 10
28, 44, 21, 460, 400, 241.703, 248.777,29, 28
28, 44, 22, 460, 434, 222.227, 261.762,32, 27
28, 44, 23, 460, 573, 61.1043, 67.8963,9, 8
28, 44, 24, 460, 503, 68.9884, 68.9884,9, 9
28, 44, 25, 460, 517, 107.232, 107.232,13, 13
28, 44, 26, 460, 574, 114.407, 131.1,15, 13
28, 44, 27, 460, 433, 20.6215, 20.6215,2, 2
28, 44, 28, 460, 469, 53.254, 53.254,6, 6
28, 44, 29, 460, 567, 93.7632, 100.895,11, 10
28, 44, 30, 460, 535, 64.9561, 64.9561,7, 7
28, 44, 31, 460, 410, 44.2465, 44.2465,4, 4
28, 44, 32, 460, 579, 56.5657, 65.5655,7, 6
28, 44, 33, 460, 518, 45.4312, 45.4312,5, 5
28, 44, 34, 460, 414, 214.837, 232.65,27, 25
28, 44, 35, 460, 450, 46.104, 46.104,6, 6
28, 44, 36, 460, 477, 152.021, 152.021,18, 18
28, 44, 37, 460, 608, 43.1531, 59.5917,6, 4
28, 44, 38, 460, 537, 34.1433, 34.1433,4, 4
28, 44, 39, 460, 483, 56.3367, 63.4184,8, 7
28, 44, 40, 460, 488, 64.1345, 71.287,9, 8
28, 44, 41, 460, 449, 109.538, 117.53,13, 12
28, 44, 42, 460, 473, 85.6074, 85.6074,10, 10
28, 44, 43, 460, 471, 60.3307, 60.3307,7, 7
28, 44, 45, 460, 513, 373.937, 420.929,48, 42
28, 44, 46, 460, 507, 1064.01, 1167.45,116, 103
28, 44, 47, 460, 528, 226.876, 299.338,31, 22
28, 45, 1, 513, 398, 13.5755, 13.5755,2, 2
28, 45, 2, 513, 395, 7.3055, 7.3055,1, 1
28, 45, 3, 513, 327, 13.7698, 13.7698,2, 2
28, 45, 4, 513, 564, 47.0901, 99.5068,11, 4
28, 45, 5, 513, 610, 100.178, 106.852,13, 12
28, 45, 6, 513, 546, 812.302, 1388.3,153, 82
28, 45, 7, 513, 454, 14.6103, 14.6103,2, 2
28, 45, 8, 513, 444, 21.2889, 28.7569,4, 3
28, 45, 9, 513, 445, 554.329, 1053.26,126, 62
28, 45, 10, 513, 499, 509.202, 791.346,89, 55
28, 45, 11, 513, 517, 389.29, 640.332,79, 47
28, 45, 12, 513, 508, 123.092, 212.637,23, 12
28, 45, 13, 513, 574, 73.1988, 96.1481,11, 8
28, 45, 14, 513, 480, 60.8303, 67.7395,9, 8
28, 45, 15, 513, 421, 15.9138, 15.9138,2, 2
28, 45, 16, 513, 459, 43.1291, 43.1291,6, 6
28, 45, 17, 513, 443, 36.0839, 36.0839,5, 5
28, 45, 18, 513, 406, 0, 0,0, 0
28, 45, 19, 513, 454, 7.30439, 7.30439,1, 1
28, 45, 20, 513, 509, 25.5157, 33.5689,4, 3
28, 45, 21, 513, 400, 22.199, 22.199,3, 3
28, 45, 22, 513, 434, 88.844, 110.575,13, 10
28, 45, 23, 513, 573, 124.727, 132.413,17, 16
28, 45, 24, 513, 503, 158.233, 185.223,22, 19
28, 45, 25, 513, 517, 47.4387, 47.4387,6, 6
28, 45, 26, 513, 574, 14.4821, 14.4821,2, 2
28, 45, 27, 513, 433, 14.6442, 14.6442,2, 2
28, 45, 28, 513, 469, 6.95229, 6.95229,1, 1
28, 45, 29, 513, 567, 51.9035, 83.2991,11, 7
28, 45, 30, 513, 535, 0, 0,0, 0
28, 45, 31, 513, 410, 7.33619, 7.33619,1, 1
28, 45, 32, 513, 579, 86.7074, 101.159,13, 11
28, 45, 33, 513, 518, 374.498, 703.209,85, 44
28, 45, 34, 513, 414, 86.5342, 93.6882,11, 10
28, 45, 35, 513, 450, 283.29, 401.734,46, 32
28, 45, 36, 513, 477, 140.558, 215.817,25, 16
28, 45, 37, 513, 608, 38.2649, 45.728,6, 5
28, 45, 38, 513, 537, 496.591, 987.258,118, 57
28, 45, 39, 513, 483, 578.035, 1006.62,117, 64
28, 45, 40, 513, 488, 25.8144, 25.8144,3, 3
28, 45, 41, 513, 449, 61.1776, 77.8335,9, 7
28, 45, 42, 513, 473, 37.9783, 45.3924,6, 5
28, 45, 43, 513, 471, 289.457, 606.193,74, 33
28, 45, 44, 513, 460, 375.826, 420.928,48, 43
28, 45, 46, 513, 507, 695.758, 884.451,92, 71
28, 45, 47, 513, 528, 460.729, 676.169,76, 50
28, 46, 1, 507, 398, 7.44287, 7.44287,1, 1
28, 46, 2, 507, 395, 77.9905, 77.9905,9, 9
28, 46, 3, 507, 327, 32.3877, 61.5144,8, 4
28, 46, 4, 507, 564, 43.6741, 81.8471,10, 5
28, 46, 5, 507, 610, 308.767, 368.784,42, 34
28, 46, 6, 507, 546, 814.367, 1028.7,117, 90
28, 46, 7, 507, 454, 161.462, 177.428,19, 17
28, 46, 8, 507, 444, 61.3976, 61.3976,8, 8
28, 46, 9, 507, 445, 96.8028, 125.318,15, 11
28, 46, 10, 507, 499, 133.631, 155.943,18, 15
28, 46, 11, 507, 517, 283.777, 323.47,37, 32
28, 46, 12, 507, 508, 235.889, 376.752,43, 26
28, 46, 13, 507, 574, 131.672, 192.582,21, 14
28, 46, 14, 507, 480, 116.009, 116.009,13, 13
28, 46, 15, 507, 421, 99.624, 107.327,12, 11
28, 46, 16, 507, 459, 95.1335, 95.1335,11, 11
28, 46, 17, 507, 443, 67.4805, 67.4805,8, 8
28, 46, 18, 507, 406, 82.4807, 82.4807,10, 10
28, 46, 19, 507, 454, 55.8115, 55.8115,7, 7
28, 46, 20, 507, 509, 121.445, 121.445,15, 15
28, 46, 21, 507, 400, 139.943, 146.63,16, 15
28, 46, 22, 507, 434, 197.285, 244.845,29, 23
28, 46, 23, 507, 573, 104.892, 104.892,12, 12
28, 46, 24, 507, 503, 78.4758, 78.4758,10, 10
28, 46, 25, 507, 517, 114.841, 114.841,14, 14
28, 46, 26, 507, 574, 95.9266, 110.898,14, 12
28, 46, 27, 507, 433, 39.6115, 46.3387,5, 4
28, 46, 28, 507, 469, 94.4662, 94.4662,10, 10
28, 46, 29, 507, 567, 76.54, 93.9654,11, 9
28, 46, 30, 507, 535, 44.9122, 52.5365,7, 6
28, 46, 31, 507, 410, 65.0519, 65.0519,8, 8
28, 46, 32, 507, 579, 74.645, 88.5854,12, 10
28, 46, 33, 507, 518, 56.7868, 56.7868,7, 7
28, 46, 34, 507, 414, 226.046, 239.868,28, 26
28, 46, 35, 507, 450, 99.5705, 99.5705,13, 13
28, 46, 36, 507, 477, 197.713, 244.593,29, 23
28, 46, 37, 507, 608, 89.0927, 96.7808,13, 12
28, 46, 38, 507, 537, 56.9902, 56.9902,7, 7
28, 46, 39, 507, 483, 113.366, 113.366,14, 14
28, 46, 40, 507, 488, 82.4037, 82.4037,8, 8
28, 46, 41, 507, 449, 90.4734, 90.4734,10, 10
28, 46, 42, 507, 473, 139.59, 146.374,17, 16
28, 46, 43, 507, 471, 107.106, 116.077,13, 12
28, 46, 44, 507, 460, 994.608, 1167.45,116, 96
28, 46, 45, 507, 513, 728.819, 884.452,92, 73
28, 46, 47, 507, 528, 476.184, 561.056,59, 50
28, 47, 1, 528, 398, 43.7981, 53.0169,6, 5
28, 47, 2, 528, 395, 79.551, 111.803,12, 8
28, 47, 3, 528, 327, 17.6995, 25.1266,3, 2
28, 47, 4, 528, 564, 48.4149, 62.8908,8, 6
28, 47, 5, 528, 610, 162.342, 193.433,24, 20
28, 47, 6, 528, 546, 592.398, 839.12,90, 62
28, 47, 7, 528, 454, 91.4231, 115.081,13, 10
28, 47, 8, 528, 444, 96.7748, 104.28,12, 11
28, 47, 9, 528, 445, 280.013, 323.065,37, 31
28, 47, 10, 528, 499, 277.377, 320.256,38, 32
28, 47, 11, 528, 517, 294.27, 404.889,47, 34
28, 47, 12, 528, 508, 182.648, 249.388,27, 19
28, 47, 13, 528, 574, 66.6257, 119.452,13, 7
28, 47, 14, 528, 480, 138.387, 168.917,19, 16
28, 47, 15, 528, 421, 137.795, 144.494,18, 17
28, 47, 16, 528, 459, 91.5149, 126.754,15, 10
28, 47, 17, 528, 443, 54.7871, 70.2945,8, 6
28, 47, 18, 528, 406, 67.8597, 94.386,11, 8
28, 47, 19, 528, 454, 68.3574, 83.2776,10, 8
28, 47, 20, 528, 509, 97.2917, 119.345,13, 11
28, 47, 21, 528, 400, 139.427, 150.91,16, 15
28, 47, 22, 528, 434, 329.834, 442.704,46, 33
28, 47, 23, 528, 573, 336.329, 432.955,49, 37
28, 47, 24, 528, 503, 226.023, 281.468,34, 27
28, 47, 25, 528, 517, 119.172, 159.358,14, 10
28, 47, 26, 528, 574, 89.0655, 117.646,14, 10
28, 47, 27, 528, 433, 19.8293, 30.544,3, 2
28, 47, 28, 528, 469, 109.689, 161.082,16, 10
28, 47, 29, 528, 567, 99.1522, 138.954,17, 12
28, 47, 30, 528, 535, 30.6102, 37.5702,5, 4
28, 47, 31, 528, 410, 68.544, 86.0954,10, 8
28, 47, 32, 528, 579, 115.712, 145.772,18, 14
28, 47, 33, 528, 518, 301.739, 386.552,47, 36
28, 47, 34, 528, 414, 152.157, 202.625,21, 16
28, 47, 35, 528, 450, 230.155, 297.317,32, 24
28, 47, 36, 528, 477, 161.667, 221.555,25, 18
28, 47, 37, 528, 608, 135.046, 160.236,18, 15
28, 47, 38, 528, 537, 273.729, 333.059,42, 34
28, 47, 39, 528, 483, 398.748, 527.548,60, 44
28, 47, 40, 528, 488, 75.331, 94.8817,10, 8
28, 47, 41, 528, 449, 61.1421, 76.8721,9, 7
28, 47, 42, 528, 473, 149.551, 186.676,21, 17
28, 47, 43, 528, 471, 302.573, 396.803,44, 33
28, 47, 44, 528, 460, 222.406, 299.338,31, 23
28, 47, 45, 528, 513, 453.451, 676.172,76, 49
28, 47, 46, 528, 507, 413.398, 561.048,59, 43
