1, 1, 2, 1, 235, 220, 653.282, 716.643,83, 83, 74, 26, 201, 2755, 259
1, 1, 3, 1, 207, 220, 594.033, 645.434,75, 75, 67, 25, 174, 2365, 229
1, 1, 3, 2, 207, 235, 487.978, 546.77,65, 65, 56, 25, 179, 2545, 236
1, 1, 4, 1, 207, 220, 95.605, 107.834,15, 15, 13, 25, 187, 2322, 243
1, 1, 4, 2, 207, 235, 210.274, 232.124,27, 27, 24, 25, 189, 2507, 246
1, 1, 4, 3, 207, 207, 117.358, 117.358,15, 15, 15, 24, 168, 2258, 224
1, 1, 5, 1, 207, 220, 181.38, 212.313,30, 30, 25, 24, 174, 2335, 230
1, 1, 5, 2, 207, 235, 79.3595, 106.99,15, 15, 11, 25, 178, 2506, 235
1, 1, 5, 3, 207, 207, 195.864, 215.314,28, 28, 25, 24, 158, 2299, 213
1, 1, 5, 4, 207, 207, 449.073, 477.588,60, 60, 56, 24, 169, 2233, 224
1, 1, 6, 1, 218, 220, 240.717, 265.173,35, 35, 31, 24, 187, 2266, 243
1, 1, 6, 2, 218, 235, 211.043, 272.689,35, 35, 26, 25, 195, 2364, 252
1, 1, 6, 3, 218, 207, 312.626, 342.36,42, 42, 37, 24, 169, 2121, 224
1, 1, 6, 4, 218, 207, 125.211, 190.605,22, 22, 13, 24, 182, 2131, 238
1, 1, 6, 5, 218, 207, 139.966, 159.413,21, 21, 18, 24, 169, 2192, 224
1, 1, 7, 1, 285, 220, 22.5009, 22.5009,6, 3, 3, 27, 224, 3109, 283
1, 1, 7, 2, 285, 235, 15.4021, 15.4021,4, 2, 2, 27, 225, 3244, 285
1, 1, 7, 3, 285, 207, 53.372, 65.3398,10, 10, 8, 27, 208, 2925, 266
1, 1, 7, 4, 285, 207, 9.26825, 9.26825,4, 1, 1, 27, 213, 2881, 272
1, 1, 7, 5, 285, 207, 42.9379, 48.9911,7, 7, 6, 26, 201, 2915, 260
1, 1, 7, 6, 285, 218, 76.3365, 91.374,17, 13, 11, 26, 218, 3039, 276
1, 1, 8, 1, 289, 220, 131.044, 143.073,19, 19, 17, 27, 219, 3114, 278
1, 1, 8, 2, 289, 235, 100.279, 111.725,13, 13, 11, 27, 222, 3320, 282
1, 1, 8, 3, 289, 207, 86.6988, 99.178,14, 13, 11, 26, 200, 2943, 258
1, 1, 8, 4, 289, 207, 81.3589, 87.0912,11, 11, 10, 26, 211, 2961, 270
1, 1, 8, 5, 289, 207, 81.1818, 100.738,13, 13, 10, 26, 201, 2950, 260
1, 1, 8, 6, 289, 218, 363.974, 410.735,49, 49, 42, 26, 214, 3082, 272
1, 1, 8, 7, 289, 285, 66.4296, 107.079,67, 12, 8, 29, 245, 4032, 307
1, 1, 9, 1, 233, 220, 62.6425, 62.6425,8, 8, 8, 24, 176, 2599, 232
1, 1, 9, 2, 233, 235, 68.1236, 73.7809,10, 10, 9, 25, 182, 2719, 239
1, 1, 9, 3, 233, 207, 33.8002, 33.8002,5, 5, 5, 24, 159, 2385, 214
1, 1, 9, 4, 233, 207, 88.5791, 88.5791,12, 12, 12, 24, 171, 2415, 227
1, 1, 9, 5, 233, 207, 57.5641, 57.5641,8, 8, 8, 24, 160, 2423, 216
1, 1, 9, 6, 233, 218, 69.791, 69.791,9, 8, 8, 24, 174, 2509, 229
1, 1, 9, 7, 233, 285, 5.70435, 5.70435,2, 1, 1, 26, 203, 3216, 262
1, 1, 9, 8, 233, 289, 33.8757, 33.8757,4, 4, 4, 26, 204, 3329, 263
1, 1, 10, 1, 258, 220, 109.446, 123.658,15, 15, 13, 24, 197, 2740, 254
1, 1, 10, 2, 258, 235, 70.3187, 81.4906,8, 8, 7, 25, 201, 2872, 259
1, 1, 10, 3, 258, 207, 67.4039, 82.4985,9, 9, 8, 24, 175, 2491, 231
1, 1, 10, 4, 258, 207, 107.371, 138.961,11, 11, 10, 24, 187, 2444, 243
1, 1, 10, 5, 258, 207, 162.634, 203.048,27, 27, 21, 24, 176, 2504, 232
1, 1, 10, 6, 258, 218, 92.4607, 118.972,12, 11, 10, 24, 189, 2577, 245
1, 1, 10, 7, 258, 285, 44.5728, 50.7093,9, 8, 7, 27, 223, 3352, 282
1, 1, 10, 8, 258, 289, 115.491, 145.408,15, 15, 12, 27, 225, 3487, 285
1, 1, 10, 9, 258, 233, 785.58, 883.061,97, 97, 84, 24, 178, 2856, 235
1, 1, 11, 1, 232, 220, 96.8421, 109.233,15, 15, 13, 24, 176, 2174, 232
1, 1, 11, 2, 232, 235, 31.7668, 31.7668,5, 4, 4, 25, 182, 2336, 239
1, 1, 11, 3, 232, 207, 52.4619, 66.2657,10, 9, 7, 24, 157, 2030, 212
1, 1, 11, 4, 232, 207, 107.222, 120.353,16, 16, 14, 24, 170, 2041, 225
1, 1, 11, 5, 232, 207, 104.486, 122.276,14, 14, 12, 24, 158, 2029, 213
1, 1, 11, 6, 232, 218, 69.1853, 90.0889,13, 12, 9, 24, 171, 2130, 227
1, 1, 11, 7, 232, 285, 13.417, 13.417,3, 2, 2, 26, 206, 2846, 264
1, 1, 11, 8, 232, 289, 67.8524, 76.9273,9, 9, 8, 26, 205, 2852, 263
1, 1, 11, 9, 232, 233, 715.19, 788.781,88, 88, 78, 24, 160, 2320, 215
1, 1, 11, 10, 232, 258, 804.442, 908.518,98, 97, 83, 24, 180, 2516, 236
1, 1, 12, 1, 216, 220, 148.171, 160.095,22, 20, 18, 24, 175, 2020, 230
1, 1, 12, 2, 216, 235, 127.586, 159.21,24, 22, 17, 25, 179, 2118, 235
1, 1, 12, 3, 216, 207, 260.733, 312.318,39, 39, 32, 24, 156, 1940, 211
1, 1, 12, 4, 216, 207, 158.399, 207.769,26, 26, 19, 24, 169, 1884, 224
1, 1, 12, 5, 216, 207, 161.422, 177.797,22, 21, 19, 24, 158, 1909, 213
1, 1, 12, 6, 216, 218, 215.121, 271.698,31, 31, 23, 24, 172, 2036, 227
1, 1, 12, 7, 216, 285, 75.499, 104.464,17, 14, 10, 26, 202, 2579, 260
1, 1, 12, 8, 216, 289, 65.1123, 84.3921,12, 12, 9, 26, 204, 2632, 262
1, 1, 12, 9, 216, 233, 36.1883, 36.1883,9, 5, 5, 24, 159, 2082, 214
1, 1, 12, 10, 216, 258, 93.3717, 107.836,14, 14, 12, 24, 180, 2315, 235
1, 1, 12, 11, 216, 232, 38.7821, 38.7821,8, 5, 5, 24, 160, 2101, 215
1, 1, 13, 1, 239, 220, 59.6769, 59.6769,8, 8, 8, 25, 182, 2712, 239
1, 1, 13, 2, 239, 235, 13.2526, 13.2526,3, 2, 2, 26, 187, 2802, 245
1, 1, 13, 3, 239, 207, 81.6401, 96.7439,15, 13, 11, 24, 163, 2558, 219
1, 1, 13, 4, 239, 207, 37.0778, 43.0232,6, 6, 5, 24, 176, 2560, 232
1, 1, 13, 5, 239, 207, 177.616, 184.733,21, 20, 19, 24, 164, 2558, 220
1, 1, 13, 6, 239, 218, 103.182, 109.161,15, 14, 13, 24, 177, 2599, 233
1, 1, 13, 7, 239, 285, 42.6879, 48.7251,7, 7, 6, 27, 212, 3514, 271
1, 1, 13, 8, 239, 289, 64.2272, 64.2272,8, 8, 8, 27, 209, 3434, 268
1, 1, 13, 9, 239, 233, 30.6277, 30.6277,8, 5, 5, 24, 165, 2786, 222
1, 1, 13, 10, 239, 258, 69.3063, 76.4004,18, 11, 10, 25, 186, 3066, 242
1, 1, 13, 11, 239, 232, 41.6553, 50.8334,13, 6, 5, 24, 166, 2749, 222
1, 1, 13, 12, 239, 216, 183.262, 189.389,25, 25, 24, 24, 164, 2590, 220
1, 1, 14, 1, 269, 220, 92.6247, 112.555,14, 12, 9, 24, 211, 2965, 268
1, 1, 14, 2, 269, 235, 20.3586, 20.3586,5, 3, 3, 25, 215, 3125, 273
1, 1, 14, 3, 269, 207, 65.1802, 78.4429,12, 12, 10, 24, 195, 2743, 251
1, 1, 14, 4, 269, 207, 72.6892, 72.6892,11, 11, 11, 24, 208, 2766, 264
1, 1, 14, 5, 269, 207, 57.2082, 76.3006,13, 11, 9, 24, 194, 2775, 249
1, 1, 14, 6, 269, 218, 49.1218, 79.3961,13, 10, 7, 24, 207, 2904, 263
1, 1, 14, 7, 269, 285, 5.59615, 5.59615,3, 1, 1, 27, 242, 3781, 301
1, 1, 14, 8, 269, 289, 52.07, 58.4498,9, 8, 7, 26, 238, 3843, 297
1, 1, 14, 9, 269, 233, 54.7882, 75.1411,16, 11, 8, 24, 197, 3094, 253
1, 1, 14, 10, 269, 258, 150.694, 176.527,29, 25, 22, 24, 212, 3390, 269
1, 1, 14, 11, 269, 232, 53.0698, 92.1089,19, 13, 8, 24, 199, 3073, 255
1, 1, 14, 12, 269, 216, 75.2041, 89.0346,14, 13, 11, 24, 196, 2914, 252
1, 1, 14, 13, 269, 239, 595.19, 749.219,92, 89, 70, 24, 202, 3194, 259
1, 1, 15, 1, 262, 220, 87.3595, 95.101,14, 14, 13, 26, 244, 2863, 302
1, 1, 15, 2, 262, 235, 99.0671, 133.619,17, 16, 12, 27, 249, 2903, 308
1, 1, 15, 3, 262, 207, 65.5318, 79.4173,11, 10, 8, 26, 228, 2513, 286
1, 1, 15, 4, 262, 207, 55.1924, 82.5027,11, 11, 7, 26, 238, 2641, 296
1, 1, 15, 5, 262, 207, 45.788, 53.2923,8, 8, 7, 26, 228, 2660, 285
1, 1, 15, 6, 262, 218, 248.856, 348.76,41, 41, 28, 26, 275, 2696, 333
1, 1, 15, 7, 262, 285, 12.9525, 30.5844,10, 4, 2, 29, 285, 4193, 348
1, 1, 15, 8, 262, 289, 252.187, 317.337,42, 42, 34, 28, 270, 4206, 332
1, 1, 15, 9, 262, 233, 5.8632, 17.2161,5, 2, 1, 25, 228, 2910, 286
1, 1, 15, 10, 262, 258, 75.2915, 106.541,12, 12, 8, 26, 245, 3205, 304
1, 1, 15, 11, 262, 232, 45.6885, 45.6885,9, 6, 6, 26, 230, 2824, 288
1, 1, 15, 12, 262, 216, 89.3506, 128.233,16, 16, 11, 26, 226, 2667, 284
1, 1, 15, 13, 262, 239, 71.9946, 102.931,14, 13, 9, 26, 236, 2902, 294
1, 1, 15, 14, 262, 269, 162.71, 282.092,42, 35, 20, 26, 266, 3255, 324
1, 1, 16, 1, 232, 220, 118.699, 130.993,17, 17, 15, 25, 180, 2204, 236
1, 1, 16, 2, 232, 235, 33.4909, 45.2079,7, 4, 3, 26, 186, 2343, 243
1, 1, 16, 3, 232, 207, 80.5667, 105.965,16, 16, 12, 25, 163, 2038, 219
1, 1, 16, 4, 232, 207, 22.1734, 28.248,6, 4, 3, 25, 175, 2073, 232
1, 1, 16, 5, 232, 207, 97.3358, 103.011,15, 15, 14, 25, 163, 2051, 219
1, 1, 16, 6, 232, 218, 240.609, 302.685,37, 37, 28, 25, 176, 2166, 232
1, 1, 16, 7, 232, 285, 187.478, 206.307,28, 28, 25, 27, 208, 2771, 267
1, 1, 16, 8, 232, 289, 242.714, 263.711,35, 35, 32, 27, 205, 2772, 264
1, 1, 16, 9, 232, 233, 0, 6.99506,5, 1, 0, 25, 164, 2276, 220
1, 1, 16, 10, 232, 258, 68.092, 74.9423,14, 10, 9, 25, 183, 2479, 240
1, 1, 16, 11, 232, 232, 17.0339, 17.0339,8, 2, 2, 25, 165, 2286, 221
1, 1, 16, 12, 232, 216, 113.297, 131.396,17, 17, 15, 25, 163, 2095, 219
1, 1, 16, 13, 232, 239, 57.212, 69.099,10, 10, 8, 26, 169, 2315, 227
1, 1, 16, 14, 232, 269, 33.6675, 33.6675,4, 4, 4, 25, 201, 2687, 258
1, 1, 16, 15, 232, 262, 298.875, 361.175,50, 44, 37, 27, 234, 3119, 293
1, 1, 17, 1, 273, 220, 130.529, 159.678,19, 19, 15, 26, 214, 2949, 272
1, 1, 17, 2, 273, 235, 101.315, 162.551,26, 24, 14, 27, 219, 3114, 278
1, 1, 17, 3, 273, 207, 130.223, 130.223,19, 18, 18, 26, 193, 2785, 251
1, 1, 17, 4, 273, 207, 91.101, 104.666,13, 13, 11, 26, 205, 2751, 263
1, 1, 17, 5, 273, 207, 110.522, 116.112,15, 15, 14, 25, 196, 2782, 253
1, 1, 17, 6, 273, 218, 323.184, 418.423,49, 49, 35, 26, 207, 2962, 265
1, 1, 17, 7, 273, 285, 134.55, 150.648,25, 19, 17, 28, 238, 3786, 299
1, 1, 17, 8, 273, 289, 350.401, 413.271,49, 49, 40, 28, 239, 3828, 300
1, 1, 17, 9, 273, 233, 6.07507, 18.2765,5, 2, 1, 26, 196, 3051, 254
1, 1, 17, 10, 273, 258, 48.3383, 86.9172,10, 8, 6, 26, 211, 3534, 270
1, 1, 17, 11, 273, 232, 35.8699, 35.8699,8, 5, 5, 26, 196, 3080, 255
1, 1, 17, 12, 273, 216, 118.56, 149.216,19, 19, 15, 25, 197, 2870, 254
1, 1, 17, 13, 273, 239, 60.1132, 66.019,10, 9, 8, 26, 202, 3183, 261
1, 1, 17, 14, 273, 269, 40.2524, 53.7559,9, 7, 5, 26, 229, 3526, 288
1, 1, 17, 15, 273, 262, 872.003, 1111.57,124, 124, 94, 27, 266, 3552, 326
1, 1, 17, 16, 273, 232, 636.63, 715.791,81, 81, 70, 26, 199, 3120, 257
1, 1, 18, 1, 273, 220, 46.5553, 56.1149,7, 7, 6, 25, 205, 2933, 262
1, 1, 18, 2, 273, 235, 11.5364, 17.9538,3, 2, 1, 26, 209, 3138, 267
1, 1, 18, 3, 273, 207, 13.1963, 13.1963,1, 1, 1, 25, 186, 2764, 242
1, 1, 18, 4, 273, 207, 97.1846, 108.522,13, 12, 11, 25, 200, 2823, 257
1, 1, 18, 5, 273, 207, 50.5999, 50.5999,7, 7, 7, 24, 188, 2764, 245
1, 1, 18, 6, 273, 218, 32.1432, 37.8444,5, 4, 3, 25, 201, 2908, 258
1, 1, 18, 7, 273, 285, 6.12706, 12.9247,4, 2, 1, 27, 240, 3911, 299
1, 1, 18, 8, 273, 289, 18.986, 25.1036,3, 3, 2, 27, 231, 3832, 290
1, 1, 18, 9, 273, 233, 235.519, 280.212,38, 36, 31, 24, 188, 3086, 244
1, 1, 18, 10, 273, 258, 283.482, 322.773,40, 38, 32, 25, 205, 3491, 263
1, 1, 18, 11, 273, 232, 172.844, 209.785,28, 26, 22, 24, 188, 3063, 245
1, 1, 18, 12, 273, 216, 56.6624, 56.6624,9, 7, 7, 25, 186, 2888, 243
1, 1, 18, 13, 273, 239, 123.291, 180.623,29, 25, 17, 25, 196, 3152, 254
1, 1, 18, 14, 273, 269, 450.608, 766.405,126, 96, 60, 25, 229, 3582, 286
1, 1, 18, 15, 273, 262, 77.2591, 104.283,20, 13, 9, 26, 256, 3543, 315
1, 1, 18, 16, 273, 232, 39.8126, 53.7652,7, 7, 5, 25, 195, 3141, 252
1, 1, 18, 17, 273, 273, 40.7358, 54.843,7, 6, 4, 26, 222, 3598, 281
1, 1, 19, 1, 241, 220, 87.1693, 111.314,13, 13, 10, 25, 187, 2658, 243
1, 1, 19, 2, 241, 235, 20.8332, 20.8332,2, 2, 2, 25, 191, 2786, 248
1, 1, 19, 3, 241, 207, 71.5833, 97.3355,13, 13, 9, 25, 166, 2473, 222
1, 1, 19, 4, 241, 207, 71.8258, 77.4412,11, 11, 10, 25, 179, 2474, 235
1, 1, 19, 5, 241, 207, 96.6961, 109.984,15, 15, 13, 24, 169, 2456, 225
1, 1, 19, 6, 241, 218, 78.5877, 100.409,12, 12, 9, 24, 180, 2565, 236
1, 1, 19, 7, 241, 285, 44.5071, 56.8267,9, 8, 6, 27, 216, 3432, 275
1, 1, 19, 8, 241, 289, 50.3665, 61.9071,9, 9, 7, 27, 210, 3458, 270
1, 1, 19, 9, 241, 233, 206.611, 219.225,30, 29, 27, 24, 171, 2758, 227
1, 1, 19, 10, 241, 258, 322.031, 328.257,39, 39, 38, 26, 186, 3073, 245
1, 1, 19, 11, 241, 232, 233.643, 252.261,33, 32, 29, 24, 169, 2794, 225
1, 1, 19, 12, 241, 216, 123.508, 143.237,20, 19, 17, 24, 168, 2580, 224
1, 1, 19, 13, 241, 239, 278.76, 320.284,44, 43, 36, 25, 177, 2923, 234
1, 1, 19, 14, 241, 269, 192.693, 210.923,32, 28, 25, 25, 206, 3242, 263
1, 1, 19, 15, 241, 262, 53.5285, 60.1435,7, 7, 6, 26, 240, 3699, 300
1, 1, 19, 16, 241, 232, 68.7361, 82.1149,11, 11, 9, 25, 177, 2870, 234
1, 1, 19, 17, 241, 273, 57.9771, 69.9645,9, 9, 7, 26, 204, 3271, 263
1, 1, 19, 18, 241, 273, 405.587, 417.27,53, 52, 50, 25, 198, 3248, 255
1, 1, 20, 1, 317, 220, 33.9524, 44.2974,11, 5, 4, 27, 215, 3379, 275
1, 1, 20, 2, 317, 235, 0, 8.67172,10, 1, 0, 28, 219, 3589, 280
1, 1, 20, 3, 317, 207, 73.7822, 85.6208,13, 12, 10, 27, 196, 3189, 255
1, 1, 20, 4, 317, 207, 20.149, 26.2057,10, 4, 3, 27, 208, 3190, 268
1, 1, 20, 5, 317, 207, 48.2175, 48.2175,7, 7, 7, 27, 196, 3175, 255
1, 1, 20, 6, 317, 218, 90.1324, 96.4102,15, 13, 12, 27, 210, 3384, 270
1, 1, 20, 7, 317, 285, 77.7278, 91.0513,17, 13, 11, 29, 244, 4341, 307
1, 1, 20, 8, 317, 289, 18.0121, 25.3338,8, 3, 2, 29, 241, 4409, 304
1, 1, 20, 9, 317, 233, 0, 10.449,3, 1, 0, 27, 199, 3551, 259
1, 1, 20, 10, 317, 258, 0, 23.9469,9, 3, 0, 27, 216, 3911, 277
1, 1, 20, 11, 317, 232, 7.64223, 7.64223,6, 1, 1, 27, 198, 3549, 258
1, 1, 20, 12, 317, 216, 119.255, 124.9,19, 18, 17, 27, 202, 3347, 261
1, 1, 20, 13, 317, 239, 58.8631, 65.2909,10, 10, 9, 27, 203, 3708, 263
1, 1, 20, 14, 317, 269, 30.4786, 55.6292,14, 8, 5, 27, 235, 4181, 295
1, 1, 20, 15, 317, 262, 0, 27.3213,16, 3, 0, 28, 272, 4013, 334
1, 1, 20, 16, 317, 232, 228.695, 240.988,29, 29, 28, 28, 203, 3551, 264
1, 1, 20, 17, 317, 273, 153.957, 184.21,23, 23, 19, 29, 233, 4164, 296
1, 1, 20, 18, 317, 273, 11.6715, 30.8118,6, 4, 2, 27, 226, 4212, 287
1, 1, 20, 19, 317, 241, 34.5988, 48.5719,6, 6, 4, 27, 207, 3696, 268
1, 1, 21, 1, 314, 220, 74.133, 74.133,9, 9, 9, 26, 253, 3177, 311
1, 1, 21, 2, 314, 235, 77.4914, 96.9531,14, 13, 10, 27, 258, 3323, 318
1, 1, 21, 3, 314, 207, 50.8126, 50.8126,9, 7, 7, 26, 234, 3015, 292
1, 1, 21, 4, 314, 207, 48.546, 60.4769,9, 9, 7, 26, 248, 2972, 307
1, 1, 21, 5, 314, 207, 60.9168, 60.9168,9, 9, 9, 25, 235, 3024, 293
1, 1, 21, 6, 314, 218, 149.621, 180.055,21, 21, 17, 26, 250, 3092, 308
1, 1, 21, 7, 314, 285, 11.8803, 11.8803,6, 2, 2, 28, 284, 4119, 346
1, 1, 21, 8, 314, 289, 135.39, 144.304,16, 16, 15, 28, 278, 4157, 340
1, 1, 21, 9, 314, 233, 6.05085, 6.05085,5, 1, 1, 26, 236, 3281, 294
1, 1, 21, 10, 314, 258, 42.1529, 48.2774,12, 7, 6, 26, 254, 3741, 313
1, 1, 21, 11, 314, 232, 0, 0,6, 0, 0, 26, 239, 3281, 297
1, 1, 21, 12, 314, 216, 109.234, 124.404,17, 16, 14, 26, 236, 3148, 294
1, 1, 21, 13, 314, 239, 75.3182, 100.86,17, 14, 11, 26, 246, 3566, 305
1, 1, 21, 14, 314, 269, 256.471, 614.135,85, 81, 29, 25, 272, 3951, 330
1, 1, 21, 15, 314, 262, 356.886, 587.048,71, 70, 39, 28, 304, 3734, 365
1, 1, 21, 16, 314, 232, 159.776, 159.776,16, 16, 16, 27, 241, 3268, 300
1, 1, 21, 17, 314, 273, 280.557, 398.674,46, 41, 30, 27, 271, 3987, 331
1, 1, 21, 18, 314, 273, 36.7155, 109.074,27, 12, 4, 26, 267, 3913, 326
1, 1, 21, 19, 314, 241, 42.5867, 42.5867,6, 5, 5, 26, 245, 3515, 304
1, 1, 21, 20, 314, 317, 0, 15.2463,39, 1, 0, 28, 281, 4499, 343
1, 1, 22, 1, 294, 220, 54.9792, 92.1805,11, 11, 6, 27, 231, 3014, 290
1, 1, 22, 2, 294, 235, 15.6779, 24.8163,5, 3, 2, 28, 233, 3109, 293
1, 1, 22, 3, 294, 207, 41.3949, 57.2128,8, 8, 6, 26, 210, 2816, 269
1, 1, 22, 4, 294, 207, 21.9722, 30.8617,6, 4, 3, 27, 223, 2808, 282
1, 1, 22, 5, 294, 207, 42.8235, 54.3847,11, 8, 6, 26, 211, 2827, 270
1, 1, 22, 6, 294, 218, 28.0012, 43.9452,5, 5, 3, 26, 224, 2911, 283
1, 1, 22, 7, 294, 285, 44.6615, 63.5559,11, 10, 7, 29, 256, 3902, 318
1, 1, 22, 8, 294, 289, 23.2776, 39.7172,6, 5, 3, 29, 257, 3859, 319
1, 1, 22, 9, 294, 233, 5.73043, 27.7153,8, 3, 1, 26, 216, 3130, 274
1, 1, 22, 10, 294, 258, 33.1244, 63.7328,16, 8, 5, 27, 233, 3531, 293
1, 1, 22, 11, 294, 232, 0, 21.2283,12, 2, 0, 26, 214, 3093, 273
1, 1, 22, 12, 294, 216, 74.1373, 101.847,15, 14, 10, 26, 213, 2901, 271
1, 1, 22, 13, 294, 239, 305.227, 356.488,45, 45, 38, 27, 223, 3328, 282
1, 1, 22, 14, 294, 269, 136.967, 179.007,39, 25, 19, 26, 249, 3567, 308
1, 1, 22, 15, 294, 262, 34.2922, 67.495,13, 9, 5, 28, 281, 3562, 342
1, 1, 22, 16, 294, 232, 56.2034, 76.7889,9, 9, 7, 27, 219, 3097, 278
1, 1, 22, 17, 294, 273, 45.2995, 73.0515,8, 8, 5, 28, 247, 3595, 308
1, 1, 22, 18, 294, 273, 71.8271, 100.933,23, 12, 9, 27, 241, 3642, 301
1, 1, 22, 19, 294, 241, 255.652, 299.448,36, 35, 30, 27, 222, 3321, 281
1, 1, 22, 20, 294, 317, 80.2102, 118.051,13, 12, 8, 29, 251, 4298, 314
1, 1, 22, 21, 294, 314, 124.7, 176.323,26, 23, 16, 28, 295, 4158, 356
1, 1, 23, 1, 289, 220, 43.2559, 48.8336,8, 7, 6, 25, 234, 3087, 292
1, 1, 23, 2, 289, 235, 0, 0,0, 0, 0, 26, 238, 3361, 297
1, 1, 23, 3, 289, 207, 86.5661, 93.6531,11, 11, 10, 25, 213, 2942, 270
1, 1, 23, 4, 289, 207, 16.4258, 23.3352,3, 3, 2, 25, 227, 2977, 285
1, 1, 23, 5, 289, 207, 25.9921, 25.9921,3, 3, 3, 25, 214, 2933, 272
1, 1, 23, 6, 289, 218, 27.8909, 27.8909,4, 4, 4, 25, 230, 3043, 287
1, 1, 23, 7, 289, 285, 13.0809, 13.0809,3, 2, 2, 27, 262, 3984, 322
1, 1, 23, 8, 289, 289, 10.4005, 10.4005,1, 1, 1, 27, 259, 3983, 319
1, 1, 23, 9, 289, 233, 45.6529, 57.8528,11, 9, 7, 25, 217, 3285, 275
1, 1, 23, 10, 289, 258, 83.6897, 93.8539,13, 12, 11, 25, 235, 3583, 293
1, 1, 23, 11, 289, 232, 66.8387, 79.7772,11, 9, 8, 25, 216, 3272, 273
1, 1, 23, 12, 289, 216, 86.0964, 91.9664,11, 10, 10, 25, 215, 3035, 272
1, 1, 23, 13, 289, 239, 217.876, 320.634,45, 43, 27, 26, 222, 3382, 280
1, 1, 23, 14, 289, 269, 621.392, 1543.11,208, 199, 69, 25, 251, 3816, 309
1, 1, 23, 15, 289, 262, 61.767, 182.457,31, 22, 8, 27, 284, 3702, 344
1, 1, 23, 16, 289, 232, 20.1468, 20.1468,3, 3, 3, 26, 224, 3315, 282
1, 1, 23, 17, 289, 273, 46.8915, 46.8915,6, 6, 6, 27, 250, 3753, 310
1, 1, 23, 18, 289, 273, 363.531, 713.158,103, 98, 48, 26, 244, 3846, 302
1, 1, 23, 19, 289, 241, 242.603, 283.088,42, 39, 33, 26, 227, 3363, 285
1, 1, 23, 20, 289, 317, 45.242, 45.242,7, 7, 7, 28, 255, 4443, 317
1, 1, 23, 21, 289, 314, 234.522, 663.691,114, 83, 30, 27, 293, 4366, 353
1, 1, 23, 22, 289, 294, 585.952, 729.678,87, 87, 66, 27, 272, 4109, 332
1, 1, 24, 1, 296, 220, 74.9236, 99.9532,11, 11, 8, 26, 218, 2803, 276
1, 1, 24, 2, 296, 235, 18.166, 24.4841,7, 4, 3, 27, 263, 2865, 322
1, 1, 24, 3, 296, 207, 85.3682, 92.525,11, 11, 10, 25, 202, 2543, 259
1, 1, 24, 4, 296, 207, 42.0184, 49.0056,7, 7, 6, 26, 213, 2521, 271
1, 1, 24, 5, 296, 207, 81.35, 90.3263,12, 12, 11, 25, 201, 2550, 258
1, 1, 24, 6, 296, 218, 36.291, 36.291,6, 6, 6, 25, 213, 2672, 270
1, 1, 24, 7, 296, 285, 13.1555, 13.1555,3, 2, 2, 28, 245, 3618, 306
1, 1, 24, 8, 296, 289, 20.8979, 20.8979,4, 3, 3, 27, 247, 3464, 308
1, 1, 24, 9, 296, 233, 32.7861, 32.7861,10, 5, 5, 25, 201, 2843, 259
1, 1, 24, 10, 296, 258, 63.1362, 87.0403,15, 11, 8, 25, 219, 3253, 278
1, 1, 24, 11, 296, 232, 18.6696, 34.8661,11, 4, 2, 25, 204, 2864, 262
1, 1, 24, 12, 296, 216, 236.331, 268.385,35, 35, 30, 25, 200, 2662, 257
1, 1, 24, 13, 296, 239, 164.527, 197.766,27, 27, 22, 26, 209, 2920, 267
1, 1, 24, 14, 296, 269, 363.952, 663.214,92, 88, 44, 25, 240, 3401, 298
1, 1, 24, 15, 296, 262, 148.698, 285.264,41, 40, 20, 27, 272, 3274, 332
1, 1, 24, 16, 296, 232, 57.4994, 57.4994,9, 9, 9, 26, 206, 2833, 264
1, 1, 24, 17, 296, 273, 43.6348, 50.7434,11, 7, 6, 27, 238, 3460, 298
1, 1, 24, 18, 296, 273, 40.7036, 112.771,32, 15, 6, 26, 230, 3360, 288
1, 1, 24, 19, 296, 241, 45.545, 45.545,7, 6, 6, 26, 210, 2900, 268
1, 1, 24, 20, 296, 317, 28.7898, 37.5425,7, 5, 4, 29, 239, 3926, 301
1, 1, 24, 21, 296, 314, 290.163, 657.928,99, 90, 36, 27, 278, 3820, 338
1, 1, 24, 22, 296, 294, 137.33, 199.428,27, 27, 18, 28, 257, 3616, 317
1, 1, 24, 23, 296, 289, 231.77, 563.46,104, 71, 30, 27, 258, 3588, 317
1, 1, 25, 1, 278, 220, 104.51, 145.334,15, 15, 11, 25, 217, 2821, 275
1, 1, 25, 2, 278, 235, 19.8108, 42.6523,11, 6, 3, 26, 219, 3023, 277
1, 1, 25, 3, 278, 207, 110.756, 159.167,20, 18, 12, 25, 191, 2688, 248
1, 1, 25, 4, 278, 207, 28.1721, 59.473,13, 8, 4, 26, 203, 2721, 260
1, 1, 25, 5, 278, 207, 82.666, 109.849,18, 15, 11, 25, 197, 2671, 254
1, 1, 25, 6, 278, 218, 59.8187, 89.6855,12, 11, 7, 25, 211, 2848, 268
1, 1, 25, 7, 278, 285, 53.061, 67.1832,9, 9, 7, 28, 244, 3582, 305
1, 1, 25, 8, 278, 289, 39.4477, 56.6176,8, 7, 5, 28, 242, 3653, 303
1, 1, 25, 9, 278, 233, 24.8309, 41.0694,8, 4, 3, 25, 199, 3021, 257
1, 1, 25, 10, 278, 258, 50.811, 78.3021,18, 10, 7, 25, 213, 3344, 271
1, 1, 25, 11, 278, 232, 13.9919, 32.4642,11, 4, 2, 25, 195, 3006, 252
1, 1, 25, 12, 278, 216, 254.373, 308.449,43, 42, 34, 25, 197, 2820, 254
1, 1, 25, 13, 278, 239, 215.679, 262.492,35, 34, 27, 25, 205, 3147, 263
1, 1, 25, 14, 278, 269, 150.452, 176.071,25, 24, 21, 25, 237, 3423, 295
1, 1, 25, 15, 278, 262, 53.5821, 73.1873,9, 8, 6, 27, 268, 3315, 327
1, 1, 25, 16, 278, 232, 107.255, 123.968,15, 15, 14, 26, 202, 3025, 261
1, 1, 25, 17, 278, 273, 83.0044, 131.03,17, 15, 10, 27, 235, 3474, 295
1, 1, 25, 18, 278, 273, 28.5915, 53.8181,13, 6, 4, 26, 221, 3507, 280
1, 1, 25, 19, 278, 241, 129.737, 151.107,18, 18, 16, 26, 202, 3125, 260
1, 1, 25, 20, 278, 317, 140.562, 199.907,22, 22, 16, 28, 233, 4108, 294
1, 1, 25, 21, 278, 314, 119.269, 152.268,23, 19, 15, 27, 270, 4009, 330
1, 1, 25, 22, 278, 294, 153.564, 198.204,21, 20, 17, 27, 253, 3752, 314
1, 1, 25, 23, 278, 289, 96.1522, 119.347,15, 14, 11, 26, 249, 3666, 308
1, 1, 25, 24, 278, 296, 904.642, 1082.65,121, 121, 97, 27, 237, 3833, 297
1, 1, 26, 1, 296, 220, 0, 0,10, 0, 0, 28, 224, 2797, 284
1, 1, 26, 2, 296, 235, 0, 0,3, 0, 0, 29, 228, 2851, 289
1, 1, 26, 3, 296, 207, 53.1188, 53.1188,10, 7, 7, 27, 206, 2521, 265
1, 1, 26, 4, 296, 207, 0, 7.0946,8, 1, 0, 28, 220, 2548, 280
1, 1, 26, 5, 296, 207, 57.945, 63.8124,9, 8, 7, 27, 206, 2518, 265
1, 1, 26, 6, 296, 218, 7.31676, 7.31676,6, 1, 1, 28, 222, 2686, 282
1, 1, 26, 7, 296, 285, 18.0471, 18.0471,4, 3, 3, 30, 257, 3619, 319
1, 1, 26, 8, 296, 289, 0, 0,3, 0, 0, 30, 254, 3461, 316
1, 1, 26, 9, 296, 233, 6.67423, 6.67423,7, 1, 1, 27, 210, 2850, 270
1, 1, 26, 10, 296, 258, 0, 0,4, 0, 0, 28, 225, 3270, 286
1, 1, 26, 11, 296, 232, 0, 0,7, 0, 0, 27, 209, 2874, 269
1, 1, 26, 12, 296, 216, 135.21, 148.444,21, 20, 18, 27, 208, 2643, 267
1, 1, 26, 13, 296, 239, 139.471, 176.692,24, 23, 17, 28, 213, 2931, 274
1, 1, 26, 14, 296, 269, 19.5599, 38.2621,18, 6, 3, 28, 246, 3329, 306
1, 1, 26, 15, 296, 262, 0, 0,2, 0, 0, 29, 276, 3341, 337
1, 1, 26, 16, 296, 232, 33.0563, 33.0563,4, 4, 4, 28, 216, 2839, 276
1, 1, 26, 17, 296, 273, 19.4149, 19.4149,3, 3, 3, 29, 243, 3355, 305
1, 1, 26, 18, 296, 273, 5.69709, 11.4895,9, 2, 1, 29, 237, 3308, 299
1, 1, 26, 19, 296, 241, 81.5111, 81.5111,12, 11, 11, 28, 218, 2932, 278
1, 1, 26, 20, 296, 317, 112.286, 112.286,14, 14, 14, 30, 246, 3953, 309
1, 1, 26, 21, 296, 314, 6.25744, 6.25744,9, 1, 1, 29, 286, 3779, 348
1, 1, 26, 22, 296, 294, 83.893, 95.4472,14, 12, 10, 30, 261, 3599, 324
1, 1, 26, 23, 296, 289, 65.0896, 77.5149,11, 10, 8, 28, 264, 3640, 325
1, 1, 26, 24, 296, 296, 33.4485, 70.9228,49, 10, 5, 29, 250, 3693, 312
1, 1, 26, 25, 296, 278, 592.295, 624.023,79, 79, 74, 29, 241, 3483, 302
2, 2, 2, 1, 281, 186, 582.249, 683.493,76, 75, 62, 25, 225, 2600, 282
2, 2, 3, 1, 203, 186, 562.903, 677.551,75, 74, 58, 24, 201, 1974, 256
2, 2, 3, 2, 203, 281, 524.988, 622.312,71, 69, 57, 27, 224, 2931, 283
2, 2, 4, 1, 217, 186, 314.614, 331.304,42, 37, 35, 24, 201, 2042, 256
2, 2, 4, 2, 217, 281, 756.994, 837.165,96, 93, 81, 27, 218, 3086, 277
2, 2, 4, 3, 217, 203, 554.335, 597.253,68, 68, 61, 26, 203, 2269, 260
2, 2, 5, 1, 236, 186, 107.936, 124.577,24, 16, 14, 24, 199, 1859, 254
2, 2, 5, 2, 236, 281, 269.948, 296.854,36, 36, 32, 27, 216, 2741, 275
2, 2, 5, 3, 236, 203, 244.08, 250.369,34, 33, 32, 26, 196, 2030, 253
2, 2, 5, 4, 236, 217, 327.15, 345.517,42, 42, 39, 26, 192, 2145, 250
2, 2, 6, 1, 246, 186, 138.139, 166.245,24, 20, 16, 24, 200, 2134, 255
2, 2, 6, 2, 246, 281, 268.875, 309.285,35, 35, 29, 27, 223, 3247, 282
2, 2, 6, 3, 246, 203, 285.494, 307.363,38, 37, 34, 26, 198, 2326, 255
2, 2, 6, 4, 246, 217, 337.809, 375.228,44, 44, 39, 26, 198, 2523, 255
2, 2, 6, 5, 246, 236, 4828.72, 5051.37,194, 194, 164, 26, 192, 2705, 250
2, 2, 7, 1, 199, 186, 156.452, 184.739,27, 25, 21, 24, 199, 1963, 254
2, 2, 7, 2, 199, 281, 260.793, 303.703,36, 35, 29, 27, 221, 2909, 280
2, 2, 7, 3, 199, 203, 315.384, 351.746,47, 45, 40, 26, 197, 2097, 255
2, 2, 7, 4, 199, 217, 286.527, 325.515,36, 36, 30, 26, 195, 2232, 252
2, 2, 7, 5, 199, 236, 155.507, 161.668,22, 22, 21, 26, 192, 2431, 249
2, 2, 7, 6, 199, 246, 157.011, 177.411,24, 23, 20, 26, 198, 2505, 255
2, 2, 8, 1, 179, 186, 12.1342, 26.0447,21, 3, 2, 23, 185, 1735, 239
2, 2, 8, 2, 179, 281, 225.132, 237.726,31, 31, 29, 26, 204, 2611, 261
2, 2, 8, 3, 179, 203, 148.58, 183.901,32, 23, 18, 25, 186, 1952, 242
2, 2, 8, 4, 179, 217, 201.189, 227.72,29, 28, 24, 25, 182, 2054, 238
2, 2, 8, 5, 179, 236, 89.4083, 102.171,13, 13, 11, 25, 178, 2192, 234
2, 2, 8, 6, 179, 246, 148.801, 169.165,22, 22, 19, 25, 183, 2271, 239
2, 2, 8, 7, 179, 199, 642.961, 773.09,87, 87, 70, 25, 187, 1897, 243
2, 2, 9, 1, 272, 186, 74.674, 97.9126,13, 13, 10, 24, 223, 2155, 278
2, 2, 9, 2, 272, 281, 148.129, 167.747,23, 20, 17, 27, 245, 3200, 304
2, 2, 9, 3, 272, 203, 140.193, 152.805,21, 21, 19, 26, 223, 2311, 281
2, 2, 9, 4, 272, 217, 86.1708, 102.541,14, 14, 12, 27, 222, 2545, 281
2, 2, 9, 5, 272, 236, 44.1357, 49.7258,9, 8, 7, 26, 217, 2674, 275
2, 2, 9, 6, 272, 246, 61.0901, 67.14,11, 11, 10, 26, 221, 2792, 279
2, 2, 9, 7, 272, 199, 156.128, 190.019,26, 25, 20, 27, 222, 2289, 281
2, 2, 9, 8, 272, 179, 90.6278, 110.188,20, 15, 12, 25, 208, 2097, 264
2, 2, 10, 1, 285, 186, 7.3368, 19.9445,12, 2, 1, 25, 225, 2621, 282
2, 2, 10, 2, 285, 281, 83.0938, 88.812,15, 12, 12, 28, 251, 3920, 312
2, 2, 10, 3, 285, 203, 119.912, 150.736,24, 23, 18, 27, 226, 2872, 285
2, 2, 10, 4, 285, 217, 102.545, 129.229,21, 18, 15, 28, 226, 3056, 286
2, 2, 10, 5, 285, 236, 52.1014, 57.6845,8, 8, 7, 28, 221, 3345, 282
2, 2, 10, 6, 285, 246, 50.4414, 56.1572,9, 7, 7, 27, 223, 3567, 283
2, 2, 10, 7, 285, 199, 128.214, 159.753,24, 22, 17, 28, 228, 2891, 288
2, 2, 10, 8, 285, 179, 154.605, 210.021,30, 25, 19, 26, 222, 2678, 280
2, 2, 10, 9, 285, 272, 478.931, 551.628,68, 68, 57, 28, 249, 3867, 310
2, 2, 11, 1, 297, 186, 105.54, 124.254,19, 18, 15, 28, 243, 2735, 303
2, 2, 11, 2, 297, 281, 79.6513, 85.5228,15, 13, 12, 30, 262, 4063, 325
2, 2, 11, 3, 297, 203, 135.902, 135.902,19, 18, 18, 28, 236, 2955, 296
2, 2, 11, 4, 297, 217, 74.9265, 88.123,17, 12, 10, 29, 239, 3124, 301
2, 2, 11, 5, 297, 236, 48.1946, 61.4776,13, 8, 6, 29, 234, 3409, 296
2, 2, 11, 6, 297, 246, 101.045, 120.968,23, 17, 14, 29, 242, 3569, 303
2, 2, 11, 7, 297, 199, 43.4924, 43.4924,6, 6, 6, 29, 235, 2895, 296
2, 2, 11, 8, 297, 179, 0, 0,4, 0, 0, 28, 221, 2663, 280
2, 2, 11, 9, 297, 272, 12.698, 12.698,3, 2, 2, 29, 267, 3945, 329
2, 2, 11, 10, 297, 285, 0, 0,4, 0, 0, 30, 287, 4063, 351
2, 2, 12, 1, 275, 186, 148.753, 192.696,26, 25, 19, 26, 240, 2525, 298
2, 2, 12, 2, 275, 281, 116.812, 128.978,19, 18, 16, 29, 256, 3789, 317
2, 2, 12, 3, 275, 203, 131.608, 171.911,23, 22, 16, 27, 232, 2797, 291
2, 2, 12, 4, 275, 217, 112.9, 142.747,21, 19, 15, 28, 231, 2950, 291
2, 2, 12, 5, 275, 236, 148.307, 190.164,27, 26, 20, 28, 225, 3193, 286
2, 2, 12, 6, 275, 246, 143.055, 169.761,22, 22, 18, 28, 229, 3570, 290
2, 2, 12, 7, 275, 199, 58.4753, 65.8657,10, 9, 8, 28, 231, 2699, 291
2, 2, 12, 8, 275, 179, 28.8451, 28.8451,5, 4, 4, 27, 215, 2457, 274
2, 2, 12, 9, 275, 272, 51.4703, 72.0974,10, 10, 7, 28, 253, 3665, 314
2, 2, 12, 10, 275, 285, 46.2868, 64.8718,11, 9, 7, 29, 254, 3931, 316
2, 2, 12, 11, 275, 297, 685.401, 1003.62,117, 117, 76, 30, 306, 4052, 370
2, 2, 13, 1, 251, 186, 20.7013, 63.7613,23, 8, 3, 25, 228, 2488, 285
2, 2, 13, 2, 251, 281, 160.139, 191.608,24, 24, 19, 28, 229, 3666, 289
2, 2, 13, 3, 251, 203, 105.854, 137.055,30, 18, 14, 26, 214, 2578, 272
2, 2, 13, 4, 251, 217, 152.326, 166.042,24, 24, 22, 27, 211, 2820, 269
2, 2, 13, 5, 251, 236, 196.576, 223.931,31, 31, 27, 26, 203, 3018, 262
2, 2, 13, 6, 251, 246, 189.767, 227.718,29, 29, 24, 27, 210, 3088, 269
2, 2, 13, 7, 251, 199, 84.0069, 92.0432,13, 13, 12, 27, 206, 2502, 265
2, 2, 13, 8, 251, 179, 53.781, 53.781,8, 8, 8, 26, 192, 2275, 250
2, 2, 13, 9, 251, 272, 45.2059, 60.8388,10, 8, 7, 27, 236, 3360, 295
2, 2, 13, 10, 251, 285, 40.358, 46.0121,8, 7, 6, 28, 232, 3581, 292
2, 2, 13, 11, 251, 297, 5.90076, 95.2554,56, 10, 1, 30, 247, 3782, 309
2, 2, 13, 12, 251, 275, 683.771, 724.783,84, 84, 78, 28, 240, 3461, 301
2, 2, 14, 1, 264, 186, 91.9759, 127.263,23, 17, 12, 24, 210, 2082, 265
2, 2, 14, 2, 264, 281, 86.5469, 121.696,24, 16, 12, 27, 230, 3081, 290
2, 2, 14, 3, 264, 203, 197.628, 267.767,38, 36, 26, 26, 204, 2267, 262
2, 2, 14, 4, 264, 217, 177.434, 201.884,27, 27, 24, 26, 211, 2448, 269
2, 2, 14, 5, 264, 236, 166.052, 184.258,24, 24, 21, 26, 198, 2696, 256
2, 2, 14, 6, 264, 246, 209.939, 247.236,30, 30, 25, 26, 210, 2723, 268
2, 2, 14, 7, 264, 199, 101.705, 134.203,21, 19, 14, 26, 208, 2260, 266
2, 2, 14, 8, 264, 179, 94.2925, 94.2925,14, 13, 13, 25, 190, 2069, 247
2, 2, 14, 9, 264, 272, 42.7548, 42.7548,8, 7, 7, 28, 238, 3129, 298
2, 2, 14, 10, 264, 285, 46.4714, 46.4714,8, 7, 7, 28, 230, 3060, 290
2, 2, 14, 11, 264, 297, 63.3693, 77.0336,12, 12, 10, 29, 241, 3252, 302
2, 2, 14, 12, 264, 275, 123.993, 148.788,17, 17, 14, 28, 233, 3035, 293
2, 2, 14, 13, 264, 251, 113.211, 129.471,17, 13, 11, 26, 210, 2833, 268
2, 2, 15, 1, 252, 186, 26.3071, 37.1723,12, 4, 3, 24, 189, 1968, 244
2, 2, 15, 2, 252, 281, 77.4152, 95.6604,22, 13, 11, 26, 211, 3069, 269
2, 2, 15, 3, 252, 203, 100.668, 108.522,22, 15, 14, 25, 188, 2146, 244
2, 2, 15, 4, 252, 217, 90.8721, 101.335,13, 13, 12, 26, 188, 2296, 245
2, 2, 15, 5, 252, 236, 121.704, 134.288,18, 18, 16, 25, 179, 2457, 236
2, 2, 15, 6, 252, 246, 158.802, 187.641,25, 25, 21, 25, 187, 2561, 244
2, 2, 15, 7, 252, 199, 67.3899, 74.387,14, 10, 9, 25, 182, 2078, 239
2, 2, 15, 8, 252, 179, 85.366, 85.366,11, 11, 11, 25, 174, 1918, 230
2, 2, 15, 9, 252, 272, 23.9974, 23.9974,7, 3, 3, 26, 218, 3039, 277
2, 2, 15, 10, 252, 285, 23.0678, 23.0678,3, 3, 3, 26, 229, 2989, 288
2, 2, 15, 11, 252, 297, 6.01996, 14.0505,8, 2, 1, 28, 226, 3247, 286
2, 2, 15, 12, 252, 275, 84.4946, 84.4946,11, 11, 11, 27, 216, 2885, 275
2, 2, 15, 13, 252, 251, 127.356, 127.356,18, 16, 16, 25, 194, 2625, 251
2, 2, 15, 14, 252, 264, 815.38, 943.187,105, 105, 88, 25, 192, 2777, 249
2, 2, 16, 1, 276, 186, 56.8566, 81.7656,14, 11, 8, 26, 210, 2245, 268
2, 2, 16, 2, 276, 281, 0, 13.181,14, 2, 0, 29, 232, 3278, 294
2, 2, 16, 3, 276, 203, 76.8288, 76.8288,12, 11, 11, 28, 216, 2509, 276
2, 2, 16, 4, 276, 217, 68.4664, 68.4664,9, 9, 9, 30, 211, 2491, 273
2, 2, 16, 5, 276, 236, 64.5614, 77.1371,11, 11, 9, 28, 212, 2797, 272
2, 2, 16, 6, 276, 246, 58.8848, 65.2439,11, 9, 8, 28, 209, 2861, 270
2, 2, 16, 7, 276, 199, 186.315, 205.477,27, 24, 22, 29, 215, 2307, 276
2, 2, 16, 8, 276, 179, 119.25, 119.25,17, 16, 16, 27, 194, 2383, 253
2, 2, 16, 9, 276, 272, 74.5188, 88.6034,19, 13, 11, 29, 242, 3185, 304
2, 2, 16, 10, 276, 285, 48.3214, 60.6453,17, 8, 7, 30, 237, 3262, 301
2, 2, 16, 11, 276, 297, 6.46243, 6.46243,2, 1, 1, 32, 251, 3485, 316
2, 2, 16, 12, 276, 275, 28.0637, 28.0637,5, 4, 4, 31, 244, 3180, 308
2, 2, 16, 13, 276, 251, 5.67239, 5.67239,5, 1, 1, 29, 221, 3021, 283
2, 2, 16, 14, 276, 264, 78.1104, 93.3744,12, 12, 10, 29, 217, 3105, 280
2, 2, 16, 15, 276, 252, 82.563, 82.563,11, 10, 10, 29, 293, 3241, 356
2, 2, 17, 1, 246, 186, 23.1213, 23.1213,8, 3, 3, 26, 205, 2352, 263
2, 2, 17, 2, 246, 281, 47.6443, 47.6443,12, 7, 7, 28, 233, 3109, 293
2, 2, 17, 3, 246, 203, 85.3377, 103.086,19, 16, 13, 27, 207, 2383, 266
2, 2, 17, 4, 246, 217, 81.0348, 81.0348,12, 12, 12, 28, 203, 2530, 263
2, 2, 17, 5, 246, 236, 45.2134, 45.2134,8, 7, 7, 27, 203, 2633, 262
2, 2, 17, 6, 246, 246, 39.6765, 39.6765,7, 6, 6, 27, 204, 2909, 263
2, 2, 17, 7, 246, 199, 135.597, 171.208,23, 22, 17, 28, 203, 2324, 262
2, 2, 17, 8, 246, 179, 134.396, 158.813,23, 23, 19, 26, 188, 2078, 245
2, 2, 17, 9, 246, 272, 124.573, 149.2,21, 21, 17, 27, 269, 3205, 329
2, 2, 17, 10, 246, 285, 57.0659, 70.579,18, 10, 8, 30, 251, 3246, 315
2, 2, 17, 11, 246, 297, 0, 0,3, 0, 0, 31, 266, 3366, 331
2, 2, 17, 12, 246, 275, 38.16, 38.16,6, 5, 5, 29, 353, 3102, 416
2, 2, 17, 13, 246, 251, 58.0505, 58.0505,9, 8, 8, 28, 265, 2853, 325
2, 2, 17, 14, 246, 264, 64.8578, 70.509,11, 10, 9, 28, 241, 3051, 302
2, 2, 17, 15, 246, 252, 41.5817, 47.5907,7, 6, 5, 27, 216, 2864, 276
2, 2, 17, 16, 246, 276, 898.781, 1001.78,105, 105, 92, 30, 235, 3296, 298
2, 2, 18, 1, 250, 186, 0, 7.66284,12, 1, 0, 24, 221, 2158, 276
2, 2, 18, 2, 250, 281, 96.8446, 106.627,19, 13, 12, 27, 227, 3223, 286
2, 2, 18, 3, 250, 203, 6.07137, 11.9222,8, 2, 1, 26, 203, 2327, 260
2, 2, 18, 4, 250, 217, 32.1746, 40.6295,7, 6, 5, 26, 202, 2532, 259
2, 2, 18, 5, 250, 236, 60.9285, 60.9285,8, 8, 8, 26, 197, 2636, 255
2, 2, 18, 6, 250, 246, 68.7856, 68.7856,9, 9, 9, 25, 203, 2765, 261
2, 2, 18, 7, 250, 199, 81.7844, 124.322,27, 16, 12, 26, 197, 2299, 254
2, 2, 18, 8, 250, 179, 186.949, 223.497,28, 27, 22, 24, 193, 2081, 248
2, 2, 18, 9, 250, 272, 5.90271, 12.6993,12, 2, 1, 26, 232, 3098, 290
2, 2, 18, 10, 250, 285, 71.06, 78.1045,12, 10, 9, 28, 227, 3266, 288
2, 2, 18, 11, 250, 297, 0, 0,4, 0, 0, 28, 236, 3351, 297
2, 2, 18, 12, 250, 275, 18.6033, 18.6033,3, 2, 2, 27, 229, 3094, 288
2, 2, 18, 13, 250, 251, 25.6237, 25.6237,4, 4, 4, 26, 210, 2963, 269
2, 2, 18, 14, 250, 264, 65.047, 65.047,9, 9, 9, 26, 207, 3164, 267
2, 2, 18, 15, 250, 252, 60.2918, 60.2918,8, 7, 7, 26, 193, 3006, 252
2, 2, 18, 16, 250, 276, 234.17, 351.983,73, 41, 27, 30, 240, 3297, 303
2, 2, 18, 17, 250, 246, 722.843, 814.181,88, 88, 77, 28, 208, 2810, 269
2, 2, 19, 1, 265, 186, 30.6046, 40.6655,11, 6, 5, 26, 249, 2459, 306
2, 2, 19, 2, 265, 281, 106.854, 106.854,19, 14, 14, 29, 229, 3670, 291
2, 2, 19, 3, 265, 203, 95.1163, 95.1163,14, 12, 12, 28, 214, 2703, 274
2, 2, 19, 4, 265, 217, 99.9959, 106.576,16, 15, 14, 28, 239, 2885, 299
2, 2, 19, 5, 265, 236, 42.4842, 42.4842,6, 6, 6, 27, 202, 3049, 262
2, 2, 19, 6, 265, 246, 99.6471, 105.756,13, 13, 12, 27, 211, 3229, 271
2, 2, 19, 7, 265, 199, 145.789, 157.069,23, 22, 20, 28, 209, 2609, 269
2, 2, 19, 8, 265, 179, 93.3973, 99.7515,15, 15, 14, 27, 193, 2369, 252
2, 2, 19, 9, 265, 272, 188.685, 206.204,33, 29, 26, 28, 232, 3509, 293
2, 2, 19, 10, 265, 285, 201.101, 233.753,33, 33, 28, 29, 230, 3668, 292
2, 2, 19, 11, 265, 297, 0, 8.00642,5, 1, 0, 30, 244, 3760, 307
2, 2, 19, 12, 265, 275, 47.3047, 47.3047,7, 7, 7, 29, 234, 3494, 296
2, 2, 19, 13, 265, 251, 52.4572, 52.4572,8, 8, 8, 27, 216, 3195, 275
2, 2, 19, 14, 265, 264, 72.5211, 72.5211,9, 9, 9, 27, 209, 3416, 269
2, 2, 19, 15, 265, 252, 67.6306, 67.6306,8, 8, 8, 26, 193, 3218, 251
2, 2, 19, 16, 265, 276, 236.901, 283.08,37, 36, 29, 30, 254, 3683, 317
2, 2, 19, 17, 265, 246, 229.456, 247.74,34, 34, 31, 29, 255, 3205, 316
2, 2, 19, 18, 265, 250, 200.788, 241.165,33, 32, 26, 27, 208, 3294, 267
2, 2, 20, 1, 264, 186, 59.7694, 74.208,13, 10, 8, 25, 219, 2056, 276
2, 2, 20, 2, 264, 281, 78.7327, 85.981,14, 13, 12, 29, 259, 3050, 320
2, 2, 20, 3, 264, 203, 40.2243, 40.2243,8, 6, 6, 27, 221, 2243, 280
2, 2, 20, 4, 264, 217, 77.0649, 77.0649,12, 12, 12, 28, 223, 2415, 283
2, 2, 20, 5, 264, 236, 57.3128, 57.3128,8, 8, 8, 27, 213, 2714, 272
2, 2, 20, 6, 264, 246, 65.6804, 72.7726,9, 9, 8, 27, 221, 2799, 280
2, 2, 20, 7, 264, 199, 69.6492, 75.2114,12, 11, 10, 28, 228, 2253, 288
2, 2, 20, 8, 264, 179, 141.038, 141.038,18, 18, 18, 26, 215, 2006, 273
2, 2, 20, 9, 264, 272, 207.854, 219.558,30, 29, 27, 28, 245, 3069, 305
2, 2, 20, 10, 264, 285, 146.17, 146.17,22, 21, 21, 29, 243, 3071, 304
2, 2, 20, 11, 264, 297, 5.59651, 5.59651,1, 1, 1, 30, 260, 3176, 323
2, 2, 20, 12, 264, 275, 29.4238, 36.5917,3, 3, 2, 29, 248, 3058, 309
2, 2, 20, 13, 264, 251, 12.2158, 18.134,4, 3, 2, 28, 231, 2758, 290
2, 2, 20, 14, 264, 264, 36.9466, 42.539,6, 6, 5, 28, 228, 2876, 287
2, 2, 20, 15, 264, 252, 66.7807, 86.5628,11, 11, 8, 26, 207, 2797, 265
2, 2, 20, 16, 264, 276, 211.831, 228.134,28, 28, 26, 30, 235, 3099, 298
2, 2, 20, 17, 264, 246, 141.576, 149.434,21, 20, 19, 28, 226, 2788, 286
2, 2, 20, 18, 264, 250, 120.184, 128.789,23, 17, 16, 28, 229, 2744, 289
2, 2, 20, 19, 264, 265, 827.289, 937.899,100, 99, 84, 29, 231, 2963, 293
2, 2, 21, 1, 254, 186, 63.5398, 70.9647,12, 10, 9, 26, 200, 2168, 258
2, 2, 21, 2, 254, 281, 108.55, 116.846,17, 16, 15, 29, 218, 3199, 280
2, 2, 21, 3, 254, 203, 94.5926, 100.281,14, 14, 13, 28, 209, 2353, 269
2, 2, 21, 4, 254, 217, 90.7738, 106.755,13, 13, 11, 29, 207, 2647, 268
2, 2, 21, 5, 254, 236, 50.1251, 58.4078,8, 8, 7, 28, 196, 2806, 256
2, 2, 21, 6, 254, 246, 51.3129, 59.4729,9, 8, 7, 28, 204, 2943, 265
2, 2, 21, 7, 254, 199, 165.399, 197.913,26, 26, 21, 29, 198, 2313, 259
2, 2, 21, 8, 254, 179, 53.5243, 73.0665,18, 10, 7, 27, 199, 2165, 258
2, 2, 21, 9, 254, 272, 336.315, 369.31,45, 44, 40, 29, 226, 3202, 288
2, 2, 21, 10, 254, 285, 147.207, 152.958,26, 20, 19, 30, 225, 3260, 288
2, 2, 21, 11, 254, 297, 18.9658, 18.9658,3, 3, 3, 31, 277, 3595, 341
2, 2, 21, 12, 254, 275, 39.5566, 39.5566,7, 5, 5, 30, 233, 3195, 296
2, 2, 21, 13, 254, 251, 0, 0,3, 0, 0, 29, 213, 2880, 275
2, 2, 21, 14, 254, 264, 59.6592, 65.6487,9, 9, 8, 29, 209, 3037, 271
2, 2, 21, 15, 254, 252, 16.0293, 23.5054,8, 3, 2, 28, 187, 3080, 248
2, 2, 21, 16, 254, 276, 255.685, 289.276,41, 41, 36, 31, 216, 3193, 281
2, 2, 21, 17, 254, 246, 82.9714, 102.947,24, 13, 11, 30, 209, 2891, 273
2, 2, 21, 18, 254, 250, 0, 23.1051,20, 3, 0, 27, 223, 3012, 283
2, 2, 21, 19, 254, 265, 177.172, 261.922,65, 31, 21, 30, 214, 3227, 276
2, 2, 21, 20, 254, 264, 601.724, 634.779,72, 71, 67, 30, 259, 3217, 321
2, 2, 22, 1, 402, 186, 73.4007, 73.4007,12, 10, 10, 29, 265, 3338, 326
2, 2, 22, 2, 402, 281, 37.452, 37.452,11, 6, 6, 32, 283, 5007, 350
2, 2, 22, 3, 402, 203, 108.696, 122.529,15, 15, 13, 31, 262, 3637, 327
2, 2, 22, 4, 402, 217, 57.0796, 69.5779,13, 10, 8, 31, 259, 3910, 324
2, 2, 22, 5, 402, 236, 60.4499, 60.4499,11, 7, 7, 31, 253, 4201, 318
2, 2, 22, 6, 402, 246, 92.4711, 98.8928,18, 12, 11, 31, 268, 4329, 332
2, 2, 22, 7, 402, 199, 54.3784, 61.0493,12, 8, 7, 31, 256, 3691, 320
2, 2, 22, 8, 402, 179, 25.4158, 32.0082,14, 5, 4, 30, 248, 3369, 311
2, 2, 22, 9, 402, 272, 25.5796, 36.6883,6, 5, 4, 31, 284, 4983, 350
2, 2, 22, 10, 402, 285, 29.6015, 36.6397,7, 6, 5, 32, 286, 5171, 352
2, 2, 22, 11, 402, 297, 565.94, 1200.5,140, 138, 64, 34, 299, 5357, 368
2, 2, 22, 12, 402, 275, 235.932, 431.242,51, 45, 24, 32, 291, 5000, 358
2, 2, 22, 13, 402, 251, 5.91714, 13.2694,19, 2, 1, 30, 267, 4418, 332
2, 2, 22, 14, 402, 264, 214.567, 227.789,32, 32, 30, 31, 312, 4801, 377
2, 2, 22, 15, 402, 252, 0, 0,12, 0, 0, 30, 250, 4814, 315
2, 2, 22, 16, 402, 276, 28.1733, 47.3347,9, 7, 4, 33, 276, 4863, 344
2, 2, 22, 17, 402, 246, 32.4937, 32.4937,5, 5, 5, 31, 265, 4315, 331
2, 2, 22, 18, 402, 250, 0, 0,7, 0, 0, 30, 308, 4443, 371
2, 2, 22, 19, 402, 265, 26.3133, 35.2376,7, 5, 4, 32, 270, 4984, 336
2, 2, 22, 20, 402, 264, 11.8581, 17.4311,4, 3, 2, 32, 281, 4762, 347
2, 2, 22, 21, 402, 254, 53.8637, 53.8637,8, 7, 7, 32, 258, 4485, 325
2, 2, 23, 1, 297, 186, 93.3611, 111.416,23, 16, 13, 26, 232, 2832, 289
2, 2, 23, 2, 297, 281, 111.444, 141.679,21, 20, 15, 28, 243, 4110, 305
2, 2, 23, 3, 297, 203, 146.398, 159.612,19, 19, 17, 27, 227, 2936, 287
2, 2, 23, 4, 297, 217, 124.946, 163.175,20, 20, 14, 28, 228, 3160, 289
2, 2, 23, 5, 297, 236, 149.693, 187.879,25, 25, 19, 27, 219, 3412, 279
2, 2, 23, 6, 297, 246, 216.531, 261.123,29, 29, 23, 27, 223, 3570, 283
2, 2, 23, 7, 297, 199, 98.7472, 120.76,17, 17, 14, 27, 225, 2899, 284
2, 2, 23, 8, 297, 179, 58.3009, 58.3009,8, 8, 8, 26, 210, 2598, 268
2, 2, 23, 9, 297, 272, 32.5862, 39.1654,7, 6, 5, 27, 255, 3955, 316
2, 2, 23, 10, 297, 285, 0, 0,0, 0, 0, 29, 254, 4058, 316
2, 2, 23, 11, 297, 297, 155.838, 176.368,22, 21, 18, 30, 270, 4306, 333
2, 2, 23, 12, 297, 275, 217.192, 244.731,34, 34, 30, 29, 257, 4167, 320
2, 2, 23, 13, 297, 251, 246.959, 307.853,38, 37, 29, 27, 250, 3808, 310
2, 2, 23, 14, 297, 264, 209.116, 240.922,34, 34, 29, 27, 235, 3906, 295
2, 2, 23, 15, 297, 252, 190.629, 232.66,32, 32, 26, 26, 215, 3698, 274
2, 2, 23, 16, 297, 276, 10.0367, 10.0367,1, 1, 1, 29, 234, 3952, 297
2, 2, 23, 17, 297, 246, 12.8745, 12.8745,2, 2, 2, 28, 228, 3655, 289
2, 2, 23, 18, 297, 250, 35.1418, 35.1418,7, 4, 4, 27, 230, 3697, 290
2, 2, 23, 19, 297, 265, 19.1586, 19.1586,3, 3, 3, 29, 235, 3919, 297
2, 2, 23, 20, 297, 264, 20.0419, 20.0419,3, 3, 3, 29, 244, 3770, 306
2, 2, 23, 21, 297, 254, 24.3475, 36.9293,4, 4, 3, 29, 223, 3647, 285
2, 2, 23, 22, 297, 402, 541.974, 643.723,80, 79, 64, 31, 283, 5737, 350
2, 2, 24, 1, 317, 186, 17.2617, 29.6864,9, 4, 2, 26, 221, 2904, 279
2, 2, 24, 2, 317, 281, 57.361, 74.6535,10, 9, 7, 29, 236, 4304, 298
2, 2, 24, 3, 317, 203, 61.4973, 61.4973,9, 9, 9, 28, 220, 3146, 280
2, 2, 24, 4, 317, 217, 58.6681, 71.8345,10, 9, 7, 28, 219, 3326, 280
2, 2, 24, 5, 317, 236, 21.2347, 33.3003,7, 5, 3, 28, 213, 3608, 274
2, 2, 24, 6, 317, 246, 61.4805, 73.1944,12, 11, 9, 28, 216, 3734, 277
2, 2, 24, 7, 317, 199, 136.909, 168.598,23, 23, 18, 28, 214, 3076, 275
2, 2, 24, 8, 317, 179, 119.519, 119.519,17, 17, 17, 27, 202, 2774, 261
2, 2, 24, 9, 317, 272, 52.8476, 52.8476,7, 7, 7, 29, 241, 4164, 303
2, 2, 24, 10, 317, 285, 77.7278, 91.0513,17, 13, 11, 30, 241, 4347, 304
2, 2, 24, 11, 317, 297, 0, 6.85554,4, 1, 0, 31, 254, 4559, 318
2, 2, 24, 12, 317, 275, 35.642, 42.0752,6, 6, 5, 29, 247, 4232, 310
2, 2, 24, 13, 317, 251, 50.7224, 56.7935,9, 7, 6, 28, 229, 3888, 290
2, 2, 24, 14, 317, 264, 82.3502, 89.9657,14, 14, 13, 28, 222, 4015, 284
2, 2, 24, 15, 317, 252, 107.751, 114.922,19, 17, 16, 27, 203, 3874, 263
2, 2, 24, 16, 317, 276, 321.345, 374.326,46, 46, 39, 31, 229, 4240, 294
2, 2, 24, 17, 317, 246, 406.074, 451.596,53, 51, 45, 29, 221, 3839, 283
2, 2, 24, 18, 317, 250, 333.968, 378.251,46, 45, 39, 28, 227, 3864, 288
2, 2, 24, 19, 317, 265, 190.441, 196.758,24, 24, 23, 29, 224, 4088, 286
2, 2, 24, 20, 317, 264, 144.402, 155.855,22, 22, 20, 29, 237, 4043, 300
2, 2, 24, 21, 317, 254, 198.509, 240.564,34, 34, 28, 30, 216, 3910, 280
2, 2, 24, 22, 317, 402, 30.712, 30.712,7, 5, 5, 32, 279, 6092, 346
2, 2, 24, 23, 317, 297, 40.4587, 40.4587,6, 6, 6, 29, 246, 4530, 309
2, 2, 25, 1, 361, 186, 55.499, 55.499,12, 8, 8, 28, 247, 3241, 307
2, 2, 25, 2, 361, 281, 11.5256, 22.401,13, 3, 2, 30, 267, 4767, 332
2, 2, 25, 3, 361, 203, 99.1587, 104.893,15, 15, 14, 29, 246, 3588, 309
2, 2, 25, 4, 361, 217, 79.3675, 85.861,12, 11, 10, 30, 244, 3713, 307
2, 2, 25, 5, 361, 236, 77.8078, 90.9512,11, 11, 9, 29, 240, 4029, 303
2, 2, 25, 6, 361, 246, 93.5311, 105.958,15, 14, 12, 30, 248, 4247, 311
2, 2, 25, 7, 361, 199, 67.3938, 74.5831,11, 10, 9, 30, 244, 3422, 307
2, 2, 25, 8, 361, 179, 14.2051, 14.2051,4, 2, 2, 29, 230, 3085, 291
2, 2, 25, 9, 361, 272, 19.9698, 26.8176,4, 4, 3, 30, 277, 4701, 341
2, 2, 25, 10, 361, 285, 6.46604, 12.5871,3, 2, 1, 31, 269, 4875, 334
2, 2, 25, 11, 361, 297, 121.614, 127.421,19, 19, 18, 32, 283, 5057, 350
2, 2, 25, 12, 361, 275, 64.9662, 77.78,16, 10, 8, 31, 276, 4685, 342
2, 2, 25, 13, 361, 251, 24.8838, 36.9268,17, 4, 3, 30, 254, 4322, 318
2, 2, 25, 14, 361, 264, 305.93, 331.713,43, 43, 39, 30, 252, 4525, 316
2, 2, 25, 15, 361, 252, 215.003, 247.007,29, 29, 25, 29, 241, 4340, 304
2, 2, 25, 16, 361, 276, 60.5217, 101.847,14, 13, 7, 32, 258, 4753, 324
2, 2, 25, 17, 361, 246, 15.8836, 23.3475,3, 3, 2, 31, 249, 4223, 315
2, 2, 25, 18, 361, 250, 5.77374, 5.77374,3, 1, 1, 29, 247, 4364, 310
2, 2, 25, 19, 361, 265, 34.2926, 42.1142,5, 5, 4, 31, 251, 4529, 316
2, 2, 25, 20, 361, 264, 34.0412, 34.0412,5, 5, 5, 31, 268, 4458, 333
2, 2, 25, 21, 361, 254, 29.0703, 29.0703,4, 4, 4, 31, 245, 4437, 311
2, 2, 25, 22, 361, 402, 461.368, 596.475,77, 77, 58, 34, 304, 6819, 374
2, 2, 25, 23, 361, 297, 244.923, 285.409,38, 38, 32, 31, 271, 5079, 337
2, 2, 25, 24, 361, 317, 40.7373, 53.2499,8, 7, 5, 32, 266, 5427, 333
2, 2, 26, 1, 294, 186, 12.4062, 44.7112,20, 6, 2, 26, 234, 2575, 292
2, 2, 26, 2, 294, 281, 76.9393, 125.439,20, 15, 10, 28, 257, 3830, 318
2, 2, 26, 3, 294, 203, 61.553, 89.88,15, 11, 8, 27, 236, 2722, 295
2, 2, 26, 4, 294, 217, 109.152, 132.221,18, 18, 15, 28, 233, 2961, 293
2, 2, 26, 5, 294, 236, 90.5238, 96.342,14, 13, 12, 27, 229, 3212, 288
2, 2, 26, 6, 294, 246, 113.448, 126.924,17, 17, 15, 27, 232, 3335, 291
2, 2, 26, 7, 294, 199, 82.1261, 105.473,14, 14, 11, 27, 233, 2652, 292
2, 2, 26, 8, 294, 179, 67.8398, 81.4041,12, 12, 10, 26, 224, 2540, 281
2, 2, 26, 9, 294, 272, 44.9967, 57.4268,11, 9, 7, 28, 263, 3691, 324
2, 2, 26, 10, 294, 285, 44.6615, 63.5559,11, 10, 7, 29, 261, 3892, 323
2, 2, 26, 11, 294, 297, 33.4356, 39.354,13, 6, 5, 30, 271, 3986, 334
2, 2, 26, 12, 294, 275, 67.5756, 73.1394,11, 10, 9, 29, 264, 3704, 326
2, 2, 26, 13, 294, 251, 94.9785, 127.462,17, 16, 12, 28, 244, 3384, 304
2, 2, 26, 14, 294, 264, 222.689, 249.411,33, 33, 29, 27, 236, 3597, 297
2, 2, 26, 15, 294, 252, 240.745, 257.035,32, 32, 30, 27, 226, 3429, 285
2, 2, 26, 16, 294, 276, 40.4658, 52.9246,5, 5, 4, 30, 249, 3767, 312
2, 2, 26, 17, 294, 246, 49.9276, 67.8024,10, 9, 7, 28, 238, 3313, 299
2, 2, 26, 18, 294, 250, 41.8569, 62.7712,8, 6, 4, 27, 236, 3383, 296
2, 2, 26, 19, 294, 265, 22.8972, 22.8972,3, 3, 3, 28, 248, 3701, 309
2, 2, 26, 20, 294, 264, 40.8627, 40.8627,6, 6, 6, 29, 252, 3489, 314
2, 2, 26, 21, 294, 254, 0, 26.5852,9, 3, 0, 29, 231, 3528, 293
2, 2, 26, 22, 294, 402, 61.0028, 85.3205,34, 11, 8, 32, 291, 5444, 358
2, 2, 26, 23, 294, 297, 310.523, 334.632,42, 41, 38, 28, 259, 3987, 321
2, 2, 26, 24, 294, 317, 80.2102, 118.051,13, 12, 8, 29, 251, 4417, 314
2, 2, 26, 25, 294, 361, 568.567, 651.555,75, 75, 62, 31, 282, 4867, 348
2, 2, 27, 1, 296, 186, 41.487, 87.456,21, 11, 5, 26, 228, 2298, 286
2, 2, 27, 2, 296, 281, 15.9239, 29.8582,17, 4, 2, 29, 246, 3434, 308
2, 2, 27, 3, 296, 203, 126.449, 147.108,20, 19, 16, 28, 232, 2502, 291
2, 2, 27, 4, 296, 217, 115.678, 139.899,21, 19, 15, 29, 227, 2735, 288
2, 2, 27, 5, 296, 236, 107.818, 130.54,17, 17, 14, 29, 227, 2903, 288
2, 2, 27, 6, 296, 246, 126.927, 154.488,21, 20, 16, 29, 226, 3079, 287
2, 2, 27, 7, 296, 199, 97.1181, 103.608,15, 15, 14, 29, 225, 2531, 285
2, 2, 27, 8, 296, 179, 67.9862, 74.8527,10, 9, 8, 28, 212, 2219, 271
2, 2, 27, 9, 296, 272, 24.5088, 37.287,10, 6, 4, 29, 253, 3406, 315
2, 2, 27, 10, 296, 285, 18.0471, 18.0471,4, 3, 3, 31, 253, 3623, 316
2, 2, 27, 11, 296, 297, 47.6291, 47.6291,14, 8, 8, 31, 269, 3733, 333
2, 2, 27, 12, 296, 275, 36.5584, 36.5584,6, 5, 5, 30, 258, 3415, 321
2, 2, 27, 13, 296, 251, 6.10605, 6.10605,7, 1, 1, 28, 235, 3109, 296
2, 2, 27, 14, 296, 264, 184.36, 205.321,27, 27, 24, 29, 231, 3323, 292
2, 2, 27, 15, 296, 252, 125.688, 144.488,19, 19, 16, 28, 214, 3189, 274
2, 2, 27, 16, 296, 276, 114.009, 131.012,21, 20, 17, 31, 244, 3362, 308
2, 2, 27, 17, 296, 246, 102.029, 107.651,16, 16, 15, 29, 234, 3049, 295
2, 2, 27, 18, 296, 250, 71.5678, 71.5678,7, 6, 6, 28, 230, 3029, 290
2, 2, 27, 19, 296, 265, 53.463, 53.463,8, 7, 7, 29, 235, 3336, 297
2, 2, 27, 20, 296, 264, 76.7626, 76.7626,11, 11, 11, 30, 247, 3167, 310
2, 2, 27, 21, 296, 254, 41.4023, 41.4023,6, 6, 6, 30, 227, 3124, 290
2, 2, 27, 22, 296, 402, 46.6546, 55.1686,8, 7, 6, 33, 288, 4926, 355
2, 2, 27, 23, 296, 297, 85.8596, 104.158,13, 13, 10, 30, 255, 3619, 317
2, 2, 27, 24, 296, 317, 112.286, 112.286,14, 14, 14, 30, 248, 3958, 312
2, 2, 27, 25, 296, 361, 112.538, 120.746,16, 15, 14, 32, 275, 4371, 341
2, 2, 27, 26, 296, 294, 83.893, 95.4472,14, 12, 10, 30, 266, 3635, 329
2, 2, 28, 1, 327, 186, 11.5712, 44.2613,17, 6, 2, 27, 231, 2973, 291
2, 2, 28, 2, 327, 281, 0, 15.7025,12, 2, 0, 30, 255, 4519, 319
2, 2, 28, 3, 327, 203, 125.493, 156.502,22, 19, 16, 29, 231, 3277, 293
2, 2, 28, 4, 327, 217, 59.564, 73.6376,13, 10, 8, 30, 231, 3510, 293
2, 2, 28, 5, 327, 236, 98.6992, 110.892,15, 14, 12, 29, 224, 3775, 286
2, 2, 28, 6, 327, 246, 81.4126, 87.469,12, 11, 10, 29, 232, 3898, 294
2, 2, 28, 7, 327, 199, 47.1872, 62.2937,11, 8, 6, 29, 229, 3187, 291
2, 2, 28, 8, 327, 179, 6.34742, 11.9493,6, 2, 1, 28, 216, 2860, 277
2, 2, 28, 9, 327, 272, 17.3715, 24.1764,6, 3, 2, 30, 255, 4293, 319
2, 2, 28, 10, 327, 285, 7.11899, 25.0417,7, 3, 1, 31, 254, 4488, 319
2, 2, 28, 11, 327, 297, 67.7502, 85.9777,13, 13, 10, 32, 268, 4755, 334
2, 2, 28, 12, 327, 275, 41.974, 66.6382,16, 9, 5, 31, 262, 4412, 327
2, 2, 28, 13, 327, 251, 7.03226, 14.6322,12, 2, 1, 29, 239, 4029, 302
2, 2, 28, 14, 327, 264, 186.954, 200.039,26, 26, 24, 29, 233, 4190, 296
2, 2, 28, 15, 327, 252, 124.411, 137.843,20, 18, 16, 29, 217, 4043, 279
2, 2, 28, 16, 327, 276, 142.2, 167.648,24, 23, 19, 32, 240, 4409, 306
2, 2, 28, 17, 327, 246, 44.2334, 49.9299,9, 7, 6, 30, 233, 3872, 296
2, 2, 28, 18, 327, 250, 7.3426, 7.3426,5, 1, 1, 29, 231, 3949, 293
2, 2, 28, 19, 327, 265, 69.7161, 83.563,10, 10, 8, 31, 237, 4336, 301
2, 2, 28, 20, 327, 264, 69.5234, 69.5234,10, 9, 9, 31, 252, 4189, 316
2, 2, 28, 21, 327, 254, 64.0395, 70.2625,12, 10, 9, 31, 232, 4077, 296
2, 2, 28, 22, 327, 402, 110.507, 123.059,15, 15, 13, 33, 289, 6340, 359
2, 2, 28, 23, 327, 297, 103.012, 109.04,14, 14, 13, 30, 256, 4794, 321
2, 2, 28, 24, 327, 317, 76.4629, 97.4071,13, 13, 10, 31, 251, 5115, 317
2, 2, 28, 25, 327, 361, 190.154, 212.414,28, 28, 25, 33, 280, 5671, 349
2, 2, 28, 26, 327, 294, 75.3051, 75.3051,10, 10, 10, 31, 265, 4641, 330
2, 2, 28, 27, 327, 296, 845.41, 1009,114, 113, 93, 32, 260, 4759, 326
3, 3, 2, 1, 151, 123, 275.408, 320.062,44, 42, 35, 23, 166, 1077, 219
3, 3, 3, 1, 194, 123, 13.4689, 13.4689,3, 2, 2, 24, 185, 1160, 240
3, 3, 3, 2, 194, 151, 56.2346, 56.2346,10, 9, 9, 24, 194, 1431, 250
3, 3, 4, 1, 215, 123, 15.2753, 15.2753,2, 2, 2, 24, 181, 1388, 237
3, 3, 4, 2, 215, 151, 36.2723, 36.2723,6, 5, 5, 25, 189, 1682, 246
3, 3, 4, 3, 215, 194, 595.545, 672.96,69, 69, 59, 26, 206, 2180, 263
3, 3, 5, 1, 111, 123, 50.8209, 50.8209,9, 6, 6, 22, 142, 781, 195
3, 3, 5, 2, 111, 151, 63.3102, 77.3329,10, 9, 7, 23, 149, 939, 202
3, 3, 5, 3, 111, 194, 17.0351, 17.0351,3, 3, 3, 24, 174, 1186, 229
3, 3, 5, 4, 111, 215, 5.639, 5.639,2, 1, 1, 24, 165, 1327, 221
3, 3, 6, 1, 285, 123, 47.4174, 59.6852,10, 7, 5, 25, 215, 1763, 272
3, 3, 6, 2, 285, 151, 178.478, 225.436,31, 27, 22, 28, 224, 2172, 284
3, 3, 6, 3, 285, 194, 25.8072, 45.6649,7, 7, 4, 27, 238, 2730, 297
3, 3, 6, 4, 285, 215, 67.9635, 82.2537,13, 12, 10, 28, 247, 3158, 308
3, 3, 6, 5, 285, 111, 19.1812, 26.0571,6, 4, 3, 26, 194, 1618, 251
3, 3, 7, 1, 332, 123, 0, 25.6952,11, 2, 0, 27, 245, 1735, 303
3, 3, 7, 2, 332, 151, 110.455, 161.849,31, 18, 13, 27, 254, 2132, 313
3, 3, 7, 3, 332, 194, 13.6776, 13.6776,4, 2, 2, 28, 274, 2629, 335
3, 3, 7, 4, 332, 215, 37.8148, 63.3014,13, 10, 6, 29, 266, 3060, 328
3, 3, 7, 5, 332, 111, 0, 8.41242,6, 1, 0, 26, 229, 1555, 287
3, 3, 7, 6, 332, 285, 642.213, 748.908,88, 82, 70, 30, 295, 3868, 358
3, 3, 8, 1, 296, 123, 106.094, 165.745,23, 22, 13, 28, 198, 1576, 259
3, 3, 8, 2, 296, 151, 73.0126, 79.8215,15, 10, 9, 29, 203, 1923, 264
3, 3, 8, 3, 296, 194, 25.6617, 31.7918,5, 5, 4, 29, 225, 2408, 287
3, 3, 8, 4, 296, 215, 39.5366, 58.0473,10, 9, 6, 30, 216, 2675, 279
3, 3, 8, 5, 296, 111, 36.3038, 45.0752,8, 6, 5, 28, 183, 1402, 243
3, 3, 8, 6, 296, 285, 464.326, 590.116,76, 74, 57, 31, 253, 3521, 318
3, 3, 8, 7, 296, 332, 28.1254, 109.59,41, 14, 4, 32, 284, 4011, 351
3, 3, 9, 1, 109, 123, 0, 0,2, 0, 0, 21, 156, 744, 207
3, 3, 9, 2, 109, 151, 23.4473, 23.4473,5, 2, 2, 22, 162, 925, 215
3, 3, 9, 3, 109, 194, 171.348, 194.842,27, 26, 23, 23, 185, 1177, 239
3, 3, 9, 4, 109, 215, 85.2414, 113.845,17, 13, 10, 24, 177, 1321, 232
3, 3, 9, 5, 109, 111, 5.68265, 5.68265,1, 1, 1, 21, 145, 673, 196
3, 3, 9, 6, 109, 285, 41.0273, 66.8663,11, 9, 5, 24, 214, 1678, 269
3, 3, 9, 7, 109, 332, 6.09308, 17.5117,6, 3, 1, 26, 255, 1969, 313
3, 3, 9, 8, 109, 296, 20.0387, 20.0387,5, 3, 3, 28, 195, 1775, 255
3, 3, 10, 1, 184, 123, 5.62947, 5.62947,1, 1, 1, 23, 187, 1048, 241
3, 3, 10, 2, 184, 151, 14.0139, 14.0139,2, 2, 2, 25, 193, 1242, 249
3, 3, 10, 3, 184, 194, 276.718, 303.728,40, 40, 36, 25, 212, 1559, 269
3, 3, 10, 4, 184, 215, 238.436, 265.907,35, 33, 29, 26, 206, 1735, 263
3, 3, 10, 5, 184, 111, 0, 0,0, 0, 0, 24, 170, 918, 224
3, 3, 10, 6, 184, 285, 13.8015, 13.8015,3, 2, 2, 28, 236, 2264, 296
3, 3, 10, 7, 184, 332, 6.99516, 6.99516,1, 1, 1, 28, 274, 2577, 335
3, 3, 10, 8, 184, 296, 6.29991, 6.29991,1, 1, 1, 29, 223, 2385, 286
3, 3, 10, 9, 184, 109, 285.359, 303.631,38, 37, 34, 23, 183, 912, 236
3, 3, 11, 1, 178, 123, 0, 0,0, 0, 0, 23, 172, 1060, 225
3, 3, 11, 2, 178, 151, 0, 0,1, 0, 0, 24, 181, 1426, 236
3, 3, 11, 3, 178, 194, 232.299, 245.458,31, 31, 29, 24, 199, 1688, 254
3, 3, 11, 4, 178, 215, 166.679, 200.356,26, 26, 21, 25, 191, 1889, 248
3, 3, 11, 5, 178, 111, 0, 0,0, 0, 0, 23, 155, 959, 209
3, 3, 11, 6, 178, 285, 14.6105, 14.6105,3, 2, 2, 26, 222, 2474, 280
3, 3, 11, 7, 178, 332, 12.1286, 12.1286,2, 2, 2, 27, 261, 2777, 321
3, 3, 11, 8, 178, 296, 27.7372, 27.7372,5, 4, 4, 28, 211, 2497, 272
3, 3, 11, 9, 178, 109, 6.02846, 25.278,16, 3, 1, 22, 173, 969, 225
3, 3, 11, 10, 178, 184, 374.01, 424.217,51, 51, 44, 24, 203, 1626, 258
3, 3, 12, 1, 205, 123, 13.1515, 13.1515,3, 2, 2, 23, 205, 1331, 259
3, 3, 12, 2, 205, 151, 0, 0,2, 0, 0, 24, 210, 1632, 266
3, 3, 12, 3, 205, 194, 184.002, 190.279,27, 26, 25, 25, 233, 2046, 290
3, 3, 12, 4, 205, 215, 197.326, 197.326,22, 22, 22, 26, 225, 2229, 282
3, 3, 12, 5, 205, 111, 0, 0,0, 0, 0, 23, 187, 1191, 241
3, 3, 12, 6, 205, 285, 26.6127, 32.3172,5, 5, 4, 27, 261, 3004, 320
3, 3, 12, 7, 205, 332, 31.1275, 31.1275,7, 5, 5, 27, 292, 3426, 353
3, 3, 12, 8, 205, 296, 21.9437, 21.9437,3, 3, 3, 29, 243, 3080, 305
3, 3, 12, 9, 205, 109, 0, 0,8, 0, 0, 22, 202, 1172, 255
3, 3, 12, 10, 205, 184, 279.218, 298.013,38, 38, 35, 25, 232, 1980, 288
3, 3, 12, 11, 205, 178, 667.042, 718.504,72, 72, 66, 24, 219, 1902, 274
3, 3, 13, 1, 307, 123, 17.9859, 23.695,5, 4, 3, 26, 229, 1863, 286
3, 3, 13, 2, 307, 151, 25.1188, 25.1188,4, 3, 3, 26, 241, 2310, 299
3, 3, 13, 3, 307, 194, 262.839, 295.385,40, 40, 35, 27, 255, 2971, 316
3, 3, 13, 4, 307, 215, 358.688, 431.924,56, 53, 43, 28, 249, 3234, 310
3, 3, 13, 5, 307, 111, 0, 8.61143,3, 1, 0, 25, 210, 1699, 268
3, 3, 13, 6, 307, 285, 40.7752, 54.4989,11, 8, 6, 29, 279, 4245, 341
3, 3, 13, 7, 307, 332, 29.4658, 35.7834,10, 5, 4, 30, 317, 5000, 382
3, 3, 13, 8, 307, 296, 52.9582, 64.8284,12, 9, 8, 31, 266, 4357, 333
3, 3, 13, 9, 307, 109, 6.04226, 6.04226,1, 1, 1, 25, 227, 1670, 283
3, 3, 13, 10, 307, 184, 49.1251, 56.3623,11, 8, 7, 27, 257, 2770, 317
3, 3, 13, 11, 307, 178, 77.1751, 88.9999,15, 12, 11, 26, 241, 2787, 300
3, 3, 13, 12, 307, 205, 52.9512, 58.7862,11, 9, 8, 27, 277, 3115, 337
3, 3, 14, 1, 220, 123, 0, 0,3, 0, 0, 24, 193, 1198, 248
3, 3, 14, 2, 220, 151, 30.0632, 30.0632,7, 4, 4, 24, 199, 1443, 254
3, 3, 14, 3, 220, 194, 73.5198, 95.7461,16, 14, 11, 25, 220, 1832, 277
3, 3, 14, 4, 220, 215, 151.149, 172.348,22, 22, 19, 26, 212, 2057, 270
3, 3, 14, 5, 220, 111, 0, 0,1, 0, 0, 23, 176, 1072, 230
3, 3, 14, 6, 220, 285, 106.77, 141.365,22, 20, 15, 27, 251, 2696, 311
3, 3, 14, 7, 220, 332, 86.5055, 106.268,20, 15, 12, 28, 280, 3060, 341
3, 3, 14, 8, 220, 296, 23.702, 43.5366,14, 4, 3, 30, 229, 2688, 291
3, 3, 14, 9, 220, 109, 5.74522, 24.2487,6, 3, 1, 23, 190, 1066, 243
3, 3, 14, 10, 220, 184, 38.585, 44.3741,9, 7, 6, 25, 220, 1736, 277
3, 3, 14, 11, 220, 178, 17.422, 23.9593,4, 3, 2, 24, 207, 1664, 263
3, 3, 14, 12, 220, 205, 6.76726, 6.76726,1, 1, 1, 25, 238, 1884, 294
3, 3, 14, 13, 220, 307, 314.922, 373.538,56, 45, 38, 27, 266, 2844, 326
3, 3, 15, 1, 238, 123, 12.2568, 12.2568,4, 2, 2, 24, 203, 1381, 258
3, 3, 15, 2, 238, 151, 51.1336, 56.8417,8, 8, 7, 25, 209, 1705, 264
3, 3, 15, 3, 238, 194, 244.069, 282.805,38, 35, 30, 25, 231, 2179, 288
3, 3, 15, 4, 238, 215, 288.959, 325.276,41, 39, 35, 26, 223, 2420, 282
3, 3, 15, 5, 238, 111, 0, 0,0, 0, 0, 24, 188, 1287, 243
3, 3, 15, 6, 238, 285, 117.402, 155.742,24, 19, 15, 27, 253, 3204, 312
3, 3, 15, 7, 238, 332, 66.5737, 81.9559,18, 11, 9, 28, 293, 3610, 354
3, 3, 15, 8, 238, 296, 47.6606, 53.8244,11, 8, 7, 30, 240, 3236, 303
3, 3, 15, 9, 238, 109, 7.37171, 7.37171,6, 1, 1, 23, 201, 1235, 254
3, 3, 15, 10, 238, 184, 90.0885, 96.8363,16, 14, 13, 25, 230, 2041, 287
3, 3, 15, 11, 238, 178, 58.2665, 64.2817,10, 8, 7, 25, 216, 1964, 272
3, 3, 15, 12, 238, 205, 42.0229, 42.0229,9, 6, 6, 25, 249, 2297, 306
3, 3, 15, 13, 238, 307, 603.836, 699.211,83, 82, 69, 27, 271, 3498, 332
3, 3, 15, 14, 238, 220, 500.522, 550.662,66, 65, 58, 25, 236, 2448, 293
3, 3, 16, 1, 277, 123, 22.792, 22.792,7, 2, 2, 27, 220, 1727, 279
3, 3, 16, 2, 277, 151, 19.727, 19.727,11, 3, 3, 28, 228, 2078, 288
3, 3, 16, 3, 277, 194, 37.2513, 37.2513,7, 5, 5, 28, 246, 2662, 307
3, 3, 16, 4, 277, 215, 55.0568, 55.0568,10, 7, 7, 29, 247, 2910, 309
3, 3, 16, 5, 277, 111, 0, 0,5, 0, 0, 27, 212, 1568, 270
3, 3, 16, 6, 277, 285, 122.431, 141.979,21, 19, 16, 30, 276, 3941, 340
3, 3, 16, 7, 277, 332, 27.4573, 40.1191,15, 6, 4, 31, 307, 4557, 373
3, 3, 16, 8, 277, 296, 105.84, 112.691,19, 16, 15, 33, 257, 4037, 324
3, 3, 16, 9, 277, 109, 0, 0,2, 0, 0, 26, 218, 1541, 276
3, 3, 16, 10, 277, 184, 5.85542, 5.85542,3, 1, 1, 28, 255, 2529, 316
3, 3, 16, 11, 277, 178, 15.448, 22.7851,3, 3, 2, 27, 235, 2459, 295
3, 3, 16, 12, 277, 205, 12.9855, 20.1122,4, 3, 2, 28, 274, 2819, 335
3, 3, 16, 13, 277, 307, 117.491, 140.879,23, 21, 17, 30, 291, 4181, 356
3, 3, 16, 14, 277, 220, 12.3191, 20.3662,15, 3, 2, 28, 253, 3031, 314
3, 3, 16, 15, 277, 238, 54.445, 73.2589,12, 9, 8, 29, 264, 3218, 326
3, 3, 17, 1, 290, 123, 6.3671, 13.0991,8, 2, 1, 25, 237, 1705, 294
3, 3, 17, 2, 290, 151, 51.3017, 79.4029,19, 10, 6, 26, 242, 2029, 300
3, 3, 17, 3, 290, 194, 6.12326, 30.2499,11, 4, 1, 27, 267, 2618, 327
3, 3, 17, 4, 290, 215, 56.838, 78.7065,16, 11, 8, 28, 260, 2853, 321
3, 3, 17, 5, 290, 111, 0, 7.17816,6, 1, 0, 25, 217, 1520, 273
3, 3, 17, 6, 290, 285, 174.318, 210.331,31, 28, 24, 29, 292, 3915, 355
3, 3, 17, 7, 290, 332, 118.45, 146.43,26, 22, 18, 30, 321, 4332, 385
3, 3, 17, 8, 290, 296, 46.9623, 66.762,14, 8, 5, 31, 271, 3871, 337
3, 3, 17, 9, 290, 109, 0, 13.6173,7, 2, 0, 25, 232, 1545, 288
3, 3, 17, 10, 290, 184, 5.75715, 18.396,8, 2, 1, 27, 264, 2426, 323
3, 3, 17, 11, 290, 178, 5.77419, 5.77419,2, 1, 1, 26, 248, 2469, 306
3, 3, 17, 12, 290, 205, 18.7931, 30.5193,6, 4, 3, 28, 281, 2767, 342
3, 3, 17, 13, 290, 307, 143.266, 156.145,21, 19, 18, 29, 305, 4112, 368
3, 3, 17, 14, 290, 220, 120.119, 131.889,20, 19, 17, 27, 267, 2972, 327
3, 3, 17, 15, 290, 238, 136.083, 158.041,22, 20, 18, 27, 278, 3256, 339
3, 3, 17, 16, 290, 277, 776.49, 1008.66,114, 112, 81, 30, 303, 3752, 368
3, 3, 18, 1, 234, 123, 12.6016, 24.9487,9, 4, 2, 24, 221, 1390, 276
3, 3, 18, 2, 234, 151, 101.433, 133.177,23, 17, 14, 25, 219, 1681, 276
3, 3, 18, 3, 234, 194, 53.5275, 53.5275,10, 8, 8, 26, 237, 2133, 296
3, 3, 18, 4, 234, 215, 72.0698, 93.419,15, 12, 9, 27, 235, 2340, 293
3, 3, 18, 5, 234, 111, 6.19373, 6.19373,2, 1, 1, 24, 195, 1215, 250
3, 3, 18, 6, 234, 285, 227.999, 305.336,44, 41, 30, 27, 262, 3085, 322
3, 3, 18, 7, 234, 332, 132.44, 185.369,32, 27, 20, 28, 298, 3608, 360
3, 3, 18, 8, 234, 296, 128.912, 147.622,23, 20, 17, 30, 250, 3281, 313
3, 3, 18, 9, 234, 109, 22.1468, 36.9041,7, 5, 3, 23, 211, 1234, 265
3, 3, 18, 10, 234, 184, 6.88858, 14.4435,5, 2, 1, 26, 237, 2111, 295
3, 3, 18, 11, 234, 178, 12.0746, 17.8171,4, 2, 2, 25, 233, 1939, 289
3, 3, 18, 12, 234, 205, 31.5827, 31.5827,5, 5, 5, 25, 258, 2229, 316
3, 3, 18, 13, 234, 307, 127.987, 146.936,22, 21, 18, 28, 282, 3338, 343
3, 3, 18, 14, 234, 220, 123.23, 145.22,24, 21, 18, 26, 247, 2409, 304
3, 3, 18, 15, 234, 238, 146.023, 173.014,25, 24, 20, 26, 258, 2560, 316
3, 3, 18, 16, 234, 277, 348.002, 394.021,51, 48, 41, 29, 274, 3000, 336
3, 3, 18, 17, 234, 290, 450.285, 542.634,68, 65, 53, 28, 293, 3196, 353
3, 3, 19, 1, 194, 123, 26.6233, 26.6233,6, 4, 4, 24, 191, 1165, 246
3, 3, 19, 2, 194, 151, 20.1365, 20.1365,4, 3, 3, 25, 191, 1443, 247
3, 3, 19, 3, 194, 194, 19.5072, 19.5072,3, 3, 3, 25, 211, 1794, 268
3, 3, 19, 4, 194, 215, 54.0557, 60.3805,8, 8, 7, 26, 205, 2020, 263
3, 3, 19, 5, 194, 111, 0, 0,2, 0, 0, 24, 167, 1061, 222
3, 3, 19, 6, 194, 285, 64.8877, 71.702,11, 10, 9, 27, 233, 2632, 293
3, 3, 19, 7, 194, 332, 12.7374, 21.7622,13, 3, 2, 28, 271, 3093, 333
3, 3, 19, 8, 194, 296, 59.9988, 65.6741,10, 9, 8, 30, 221, 2769, 284
3, 3, 19, 9, 194, 109, 0, 0,0, 0, 0, 23, 183, 1060, 237
3, 3, 19, 10, 194, 184, 33.9594, 33.9594,5, 5, 5, 25, 210, 1733, 267
3, 3, 19, 11, 194, 178, 17.4652, 17.4652,3, 3, 3, 24, 201, 1710, 257
3, 3, 19, 12, 194, 205, 23.0666, 23.0666,4, 4, 4, 25, 229, 1900, 286
3, 3, 19, 13, 194, 307, 78.1932, 96.4438,16, 14, 11, 28, 254, 2800, 315
3, 3, 19, 14, 194, 220, 20.5429, 29.5951,7, 4, 3, 25, 218, 2089, 275
3, 3, 19, 15, 194, 238, 39.8723, 45.7145,10, 7, 6, 26, 228, 2262, 286
3, 3, 19, 16, 194, 277, 395.398, 507.858,60, 58, 44, 29, 253, 2590, 314
3, 3, 19, 17, 194, 290, 339.521, 432.724,54, 54, 42, 27, 262, 2679, 321
3, 3, 19, 18, 194, 234, 562.809, 644.22,74, 73, 61, 26, 237, 2171, 295
3, 3, 20, 1, 414, 123, 37.7747, 59.9658,11, 5, 2, 36, 227, 2368, 296
3, 3, 20, 2, 414, 151, 25.6934, 25.6934,9, 4, 4, 37, 236, 2793, 306
3, 3, 20, 3, 414, 194, 34.0791, 53.7175,10, 7, 5, 38, 251, 3514, 323
3, 3, 20, 4, 414, 215, 20.6077, 20.6077,7, 3, 3, 39, 245, 4094, 319
3, 3, 20, 5, 414, 111, 0, 13.3357,8, 2, 0, 36, 213, 2076, 282
3, 3, 20, 6, 414, 285, 173.763, 202.406,33, 28, 24, 40, 282, 5161, 359
3, 3, 20, 7, 414, 332, 15.8831, 15.8831,14, 2, 2, 41, 329, 6029, 407
3, 3, 20, 8, 414, 296, 329.712, 396.313,60, 56, 47, 42, 263, 5412, 342
3, 3, 20, 9, 414, 109, 0, 0,2, 0, 0, 36, 228, 2051, 297
3, 3, 20, 10, 414, 184, 20.6, 20.6,4, 3, 3, 38, 250, 3441, 322
3, 3, 20, 11, 414, 178, 13.5646, 13.5646,3, 2, 2, 37, 240, 3507, 311
3, 3, 20, 12, 414, 205, 5.7325, 5.7325,1, 1, 1, 39, 280, 4039, 355
3, 3, 20, 13, 414, 307, 35.7248, 35.7248,9, 6, 6, 42, 318, 5706, 397
3, 3, 20, 14, 414, 220, 13.8035, 13.8035,4, 2, 2, 40, 274, 4293, 350
3, 3, 20, 15, 414, 238, 7.21704, 15.5975,5, 2, 1, 40, 273, 4319, 348
3, 3, 20, 16, 414, 277, 186.994, 230.045,32, 30, 24, 42, 302, 5269, 380
3, 3, 20, 17, 414, 290, 132.746, 168.325,29, 24, 19, 41, 303, 5246, 381
3, 3, 20, 18, 414, 234, 76.7087, 83.3593,16, 12, 11, 39, 281, 4227, 356
3, 3, 20, 19, 414, 194, 63.8369, 69.8588,10, 10, 9, 39, 255, 3672, 329
3, 3, 21, 1, 384, 123, 19.1584, 32.1293,9, 4, 3, 31, 225, 1990, 289
3, 3, 21, 2, 384, 151, 86.2849, 121.128,24, 15, 11, 32, 232, 2397, 296
3, 3, 21, 3, 384, 194, 18.1639, 18.1639,7, 3, 3, 32, 256, 3046, 322
3, 3, 21, 4, 384, 215, 36.8019, 51.0007,10, 7, 5, 34, 248, 3314, 316
3, 3, 21, 5, 384, 111, 0, 0,4, 0, 0, 31, 215, 1947, 279
3, 3, 21, 6, 384, 285, 237.291, 301.98,45, 39, 30, 35, 276, 4363, 346
3, 3, 21, 7, 384, 332, 13.6246, 84.6162,34, 11, 2, 35, 315, 5128, 386
3, 3, 21, 8, 384, 296, 412.032, 551.37,81, 73, 57, 37, 266, 4587, 339
3, 3, 21, 9, 384, 109, 0, 0,3, 0, 0, 30, 226, 1739, 288
3, 3, 21, 10, 384, 184, 13.0603, 13.0603,3, 2, 2, 32, 260, 2977, 326
3, 3, 21, 11, 384, 178, 18.4619, 30.0102,5, 4, 3, 31, 245, 2791, 310
3, 3, 21, 12, 384, 205, 6.20516, 23.616,6, 3, 1, 32, 272, 3206, 338
3, 3, 21, 13, 384, 307, 20.7749, 43.7822,13, 6, 3, 34, 294, 4671, 363
3, 3, 21, 14, 384, 220, 12.2694, 48.9702,14, 6, 2, 32, 262, 3450, 328
3, 3, 21, 15, 384, 238, 44.2237, 72.1381,11, 10, 6, 33, 274, 3629, 341
3, 3, 21, 16, 384, 277, 156.351, 221.413,37, 29, 20, 37, 287, 4220, 359
3, 3, 21, 17, 384, 290, 189.459, 208.378,34, 28, 25, 35, 308, 4563, 378
3, 3, 21, 18, 384, 234, 91.1453, 149.34,22, 18, 12, 33, 279, 3640, 346
3, 3, 21, 19, 384, 194, 100.057, 113.951,17, 15, 13, 33, 253, 3230, 320
3, 3, 21, 20, 384, 414, 812.417, 1033.29,122, 121, 90, 45, 311, 6316, 394
3, 3, 22, 1, 311, 123, 6.77174, 34.5827,15, 3, 1, 26, 222, 1959, 280
3, 3, 22, 2, 311, 151, 39.8778, 71.6102,21, 8, 5, 27, 229, 2361, 288
3, 3, 22, 3, 311, 194, 14.6846, 14.6846,3, 2, 2, 28, 256, 2977, 317
3, 3, 22, 4, 311, 215, 68.3651, 93.3479,16, 12, 9, 29, 247, 3267, 309
3, 3, 22, 5, 311, 111, 0, 8.91092,4, 1, 0, 26, 205, 1790, 263
3, 3, 22, 6, 311, 285, 413, 479.555,62, 60, 50, 30, 284, 4324, 349
3, 3, 22, 7, 311, 332, 323.778, 387.242,55, 53, 43, 31, 317, 5050, 383
3, 3, 22, 8, 311, 296, 201.53, 213.98,34, 29, 27, 32, 265, 4594, 332
3, 3, 22, 9, 311, 109, 0, 16.487,6, 2, 0, 26, 220, 1725, 277
3, 3, 22, 10, 311, 184, 12.9492, 12.9492,7, 2, 2, 28, 254, 2841, 314
3, 3, 22, 11, 311, 178, 6.35517, 14.8208,3, 2, 1, 27, 264, 2777, 324
3, 3, 22, 12, 311, 205, 7.0203, 13.3739,4, 2, 1, 27, 271, 3112, 331
3, 3, 22, 13, 311, 307, 27.5786, 34.9153,8, 5, 4, 30, 293, 4613, 357
3, 3, 22, 14, 311, 220, 135.241, 175.258,27, 25, 19, 28, 263, 3363, 325
3, 3, 22, 15, 311, 238, 50.9592, 77.7903,11, 10, 6, 28, 266, 3616, 328
3, 3, 22, 16, 311, 277, 168.345, 180.661,24, 23, 22, 31, 287, 4294, 353
3, 3, 22, 17, 311, 290, 206.343, 249.428,39, 34, 28, 30, 303, 4414, 368
3, 3, 22, 18, 311, 234, 160.434, 189.815,29, 23, 19, 29, 277, 3547, 340
3, 3, 22, 19, 311, 194, 90.4787, 104.632,14, 14, 12, 29, 249, 2981, 311
3, 3, 22, 20, 311, 414, 383.393, 462.951,68, 57, 47, 41, 298, 6427, 377
3, 3, 22, 21, 311, 384, 799.355, 977.8,117, 109, 87, 35, 322, 5980, 394
3, 3, 23, 1, 349, 123, 8.18774, 13.9798,3, 2, 1, 29, 250, 2131, 310
3, 3, 23, 2, 349, 151, 11.4069, 29.1184,9, 4, 2, 28, 253, 2556, 314
3, 3, 23, 3, 349, 194, 49.2335, 73.7753,18, 11, 7, 29, 277, 3313, 339
3, 3, 23, 4, 349, 215, 98.2235, 127.971,21, 16, 13, 30, 271, 3668, 335
3, 3, 23, 5, 349, 111, 0, 0,3, 0, 0, 29, 238, 1925, 299
3, 3, 23, 6, 349, 285, 44.8325, 82.175,25, 12, 7, 31, 308, 4853, 375
3, 3, 23, 7, 349, 332, 46.5092, 88.5212,15, 13, 7, 33, 340, 5584, 409
3, 3, 23, 8, 349, 296, 61.9503, 61.9503,15, 10, 10, 34, 289, 4977, 359
3, 3, 23, 9, 349, 109, 0, 0,0, 0, 0, 27, 247, 1928, 306
3, 3, 23, 10, 349, 184, 19.317, 32.6813,8, 5, 3, 29, 276, 3109, 339
3, 3, 23, 11, 349, 178, 12.37, 19.2131,6, 3, 2, 28, 267, 3037, 328
3, 3, 23, 12, 349, 205, 20.2711, 34.2633,7, 5, 3, 29, 299, 3456, 361
3, 3, 23, 13, 349, 307, 419.605, 523.497,74, 72, 57, 31, 315, 5191, 382
3, 3, 23, 14, 349, 220, 0, 9.82636,14, 1, 0, 29, 282, 3907, 345
3, 3, 23, 15, 349, 238, 143.049, 175.652,26, 24, 19, 30, 291, 4006, 355
3, 3, 23, 16, 349, 277, 181.337, 244.331,37, 34, 25, 32, 319, 4621, 386
3, 3, 23, 17, 349, 290, 223.403, 278.088,45, 40, 32, 31, 330, 4955, 396
3, 3, 23, 18, 349, 234, 151.282, 181.982,31, 26, 21, 30, 302, 3941, 366
3, 3, 23, 19, 349, 194, 140.328, 180.568,29, 27, 21, 30, 275, 3300, 339
3, 3, 23, 20, 349, 414, 101.121, 149.401,26, 22, 15, 42, 313, 6990, 393
3, 3, 23, 21, 349, 384, 84.5104, 111.692,22, 17, 13, 36, 316, 6432, 390
3, 3, 23, 22, 349, 311, 38.9276, 81.0491,20, 10, 6, 32, 313, 5207, 380
3, 3, 24, 1, 313, 123, 6.22989, 6.22989,4, 1, 1, 26, 230, 1890, 288
3, 3, 24, 2, 313, 151, 21.9583, 21.9583,7, 3, 3, 27, 237, 2341, 296
3, 3, 24, 3, 313, 194, 31.7581, 47.541,20, 7, 5, 29, 261, 2996, 323
3, 3, 24, 4, 313, 215, 149.236, 185.388,32, 25, 21, 29, 256, 3271, 318
3, 3, 24, 5, 313, 111, 0, 0,1, 0, 0, 26, 211, 1761, 269
3, 3, 24, 6, 313, 285, 108.144, 122.553,23, 15, 14, 29, 282, 4327, 346
3, 3, 24, 7, 313, 332, 74.8821, 86.8827,18, 13, 11, 31, 320, 4955, 386
3, 3, 24, 8, 313, 296, 64.0369, 64.0369,13, 9, 9, 34, 269, 4635, 338
3, 3, 24, 9, 313, 109, 6.16582, 6.16582,5, 1, 1, 26, 232, 1731, 290
3, 3, 24, 10, 313, 184, 12.5635, 24.5695,6, 4, 2, 28, 297, 2810, 358
3, 3, 24, 11, 313, 178, 6.15607, 6.15607,3, 1, 1, 27, 244, 2709, 303
3, 3, 24, 12, 313, 205, 5.64434, 12.7712,6, 2, 1, 27, 291, 3120, 351
3, 3, 24, 13, 313, 307, 401.602, 472.079,63, 61, 52, 30, 298, 4584, 363
3, 3, 24, 14, 313, 220, 194.056, 212.216,29, 28, 26, 28, 285, 3342, 345
3, 3, 24, 15, 313, 238, 307.015, 327.568,45, 42, 39, 28, 275, 3653, 337
3, 3, 24, 16, 313, 277, 190.752, 222.913,37, 33, 28, 31, 291, 4160, 357
3, 3, 24, 17, 313, 290, 264.03, 302.791,45, 42, 36, 30, 376, 4446, 441
3, 3, 24, 18, 313, 234, 232.94, 260.805,38, 35, 31, 30, 287, 3810, 351
3, 3, 24, 19, 313, 194, 121.685, 127.517,22, 18, 17, 30, 260, 2991, 324
3, 3, 24, 20, 313, 414, 70.2466, 97.5583,15, 14, 10, 41, 299, 6410, 378
3, 3, 24, 21, 313, 384, 115.12, 156.822,27, 21, 16, 36, 305, 5755, 378
3, 3, 24, 22, 313, 311, 146.461, 189.887,28, 24, 17, 31, 296, 4677, 362
3, 3, 24, 23, 313, 349, 892.769, 1045.87,126, 124, 102, 32, 318, 5245, 386
3, 3, 25, 1, 508, 123, 24.0975, 32.8138,8, 4, 3, 32, 275, 2736, 340
3, 3, 25, 2, 508, 151, 89.7432, 110.87,23, 14, 11, 35, 275, 3170, 344
3, 3, 25, 3, 508, 194, 34.3455, 53.0638,10, 7, 5, 35, 291, 3991, 360
3, 3, 25, 4, 508, 215, 19.3535, 19.3535,6, 3, 3, 35, 283, 4306, 353
3, 3, 25, 5, 508, 111, 6.85366, 6.85366,3, 1, 1, 32, 248, 2477, 313
3, 3, 25, 6, 508, 285, 249.703, 350.565,49, 45, 32, 37, 373, 5798, 446
3, 3, 25, 7, 508, 332, 25.2884, 108.908,42, 12, 4, 37, 351, 6774, 425
3, 3, 25, 8, 508, 296, 363.651, 523.245,79, 70, 49, 38, 300, 5904, 375
3, 3, 25, 9, 508, 109, 5.81755, 12.0254,3, 2, 1, 31, 261, 2372, 325
3, 3, 25, 10, 508, 184, 0, 6.90423,3, 1, 0, 34, 296, 3728, 364
3, 3, 25, 11, 508, 178, 13.0939, 19.9232,4, 3, 2, 33, 276, 3709, 343
3, 3, 25, 12, 508, 205, 6.59589, 6.59589,1, 1, 1, 33, 326, 4381, 394
3, 3, 25, 13, 508, 307, 27.762, 27.762,10, 4, 4, 37, 352, 6215, 426
3, 3, 25, 14, 508, 220, 18.0985, 25.3729,11, 4, 3, 34, 301, 4700, 369
3, 3, 25, 15, 508, 238, 75.5932, 87.1161,14, 11, 11, 34, 311, 4973, 380
3, 3, 25, 16, 508, 277, 152.092, 184.026,28, 24, 19, 37, 338, 5712, 412
3, 3, 25, 17, 508, 290, 186.925, 209.972,32, 29, 25, 35, 344, 5733, 416
3, 3, 25, 18, 508, 234, 123.142, 141.276,20, 20, 17, 35, 319, 4772, 388
3, 3, 25, 19, 508, 194, 38.4008, 38.4008,6, 5, 5, 36, 291, 4003, 362
3, 3, 25, 20, 508, 414, 360.37, 547.661,82, 77, 49, 47, 327, 8251, 414
3, 3, 25, 21, 508, 384, 527.475, 703.676,99, 93, 69, 41, 331, 7815, 412
3, 3, 25, 22, 508, 311, 297.747, 365.052,49, 46, 37, 36, 328, 6387, 401
3, 3, 25, 23, 508, 349, 131.335, 137.278,27, 19, 18, 38, 353, 6922, 428
3, 3, 25, 24, 508, 313, 107.928, 131.596,21, 19, 16, 37, 334, 6450, 408
3, 3, 26, 1, 367, 123, 7.2344, 13.2226,9, 2, 1, 28, 265, 2206, 326
3, 3, 26, 2, 367, 151, 80.8518, 99.3085,24, 12, 10, 30, 282, 2709, 345
3, 3, 26, 3, 367, 194, 20.6473, 20.6473,4, 3, 3, 31, 294, 3457, 359
3, 3, 26, 4, 367, 215, 37.2566, 52.5834,9, 5, 4, 31, 288, 3782, 353
3, 3, 26, 5, 367, 111, 7.62482, 7.62482,4, 1, 1, 28, 248, 2034, 309
3, 3, 26, 6, 367, 285, 328.262, 409.622,54, 51, 42, 32, 319, 5121, 387
3, 3, 26, 7, 367, 332, 442.5, 537.72,69, 64, 52, 34, 358, 5913, 428
3, 3, 26, 8, 367, 296, 133.159, 170.426,29, 24, 19, 35, 314, 5536, 386
3, 3, 26, 9, 367, 109, 0, 0,3, 0, 0, 29, 271, 2195, 332
3, 3, 26, 10, 367, 184, 0, 0,3, 0, 0, 31, 299, 3473, 365
3, 3, 26, 11, 367, 178, 14.7857, 29.6526,3, 2, 1, 29, 280, 3172, 343
3, 3, 26, 12, 367, 205, 12.1077, 18.1182,2, 2, 1, 30, 315, 3637, 378
3, 3, 26, 13, 367, 307, 21.4622, 51.5177,11, 7, 3, 33, 342, 5406, 411
3, 3, 26, 14, 367, 220, 121.129, 162.948,22, 19, 15, 30, 299, 3890, 362
3, 3, 26, 15, 367, 238, 32.5819, 48.7955,8, 5, 4, 32, 349, 4378, 415
3, 3, 26, 16, 367, 277, 108.176, 148.852,22, 21, 15, 34, 340, 4931, 409
3, 3, 26, 17, 367, 290, 120.386, 150.302,26, 20, 16, 33, 373, 5106, 441
3, 3, 26, 18, 367, 234, 105.158, 136.188,25, 17, 14, 31, 318, 4198, 384
3, 3, 26, 19, 367, 194, 27.5631, 34.4598,9, 4, 3, 30, 291, 3441, 355
3, 3, 26, 20, 367, 414, 60.0563, 108.467,35, 14, 8, 43, 332, 7285, 413
3, 3, 26, 21, 367, 384, 297.842, 367.174,54, 50, 40, 38, 334, 6709, 409
3, 3, 26, 22, 367, 311, 420.78, 520.549,72, 64, 52, 33, 332, 5477, 400
3, 3, 26, 23, 367, 349, 47.9889, 92.8288,23, 13, 7, 34, 358, 6163, 428
3, 3, 26, 24, 367, 313, 42.9958, 64.3112,13, 9, 7, 33, 335, 5470, 403
3, 3, 26, 25, 367, 508, 485.935, 609.673,83, 75, 59, 39, 369, 8994, 447
3, 3, 27, 1, 373, 123, 6.13358, 28.5451,7, 4, 1, 28, 338, 2311, 398
3, 3, 27, 2, 373, 151, 0, 7.9648,6, 1, 0, 29, 280, 2790, 343
3, 3, 27, 3, 373, 194, 12.7378, 18.4675,11, 3, 2, 30, 290, 3483, 353
3, 3, 27, 4, 373, 215, 76.7758, 88.8528,18, 13, 11, 30, 283, 3880, 348
3, 3, 27, 5, 373, 111, 0, 0,0, 0, 0, 28, 244, 2044, 304
3, 3, 27, 6, 373, 285, 56.6487, 78.4749,15, 10, 7, 31, 321, 5039, 386
3, 3, 27, 7, 373, 332, 38.4267, 56.1098,13, 9, 6, 32, 361, 5984, 429
3, 3, 27, 8, 373, 296, 26.5963, 51.9382,15, 8, 4, 35, 300, 5283, 371
3, 3, 27, 9, 373, 109, 0, 0,2, 0, 0, 27, 260, 2021, 320
3, 3, 27, 10, 373, 184, 0, 0,4, 0, 0, 29, 286, 3322, 348
3, 3, 27, 11, 373, 178, 17.7336, 28.1786,6, 4, 3, 28, 275, 3368, 337
3, 3, 27, 12, 373, 205, 17.6175, 26.7196,9, 4, 3, 30, 312, 3725, 376
3, 3, 27, 13, 373, 307, 396.159, 508.408,72, 68, 53, 32, 332, 5491, 401
3, 3, 27, 14, 373, 220, 5.75196, 5.75196,17, 1, 1, 29, 301, 3968, 364
3, 3, 27, 15, 373, 238, 235.417, 275.951,41, 39, 33, 30, 326, 4272, 390
3, 3, 27, 16, 373, 277, 136.088, 170.129,26, 23, 18, 34, 330, 4924, 400
3, 3, 27, 17, 373, 290, 127.705, 182.169,28, 24, 18, 31, 337, 5232, 403
3, 3, 27, 18, 373, 234, 99.4653, 131.922,22, 20, 16, 30, 313, 4142, 377
3, 3, 27, 19, 373, 194, 66.0673, 97.2744,20, 13, 9, 29, 286, 3490, 349
3, 3, 27, 20, 373, 414, 29.7958, 51.9439,7, 7, 4, 42, 328, 7465, 408
3, 3, 27, 21, 373, 384, 67.4625, 101.767,18, 14, 9, 36, 327, 6778, 401
3, 3, 27, 22, 373, 311, 51.6913, 96.8869,23, 14, 8, 32, 331, 5533, 398
3, 3, 27, 23, 373, 349, 837.948, 1053.05,129, 128, 96, 33, 356, 6247, 425
3, 3, 27, 24, 373, 313, 497.369, 594.088,77, 76, 62, 32, 331, 5649, 399
3, 3, 27, 25, 373, 508, 83.9081, 119.695,23, 17, 11, 38, 366, 8857, 443
3, 3, 27, 26, 373, 367, 48.7972, 87.5046,18, 12, 7, 34, 366, 6503, 436
3, 3, 28, 1, 295, 123, 0, 0,1, 0, 0, 26, 241, 1847, 299
3, 3, 28, 2, 295, 151, 20.0091, 26.0605,8, 4, 3, 26, 249, 2231, 307
3, 3, 28, 3, 295, 194, 30.9698, 30.9698,13, 5, 5, 27, 270, 2846, 330
3, 3, 28, 4, 295, 215, 75.8071, 106.797,19, 14, 10, 28, 265, 3128, 326
3, 3, 28, 5, 295, 111, 0, 0,2, 0, 0, 26, 225, 1630, 283
3, 3, 28, 6, 295, 285, 82.5248, 103.141,20, 14, 11, 29, 291, 4150, 354
3, 3, 28, 7, 295, 332, 44.5007, 63.8766,13, 9, 7, 30, 329, 4720, 393
3, 3, 28, 8, 295, 296, 21.7958, 34.7525,10, 5, 3, 31, 285, 4245, 350
3, 3, 28, 9, 295, 109, 6.11211, 28.6906,7, 3, 1, 25, 240, 1649, 296
3, 3, 28, 10, 295, 184, 19.2098, 26.2417,7, 4, 3, 27, 273, 2699, 333
3, 3, 28, 11, 295, 178, 31.672, 31.672,5, 5, 5, 26, 259, 2639, 318
3, 3, 28, 12, 295, 205, 26.9918, 26.9918,6, 4, 4, 27, 288, 3017, 347
3, 3, 28, 13, 295, 307, 372.523, 417.298,57, 53, 47, 29, 311, 4433, 375
3, 3, 28, 14, 295, 220, 261.364, 290.487,38, 36, 32, 27, 275, 3224, 335
3, 3, 28, 15, 295, 238, 293.752, 342.686,45, 42, 37, 28, 287, 3452, 348
3, 3, 28, 16, 295, 277, 103.739, 117.525,19, 16, 14, 31, 303, 4028, 368
3, 3, 28, 17, 295, 290, 183.671, 203.588,28, 28, 25, 29, 330, 4178, 393
3, 3, 28, 18, 295, 234, 145.175, 177.171,26, 23, 19, 28, 297, 3352, 358
3, 3, 28, 19, 295, 194, 71.1932, 97.0992,16, 12, 9, 28, 280, 2850, 341
3, 3, 28, 20, 295, 414, 30.213, 63.3461,13, 9, 4, 40, 306, 5964, 383
3, 3, 28, 21, 295, 384, 69.4611, 82.185,15, 11, 10, 34, 312, 5534, 382
3, 3, 28, 22, 295, 311, 131.28, 203.367,30, 29, 18, 30, 305, 4474, 369
3, 3, 28, 23, 295, 349, 472.247, 561.377,73, 69, 59, 31, 336, 5007, 403
3, 3, 28, 24, 295, 313, 546.754, 650.468,81, 81, 66, 30, 314, 4556, 378
3, 3, 28, 25, 295, 508, 69.8405, 90.6625,18, 12, 9, 35, 346, 7231, 419
3, 3, 28, 26, 295, 367, 94.6409, 113.972,23, 16, 13, 32, 347, 5234, 415
3, 3, 28, 27, 295, 373, 758.133, 913.423,117, 114, 92, 31, 346, 5419, 413
3, 3, 29, 1, 355, 123, 7.34428, 7.34428,6, 1, 1, 27, 248, 2138, 307
3, 3, 29, 2, 355, 151, 47.8294, 63.6364,14, 8, 6, 28, 257, 2621, 318
3, 3, 29, 3, 355, 194, 12.8197, 18.8501,8, 2, 1, 29, 278, 3305, 340
3, 3, 29, 4, 355, 215, 37.8916, 37.8916,7, 5, 5, 29, 269, 3635, 332
3, 3, 29, 5, 355, 111, 0, 0,0, 0, 0, 27, 234, 1927, 293
3, 3, 29, 6, 355, 285, 125.284, 138.846,25, 19, 17, 30, 299, 4815, 364
3, 3, 29, 7, 355, 332, 107.706, 119.758,20, 17, 15, 31, 336, 5563, 403
3, 3, 29, 8, 355, 296, 61.5674, 74.1614,16, 8, 7, 33, 288, 5045, 357
3, 3, 29, 9, 355, 109, 0, 0,3, 0, 0, 26, 248, 1913, 306
3, 3, 29, 10, 355, 184, 0, 0,3, 0, 0, 28, 278, 3121, 340
3, 3, 29, 11, 355, 178, 15.6804, 15.6804,1, 1, 1, 27, 263, 3057, 324
3, 3, 29, 12, 355, 205, 0, 6.50032,4, 1, 0, 28, 297, 3484, 358
3, 3, 29, 13, 355, 307, 69.5395, 102.414,19, 15, 10, 31, 319, 5219, 385
3, 3, 29, 14, 355, 220, 81.1761, 111.292,18, 15, 11, 28, 283, 3731, 345
3, 3, 29, 15, 355, 238, 69.6138, 82.3934,15, 11, 10, 29, 295, 4013, 358
3, 3, 29, 16, 355, 277, 742.581, 987.013,112, 110, 81, 32, 316, 4765, 383
3, 3, 29, 17, 355, 290, 877.326, 1050.35,113, 110, 91, 31, 325, 4973, 391
3, 3, 29, 18, 355, 234, 376.38, 433.925,54, 49, 44, 29, 301, 3968, 364
3, 3, 29, 19, 355, 194, 235.571, 297.059,44, 39, 31, 29, 280, 3342, 342
3, 3, 29, 20, 355, 414, 153.588, 193.429,29, 28, 22, 41, 316, 6946, 395
3, 3, 29, 21, 355, 384, 182.139, 244.03,38, 31, 24, 36, 316, 6413, 389
3, 3, 29, 22, 355, 311, 274.946, 331.681,46, 43, 35, 31, 314, 5248, 381
3, 3, 29, 23, 355, 349, 178.217, 211.066,39, 31, 27, 32, 337, 5860, 406
3, 3, 29, 24, 355, 313, 169.93, 213.701,32, 29, 23, 31, 318, 5262, 385
3, 3, 29, 25, 355, 508, 245.922, 295.08,50, 43, 36, 37, 353, 8438, 429
3, 3, 29, 26, 355, 367, 178.96, 205.47,32, 25, 23, 33, 363, 6320, 433
3, 3, 29, 27, 355, 373, 197.19, 258.578,46, 34, 26, 33, 351, 6255, 420
3, 3, 29, 28, 355, 295, 199.58, 236.615,35, 33, 27, 30, 332, 5049, 398
3, 3, 30, 1, 354, 123, 19.5356, 25.6804,9, 3, 2, 28, 230, 2048, 291
3, 3, 30, 2, 354, 151, 20.5916, 20.5916,8, 3, 3, 29, 237, 2480, 299
3, 3, 30, 3, 354, 194, 16.0013, 16.0013,7, 2, 2, 30, 257, 3198, 320
3, 3, 30, 4, 354, 215, 18.6765, 18.6765,8, 3, 3, 30, 251, 3403, 315
3, 3, 30, 5, 354, 111, 0, 0,2, 0, 0, 28, 217, 1798, 277
3, 3, 30, 6, 354, 285, 101.672, 107.934,25, 16, 15, 31, 290, 4503, 357
3, 3, 30, 7, 354, 332, 22.8341, 22.8341,14, 3, 3, 32, 318, 5413, 386
3, 3, 30, 8, 354, 296, 55.8987, 69.1747,16, 10, 8, 34, 268, 4655, 337
3, 3, 30, 9, 354, 109, 0, 0,3, 0, 0, 27, 234, 1772, 293
3, 3, 30, 10, 354, 184, 0, 0,2, 0, 0, 29, 259, 3021, 322
3, 3, 30, 11, 354, 178, 5.62656, 5.62656,1, 1, 1, 29, 247, 2843, 309
3, 3, 30, 12, 354, 205, 0, 0,1, 0, 0, 30, 277, 3394, 340
3, 3, 30, 13, 354, 307, 76.2066, 96.2149,19, 15, 12, 32, 300, 4943, 367
3, 3, 30, 14, 354, 220, 0, 0,10, 0, 0, 30, 264, 3529, 327
3, 3, 30, 15, 354, 238, 33.3485, 33.3485,9, 5, 5, 30, 277, 3876, 341
3, 3, 30, 16, 354, 277, 859.096, 1070.12,120, 118, 90, 33, 298, 4453, 366
3, 3, 30, 17, 354, 290, 692.144, 824.674,105, 101, 82, 31, 310, 4652, 376
3, 3, 30, 18, 354, 234, 267.604, 293.266,42, 38, 35, 30, 286, 3699, 351
3, 3, 30, 19, 354, 194, 235.831, 280.985,40, 37, 31, 30, 256, 3080, 319
3, 3, 30, 20, 354, 414, 204.618, 224.772,32, 29, 26, 42, 296, 6576, 376
3, 3, 30, 21, 354, 384, 143.146, 173.659,30, 24, 20, 37, 297, 5994, 371
3, 3, 30, 22, 354, 311, 185.009, 199.39,31, 29, 27, 32, 299, 4848, 367
3, 3, 30, 23, 354, 349, 142.142, 195.029,37, 29, 21, 33, 404, 5555, 474
3, 3, 30, 24, 354, 313, 122.734, 146.342,26, 23, 19, 32, 301, 5556, 369
3, 3, 30, 25, 354, 508, 189.981, 209.256,35, 32, 29, 38, 341, 8086, 420
3, 3, 30, 26, 354, 367, 123.93, 129.555,23, 19, 19, 35, 336, 5757, 407
3, 3, 30, 27, 354, 373, 102.753, 166.343,29, 23, 14, 34, 334, 5964, 404
3, 3, 30, 28, 354, 295, 55.0358, 55.0358,13, 8, 8, 32, 314, 4621, 381
3, 3, 30, 29, 354, 355, 1633.22, 1918.46,189, 184, 147, 33, 321, 5681, 390
3, 3, 31, 1, 377, 123, 20.3858, 20.3858,8, 2, 2, 30, 234, 2253, 296
3, 3, 31, 2, 377, 151, 7.07004, 7.07004,7, 1, 1, 30, 239, 2751, 302
3, 3, 31, 3, 377, 194, 14.2608, 14.2608,4, 2, 2, 32, 260, 3505, 326
3, 3, 31, 4, 377, 215, 15.1103, 15.1103,2, 2, 2, 32, 255, 3843, 321
3, 3, 31, 5, 377, 111, 0, 0,4, 0, 0, 29, 216, 2040, 278
3, 3, 31, 6, 377, 285, 53.4888, 53.4888,10, 8, 8, 33, 289, 5037, 357
3, 3, 31, 7, 377, 332, 0, 8.93846,9, 1, 0, 34, 322, 5950, 393
3, 3, 31, 8, 377, 296, 63.1892, 63.1892,18, 9, 9, 36, 269, 5219, 341
3, 3, 31, 9, 377, 109, 0, 0,3, 0, 0, 29, 240, 2036, 301
3, 3, 31, 10, 377, 184, 0, 0,3, 0, 0, 31, 259, 3345, 324
3, 3, 31, 11, 377, 178, 11.6007, 11.6007,1, 1, 1, 30, 246, 3242, 310
3, 3, 31, 12, 377, 205, 0, 0,1, 0, 0, 31, 280, 3659, 344
3, 3, 31, 13, 377, 307, 46.4215, 52.3352,12, 7, 6, 33, 301, 5389, 370
3, 3, 31, 14, 377, 220, 6.80141, 6.80141,7, 1, 1, 31, 266, 3930, 331
3, 3, 31, 15, 377, 238, 0, 0,5, 0, 0, 32, 278, 4252, 344
3, 3, 31, 16, 377, 277, 584.736, 793.469,93, 93, 65, 35, 302, 4951, 372
3, 3, 31, 17, 377, 290, 568.58, 704.909,86, 85, 66, 33, 312, 5143, 380
3, 3, 31, 18, 377, 234, 99.2887, 106.12,19, 14, 13, 32, 286, 4155, 352
3, 3, 31, 19, 377, 194, 220.406, 281.064,35, 35, 27, 31, 263, 3509, 328
3, 3, 31, 20, 377, 414, 171.29, 225.082,36, 31, 23, 44, 298, 7240, 381
3, 3, 31, 21, 377, 384, 153.419, 153.419,32, 22, 22, 39, 299, 6751, 375
3, 3, 31, 22, 377, 311, 101.066, 118.971,23, 16, 13, 34, 302, 5506, 372
3, 3, 31, 23, 377, 349, 187.953, 234.528,35, 33, 26, 35, 329, 6180, 402
3, 3, 31, 24, 377, 313, 19.6348, 47.0418,13, 7, 3, 34, 303, 5614, 373
3, 3, 31, 25, 377, 508, 154.01, 197.873,35, 30, 23, 39, 338, 8897, 418
3, 3, 31, 26, 377, 367, 38.6767, 47.3627,10, 6, 5, 36, 339, 6459, 413
3, 3, 31, 27, 377, 373, 138.823, 195.82,30, 28, 19, 35, 334, 6549, 407
3, 3, 31, 28, 377, 295, 72.0663, 93.4636,15, 12, 9, 33, 315, 5163, 384
3, 3, 31, 29, 377, 355, 918.13, 1126.1,119, 118, 92, 34, 323, 6303, 395
3, 3, 31, 30, 377, 354, 1159.32, 1416.99,149, 147, 113, 36, 306, 6285, 379
4, 4, 2, 1, 144, 262, 55.93, 80.1369,12, 12, 8, 25, 211, 1701, 267
4, 4, 3, 1, 216, 262, 172.971, 186.115,27, 27, 25, 27, 246, 2370, 306
4, 4, 3, 2, 216, 144, 61.5645, 73.7005,12, 9, 9, 24, 183, 1363, 238
4, 4, 4, 1, 311, 262, 222.955, 237.269,32, 30, 28, 29, 283, 3945, 345
4, 4, 4, 2, 311, 144, 13.7601, 20.7635,6, 3, 2, 25, 222, 2221, 279
4, 4, 4, 3, 311, 216, 299.551, 332.581,44, 40, 35, 28, 251, 3322, 312
4, 4, 5, 1, 285, 262, 297.941, 381.773,48, 44, 34, 28, 269, 3737, 331
4, 4, 5, 2, 285, 144, 49.5854, 95.5553,18, 12, 7, 25, 206, 2053, 263
4, 4, 5, 3, 285, 216, 80.2882, 123.586,21, 16, 11, 27, 233, 3015, 293
4, 4, 5, 4, 285, 311, 56.8047, 63.566,11, 9, 8, 29, 276, 4411, 339
4, 4, 6, 1, 332, 262, 358.27, 446.066,63, 56, 46, 30, 312, 3659, 375
4, 4, 6, 2, 332, 144, 51.297, 56.9607,9, 9, 8, 26, 247, 2048, 305
4, 4, 6, 3, 332, 216, 61.0802, 81.1531,19, 11, 9, 28, 274, 2932, 335
4, 4, 6, 4, 332, 311, 206.323, 233.371,35, 32, 28, 30, 316, 4231, 380
4, 4, 6, 5, 332, 285, 642.213, 748.908,88, 82, 70, 30, 296, 3843, 359
4, 4, 7, 1, 460, 262, 73.1614, 153.355,51, 19, 10, 33, 368, 4834, 436
4, 4, 7, 2, 460, 144, 7.07706, 20.9643,13, 3, 1, 29, 305, 2718, 367
4, 4, 7, 3, 460, 216, 0, 27.4506,15, 4, 0, 32, 332, 4193, 398
4, 4, 7, 4, 460, 311, 94.4978, 153.171,27, 19, 13, 34, 379, 5717, 449
4, 4, 7, 5, 460, 285, 6.13222, 102.246,45, 12, 1, 33, 356, 5208, 425
4, 4, 7, 6, 460, 332, 658.591, 849.82,109, 100, 78, 34, 393, 6091, 464
4, 4, 8, 1, 88, 262, 33.3522, 39.0132,6, 6, 5, 22, 175, 1062, 228
4, 4, 8, 2, 88, 144, 171.077, 195.91,26, 23, 20, 19, 120, 625, 169
4, 4, 8, 3, 88, 216, 25.9394, 31.6074,10, 5, 4, 22, 148, 895, 200
4, 4, 8, 4, 88, 311, 5.828, 5.828,1, 1, 1, 23, 186, 1252, 240
4, 4, 8, 5, 88, 285, 0, 5.85952,4, 1, 0, 23, 171, 1144, 224
4, 4, 8, 6, 88, 332, 14.3183, 24.0704,7, 3, 2, 24, 207, 1323, 262
4, 4, 8, 7, 88, 460, 0, 0,1, 0, 0, 27, 267, 1804, 326
4, 4, 9, 1, 76, 262, 25.809, 31.8934,5, 5, 4, 23, 183, 940, 236
4, 4, 9, 2, 76, 144, 120.683, 164.734,22, 22, 15, 19, 118, 549, 167
4, 4, 9, 3, 76, 216, 8.63217, 16.2123,2, 2, 1, 22, 146, 804, 198
4, 4, 9, 4, 76, 311, 11.3575, 11.3575,2, 2, 2, 24, 189, 1134, 243
4, 4, 9, 5, 76, 285, 18.4066, 45.7048,9, 7, 3, 23, 174, 1031, 228
4, 4, 9, 6, 76, 332, 12.9477, 12.9477,2, 2, 2, 24, 207, 1187, 262
4, 4, 9, 7, 76, 460, 0, 0,2, 0, 0, 27, 268, 1641, 327
4, 4, 9, 8, 76, 88, 189.121, 199.765,21, 21, 20, 17, 82, 345, 129
4, 4, 10, 1, 220, 262, 95.5377, 117.077,17, 15, 12, 27, 249, 2378, 308
4, 4, 10, 2, 220, 144, 204.993, 253.286,31, 31, 24, 23, 191, 1408, 245
4, 4, 10, 3, 220, 216, 52.4895, 77.106,14, 12, 8, 26, 218, 2000, 276
4, 4, 10, 4, 220, 311, 49.9041, 62.2232,13, 9, 7, 28, 263, 2864, 323
4, 4, 10, 5, 220, 285, 106.77, 141.365,22, 20, 15, 27, 252, 2644, 311
4, 4, 10, 6, 220, 332, 86.5055, 106.268,20, 15, 12, 28, 281, 3039, 342
4, 4, 10, 7, 220, 460, 66.4693, 89.4783,21, 11, 9, 31, 339, 4211, 405
4, 4, 10, 8, 220, 88, 57.7687, 70.3791,11, 10, 8, 21, 153, 867, 205
4, 4, 10, 9, 220, 76, 72.2148, 97.4878,14, 13, 9, 22, 159, 772, 211
4, 4, 11, 1, 238, 262, 109.724, 144.293,19, 16, 14, 27, 257, 2946, 317
4, 4, 11, 2, 238, 144, 109.009, 116.532,17, 15, 14, 24, 201, 1639, 256
4, 4, 11, 3, 238, 216, 24.7437, 31.1735,6, 5, 4, 26, 229, 2354, 287
4, 4, 11, 4, 238, 311, 44.5141, 51.3354,10, 7, 6, 28, 269, 3349, 330
4, 4, 11, 5, 238, 285, 117.402, 155.742,24, 19, 15, 27, 257, 3263, 317
4, 4, 11, 6, 238, 332, 66.5737, 81.9559,18, 11, 9, 28, 291, 3617, 352
4, 4, 11, 7, 238, 460, 46.3352, 64.018,17, 8, 7, 32, 354, 4908, 421
4, 4, 11, 8, 238, 88, 30.0222, 36.8905,6, 5, 4, 21, 164, 1037, 216
4, 4, 11, 9, 238, 76, 41.3355, 41.3355,6, 5, 5, 22, 167, 909, 219
4, 4, 11, 10, 238, 220, 500.522, 550.662,66, 65, 58, 26, 238, 2436, 296
4, 4, 12, 1, 301, 262, 54.1274, 65.3809,15, 9, 7, 29, 269, 3819, 332
4, 4, 12, 2, 301, 144, 331.548, 405.702,47, 47, 37, 26, 229, 2158, 286
4, 4, 12, 3, 301, 216, 21.8445, 28.4662,10, 4, 3, 28, 241, 3212, 302
4, 4, 12, 4, 301, 311, 33.0076, 41.734,8, 6, 5, 30, 287, 4557, 352
4, 4, 12, 5, 301, 285, 18.8748, 50.6167,16, 5, 3, 30, 264, 4187, 328
4, 4, 12, 6, 301, 332, 104.113, 130.131,23, 19, 15, 31, 301, 4854, 367
4, 4, 12, 7, 301, 460, 89.4677, 95.2754,19, 14, 13, 34, 362, 6669, 433
4, 4, 12, 8, 301, 88, 79.9325, 102.724,17, 13, 11, 24, 176, 1374, 231
4, 4, 12, 9, 301, 76, 54.2743, 93.7596,12, 10, 5, 24, 177, 1200, 231
4, 4, 12, 10, 301, 220, 493.778, 568.82,68, 67, 57, 28, 248, 3262, 309
4, 4, 12, 11, 301, 238, 244.818, 290.158,40, 39, 34, 28, 259, 3485, 321
4, 4, 13, 1, 290, 262, 54.287, 79.1713,19, 11, 7, 29, 286, 3478, 348
4, 4, 13, 2, 290, 144, 0, 0,10, 0, 0, 25, 229, 1980, 285
4, 4, 13, 3, 290, 216, 27.3285, 39.3277,12, 6, 4, 28, 259, 2854, 320
4, 4, 13, 4, 290, 311, 65.6727, 65.6727,11, 9, 9, 30, 304, 4147, 367
4, 4, 13, 5, 290, 285, 151.724, 177.222,26, 23, 19, 29, 285, 3769, 348
4, 4, 13, 6, 290, 332, 243.585, 281.403,39, 37, 31, 30, 319, 4496, 384
4, 4, 13, 7, 290, 460, 128.426, 142.33,29, 18, 16, 34, 382, 6047, 451
4, 4, 13, 8, 290, 88, 0, 0,7, 0, 0, 23, 191, 1286, 245
4, 4, 13, 9, 290, 76, 0, 0,3, 0, 0, 23, 191, 1116, 245
4, 4, 13, 10, 290, 220, 134.614, 152.78,23, 20, 17, 28, 264, 2925, 325
4, 4, 13, 11, 290, 238, 86.3032, 91.953,19, 14, 13, 28, 273, 3270, 334
4, 4, 13, 12, 290, 301, 106.454, 112.812,18, 14, 14, 30, 286, 4055, 350
4, 4, 14, 1, 393, 262, 51.7621, 80.5754,26, 11, 7, 31, 316, 4812, 382
4, 4, 14, 2, 393, 144, 8.32637, 54.3823,19, 6, 1, 28, 260, 2724, 321
4, 4, 14, 3, 393, 216, 12.9369, 19.7325,10, 3, 2, 30, 286, 4051, 350
4, 4, 14, 4, 393, 311, 45.9015, 65.2734,15, 8, 6, 32, 334, 5693, 402
4, 4, 14, 5, 393, 285, 23.2834, 66.9101,25, 8, 3, 31, 312, 5320, 378
4, 4, 14, 6, 393, 332, 215.251, 256.713,35, 33, 27, 33, 351, 6195, 420
4, 4, 14, 7, 393, 460, 327.287, 429.322,62, 57, 44, 36, 409, 8495, 484
4, 4, 14, 8, 393, 88, 6.05513, 18.2547,10, 3, 1, 26, 222, 1704, 279
4, 4, 14, 9, 393, 76, 0, 15.6573,5, 2, 0, 26, 233, 1742, 290
4, 4, 14, 10, 393, 220, 118.486, 167.67,31, 18, 13, 31, 294, 4130, 359
4, 4, 14, 11, 393, 238, 27.9396, 63.3266,18, 8, 4, 31, 307, 4409, 372
4, 4, 14, 12, 393, 301, 125.037, 159.874,29, 18, 14, 32, 319, 5542, 387
4, 4, 14, 13, 393, 290, 547.614, 631.204,83, 80, 69, 32, 333, 5343, 401
4, 4, 15, 1, 350, 262, 178.138, 233.623,31, 27, 23, 31, 302, 4233, 367
4, 4, 15, 2, 350, 144, 80.1159, 108.701,24, 14, 10, 27, 243, 2393, 302
4, 4, 15, 3, 350, 216, 32.4773, 39.1744,10, 6, 5, 30, 267, 3536, 330
4, 4, 15, 4, 350, 311, 150.66, 184.246,27, 25, 20, 32, 311, 4899, 377
4, 4, 15, 5, 350, 285, 13.3625, 34.4646,15, 4, 2, 31, 291, 4524, 356
4, 4, 15, 6, 350, 332, 256.023, 342.092,47, 43, 32, 32, 328, 5184, 395
4, 4, 15, 7, 350, 460, 289.775, 360.796,51, 47, 38, 35, 389, 7131, 461
4, 4, 15, 8, 350, 88, 5.7008, 20.5015,9, 2, 1, 25, 202, 1440, 258
4, 4, 15, 9, 350, 76, 0, 14.0108,7, 2, 0, 25, 202, 1292, 258
4, 4, 15, 10, 350, 220, 145.265, 215.677,29, 27, 18, 29, 277, 3501, 339
4, 4, 15, 11, 350, 238, 73.7019, 90.1476,16, 10, 9, 30, 309, 3680, 372
4, 4, 15, 12, 350, 301, 223.507, 278.621,40, 35, 28, 33, 301, 4781, 368
4, 4, 15, 13, 350, 290, 356.636, 399.663,52, 51, 45, 31, 363, 4624, 429
4, 4, 15, 14, 350, 393, 617.654, 775.766,103, 99, 77, 34, 345, 6188, 415
4, 4, 16, 1, 210, 262, 143.713, 165.579,25, 22, 19, 26, 234, 2566, 293
4, 4, 16, 2, 210, 144, 87.1419, 87.1419,15, 11, 11, 23, 178, 1504, 231
4, 4, 16, 3, 210, 216, 59.9506, 59.9506,15, 9, 9, 26, 206, 2124, 263
4, 4, 16, 4, 210, 311, 68.191, 80.565,16, 12, 10, 27, 248, 3140, 309
4, 4, 16, 5, 210, 285, 163.742, 196.447,28, 23, 19, 27, 278, 2826, 337
4, 4, 16, 6, 210, 332, 171.498, 186.124,30, 26, 24, 28, 268, 3246, 329
4, 4, 16, 7, 210, 460, 86.6628, 102.202,24, 14, 12, 31, 327, 4496, 393
4, 4, 16, 8, 210, 88, 18.0484, 18.0484,7, 2, 2, 21, 141, 956, 193
4, 4, 16, 9, 210, 76, 6.01709, 6.01709,5, 1, 1, 21, 146, 811, 197
4, 4, 16, 10, 210, 220, 197.053, 228.518,30, 26, 23, 26, 219, 2332, 277
4, 4, 16, 11, 210, 238, 103.978, 110.001,16, 14, 14, 26, 231, 2550, 290
4, 4, 16, 12, 210, 301, 195.819, 219.382,29, 29, 25, 28, 274, 2924, 335
4, 4, 16, 13, 210, 290, 423.925, 471.014,61, 58, 52, 27, 263, 2829, 323
4, 4, 16, 14, 210, 393, 231.373, 278.521,45, 36, 29, 30, 283, 3796, 346
4, 4, 16, 15, 210, 350, 396.184, 447.196,57, 55, 47, 30, 264, 4415, 327
4, 4, 17, 1, 342, 262, 107.02, 147.653,35, 18, 13, 30, 302, 3969, 366
4, 4, 17, 2, 342, 144, 0, 8.26701,14, 1, 0, 27, 251, 2275, 310
4, 4, 17, 3, 342, 216, 28.4129, 47.3979,16, 7, 4, 30, 269, 3310, 332
4, 4, 17, 4, 342, 311, 94.2542, 119.33,24, 18, 14, 31, 314, 4927, 380
4, 4, 17, 5, 342, 285, 267.476, 331.94,45, 41, 32, 30, 292, 4508, 357
4, 4, 17, 6, 342, 332, 542.396, 687.859,94, 87, 69, 31, 330, 5043, 397
4, 4, 17, 7, 342, 460, 431.833, 563.851,78, 76, 56, 35, 392, 6942, 464
4, 4, 17, 8, 342, 88, 0, 7.76982,5, 1, 0, 25, 205, 1403, 261
4, 4, 17, 9, 342, 76, 0, 0,2, 0, 0, 25, 203, 1262, 259
4, 4, 17, 10, 342, 220, 126.125, 166.056,29, 22, 17, 29, 278, 3455, 340
4, 4, 17, 11, 342, 238, 40.6153, 59.5452,14, 9, 6, 29, 291, 4073, 354
4, 4, 17, 12, 342, 301, 117.452, 153.243,28, 22, 18, 31, 297, 4598, 363
4, 4, 17, 13, 342, 290, 369.899, 461.287,59, 56, 44, 31, 317, 4415, 382
4, 4, 17, 14, 342, 393, 381.294, 455.078,65, 64, 52, 33, 344, 5943, 414
4, 4, 17, 15, 342, 350, 286.478, 326.741,45, 42, 37, 33, 330, 5293, 398
4, 4, 17, 16, 342, 210, 150.489, 174.744,25, 23, 20, 28, 262, 3288, 323
4, 4, 18, 1, 364, 262, 93.308, 147.552,33, 18, 12, 31, 325, 4017, 391
4, 4, 18, 2, 364, 144, 0, 0,2, 0, 0, 28, 265, 2173, 324
4, 4, 18, 3, 364, 216, 0, 0,3, 0, 0, 30, 294, 3170, 357
4, 4, 18, 4, 364, 311, 114.481, 138.621,22, 19, 16, 32, 334, 4783, 401
4, 4, 18, 5, 364, 285, 144.169, 190.048,36, 24, 19, 31, 318, 4225, 384
4, 4, 18, 6, 364, 332, 484.895, 582.56,77, 74, 59, 32, 353, 4867, 421
4, 4, 18, 7, 364, 460, 561.337, 690.911,95, 91, 72, 36, 415, 6754, 489
4, 4, 18, 8, 364, 88, 0, 0,2, 0, 0, 25, 227, 1382, 283
4, 4, 18, 9, 364, 76, 0, 5.95839,3, 1, 0, 26, 234, 1229, 291
4, 4, 18, 10, 364, 220, 40.4871, 47.5313,11, 8, 7, 30, 302, 3397, 365
4, 4, 18, 11, 364, 238, 18.5366, 42.9186,12, 4, 2, 30, 312, 3479, 375
4, 4, 18, 12, 364, 301, 37.0287, 69.5255,19, 10, 6, 32, 326, 4488, 393
4, 4, 18, 13, 364, 290, 350.663, 384.435,57, 55, 50, 32, 345, 4318, 411
4, 4, 18, 14, 364, 393, 418.185, 490.246,70, 66, 55, 34, 369, 5801, 440
4, 4, 18, 15, 364, 350, 387.654, 458.655,59, 57, 47, 34, 349, 5330, 417
4, 4, 18, 16, 364, 210, 173.953, 203.225,31, 27, 23, 30, 287, 3120, 350
4, 4, 18, 17, 364, 342, 1265.49, 1436.75,140, 136, 115, 33, 352, 5112, 420
4, 4, 19, 1, 367, 262, 70.0969, 82.47,17, 12, 10, 30, 296, 4652, 361
4, 4, 19, 2, 367, 144, 22.2256, 56.8465,21, 7, 3, 27, 261, 2592, 320
4, 4, 19, 3, 367, 216, 17.5775, 17.5775,9, 3, 3, 30, 271, 3843, 335
4, 4, 19, 4, 367, 311, 59.9482, 59.9482,14, 9, 9, 31, 312, 5469, 379
4, 4, 19, 5, 367, 285, 75.0677, 115.01,19, 14, 10, 32, 290, 5030, 357
4, 4, 19, 6, 367, 332, 93.5218, 121.488,19, 17, 13, 32, 331, 5848, 398
4, 4, 19, 7, 367, 460, 99.2336, 105.017,15, 15, 14, 35, 390, 8102, 464
4, 4, 19, 8, 367, 88, 0, 15.8598,10, 2, 0, 25, 202, 1619, 258
4, 4, 19, 9, 367, 76, 0, 0,3, 0, 0, 25, 203, 1411, 259
4, 4, 19, 10, 367, 220, 225.386, 263.324,35, 33, 28, 29, 284, 3944, 347
4, 4, 19, 11, 367, 238, 165.708, 191.524,26, 25, 21, 29, 298, 4324, 362
4, 4, 19, 12, 367, 301, 364.365, 392.224,54, 53, 49, 32, 311, 5367, 378
4, 4, 19, 13, 367, 290, 269.78, 309.128,41, 39, 33, 31, 313, 5110, 379
4, 4, 19, 14, 367, 393, 298.567, 340.325,44, 43, 38, 34, 347, 6883, 418
4, 4, 19, 15, 367, 350, 272.427, 313.996,47, 46, 40, 33, 324, 6099, 393
4, 4, 19, 16, 367, 210, 217.588, 230.641,33, 31, 29, 29, 262, 3762, 325
4, 4, 19, 17, 367, 342, 181.896, 264.358,39, 36, 24, 33, 327, 5985, 396
4, 4, 19, 18, 367, 364, 167.363, 218.572,36, 31, 24, 34, 354, 6485, 425
4, 4, 20, 1, 298, 262, 51.2431, 71.1367,15, 9, 7, 29, 261, 3506, 324
4, 4, 20, 2, 298, 144, 85.4017, 113.462,26, 15, 11, 25, 201, 2041, 259
4, 4, 20, 3, 298, 216, 20.2958, 20.2958,9, 3, 3, 28, 229, 3040, 290
4, 4, 20, 4, 298, 311, 34.554, 34.554,6, 4, 4, 30, 272, 4311, 337
4, 4, 20, 5, 298, 285, 61.4866, 75.3882,19, 10, 8, 30, 257, 3892, 321
4, 4, 20, 6, 298, 332, 81.9209, 112.55,20, 14, 11, 30, 302, 4522, 366
4, 4, 20, 7, 298, 460, 57.6636, 94.3957,27, 14, 9, 34, 349, 6195, 419
4, 4, 20, 8, 298, 88, 7.70846, 22.2541,10, 3, 1, 24, 165, 1311, 220
4, 4, 20, 9, 298, 76, 0, 0,6, 0, 0, 24, 165, 1096, 220
4, 4, 20, 10, 298, 220, 321.302, 368.658,47, 44, 39, 28, 237, 3000, 297
4, 4, 20, 11, 298, 238, 168.152, 220.158,34, 29, 22, 28, 247, 3367, 308
4, 4, 20, 12, 298, 301, 257.17, 309.227,46, 40, 35, 30, 259, 4186, 323
4, 4, 20, 13, 298, 290, 302.208, 336.273,47, 42, 39, 30, 273, 3940, 337
4, 4, 20, 14, 298, 393, 271, 303.226,44, 39, 35, 32, 303, 5394, 371
4, 4, 20, 15, 298, 350, 251.374, 308.228,45, 40, 34, 31, 285, 4858, 351
4, 4, 20, 16, 298, 210, 243.412, 290.187,41, 35, 30, 27, 228, 2952, 288
4, 4, 20, 17, 298, 342, 214.27, 287.817,47, 36, 26, 31, 288, 4615, 353
4, 4, 20, 18, 298, 364, 157.378, 227.438,41, 33, 23, 32, 312, 5041, 379
4, 4, 20, 19, 298, 367, 761.689, 920.459,107, 106, 84, 31, 285, 6330, 352
4, 4, 21, 1, 150, 262, 17.9712, 17.9712,3, 3, 3, 25, 188, 1904, 244
4, 4, 21, 2, 150, 144, 0, 0,0, 0, 0, 21, 133, 1070, 185
4, 4, 21, 3, 150, 216, 40.6864, 40.6864,7, 6, 6, 24, 158, 1614, 213
4, 4, 21, 4, 150, 311, 0, 0,3, 0, 0, 25, 204, 2285, 261
4, 4, 21, 5, 150, 285, 35.767, 35.767,4, 4, 4, 25, 184, 2690, 241
4, 4, 21, 6, 150, 332, 0, 0,1, 0, 0, 26, 223, 2418, 281
4, 4, 21, 7, 150, 460, 0, 0,0, 0, 0, 30, 286, 3480, 348
4, 4, 21, 8, 150, 88, 0, 0,0, 0, 0, 19, 94, 700, 143
4, 4, 21, 9, 150, 76, 0, 0,0, 0, 0, 19, 94, 606, 143
4, 4, 21, 10, 150, 220, 9.13685, 9.13685,1, 1, 1, 23, 167, 1637, 222
4, 4, 21, 11, 150, 238, 13.9725, 13.9725,2, 2, 2, 23, 179, 1794, 234
4, 4, 21, 12, 150, 301, 0, 0,0, 0, 0, 26, 193, 2291, 251
4, 4, 21, 13, 150, 290, 14.5139, 14.5139,2, 2, 2, 25, 203, 2153, 260
4, 4, 21, 14, 150, 393, 0, 0,0, 0, 0, 28, 245, 3008, 305
4, 4, 21, 15, 150, 350, 0, 0,0, 0, 0, 27, 214, 2638, 273
4, 4, 21, 16, 150, 210, 15.3584, 15.3584,2, 2, 2, 23, 157, 1577, 211
4, 4, 21, 17, 150, 342, 19.6282, 19.6282,3, 3, 3, 27, 217, 2583, 276
4, 4, 21, 18, 150, 364, 0, 0,0, 0, 0, 28, 239, 2652, 300
4, 4, 21, 19, 150, 367, 0, 0,1, 0, 0, 27, 217, 2690, 276
4, 4, 21, 20, 150, 298, 5.64224, 5.64224,1, 1, 1, 26, 178, 2162, 235
4, 4, 22, 1, 216, 262, 61.4298, 61.4298,10, 8, 8, 29, 249, 2481, 310
4, 4, 22, 2, 216, 144, 6.00026, 6.00026,1, 1, 1, 25, 191, 1386, 248
4, 4, 22, 3, 216, 216, 60.8857, 66.566,10, 9, 8, 28, 220, 1963, 279
4, 4, 22, 4, 216, 311, 53.8455, 61.7361,11, 9, 8, 29, 258, 2787, 320
4, 4, 22, 5, 216, 285, 18.37, 38.6938,11, 5, 2, 28, 244, 2591, 305
4, 4, 22, 6, 216, 332, 37.9311, 45.1076,8, 5, 4, 30, 281, 3097, 344
4, 4, 22, 7, 216, 460, 12.6789, 33.3663,12, 4, 2, 33, 342, 4142, 410
4, 4, 22, 8, 216, 88, 0, 0,0, 0, 0, 22, 153, 889, 206
4, 4, 22, 9, 216, 76, 0, 0,0, 0, 0, 23, 155, 752, 208
4, 4, 22, 10, 216, 220, 0, 0,1, 0, 0, 27, 226, 2104, 284
4, 4, 22, 11, 216, 238, 13.2495, 18.851,4, 3, 2, 27, 236, 2182, 294
4, 4, 22, 12, 216, 301, 20.899, 27.3846,6, 4, 3, 30, 249, 2735, 311
4, 4, 22, 13, 216, 290, 22.5723, 22.5723,5, 3, 3, 29, 263, 2591, 324
4, 4, 22, 14, 216, 393, 13.573, 36.8664,10, 5, 2, 32, 300, 3627, 366
4, 4, 22, 15, 216, 350, 14.7793, 14.7793,2, 2, 2, 31, 283, 3084, 346
4, 4, 22, 16, 216, 210, 13.8197, 19.9778,7, 3, 2, 27, 211, 1932, 269
4, 4, 22, 17, 216, 342, 18.7062, 24.4253,7, 3, 3, 30, 275, 3158, 339
4, 4, 22, 18, 216, 364, 32.2229, 32.2229,10, 5, 5, 32, 302, 3355, 367
4, 4, 22, 19, 216, 367, 23.9146, 23.9146,7, 3, 3, 31, 277, 3344, 342
4, 4, 22, 20, 216, 298, 0, 7.18045,6, 1, 0, 30, 239, 2780, 301
4, 4, 22, 21, 216, 150, 245.435, 294.433,37, 37, 30, 25, 172, 1433, 228
4, 4, 23, 1, 295, 262, 44.0223, 49.7688,12, 7, 6, 29, 306, 3812, 368
4, 4, 23, 2, 295, 144, 88.3158, 108.032,15, 14, 12, 25, 241, 2139, 298
4, 4, 23, 3, 295, 216, 12.1192, 12.1192,4, 2, 2, 28, 267, 3133, 328
4, 4, 23, 4, 295, 311, 19.111, 25.2527,5, 3, 3, 30, 312, 4455, 375
4, 4, 23, 5, 295, 285, 82.5248, 103.141,20, 14, 11, 29, 299, 4162, 361
4, 4, 23, 6, 295, 332, 44.5007, 63.8766,13, 9, 7, 30, 332, 4719, 396
4, 4, 23, 7, 295, 460, 39.3993, 57.9519,16, 9, 6, 33, 391, 6562, 461
4, 4, 23, 8, 295, 88, 6.82288, 6.82288,4, 1, 1, 23, 203, 1338, 257
4, 4, 23, 9, 295, 76, 0, 16.5355,6, 2, 0, 23, 204, 1182, 257
4, 4, 23, 10, 295, 220, 261.364, 290.487,38, 36, 32, 27, 275, 3235, 335
4, 4, 23, 11, 295, 238, 293.752, 342.686,45, 42, 37, 28, 287, 3453, 347
4, 4, 23, 12, 295, 301, 139.637, 175.645,22, 19, 16, 30, 302, 4305, 366
4, 4, 23, 13, 295, 290, 90.5189, 104.555,20, 15, 13, 30, 317, 4343, 381
4, 4, 23, 14, 295, 393, 60.4976, 103.368,23, 12, 9, 33, 399, 5717, 468
4, 4, 23, 15, 295, 350, 78.2616, 102.152,17, 13, 11, 33, 329, 5020, 397
4, 4, 23, 16, 295, 210, 130.464, 177.539,29, 22, 17, 27, 263, 3077, 323
4, 4, 23, 17, 295, 342, 98.079, 147.733,28, 22, 14, 31, 325, 4966, 391
4, 4, 23, 18, 295, 364, 79.0882, 105.676,25, 16, 12, 31, 349, 5233, 415
4, 4, 23, 19, 295, 367, 337.947, 368.324,53, 51, 47, 31, 324, 5302, 390
4, 4, 23, 20, 295, 298, 498.058, 592.799,73, 69, 59, 29, 286, 4331, 349
4, 4, 23, 21, 295, 150, 0, 0,0, 0, 0, 25, 216, 2187, 273
4, 4, 23, 22, 295, 216, 0, 0,0, 0, 0, 29, 278, 3136, 339
