40, 1, 2, 215, 401, 8.22274, 8.22274,1, 1
40, 1, 3, 215, 402, 8.58929, 8.58929,1, 1
40, 1, 4, 215, 426, 8.10533, 8.10533,1, 1
40, 1, 5, 215, 557, 7.04766, 7.04766,1, 1
40, 1, 6, 215, 187, 7.13386, 7.13386,1, 1
40, 1, 7, 215, 176, 0, 0,0, 0
40, 1, 8, 215, 132, 0, 0,0, 0
40, 1, 9, 215, 144, 0, 0,0, 0
40, 1, 10, 215, 151, 0, 0,0, 0
40, 1, 11, 215, 331, 7.16874, 7.16874,1, 1
40, 1, 12, 215, 159, 0, 0,0, 0
40, 1, 13, 215, 383, 0, 0,0, 0
40, 1, 14, 215, 357, 30.29, 37.3211,4, 3
40, 1, 15, 215, 137, 0, 0,0, 0
40, 1, 16, 215, 219, 7.39447, 7.39447,1, 1
40, 1, 17, 215, 213, 6.9211, 6.9211,1, 1
40, 1, 18, 215, 240, 0, 0,0, 0
40, 1, 19, 215, 345, 0, 0,0, 0
40, 1, 20, 215, 344, 0, 0,0, 0
40, 1, 21, 215, 270, 8.44784, 8.44784,1, 1
40, 1, 22, 215, 280, 0, 0,0, 0
40, 1, 23, 215, 427, 0, 0,0, 0
40, 1, 24, 215, 330, 0, 0,0, 0
40, 1, 25, 215, 327, 0, 0,0, 0
40, 1, 26, 215, 336, 9.58859, 9.58859,1, 1
40, 1, 27, 215, 333, 0, 0,0, 0
40, 1, 28, 215, 245, 0, 0,0, 0
40, 1, 29, 215, 288, 7.72353, 7.72353,1, 1
40, 1, 30, 215, 226, 0, 0,0, 0
40, 1, 31, 215, 306, 0, 0,0, 0
40, 1, 32, 215, 732, 6.91509, 6.91509,1, 1
40, 1, 33, 215, 486, 7.52085, 7.52085,1, 1
40, 1, 34, 215, 440, 14.3404, 14.3404,2, 2
40, 1, 35, 215, 350, 0, 0,0, 0
40, 1, 36, 215, 396, 0, 0,0, 0
40, 1, 37, 215, 188, 0, 0,0, 0
40, 1, 38, 215, 406, 7.8333, 7.8333,1, 1
40, 1, 39, 215, 364, 0, 0,0, 0
40, 1, 40, 215, 543, 0, 0,0, 0
40, 1, 41, 215, 547, 0, 0,0, 0
40, 1, 42, 215, 587, 0, 0,0, 0
40, 1, 43, 215, 427, 0, 0,0, 0
40, 1, 44, 215, 573, 0, 0,0, 0
40, 1, 45, 215, 604, 14.1684, 14.1684,2, 2
40, 1, 46, 215, 429, 0, 0,0, 0
40, 1, 47, 215, 140, 0, 0,0, 0
40, 1, 48, 215, 136, 0, 0,0, 0
40, 1, 49, 215, 192, 0, 0,0, 0
40, 1, 50, 215, 290, 0, 0,0, 0
40, 1, 51, 215, 182, 0, 0,0, 0
40, 1, 52, 215, 240, 0, 0,0, 0
40, 1, 53, 215, 127, 7.06675, 7.06675,1, 1
40, 1, 54, 215, 496, 12.1328, 12.1328,1, 1
40, 1, 55, 215, 423, 0, 0,0, 0
40, 1, 56, 215, 328, 0, 0,0, 0
40, 2, 1, 263, 352, 7.23289, 7.23289,1, 1
40, 2, 3, 263, 402, 15.3014, 15.3014,2, 2
40, 2, 4, 263, 426, 7.35466, 7.35466,1, 1
40, 2, 5, 263, 557, 0, 0,0, 0
40, 2, 6, 263, 187, 7.34146, 7.34146,1, 1
40, 2, 7, 263, 176, 7.95994, 7.95994,1, 1
40, 2, 8, 263, 132, 0, 0,0, 0
40, 2, 9, 263, 144, 0, 0,0, 0
40, 2, 10, 263, 151, 0, 0,0, 0
40, 2, 11, 263, 331, 13.8881, 13.8881,2, 2
40, 2, 12, 263, 159, 0, 0,0, 0
40, 2, 13, 263, 383, 7.35989, 7.35989,1, 1
40, 2, 14, 263, 357, 15.2897, 15.2897,2, 2
40, 2, 15, 263, 137, 0, 0,0, 0
40, 2, 16, 263, 219, 6.70413, 6.70413,1, 1
40, 2, 17, 263, 213, 0, 0,0, 0
40, 2, 18, 263, 240, 0, 0,0, 0
40, 2, 19, 263, 345, 0, 0,0, 0
40, 2, 20, 263, 344, 0, 0,0, 0
40, 2, 21, 263, 270, 7.95121, 7.95121,1, 1
40, 2, 22, 263, 280, 0, 0,0, 0
40, 2, 23, 263, 427, 0, 0,0, 0
40, 2, 24, 263, 330, 14.0035, 14.0035,2, 2
40, 2, 25, 263, 327, 0, 0,0, 0
40, 2, 26, 263, 336, 36.2842, 36.2842,5, 5
40, 2, 27, 263, 333, 14.1842, 14.1842,2, 2
40, 2, 28, 263, 245, 15.5154, 15.5154,2, 2
40, 2, 29, 263, 288, 17.7609, 17.7609,2, 2
40, 2, 30, 263, 226, 0, 0,0, 0
40, 2, 31, 263, 306, 0, 0,0, 0
40, 2, 32, 263, 732, 14.5676, 14.5676,2, 2
40, 2, 33, 263, 486, 20.4849, 20.4849,3, 3
40, 2, 34, 263, 440, 9.17303, 9.17303,1, 1
40, 2, 35, 263, 350, 0, 0,0, 0
40, 2, 36, 263, 396, 6.80759, 6.80759,1, 1
40, 2, 37, 263, 188, 0, 0,0, 0
40, 2, 38, 263, 406, 23.3518, 23.3518,3, 3
40, 2, 39, 263, 364, 0, 0,0, 0
40, 2, 40, 263, 543, 13.7626, 13.7626,2, 2
40, 2, 41, 263, 547, 7.08615, 7.08615,1, 1
40, 2, 42, 263, 587, 21.8914, 29.3656,4, 3
40, 2, 43, 263, 427, 6.97198, 6.97198,1, 1
40, 2, 44, 263, 573, 15.5604, 15.5604,2, 2
40, 2, 45, 263, 604, 16.2618, 16.2618,2, 2
40, 2, 46, 263, 429, 15.0384, 15.0384,2, 2
40, 2, 47, 263, 140, 0, 0,0, 0
40, 2, 48, 263, 136, 0, 0,0, 0
40, 2, 49, 263, 192, 0, 0,0, 0
40, 2, 50, 263, 290, 0, 0,0, 0
40, 2, 51, 263, 182, 0, 0,0, 0
40, 2, 52, 263, 240, 0, 0,0, 0
40, 2, 53, 263, 127, 0, 0,0, 0
40, 2, 54, 263, 496, 10.5957, 10.5957,1, 1
40, 2, 55, 263, 423, 15.6204, 29.8571,4, 2
40, 2, 56, 263, 328, 18.6683, 26.8053,3, 2
40, 3, 1, 198, 352, 7.80625, 7.80625,1, 1
40, 3, 2, 198, 401, 0, 0,0, 0
40, 3, 4, 198, 426, 0, 0,0, 0
40, 3, 5, 198, 557, 0, 0,0, 0
40, 3, 6, 198, 187, 7.43232, 7.43232,1, 1
40, 3, 7, 198, 176, 8.23537, 8.23537,1, 1
40, 3, 8, 198, 132, 0, 0,0, 0
40, 3, 9, 198, 144, 0, 0,0, 0
40, 3, 10, 198, 151, 0, 0,0, 0
40, 3, 11, 198, 331, 0, 0,0, 0
40, 3, 12, 198, 159, 0, 0,0, 0
40, 3, 13, 198, 383, 0, 0,0, 0
40, 3, 14, 198, 357, 14.9519, 14.9519,2, 2
40, 3, 15, 198, 137, 7.24982, 7.24982,1, 1
40, 3, 16, 198, 219, 0, 0,0, 0
40, 3, 17, 198, 213, 0, 0,0, 0
40, 3, 18, 198, 240, 0, 0,0, 0
40, 3, 19, 198, 345, 0, 0,0, 0
40, 3, 20, 198, 344, 0, 0,0, 0
40, 3, 21, 198, 270, 8.31693, 8.31693,1, 1
40, 3, 22, 198, 280, 0, 0,0, 0
40, 3, 23, 198, 427, 0, 0,0, 0
40, 3, 24, 198, 330, 0, 0,0, 0
40, 3, 25, 198, 327, 0, 0,0, 0
40, 3, 26, 198, 336, 14.6171, 14.6171,2, 2
40, 3, 27, 198, 333, 0, 0,0, 0
40, 3, 28, 198, 245, 0, 0,0, 0
40, 3, 29, 198, 288, 15.4047, 15.4047,2, 2
40, 3, 30, 198, 226, 0, 0,0, 0
40, 3, 31, 198, 306, 0, 0,0, 0
40, 3, 32, 198, 732, 0, 0,0, 0
40, 3, 33, 198, 486, 0, 0,0, 0
40, 3, 34, 198, 440, 0, 0,0, 0
40, 3, 35, 198, 350, 0, 0,0, 0
40, 3, 36, 198, 396, 0, 0,0, 0
40, 3, 37, 198, 188, 0, 0,0, 0
40, 3, 38, 198, 406, 0, 0,0, 0
40, 3, 39, 198, 364, 0, 0,0, 0
40, 3, 40, 198, 543, 0, 0,0, 0
40, 3, 41, 198, 547, 0, 0,0, 0
40, 3, 42, 198, 587, 0, 0,0, 0
40, 3, 43, 198, 427, 0, 0,0, 0
40, 3, 44, 198, 573, 0, 0,0, 0
40, 3, 45, 198, 604, 6.86862, 6.86862,1, 1
40, 3, 46, 198, 429, 0, 0,0, 0
40, 3, 47, 198, 140, 0, 0,0, 0
40, 3, 48, 198, 136, 0, 0,0, 0
40, 3, 49, 198, 192, 0, 0,0, 0
40, 3, 50, 198, 290, 0, 0,0, 0
40, 3, 51, 198, 182, 0, 0,0, 0
40, 3, 52, 198, 240, 7.1637, 7.1637,1, 1
40, 3, 53, 198, 127, 0, 0,0, 0
40, 3, 54, 198, 496, 0, 0,0, 0
40, 3, 55, 198, 423, 0, 0,0, 0
40, 3, 56, 198, 328, 0, 0,0, 0
40, 4, 1, 390, 352, 10.8153, 10.8153,1, 1
40, 4, 2, 390, 401, 0, 0,0, 0
40, 4, 3, 390, 402, 0, 0,0, 0
40, 4, 5, 390, 557, 0, 0,0, 0
40, 4, 6, 390, 187, 7.0585, 7.0585,1, 1
40, 4, 7, 390, 176, 7.76181, 7.76181,1, 1
40, 4, 8, 390, 132, 6.68872, 6.68872,1, 1
40, 4, 9, 390, 144, 0, 0,0, 0
40, 4, 10, 390, 151, 0, 0,0, 0
40, 4, 11, 390, 331, 0, 0,0, 0
40, 4, 12, 390, 159, 0, 0,0, 0
40, 4, 13, 390, 383, 0, 0,0, 0
40, 4, 14, 390, 357, 8.8562, 8.8562,1, 1
40, 4, 15, 390, 137, 6.81245, 6.81245,1, 1
40, 4, 16, 390, 219, 0, 0,0, 0
40, 4, 17, 390, 213, 0, 0,0, 0
40, 4, 18, 390, 240, 0, 0,0, 0
40, 4, 19, 390, 345, 0, 0,0, 0
40, 4, 20, 390, 344, 0, 0,0, 0
40, 4, 21, 390, 270, 0, 0,0, 0
40, 4, 22, 390, 280, 0, 0,0, 0
40, 4, 23, 390, 427, 13.9884, 13.9884,2, 2
40, 4, 24, 390, 330, 7.27415, 7.27415,1, 1
40, 4, 25, 390, 327, 0, 0,0, 0
40, 4, 26, 390, 336, 22.5418, 22.5418,3, 3
40, 4, 27, 390, 333, 0, 0,0, 0
40, 4, 28, 390, 245, 0, 0,0, 0
40, 4, 29, 390, 288, 17.4815, 17.4815,2, 2
40, 4, 30, 390, 226, 9.22984, 9.22984,1, 1
40, 4, 31, 390, 306, 14.7615, 14.7615,2, 2
40, 4, 32, 390, 732, 8.1243, 8.1243,1, 1
40, 4, 33, 390, 486, 7.249, 7.249,1, 1
40, 4, 34, 390, 440, 0, 0,0, 0
40, 4, 35, 390, 350, 7.87647, 7.87647,1, 1
40, 4, 36, 390, 396, 0, 0,0, 0
40, 4, 37, 390, 188, 0, 0,0, 0
40, 4, 38, 390, 406, 0, 0,0, 0
40, 4, 39, 390, 364, 7.46291, 7.46291,1, 1
40, 4, 40, 390, 543, 7.27571, 7.27571,1, 1
40, 4, 41, 390, 547, 0, 0,0, 0
40, 4, 42, 390, 587, 21.2862, 21.2862,3, 3
40, 4, 43, 390, 427, 15.3031, 15.3031,2, 2
40, 4, 44, 390, 573, 6.93107, 6.93107,1, 1
40, 4, 45, 390, 604, 0, 0,0, 0
40, 4, 46, 390, 429, 0, 0,0, 0
40, 4, 47, 390, 140, 0, 0,0, 0
40, 4, 48, 390, 136, 0, 0,0, 0
40, 4, 49, 390, 192, 0, 0,0, 0
40, 4, 50, 390, 290, 7.51586, 7.51586,1, 1
40, 4, 51, 390, 182, 0, 0,0, 0
40, 4, 52, 390, 240, 0, 0,0, 0
40, 4, 53, 390, 127, 0, 0,0, 0
40, 4, 54, 390, 496, 15.9286, 15.9286,2, 2
40, 4, 55, 390, 423, 0, 0,0, 0
40, 4, 56, 390, 328, 7.16292, 7.16292,1, 1
40, 5, 1, 391, 352, 13.5025, 13.5025,2, 2
40, 5, 2, 391, 401, 7.22153, 7.22153,1, 1
40, 5, 3, 391, 402, 0, 0,0, 0
40, 5, 4, 391, 426, 8.04161, 8.04161,1, 1
40, 5, 6, 391, 187, 0, 0,0, 0
40, 5, 7, 391, 176, 0, 0,0, 0
40, 5, 8, 391, 132, 0, 0,0, 0
40, 5, 9, 391, 144, 7.45006, 7.45006,1, 1
40, 5, 10, 391, 151, 0, 0,0, 0
40, 5, 11, 391, 331, 0, 0,0, 0
40, 5, 12, 391, 159, 0, 0,0, 0
40, 5, 13, 391, 383, 0, 0,0, 0
40, 5, 14, 391, 357, 0, 0,0, 0
40, 5, 15, 391, 137, 7.22103, 7.22103,1, 1
40, 5, 16, 391, 219, 0, 0,0, 0
40, 5, 17, 391, 213, 0, 0,0, 0
40, 5, 18, 391, 240, 0, 0,0, 0
40, 5, 19, 391, 345, 8.18036, 8.18036,1, 1
40, 5, 20, 391, 344, 6.71432, 6.71432,1, 1
40, 5, 21, 391, 270, 0, 0,0, 0
40, 5, 22, 391, 280, 0, 0,0, 0
40, 5, 23, 391, 427, 8.3656, 8.3656,1, 1
40, 5, 24, 391, 330, 0, 0,0, 0
40, 5, 25, 391, 327, 0, 0,0, 0
40, 5, 26, 391, 336, 15.8472, 15.8472,2, 2
40, 5, 27, 391, 333, 0, 0,0, 0
40, 5, 28, 391, 245, 0, 0,0, 0
40, 5, 29, 391, 288, 0, 0,0, 0
40, 5, 30, 391, 226, 8.6718, 8.6718,1, 1
40, 5, 31, 391, 306, 0, 0,0, 0
40, 5, 32, 391, 732, 0, 0,0, 0
40, 5, 33, 391, 486, 0, 0,0, 0
40, 5, 34, 391, 440, 0, 0,0, 0
40, 5, 35, 391, 350, 6.7322, 6.7322,1, 1
40, 5, 36, 391, 396, 7.82924, 7.82924,1, 1
40, 5, 37, 391, 188, 0, 0,0, 0
40, 5, 38, 391, 406, 0, 0,0, 0
40, 5, 39, 391, 364, 6.7241, 6.7241,1, 1
40, 5, 40, 391, 543, 0, 0,0, 0
40, 5, 41, 391, 547, 0, 0,0, 0
40, 5, 42, 391, 587, 0, 0,0, 0
40, 5, 43, 391, 427, 0, 0,0, 0
40, 5, 44, 391, 573, 0, 0,0, 0
40, 5, 45, 391, 604, 0, 0,0, 0
40, 5, 46, 391, 429, 0, 0,0, 0
40, 5, 47, 391, 140, 0, 0,0, 0
40, 5, 48, 391, 136, 7.01988, 7.01988,1, 1
40, 5, 49, 391, 192, 7.48745, 7.48745,1, 1
40, 5, 50, 391, 290, 0, 0,0, 0
40, 5, 51, 391, 182, 0, 0,0, 0
40, 5, 52, 391, 240, 0, 0,0, 0
40, 5, 53, 391, 127, 0, 0,0, 0
40, 5, 54, 391, 496, 0, 0,0, 0
40, 5, 55, 391, 423, 0, 0,0, 0
40, 5, 56, 391, 328, 0, 0,0, 0
40, 6, 1, 362, 352, 0, 0,0, 0
40, 6, 2, 362, 401, 0, 0,0, 0
40, 6, 3, 362, 402, 6.85885, 6.85885,1, 1
40, 6, 4, 362, 426, 11.6353, 11.6353,1, 1
40, 6, 5, 362, 557, 0, 0,0, 0
40, 6, 7, 362, 176, 0, 0,0, 0
40, 6, 8, 362, 132, 0, 0,0, 0
40, 6, 9, 362, 144, 8.2579, 8.2579,1, 1
40, 6, 10, 362, 151, 0, 0,0, 0
40, 6, 11, 362, 331, 0, 0,0, 0
40, 6, 12, 362, 159, 0, 0,0, 0
40, 6, 13, 362, 383, 0, 0,0, 0
40, 6, 14, 362, 357, 20.7761, 34.6603,5, 3
40, 6, 15, 362, 137, 10.4758, 10.4758,1, 1
40, 6, 16, 362, 219, 0, 0,0, 0
40, 6, 17, 362, 213, 0, 0,0, 0
40, 6, 18, 362, 240, 0, 0,0, 0
40, 6, 19, 362, 345, 0, 0,0, 0
40, 6, 20, 362, 344, 0, 0,0, 0
40, 6, 21, 362, 270, 0, 0,0, 0
40, 6, 22, 362, 280, 0, 0,0, 0
40, 6, 23, 362, 427, 8.62092, 8.62092,1, 1
40, 6, 24, 362, 330, 0, 0,0, 0
40, 6, 25, 362, 327, 0, 0,0, 0
40, 6, 26, 362, 336, 0, 0,0, 0
40, 6, 27, 362, 333, 0, 0,0, 0
40, 6, 28, 362, 245, 0, 0,0, 0
40, 6, 29, 362, 288, 0, 0,0, 0
40, 6, 30, 362, 226, 0, 0,0, 0
40, 6, 31, 362, 306, 0, 0,0, 0
40, 6, 32, 362, 732, 7.9875, 15.1171,2, 1
40, 6, 33, 362, 486, 0, 0,0, 0
40, 6, 34, 362, 440, 21.1701, 21.1701,3, 3
40, 6, 35, 362, 350, 14.1051, 14.1051,2, 2
40, 6, 36, 362, 396, 22.9515, 22.9515,3, 3
40, 6, 37, 362, 188, 0, 0,0, 0
40, 6, 38, 362, 406, 0, 0,0, 0
40, 6, 39, 362, 364, 6.70641, 6.70641,1, 1
40, 6, 40, 362, 543, 8.5416, 23.4776,3, 1
40, 6, 41, 362, 547, 15.4954, 30.7707,4, 2
40, 6, 42, 362, 587, 24.0067, 38.3421,5, 3
40, 6, 43, 362, 427, 0, 0,0, 0
40, 6, 44, 362, 573, 10.4672, 26.4455,3, 1
40, 6, 45, 362, 604, 8.24223, 30.8348,4, 1
40, 6, 46, 362, 429, 7.07801, 7.07801,1, 1
40, 6, 47, 362, 140, 0, 0,0, 0
40, 6, 48, 362, 136, 9.60666, 9.60666,1, 1
40, 6, 49, 362, 192, 7.12787, 7.12787,1, 1
40, 6, 50, 362, 290, 0, 0,0, 0
40, 6, 51, 362, 182, 0, 0,0, 0
40, 6, 52, 362, 240, 0, 0,0, 0
40, 6, 53, 362, 127, 0, 0,0, 0
40, 6, 54, 362, 496, 0, 0,0, 0
40, 6, 55, 362, 423, 6.84387, 6.84387,1, 1
40, 6, 56, 362, 328, 0, 0,0, 0
40, 7, 1, 288, 352, 0, 0,0, 0
40, 7, 2, 288, 401, 0, 0,0, 0
40, 7, 3, 288, 402, 0, 0,0, 0
40, 7, 4, 288, 426, 0, 0,0, 0
40, 7, 5, 288, 557, 0, 0,0, 0
40, 7, 6, 288, 187, 0, 0,0, 0
40, 7, 8, 288, 132, 0, 0,0, 0
40, 7, 9, 288, 144, 0, 0,0, 0
40, 7, 10, 288, 151, 8.49789, 8.49789,1, 1
40, 7, 11, 288, 331, 0, 0,0, 0
40, 7, 12, 288, 159, 0, 0,0, 0
40, 7, 13, 288, 383, 0, 0,0, 0
40, 7, 14, 288, 357, 7.15915, 7.15915,1, 1
40, 7, 15, 288, 137, 0, 0,0, 0
40, 7, 16, 288, 219, 0, 0,0, 0
40, 7, 17, 288, 213, 0, 0,0, 0
40, 7, 18, 288, 240, 0, 0,0, 0
40, 7, 19, 288, 345, 0, 0,0, 0
40, 7, 20, 288, 344, 0, 0,0, 0
40, 7, 21, 288, 270, 0, 0,0, 0
40, 7, 22, 288, 280, 0, 0,0, 0
40, 7, 23, 288, 427, 0, 0,0, 0
40, 7, 24, 288, 330, 0, 0,0, 0
40, 7, 25, 288, 327, 0, 0,0, 0
40, 7, 26, 288, 336, 11.8751, 11.8751,1, 1
40, 7, 27, 288, 333, 6.76769, 6.76769,1, 1
40, 7, 28, 288, 245, 0, 0,0, 0
40, 7, 29, 288, 288, 8.2606, 8.2606,1, 1
40, 7, 30, 288, 226, 0, 0,0, 0
40, 7, 31, 288, 306, 0, 0,0, 0
40, 7, 32, 288, 732, 0, 0,0, 0
40, 7, 33, 288, 486, 0, 0,0, 0
40, 7, 34, 288, 440, 0, 0,0, 0
40, 7, 35, 288, 350, 0, 0,0, 0
40, 7, 36, 288, 396, 0, 0,0, 0
40, 7, 37, 288, 188, 0, 0,0, 0
40, 7, 38, 288, 406, 0, 0,0, 0
40, 7, 39, 288, 364, 0, 0,0, 0
40, 7, 40, 288, 543, 0, 0,0, 0
40, 7, 41, 288, 547, 0, 0,0, 0
40, 7, 42, 288, 587, 0, 0,0, 0
40, 7, 43, 288, 427, 0, 0,0, 0
40, 7, 44, 288, 573, 0, 0,0, 0
40, 7, 45, 288, 604, 0, 0,0, 0
40, 7, 46, 288, 429, 0, 0,0, 0
40, 7, 47, 288, 140, 0, 0,0, 0
40, 7, 48, 288, 136, 0, 0,0, 0
40, 7, 49, 288, 192, 0, 0,0, 0
40, 7, 50, 288, 290, 0, 0,0, 0
40, 7, 51, 288, 182, 0, 0,0, 0
40, 7, 52, 288, 240, 0, 0,0, 0
40, 7, 53, 288, 127, 0, 0,0, 0
40, 7, 54, 288, 496, 14.4779, 21.4986,3, 2
40, 7, 55, 288, 423, 0, 0,0, 0
40, 7, 56, 288, 328, 0, 0,0, 0
40, 8, 1, 258, 352, 0, 0,0, 0
40, 8, 2, 258, 401, 20.9936, 20.9936,3, 3
40, 8, 3, 258, 402, 0, 0,0, 0
40, 8, 4, 258, 426, 0, 0,0, 0
40, 8, 5, 258, 557, 0, 0,0, 0
40, 8, 6, 258, 187, 0, 0,0, 0
40, 8, 7, 258, 176, 0, 0,0, 0
40, 8, 9, 258, 144, 16.5929, 16.5929,2, 2
40, 8, 10, 258, 151, 0, 0,0, 0
40, 8, 11, 258, 331, 0, 0,0, 0
40, 8, 12, 258, 159, 0, 0,0, 0
40, 8, 13, 258, 383, 0, 0,0, 0
40, 8, 14, 258, 357, 0, 0,0, 0
40, 8, 15, 258, 137, 0, 0,0, 0
40, 8, 16, 258, 219, 0, 0,0, 0
40, 8, 17, 258, 213, 0, 0,0, 0
40, 8, 18, 258, 240, 0, 0,0, 0
40, 8, 19, 258, 345, 0, 0,0, 0
40, 8, 20, 258, 344, 0, 0,0, 0
40, 8, 21, 258, 270, 7.24646, 7.24646,1, 1
40, 8, 22, 258, 280, 6.878, 6.878,1, 1
40, 8, 23, 258, 427, 14.995, 14.995,2, 2
40, 8, 24, 258, 330, 6.7627, 6.7627,1, 1
40, 8, 25, 258, 327, 0, 0,0, 0
40, 8, 26, 258, 336, 0, 0,0, 0
40, 8, 27, 258, 333, 0, 0,0, 0
40, 8, 28, 258, 245, 0, 0,0, 0
40, 8, 29, 258, 288, 7.11733, 7.11733,1, 1
40, 8, 30, 258, 226, 0, 0,0, 0
40, 8, 31, 258, 306, 0, 0,0, 0
40, 8, 32, 258, 732, 0, 0,0, 0
40, 8, 33, 258, 486, 0, 0,0, 0
40, 8, 34, 258, 440, 0, 0,0, 0
40, 8, 35, 258, 350, 0, 0,0, 0
40, 8, 36, 258, 396, 15.6271, 15.6271,2, 2
40, 8, 37, 258, 188, 7.19121, 7.19121,1, 1
40, 8, 38, 258, 406, 0, 0,0, 0
40, 8, 39, 258, 364, 0, 0,0, 0
40, 8, 40, 258, 543, 7.55959, 7.55959,1, 1
40, 8, 41, 258, 547, 0, 0,0, 0
40, 8, 42, 258, 587, 0, 0,0, 0
40, 8, 43, 258, 427, 0, 0,0, 0
40, 8, 44, 258, 573, 7.62513, 7.62513,1, 1
40, 8, 45, 258, 604, 8.13506, 8.13506,1, 1
40, 8, 46, 258, 429, 0, 0,0, 0
40, 8, 47, 258, 140, 0, 0,0, 0
40, 8, 48, 258, 136, 7.9961, 7.9961,1, 1
40, 8, 49, 258, 192, 0, 0,0, 0
40, 8, 50, 258, 290, 0, 0,0, 0
40, 8, 51, 258, 182, 0, 0,0, 0
40, 8, 52, 258, 240, 8.67717, 8.67717,1, 1
40, 8, 53, 258, 127, 0, 0,0, 0
40, 8, 54, 258, 496, 0, 0,0, 0
40, 8, 55, 258, 423, 0, 0,0, 0
40, 8, 56, 258, 328, 0, 0,0, 0
40, 9, 1, 307, 352, 0, 0,0, 0
40, 9, 2, 307, 401, 0, 0,0, 0
40, 9, 3, 307, 402, 15.7338, 23.1229,3, 2
40, 9, 4, 307, 426, 0, 0,0, 0
40, 9, 5, 307, 557, 16.4221, 16.4221,2, 2
40, 9, 6, 307, 187, 0, 0,0, 0
40, 9, 7, 307, 176, 0, 0,0, 0
40, 9, 8, 307, 132, 7.06227, 7.06227,1, 1
40, 9, 10, 307, 151, 0, 0,0, 0
40, 9, 11, 307, 331, 26.2496, 44.5305,5, 3
40, 9, 12, 307, 159, 0, 0,0, 0
40, 9, 13, 307, 383, 23.7365, 32.184,4, 3
40, 9, 14, 307, 357, 13.8442, 20.6087,3, 2
40, 9, 15, 307, 137, 0, 0,0, 0
40, 9, 16, 307, 219, 0, 0,0, 0
40, 9, 17, 307, 213, 0, 0,0, 0
40, 9, 18, 307, 240, 0, 0,0, 0
40, 9, 19, 307, 345, 6.99455, 6.99455,1, 1
40, 9, 20, 307, 344, 0, 0,0, 0
40, 9, 21, 307, 270, 0, 0,0, 0
40, 9, 22, 307, 280, 0, 0,0, 0
40, 9, 23, 307, 427, 14.4179, 14.4179,2, 2
40, 9, 24, 307, 330, 7.07467, 7.07467,1, 1
40, 9, 25, 307, 327, 14.5493, 21.6365,3, 2
40, 9, 26, 307, 336, 0, 0,0, 0
40, 9, 27, 307, 333, 0, 0,0, 0
40, 9, 28, 307, 245, 7.07316, 7.07316,1, 1
40, 9, 29, 307, 288, 13.7957, 13.7957,2, 2
40, 9, 30, 307, 226, 0, 0,0, 0
40, 9, 31, 307, 306, 8.03316, 8.03316,1, 1
40, 9, 32, 307, 732, 7.6124, 7.6124,1, 1
40, 9, 33, 307, 486, 0, 0,0, 0
40, 9, 34, 307, 440, 14.395, 28.1127,4, 2
40, 9, 35, 307, 350, 6.69739, 6.69739,1, 1
40, 9, 36, 307, 396, 15.5385, 15.5385,2, 2
40, 9, 37, 307, 188, 6.74958, 6.74958,1, 1
40, 9, 38, 307, 406, 15.0697, 15.0697,2, 2
40, 9, 39, 307, 364, 8.05054, 8.05054,1, 1
40, 9, 40, 307, 543, 7.06518, 7.06518,1, 1
40, 9, 41, 307, 547, 25.4066, 46.3932,6, 3
40, 9, 42, 307, 587, 25.8558, 52.0542,6, 3
40, 9, 43, 307, 427, 18.2817, 35.2693,4, 2
40, 9, 44, 307, 573, 21.2839, 28.5305,4, 3
40, 9, 45, 307, 604, 34.5117, 59.2553,7, 4
40, 9, 46, 307, 429, 19.7563, 35.8634,4, 2
40, 9, 47, 307, 140, 0, 0,0, 0
40, 9, 48, 307, 136, 0, 0,0, 0
40, 9, 49, 307, 192, 0, 0,0, 0
40, 9, 50, 307, 290, 0, 0,0, 0
40, 9, 51, 307, 182, 45.6833, 112.895,14, 5
40, 9, 52, 307, 240, 0, 0,0, 0
40, 9, 53, 307, 127, 0, 0,0, 0
40, 9, 54, 307, 496, 31.3399, 31.3399,4, 4
40, 9, 55, 307, 423, 21.6677, 21.6677,3, 3
40, 9, 56, 307, 328, 17.5675, 17.5675,2, 2
40, 10, 1, 330, 352, 0, 0,0, 0
40, 10, 2, 330, 401, 6.90508, 6.90508,1, 1
40, 10, 3, 330, 402, 7.22897, 7.22897,1, 1
40, 10, 4, 330, 426, 0, 0,0, 0
40, 10, 5, 330, 557, 7.68098, 7.68098,1, 1
40, 10, 6, 330, 187, 0, 0,0, 0
40, 10, 7, 330, 176, 0, 0,0, 0
40, 10, 8, 330, 132, 6.67824, 6.67824,1, 1
40, 10, 9, 330, 144, 0, 0,0, 0
40, 10, 11, 330, 331, 15.8468, 15.8468,2, 2
40, 10, 12, 330, 159, 0, 0,0, 0
40, 10, 13, 330, 383, 24.3245, 24.3245,3, 3
40, 10, 14, 330, 357, 21.4411, 28.5346,4, 3
40, 10, 15, 330, 137, 0, 0,0, 0
40, 10, 16, 330, 219, 0, 0,0, 0
40, 10, 17, 330, 213, 0, 0,0, 0
40, 10, 18, 330, 240, 0, 0,0, 0
40, 10, 19, 330, 345, 7.55164, 7.55164,1, 1
40, 10, 20, 330, 344, 0, 0,0, 0
40, 10, 21, 330, 270, 0, 0,0, 0
40, 10, 22, 330, 280, 0, 0,0, 0
40, 10, 23, 330, 427, 0, 0,0, 0
40, 10, 24, 330, 330, 0, 0,0, 0
40, 10, 25, 330, 327, 13.6805, 13.6805,2, 2
40, 10, 26, 330, 336, 0, 0,0, 0
40, 10, 27, 330, 333, 0, 0,0, 0
40, 10, 28, 330, 245, 0, 0,0, 0
40, 10, 29, 330, 288, 6.68249, 6.68249,1, 1
40, 10, 30, 330, 226, 0, 0,0, 0
40, 10, 31, 330, 306, 9.3718, 9.3718,1, 1
40, 10, 32, 330, 732, 9.04102, 16.4495,2, 1
40, 10, 33, 330, 486, 0, 0,0, 0
40, 10, 34, 330, 440, 32.114, 39.0839,5, 4
40, 10, 35, 330, 350, 7.69143, 14.823,2, 1
40, 10, 36, 330, 396, 18.712, 25.458,3, 2
40, 10, 37, 330, 188, 9.63043, 18.3038,2, 1
40, 10, 38, 330, 406, 17.4113, 17.4113,2, 2
40, 10, 39, 330, 364, 7.21578, 7.21578,1, 1
40, 10, 40, 330, 543, 10.0222, 10.0222,1, 1
40, 10, 41, 330, 547, 17.6462, 17.6462,2, 2
40, 10, 42, 330, 587, 41.2798, 49.817,6, 5
40, 10, 43, 330, 427, 21.6938, 21.6938,3, 3
40, 10, 44, 330, 573, 8.98436, 8.98436,1, 1
40, 10, 45, 330, 604, 21.3363, 28.0081,4, 3
40, 10, 46, 330, 429, 21.9025, 21.9025,3, 3
40, 10, 47, 330, 140, 0, 0,0, 0
40, 10, 48, 330, 136, 0, 0,0, 0
40, 10, 49, 330, 192, 0, 0,0, 0
40, 10, 50, 330, 290, 0, 0,0, 0
40, 10, 51, 330, 182, 25.6115, 25.6115,3, 3
40, 10, 52, 330, 240, 0, 0,0, 0
40, 10, 53, 330, 127, 0, 0,0, 0
40, 10, 54, 330, 496, 21.6128, 21.6128,3, 3
40, 10, 55, 330, 423, 20.9451, 20.9451,3, 3
40, 10, 56, 330, 328, 14.7339, 14.7339,2, 2
40, 11, 1, 346, 352, 0, 0,0, 0
40, 11, 2, 346, 401, 0, 0,0, 0
40, 11, 3, 346, 402, 6.74, 6.74,1, 1
40, 11, 4, 346, 426, 0, 0,0, 0
40, 11, 5, 346, 557, 0, 0,0, 0
40, 11, 6, 346, 187, 0, 0,0, 0
40, 11, 7, 346, 176, 6.83478, 6.83478,1, 1
40, 11, 8, 346, 132, 7.59213, 7.59213,1, 1
40, 11, 9, 346, 144, 0, 0,0, 0
40, 11, 10, 346, 151, 0, 0,0, 0
40, 11, 12, 346, 159, 0, 0,0, 0
40, 11, 13, 346, 383, 29.5648, 29.5648,4, 4
40, 11, 14, 346, 357, 7.46543, 7.46543,1, 1
40, 11, 15, 346, 137, 0, 0,0, 0
40, 11, 16, 346, 219, 0, 0,0, 0
40, 11, 17, 346, 213, 0, 0,0, 0
40, 11, 18, 346, 240, 0, 0,0, 0
40, 11, 19, 346, 345, 0, 0,0, 0
40, 11, 20, 346, 344, 0, 0,0, 0
40, 11, 21, 346, 270, 0, 0,0, 0
40, 11, 22, 346, 280, 0, 0,0, 0
40, 11, 23, 346, 427, 0, 0,0, 0
40, 11, 24, 346, 330, 0, 0,0, 0
40, 11, 25, 346, 327, 6.68386, 6.68386,1, 1
40, 11, 26, 346, 336, 8.7278, 8.7278,1, 1
40, 11, 27, 346, 333, 0, 0,0, 0
40, 11, 28, 346, 245, 0, 0,0, 0
40, 11, 29, 346, 288, 0, 0,0, 0
40, 11, 30, 346, 226, 0, 0,0, 0
40, 11, 31, 346, 306, 6.74874, 6.74874,1, 1
40, 11, 32, 346, 732, 14.8237, 21.6771,3, 2
40, 11, 33, 346, 486, 0, 0,0, 0
40, 11, 34, 346, 440, 15.4535, 15.4535,2, 2
40, 11, 35, 346, 350, 10.4523, 10.4523,1, 1
40, 11, 36, 346, 396, 24.8461, 24.8461,3, 3
40, 11, 37, 346, 188, 7.54798, 7.54798,1, 1
40, 11, 38, 346, 406, 6.89604, 13.583,2, 1
40, 11, 39, 346, 364, 0, 0,0, 0
40, 11, 40, 346, 543, 22.594, 22.594,3, 3
40, 11, 41, 346, 547, 9.60674, 9.60674,1, 1
40, 11, 42, 346, 587, 34.7944, 34.7944,4, 4
40, 11, 43, 346, 427, 9.57998, 9.57998,1, 1
40, 11, 44, 346, 573, 29.6253, 29.6253,4, 4
40, 11, 45, 346, 604, 45.4384, 45.4384,6, 6
40, 11, 46, 346, 429, 16.3361, 16.3361,2, 2
40, 11, 47, 346, 140, 10.0597, 10.0597,1, 1
40, 11, 48, 346, 136, 0, 0,0, 0
40, 11, 49, 346, 192, 0, 0,0, 0
40, 11, 50, 346, 290, 0, 0,0, 0
40, 11, 51, 346, 182, 47.7379, 55.9873,6, 5
40, 11, 52, 346, 240, 0, 0,0, 0
40, 11, 53, 346, 127, 0, 0,0, 0
40, 11, 54, 346, 496, 23.9117, 23.9117,3, 3
40, 11, 55, 346, 423, 7.25567, 7.25567,1, 1
40, 11, 56, 346, 328, 14.8651, 14.8651,2, 2
40, 12, 1, 339, 352, 0, 0,0, 0
40, 12, 2, 339, 401, 14.1953, 14.1953,2, 2
40, 12, 3, 339, 402, 0, 0,0, 0
40, 12, 4, 339, 426, 0, 0,0, 0
40, 12, 5, 339, 557, 0, 0,0, 0
40, 12, 6, 339, 187, 0, 0,0, 0
40, 12, 7, 339, 176, 7.05477, 7.05477,1, 1
40, 12, 8, 339, 132, 7.24435, 7.24435,1, 1
40, 12, 9, 339, 144, 0, 0,0, 0
40, 12, 10, 339, 151, 0, 0,0, 0
40, 12, 11, 339, 331, 8.14733, 8.14733,1, 1
40, 12, 13, 339, 383, 16.7267, 16.7267,2, 2
40, 12, 14, 339, 357, 6.82186, 6.82186,1, 1
40, 12, 15, 339, 137, 0, 0,0, 0
40, 12, 16, 339, 219, 8.04174, 8.04174,1, 1
40, 12, 17, 339, 213, 6.7767, 6.7767,1, 1
40, 12, 18, 339, 240, 0, 0,0, 0
40, 12, 19, 339, 345, 7.75966, 7.75966,1, 1
40, 12, 20, 339, 344, 0, 0,0, 0
40, 12, 21, 339, 270, 8.13849, 8.13849,1, 1
40, 12, 22, 339, 280, 0, 0,0, 0
40, 12, 23, 339, 427, 0, 0,0, 0
40, 12, 24, 339, 330, 0, 0,0, 0
40, 12, 25, 339, 327, 7.03481, 7.03481,1, 1
40, 12, 26, 339, 336, 0, 0,0, 0
40, 12, 27, 339, 333, 0, 0,0, 0
40, 12, 28, 339, 245, 0, 0,0, 0
40, 12, 29, 339, 288, 6.93616, 6.93616,1, 1
40, 12, 30, 339, 226, 0, 0,0, 0
40, 12, 31, 339, 306, 9.85441, 9.85441,1, 1
40, 12, 32, 339, 732, 0, 0,0, 0
40, 12, 33, 339, 486, 0, 0,0, 0
40, 12, 34, 339, 440, 9.93268, 9.93268,1, 1
40, 12, 35, 339, 350, 7.09033, 7.09033,1, 1
40, 12, 36, 339, 396, 10.4388, 10.4388,1, 1
40, 12, 37, 339, 188, 8.61802, 8.61802,1, 1
40, 12, 38, 339, 406, 17.109, 17.109,2, 2
40, 12, 39, 339, 364, 0, 0,0, 0
40, 12, 40, 339, 543, 8.8556, 8.8556,1, 1
40, 12, 41, 339, 547, 29.3461, 36.5636,5, 4
40, 12, 42, 339, 587, 40.5188, 48.0803,6, 5
40, 12, 43, 339, 427, 0, 0,0, 0
40, 12, 44, 339, 573, 15.7201, 15.7201,2, 2
40, 12, 45, 339, 604, 56.612, 63.9642,8, 7
40, 12, 46, 339, 429, 7.41927, 7.41927,1, 1
40, 12, 47, 339, 140, 0, 0,0, 0
40, 12, 48, 339, 136, 0, 0,0, 0
40, 12, 49, 339, 192, 0, 0,0, 0
40, 12, 50, 339, 290, 0, 0,0, 0
40, 12, 51, 339, 182, 31.4909, 31.4909,4, 4
40, 12, 52, 339, 240, 7.44218, 7.44218,1, 1
40, 12, 53, 339, 127, 0, 0,0, 0
40, 12, 54, 339, 496, 14.7409, 14.7409,2, 2
40, 12, 55, 339, 423, 7.06308, 7.06308,1, 1
40, 12, 56, 339, 328, 0, 0,0, 0
40, 13, 1, 369, 352, 0, 0,0, 0
40, 13, 2, 369, 401, 14.3724, 14.3724,2, 2
40, 13, 3, 369, 402, 0, 0,0, 0
40, 13, 4, 369, 426, 0, 0,0, 0
40, 13, 5, 369, 557, 13.6467, 13.6467,2, 2
40, 13, 6, 369, 187, 0, 0,0, 0
40, 13, 7, 369, 176, 0, 0,0, 0
40, 13, 8, 369, 132, 0, 0,0, 0
40, 13, 9, 369, 144, 0, 0,0, 0
40, 13, 10, 369, 151, 0, 0,0, 0
40, 13, 11, 369, 331, 0, 0,0, 0
40, 13, 12, 369, 159, 0, 0,0, 0
40, 13, 14, 369, 357, 6.70095, 6.70095,1, 1
40, 13, 15, 369, 137, 0, 0,0, 0
40, 13, 16, 369, 219, 0, 0,0, 0
40, 13, 17, 369, 213, 0, 0,0, 0
40, 13, 18, 369, 240, 0, 0,0, 0
40, 13, 19, 369, 345, 0, 0,0, 0
40, 13, 20, 369, 344, 0, 0,0, 0
40, 13, 21, 369, 270, 0, 0,0, 0
40, 13, 22, 369, 280, 0, 0,0, 0
40, 13, 23, 369, 427, 0, 0,0, 0
40, 13, 24, 369, 330, 0, 0,0, 0
40, 13, 25, 369, 327, 0, 0,0, 0
40, 13, 26, 369, 336, 0, 0,0, 0
40, 13, 27, 369, 333, 0, 0,0, 0
40, 13, 28, 369, 245, 0, 0,0, 0
40, 13, 29, 369, 288, 0, 0,0, 0
40, 13, 30, 369, 226, 0, 0,0, 0
40, 13, 31, 369, 306, 0, 0,0, 0
40, 13, 32, 369, 732, 0, 0,0, 0
40, 13, 33, 369, 486, 0, 0,0, 0
40, 13, 34, 369, 440, 0, 0,0, 0
40, 13, 35, 369, 350, 7.68352, 7.68352,1, 1
40, 13, 36, 369, 396, 6.78184, 6.78184,1, 1
40, 13, 37, 369, 188, 0, 0,0, 0
40, 13, 38, 369, 406, 0, 0,0, 0
40, 13, 39, 369, 364, 0, 0,0, 0
40, 13, 40, 369, 543, 0, 0,0, 0
40, 13, 41, 369, 547, 0, 0,0, 0
40, 13, 42, 369, 587, 21.9097, 21.9097,3, 3
40, 13, 43, 369, 427, 0, 0,0, 0
40, 13, 44, 369, 573, 0, 0,0, 0
40, 13, 45, 369, 604, 36.4538, 36.4538,5, 5
40, 13, 46, 369, 429, 0, 0,0, 0
40, 13, 47, 369, 140, 0, 0,0, 0
40, 13, 48, 369, 136, 0, 0,0, 0
40, 13, 49, 369, 192, 0, 0,0, 0
40, 13, 50, 369, 290, 0, 0,0, 0
40, 13, 51, 369, 182, 0, 0,0, 0
40, 13, 52, 369, 240, 0, 0,0, 0
40, 13, 53, 369, 127, 0, 0,0, 0
40, 13, 54, 369, 496, 0, 0,0, 0
40, 13, 55, 369, 423, 0, 0,0, 0
40, 13, 56, 369, 328, 0, 0,0, 0
40, 14, 1, 276, 352, 0, 0,0, 0
40, 14, 2, 276, 401, 0, 0,0, 0
40, 14, 3, 276, 402, 0, 0,0, 0
40, 14, 4, 276, 426, 0, 0,0, 0
40, 14, 5, 276, 557, 14.1556, 14.1556,2, 2
40, 14, 6, 276, 187, 0, 0,0, 0
40, 14, 7, 276, 176, 9.32974, 16.0777,2, 1
40, 14, 8, 276, 132, 0, 0,0, 0
40, 14, 9, 276, 144, 0, 0,0, 0
40, 14, 10, 276, 151, 0, 0,0, 0
40, 14, 11, 276, 331, 0, 0,0, 0
40, 14, 12, 276, 159, 0, 0,0, 0
40, 14, 13, 276, 383, 0, 0,0, 0
40, 14, 15, 276, 137, 0, 0,0, 0
40, 14, 16, 276, 219, 0, 0,0, 0
40, 14, 17, 276, 213, 0, 0,0, 0
40, 14, 18, 276, 240, 0, 0,0, 0
40, 14, 19, 276, 345, 0, 0,0, 0
40, 14, 20, 276, 344, 6.80252, 6.80252,1, 1
40, 14, 21, 276, 270, 27.0511, 43.1673,5, 3
40, 14, 22, 276, 280, 7.58779, 14.8317,2, 1
40, 14, 23, 276, 427, 0, 0,0, 0
40, 14, 24, 276, 330, 0, 0,0, 0
40, 14, 25, 276, 327, 0, 0,0, 0
40, 14, 26, 276, 336, 8.82271, 8.82271,1, 1
40, 14, 27, 276, 333, 6.89103, 6.89103,1, 1
40, 14, 28, 276, 245, 0, 0,0, 0
40, 14, 29, 276, 288, 0, 0,0, 0
40, 14, 30, 276, 226, 0, 0,0, 0
40, 14, 31, 276, 306, 0, 0,0, 0
40, 14, 32, 276, 732, 0, 0,0, 0
40, 14, 33, 276, 486, 0, 0,0, 0
40, 14, 34, 276, 440, 0, 0,0, 0
40, 14, 35, 276, 350, 7.39904, 7.39904,1, 1
40, 14, 36, 276, 396, 0, 0,0, 0
40, 14, 37, 276, 188, 0, 0,0, 0
40, 14, 38, 276, 406, 7.14046, 7.14046,1, 1
40, 14, 39, 276, 364, 8.25827, 15.3017,2, 1
40, 14, 40, 276, 543, 0, 0,0, 0
40, 14, 41, 276, 547, 0, 0,0, 0
40, 14, 42, 276, 587, 0, 0,0, 0
40, 14, 43, 276, 427, 0, 0,0, 0
40, 14, 44, 276, 573, 14.3308, 14.3308,2, 2
40, 14, 45, 276, 604, 0, 0,0, 0
40, 14, 46, 276, 429, 0, 0,0, 0
40, 14, 47, 276, 140, 0, 0,0, 0
40, 14, 48, 276, 136, 0, 0,0, 0
40, 14, 49, 276, 192, 0, 0,0, 0
40, 14, 50, 276, 290, 0, 0,0, 0
40, 14, 51, 276, 182, 0, 0,0, 0
40, 14, 52, 276, 240, 0, 0,0, 0
40, 14, 53, 276, 127, 0, 0,0, 0
40, 14, 54, 276, 496, 0, 0,0, 0
40, 14, 55, 276, 423, 0, 0,0, 0
40, 14, 56, 276, 328, 0, 0,0, 0
40, 15, 1, 244, 352, 0, 0,0, 0
40, 15, 2, 244, 401, 0, 0,0, 0
40, 15, 3, 244, 402, 0, 0,0, 0
40, 15, 4, 244, 426, 0, 0,0, 0
40, 15, 5, 244, 557, 0, 0,0, 0
40, 15, 6, 244, 187, 0, 0,0, 0
40, 15, 7, 244, 176, 0, 0,0, 0
40, 15, 8, 244, 132, 0, 0,0, 0
40, 15, 9, 244, 144, 0, 0,0, 0
40, 15, 10, 244, 151, 0, 0,0, 0
40, 15, 11, 244, 331, 0, 0,0, 0
40, 15, 12, 244, 159, 0, 0,0, 0
40, 15, 13, 244, 383, 6.80694, 6.80694,1, 1
40, 15, 14, 244, 357, 0, 0,0, 0
40, 15, 16, 244, 219, 0, 0,0, 0
40, 15, 17, 244, 213, 0, 0,0, 0
40, 15, 18, 244, 240, 0, 0,0, 0
40, 15, 19, 244, 345, 6.98594, 6.98594,1, 1
40, 15, 20, 244, 344, 0, 0,0, 0
40, 15, 21, 244, 270, 0, 0,0, 0
40, 15, 22, 244, 280, 0, 0,0, 0
40, 15, 23, 244, 427, 14.3425, 14.3425,2, 2
40, 15, 24, 244, 330, 7.39963, 7.39963,1, 1
40, 15, 25, 244, 327, 0, 0,0, 0
40, 15, 26, 244, 336, 9.37477, 9.37477,1, 1
40, 15, 27, 244, 333, 0, 0,0, 0
40, 15, 28, 244, 245, 7.00859, 7.00859,1, 1
40, 15, 29, 244, 288, 7.76336, 7.76336,1, 1
40, 15, 30, 244, 226, 0, 0,0, 0
40, 15, 31, 244, 306, 0, 0,0, 0
40, 15, 32, 244, 732, 0, 0,0, 0
40, 15, 33, 244, 486, 0, 0,0, 0
40, 15, 34, 244, 440, 0, 0,0, 0
40, 15, 35, 244, 350, 0, 0,0, 0
40, 15, 36, 244, 396, 0, 0,0, 0
40, 15, 37, 244, 188, 0, 0,0, 0
40, 15, 38, 244, 406, 14.3881, 14.3881,2, 2
40, 15, 39, 244, 364, 0, 0,0, 0
40, 15, 40, 244, 543, 13.9507, 13.9507,2, 2
40, 15, 41, 244, 547, 0, 0,0, 0
40, 15, 42, 244, 587, 0, 0,0, 0
40, 15, 43, 244, 427, 0, 0,0, 0
40, 15, 44, 244, 573, 14.518, 14.518,2, 2
40, 15, 45, 244, 604, 0, 0,0, 0
40, 15, 46, 244, 429, 0, 0,0, 0
40, 15, 47, 244, 140, 0, 0,0, 0
40, 15, 48, 244, 136, 0, 0,0, 0
40, 15, 49, 244, 192, 0, 0,0, 0
40, 15, 50, 244, 290, 0, 0,0, 0
40, 15, 51, 244, 182, 0, 0,0, 0
40, 15, 52, 244, 240, 0, 0,0, 0
40, 15, 53, 244, 127, 0, 0,0, 0
40, 15, 54, 244, 496, 6.7369, 6.7369,1, 1
40, 15, 55, 244, 423, 0, 0,0, 0
40, 15, 56, 244, 328, 15.0328, 15.0328,2, 2
40, 16, 1, 263, 352, 0, 0,0, 0
40, 16, 2, 263, 401, 0, 0,0, 0
40, 16, 3, 263, 402, 0, 0,0, 0
40, 16, 4, 263, 426, 0, 0,0, 0
40, 16, 5, 263, 557, 0, 0,0, 0
40, 16, 6, 263, 187, 0, 0,0, 0
40, 16, 7, 263, 176, 0, 0,0, 0
40, 16, 8, 263, 132, 0, 0,0, 0
40, 16, 9, 263, 144, 0, 0,0, 0
40, 16, 10, 263, 151, 0, 0,0, 0
40, 16, 11, 263, 331, 7.00079, 7.00079,1, 1
40, 16, 12, 263, 159, 0, 0,0, 0
40, 16, 13, 263, 383, 7.36128, 7.36128,1, 1
40, 16, 14, 263, 357, 0, 0,0, 0
40, 16, 15, 263, 137, 0, 0,0, 0
40, 16, 17, 263, 213, 0, 0,0, 0
40, 16, 18, 263, 240, 0, 0,0, 0
40, 16, 19, 263, 345, 0, 0,0, 0
40, 16, 20, 263, 344, 0, 0,0, 0
40, 16, 21, 263, 270, 0, 0,0, 0
40, 16, 22, 263, 280, 0, 0,0, 0
40, 16, 23, 263, 427, 0, 0,0, 0
40, 16, 24, 263, 330, 0, 0,0, 0
40, 16, 25, 263, 327, 0, 0,0, 0
40, 16, 26, 263, 336, 0, 0,0, 0
40, 16, 27, 263, 333, 0, 0,0, 0
40, 16, 28, 263, 245, 0, 0,0, 0
40, 16, 29, 263, 288, 0, 0,0, 0
40, 16, 30, 263, 226, 0, 0,0, 0
40, 16, 31, 263, 306, 0, 0,0, 0
40, 16, 32, 263, 732, 0, 0,0, 0
40, 16, 33, 263, 486, 0, 0,0, 0
40, 16, 34, 263, 440, 0, 0,0, 0
40, 16, 35, 263, 350, 0, 0,0, 0
40, 16, 36, 263, 396, 0, 0,0, 0
40, 16, 37, 263, 188, 6.90958, 6.90958,1, 1
40, 16, 38, 263, 406, 0, 0,0, 0
40, 16, 39, 263, 364, 0, 0,0, 0
40, 16, 40, 263, 543, 22.1754, 36.5564,5, 3
40, 16, 41, 263, 547, 0, 0,0, 0
40, 16, 42, 263, 587, 0, 0,0, 0
40, 16, 43, 263, 427, 7.04679, 7.04679,1, 1
40, 16, 44, 263, 573, 6.98143, 6.98143,1, 1
40, 16, 45, 263, 604, 6.77819, 6.77819,1, 1
40, 16, 46, 263, 429, 7.2025, 7.2025,1, 1
40, 16, 47, 263, 140, 0, 0,0, 0
40, 16, 48, 263, 136, 0, 0,0, 0
40, 16, 49, 263, 192, 0, 0,0, 0
40, 16, 50, 263, 290, 0, 0,0, 0
40, 16, 51, 263, 182, 0, 0,0, 0
40, 16, 52, 263, 240, 0, 0,0, 0
40, 16, 53, 263, 127, 0, 0,0, 0
40, 16, 54, 263, 496, 0, 0,0, 0
40, 16, 55, 263, 423, 0, 0,0, 0
40, 16, 56, 263, 328, 0, 0,0, 0
40, 17, 1, 253, 352, 0, 0,0, 0
40, 17, 2, 253, 401, 0, 0,0, 0
40, 17, 3, 253, 402, 0, 0,0, 0
40, 17, 4, 253, 426, 0, 0,0, 0
40, 17, 5, 253, 557, 0, 0,0, 0
40, 17, 6, 253, 187, 0, 0,0, 0
40, 17, 7, 253, 176, 0, 0,0, 0
40, 17, 8, 253, 132, 0, 0,0, 0
40, 17, 9, 253, 144, 0, 0,0, 0
40, 17, 10, 253, 151, 0, 0,0, 0
40, 17, 11, 253, 331, 0, 0,0, 0
40, 17, 12, 253, 159, 0, 0,0, 0
40, 17, 13, 253, 383, 0, 0,0, 0
40, 17, 14, 253, 357, 0, 0,0, 0
40, 17, 15, 253, 137, 0, 0,0, 0
40, 17, 16, 253, 219, 7.73012, 14.903,2, 1
40, 17, 18, 253, 240, 0, 0,0, 0
40, 17, 19, 253, 345, 0, 0,0, 0
40, 17, 20, 253, 344, 0, 0,0, 0
40, 17, 21, 253, 270, 6.71027, 6.71027,1, 1
40, 17, 22, 253, 280, 0, 0,0, 0
40, 17, 23, 253, 427, 0, 0,0, 0
40, 17, 24, 253, 330, 0, 0,0, 0
40, 17, 25, 253, 327, 0, 0,0, 0
40, 17, 26, 253, 336, 0, 0,0, 0
40, 17, 27, 253, 333, 0, 0,0, 0
40, 17, 28, 253, 245, 7.57637, 7.57637,1, 1
40, 17, 29, 253, 288, 0, 0,0, 0
40, 17, 30, 253, 226, 0, 0,0, 0
40, 17, 31, 253, 306, 0, 0,0, 0
40, 17, 32, 253, 732, 0, 0,0, 0
40, 17, 33, 253, 486, 0, 0,0, 0
40, 17, 34, 253, 440, 0, 0,0, 0
40, 17, 35, 253, 350, 0, 0,0, 0
40, 17, 36, 253, 396, 0, 0,0, 0
40, 17, 37, 253, 188, 0, 0,0, 0
40, 17, 38, 253, 406, 0, 0,0, 0
40, 17, 39, 253, 364, 0, 0,0, 0
40, 17, 40, 253, 543, 0, 0,0, 0
40, 17, 41, 253, 547, 0, 0,0, 0
40, 17, 42, 253, 587, 0, 0,0, 0
40, 17, 43, 253, 427, 0, 0,0, 0
40, 17, 44, 253, 573, 0, 0,0, 0
40, 17, 45, 253, 604, 0, 0,0, 0
40, 17, 46, 253, 429, 0, 0,0, 0
40, 17, 47, 253, 140, 8.13329, 8.13329,1, 1
40, 17, 48, 253, 136, 0, 0,0, 0
40, 17, 49, 253, 192, 0, 0,0, 0
40, 17, 50, 253, 290, 0, 0,0, 0
40, 17, 51, 253, 182, 0, 0,0, 0
40, 17, 52, 253, 240, 0, 0,0, 0
40, 17, 53, 253, 127, 7.23111, 14.1473,2, 1
40, 17, 54, 253, 496, 0, 0,0, 0
40, 17, 55, 253, 423, 0, 0,0, 0
40, 17, 56, 253, 328, 13.9918, 13.9918,2, 2
40, 18, 1, 245, 352, 0, 0,0, 0
40, 18, 2, 245, 401, 0, 0,0, 0
40, 18, 3, 245, 402, 0, 0,0, 0
40, 18, 4, 245, 426, 0, 0,0, 0
40, 18, 5, 245, 557, 0, 0,0, 0
40, 18, 6, 245, 187, 0, 0,0, 0
40, 18, 7, 245, 176, 0, 0,0, 0
40, 18, 8, 245, 132, 0, 0,0, 0
40, 18, 9, 245, 144, 0, 0,0, 0
40, 18, 10, 245, 151, 0, 0,0, 0
40, 18, 11, 245, 331, 0, 0,0, 0
40, 18, 12, 245, 159, 0, 0,0, 0
40, 18, 13, 245, 383, 0, 0,0, 0
40, 18, 14, 245, 357, 0, 0,0, 0
40, 18, 15, 245, 137, 0, 0,0, 0
40, 18, 16, 245, 219, 0, 0,0, 0
40, 18, 17, 245, 213, 0, 0,0, 0
40, 18, 19, 245, 345, 0, 0,0, 0
40, 18, 20, 245, 344, 0, 0,0, 0
40, 18, 21, 245, 270, 0, 0,0, 0
40, 18, 22, 245, 280, 0, 0,0, 0
40, 18, 23, 245, 427, 7.47819, 7.47819,1, 1
40, 18, 24, 245, 330, 7.96673, 7.96673,1, 1
40, 18, 25, 245, 327, 0, 0,0, 0
40, 18, 26, 245, 336, 0, 0,0, 0
40, 18, 27, 245, 333, 0, 0,0, 0
40, 18, 28, 245, 245, 0, 0,0, 0
40, 18, 29, 245, 288, 0, 0,0, 0
40, 18, 30, 245, 226, 0, 0,0, 0
40, 18, 31, 245, 306, 0, 0,0, 0
40, 18, 32, 245, 732, 0, 0,0, 0
40, 18, 33, 245, 486, 7.1849, 7.1849,1, 1
40, 18, 34, 245, 440, 0, 0,0, 0
40, 18, 35, 245, 350, 0, 0,0, 0
40, 18, 36, 245, 396, 0, 0,0, 0
40, 18, 37, 245, 188, 8.39018, 8.39018,1, 1
40, 18, 38, 245, 406, 0, 0,0, 0
40, 18, 39, 245, 364, 0, 0,0, 0
40, 18, 40, 245, 543, 15.0496, 15.0496,2, 2
40, 18, 41, 245, 547, 6.79864, 6.79864,1, 1
40, 18, 42, 245, 587, 0, 0,0, 0
40, 18, 43, 245, 427, 0, 0,0, 0
40, 18, 44, 245, 573, 15.2856, 15.2856,2, 2
40, 18, 45, 245, 604, 0, 0,0, 0
40, 18, 46, 245, 429, 0, 0,0, 0
40, 18, 47, 245, 140, 6.91209, 6.91209,1, 1
40, 18, 48, 245, 136, 10.378, 17.7936,2, 1
40, 18, 49, 245, 192, 0, 0,0, 0
40, 18, 50, 245, 290, 0, 0,0, 0
40, 18, 51, 245, 182, 0, 0,0, 0
40, 18, 52, 245, 240, 8.61663, 8.61663,1, 1
40, 18, 53, 245, 127, 0, 0,0, 0
40, 18, 54, 245, 496, 0, 0,0, 0
40, 18, 55, 245, 423, 0, 0,0, 0
40, 18, 56, 245, 328, 0, 0,0, 0
40, 19, 1, 282, 352, 0, 0,0, 0
40, 19, 2, 282, 401, 8.73775, 8.73775,1, 1
40, 19, 3, 282, 402, 0, 0,0, 0
40, 19, 4, 282, 426, 0, 0,0, 0
40, 19, 5, 282, 557, 0, 0,0, 0
40, 19, 6, 282, 187, 0, 0,0, 0
40, 19, 7, 282, 176, 14.7554, 14.7554,2, 2
40, 19, 8, 282, 132, 0, 0,0, 0
40, 19, 9, 282, 144, 0, 0,0, 0
40, 19, 10, 282, 151, 0, 0,0, 0
40, 19, 11, 282, 331, 0, 0,0, 0
40, 19, 12, 282, 159, 7.00328, 7.00328,1, 1
40, 19, 13, 282, 383, 0, 0,0, 0
40, 19, 14, 282, 357, 0, 0,0, 0
40, 19, 15, 282, 137, 0, 0,0, 0
40, 19, 16, 282, 219, 0, 0,0, 0
40, 19, 17, 282, 213, 0, 0,0, 0
40, 19, 18, 282, 240, 0, 0,0, 0
40, 19, 20, 282, 344, 6.97647, 6.97647,1, 1
40, 19, 21, 282, 270, 7.27765, 7.27765,1, 1
40, 19, 22, 282, 280, 15.0763, 15.0763,2, 2
40, 19, 23, 282, 427, 0, 0,0, 0
40, 19, 24, 282, 330, 0, 0,0, 0
40, 19, 25, 282, 327, 0, 0,0, 0
40, 19, 26, 282, 336, 0, 0,0, 0
40, 19, 27, 282, 333, 0, 0,0, 0
40, 19, 28, 282, 245, 7.41286, 7.41286,1, 1
40, 19, 29, 282, 288, 0, 0,0, 0
40, 19, 30, 282, 226, 0, 0,0, 0
40, 19, 31, 282, 306, 0, 0,0, 0
40, 19, 32, 282, 732, 0, 0,0, 0
40, 19, 33, 282, 486, 0, 0,0, 0
40, 19, 34, 282, 440, 0, 0,0, 0
40, 19, 35, 282, 350, 0, 0,0, 0
40, 19, 36, 282, 396, 8.34195, 8.34195,1, 1
40, 19, 37, 282, 188, 0, 0,0, 0
40, 19, 38, 282, 406, 0, 0,0, 0
40, 19, 39, 282, 364, 0, 0,0, 0
40, 19, 40, 282, 543, 0, 0,0, 0
40, 19, 41, 282, 547, 0, 0,0, 0
40, 19, 42, 282, 587, 0, 0,0, 0
40, 19, 43, 282, 427, 7.18579, 7.18579,1, 1
40, 19, 44, 282, 573, 0, 0,0, 0
40, 19, 45, 282, 604, 0, 0,0, 0
40, 19, 46, 282, 429, 0, 0,0, 0
40, 19, 47, 282, 140, 0, 0,0, 0
40, 19, 48, 282, 136, 0, 0,0, 0
40, 19, 49, 282, 192, 0, 0,0, 0
40, 19, 50, 282, 290, 0, 0,0, 0
40, 19, 51, 282, 182, 0, 0,0, 0
40, 19, 52, 282, 240, 0, 0,0, 0
40, 19, 53, 282, 127, 0, 0,0, 0
40, 19, 54, 282, 496, 0, 0,0, 0
40, 19, 55, 282, 423, 0, 0,0, 0
40, 19, 56, 282, 328, 7.22036, 7.22036,1, 1
40, 20, 1, 337, 352, 0, 0,0, 0
40, 20, 2, 337, 401, 0, 0,0, 0
40, 20, 3, 337, 402, 0, 0,0, 0
40, 20, 4, 337, 426, 0, 0,0, 0
40, 20, 5, 337, 557, 0, 0,0, 0
40, 20, 6, 337, 187, 7.83726, 7.83726,1, 1
40, 20, 7, 337, 176, 0, 0,0, 0
40, 20, 8, 337, 132, 0, 0,0, 0
40, 20, 9, 337, 144, 0, 0,0, 0
40, 20, 10, 337, 151, 0, 0,0, 0
40, 20, 11, 337, 331, 0, 0,0, 0
40, 20, 12, 337, 159, 0, 0,0, 0
40, 20, 13, 337, 383, 0, 0,0, 0
40, 20, 14, 337, 357, 0, 0,0, 0
40, 20, 15, 337, 137, 0, 0,0, 0
40, 20, 16, 337, 219, 0, 0,0, 0
40, 20, 17, 337, 213, 0, 0,0, 0
40, 20, 18, 337, 240, 0, 0,0, 0
40, 20, 19, 337, 345, 0, 0,0, 0
40, 20, 21, 337, 270, 0, 0,0, 0
40, 20, 22, 337, 280, 0, 0,0, 0
40, 20, 23, 337, 427, 7.11803, 7.11803,1, 1
40, 20, 24, 337, 330, 0, 0,0, 0
40, 20, 25, 337, 327, 0, 0,0, 0
40, 20, 26, 337, 336, 0, 0,0, 0
40, 20, 27, 337, 333, 0, 0,0, 0
40, 20, 28, 337, 245, 0, 0,0, 0
40, 20, 29, 337, 288, 0, 0,0, 0
40, 20, 30, 337, 226, 0, 0,0, 0
40, 20, 31, 337, 306, 0, 0,0, 0
40, 20, 32, 337, 732, 8.66301, 16.8815,2, 1
40, 20, 33, 337, 486, 0, 0,0, 0
40, 20, 34, 337, 440, 0, 0,0, 0
40, 20, 35, 337, 350, 0, 0,0, 0
40, 20, 36, 337, 396, 7.81859, 7.81859,1, 1
40, 20, 37, 337, 188, 0, 0,0, 0
40, 20, 38, 337, 406, 6.67906, 6.67906,1, 1
40, 20, 39, 337, 364, 0, 0,0, 0
40, 20, 40, 337, 543, 0, 0,0, 0
40, 20, 41, 337, 547, 0, 0,0, 0
40, 20, 42, 337, 587, 0, 0,0, 0
40, 20, 43, 337, 427, 0, 0,0, 0
40, 20, 44, 337, 573, 0, 0,0, 0
40, 20, 45, 337, 604, 0, 0,0, 0
40, 20, 46, 337, 429, 0, 0,0, 0
40, 20, 47, 337, 140, 0, 0,0, 0
40, 20, 48, 337, 136, 0, 0,0, 0
40, 20, 49, 337, 192, 0, 0,0, 0
40, 20, 50, 337, 290, 0, 0,0, 0
40, 20, 51, 337, 182, 0, 0,0, 0
40, 20, 52, 337, 240, 0, 0,0, 0
40, 20, 53, 337, 127, 0, 0,0, 0
40, 20, 54, 337, 496, 0, 0,0, 0
40, 20, 55, 337, 423, 0, 0,0, 0
40, 20, 56, 337, 328, 14.9915, 14.9915,2, 2
40, 21, 1, 228, 352, 0, 0,0, 0
40, 21, 2, 228, 401, 0, 0,0, 0
40, 21, 3, 228, 402, 0, 0,0, 0
40, 21, 4, 228, 426, 0, 0,0, 0
40, 21, 5, 228, 557, 7.16397, 7.16397,1, 1
40, 21, 6, 228, 187, 0, 0,0, 0
40, 21, 7, 228, 176, 0, 0,0, 0
40, 21, 8, 228, 132, 0, 0,0, 0
40, 21, 9, 228, 144, 0, 0,0, 0
40, 21, 10, 228, 151, 0, 0,0, 0
40, 21, 11, 228, 331, 0, 0,0, 0
40, 21, 12, 228, 159, 0, 0,0, 0
40, 21, 13, 228, 383, 0, 0,0, 0
40, 21, 14, 228, 357, 0, 0,0, 0
40, 21, 15, 228, 137, 0, 0,0, 0
40, 21, 16, 228, 219, 0, 0,0, 0
40, 21, 17, 228, 213, 0, 0,0, 0
40, 21, 18, 228, 240, 0, 0,0, 0
40, 21, 19, 228, 345, 13.8752, 13.8752,2, 2
40, 21, 20, 228, 344, 13.6074, 13.6074,2, 2
40, 21, 22, 228, 280, 0, 0,0, 0
40, 21, 23, 228, 427, 0, 0,0, 0
40, 21, 24, 228, 330, 0, 0,0, 0
40, 21, 25, 228, 327, 6.91529, 6.91529,1, 1
40, 21, 26, 228, 336, 15.4785, 15.4785,2, 2
40, 21, 27, 228, 333, 0, 0,0, 0
40, 21, 28, 228, 245, 0, 0,0, 0
40, 21, 29, 228, 288, 7.14258, 7.14258,1, 1
40, 21, 30, 228, 226, 0, 0,0, 0
40, 21, 31, 228, 306, 6.75031, 6.75031,1, 1
40, 21, 32, 228, 732, 0, 0,0, 0
40, 21, 33, 228, 486, 0, 0,0, 0
40, 21, 34, 228, 440, 0, 0,0, 0
40, 21, 35, 228, 350, 0, 0,0, 0
40, 21, 36, 228, 396, 7.03346, 7.03346,1, 1
40, 21, 37, 228, 188, 0, 0,0, 0
40, 21, 38, 228, 406, 7.18698, 7.18698,1, 1
40, 21, 39, 228, 364, 0, 0,0, 0
40, 21, 40, 228, 543, 0, 0,0, 0
40, 21, 41, 228, 547, 0, 0,0, 0
40, 21, 42, 228, 587, 0, 0,0, 0
40, 21, 43, 228, 427, 0, 0,0, 0
40, 21, 44, 228, 573, 0, 0,0, 0
40, 21, 45, 228, 604, 0, 0,0, 0
40, 21, 46, 228, 429, 0, 0,0, 0
40, 21, 47, 228, 140, 7.6138, 7.6138,1, 1
40, 21, 48, 228, 136, 0, 0,0, 0
40, 21, 49, 228, 192, 0, 0,0, 0
40, 21, 50, 228, 290, 0, 0,0, 0
40, 21, 51, 228, 182, 0, 0,0, 0
40, 21, 52, 228, 240, 6.72188, 6.72188,1, 1
40, 21, 53, 228, 127, 0, 0,0, 0
40, 21, 54, 228, 496, 0, 0,0, 0
40, 21, 55, 228, 423, 0, 0,0, 0
40, 21, 56, 228, 328, 6.78602, 6.78602,1, 1
40, 22, 1, 263, 352, 0, 0,0, 0
40, 22, 2, 263, 401, 0, 0,0, 0
40, 22, 3, 263, 402, 0, 0,0, 0
40, 22, 4, 263, 426, 0, 0,0, 0
40, 22, 5, 263, 557, 0, 0,0, 0
40, 22, 6, 263, 187, 0, 0,0, 0
40, 22, 7, 263, 176, 0, 0,0, 0
40, 22, 8, 263, 132, 0, 0,0, 0
40, 22, 9, 263, 144, 0, 0,0, 0
40, 22, 10, 263, 151, 0, 0,0, 0
40, 22, 11, 263, 331, 0, 0,0, 0
40, 22, 12, 263, 159, 0, 0,0, 0
40, 22, 13, 263, 383, 0, 0,0, 0
40, 22, 14, 263, 357, 0, 0,0, 0
40, 22, 15, 263, 137, 0, 0,0, 0
40, 22, 16, 263, 219, 0, 0,0, 0
40, 22, 17, 263, 213, 0, 0,0, 0
40, 22, 18, 263, 240, 0, 0,0, 0
40, 22, 19, 263, 345, 0, 0,0, 0
40, 22, 20, 263, 344, 0, 0,0, 0
40, 22, 21, 263, 270, 0, 0,0, 0
40, 22, 23, 263, 427, 0, 0,0, 0
40, 22, 24, 263, 330, 0, 0,0, 0
40, 22, 25, 263, 327, 0, 0,0, 0
40, 22, 26, 263, 336, 0, 0,0, 0
40, 22, 27, 263, 333, 0, 0,0, 0
40, 22, 28, 263, 245, 0, 0,0, 0
40, 22, 29, 263, 288, 0, 0,0, 0
40, 22, 30, 263, 226, 0, 0,0, 0
40, 22, 31, 263, 306, 0, 0,0, 0
40, 22, 32, 263, 732, 0, 0,0, 0
40, 22, 33, 263, 486, 0, 0,0, 0
40, 22, 34, 263, 440, 0, 0,0, 0
40, 22, 35, 263, 350, 0, 0,0, 0
40, 22, 36, 263, 396, 0, 0,0, 0
40, 22, 37, 263, 188, 0, 0,0, 0
40, 22, 38, 263, 406, 0, 0,0, 0
40, 22, 39, 263, 364, 0, 0,0, 0
40, 22, 40, 263, 543, 0, 0,0, 0
40, 22, 41, 263, 547, 0, 0,0, 0
40, 22, 42, 263, 587, 0, 0,0, 0
40, 22, 43, 263, 427, 0, 0,0, 0
40, 22, 44, 263, 573, 0, 0,0, 0
40, 22, 45, 263, 604, 0, 0,0, 0
40, 22, 46, 263, 429, 0, 0,0, 0
40, 22, 47, 263, 140, 6.86364, 6.86364,1, 1
40, 22, 48, 263, 136, 15.1464, 15.1464,2, 2
40, 22, 49, 263, 192, 0, 0,0, 0
40, 22, 50, 263, 290, 0, 0,0, 0
40, 22, 51, 263, 182, 0, 0,0, 0
40, 22, 52, 263, 240, 0, 0,0, 0
40, 22, 53, 263, 127, 0, 0,0, 0
40, 22, 54, 263, 496, 0, 0,0, 0
40, 22, 55, 263, 423, 0, 0,0, 0
40, 22, 56, 263, 328, 0, 0,0, 0
40, 23, 1, 331, 352, 0, 0,0, 0
40, 23, 2, 331, 401, 0, 0,0, 0
40, 23, 3, 331, 402, 0, 0,0, 0
40, 23, 4, 331, 426, 0, 0,0, 0
40, 23, 5, 331, 557, 0, 0,0, 0
40, 23, 6, 331, 187, 0, 0,0, 0
40, 23, 7, 331, 176, 0, 0,0, 0
40, 23, 8, 331, 132, 0, 0,0, 0
40, 23, 9, 331, 144, 0, 0,0, 0
40, 23, 10, 331, 151, 0, 0,0, 0
40, 23, 11, 331, 331, 0, 0,0, 0
40, 23, 12, 331, 159, 0, 0,0, 0
40, 23, 13, 331, 383, 7.25788, 7.25788,1, 1
40, 23, 14, 331, 357, 0, 0,0, 0
40, 23, 15, 331, 137, 0, 0,0, 0
40, 23, 16, 331, 219, 0, 0,0, 0
40, 23, 17, 331, 213, 0, 0,0, 0
40, 23, 18, 331, 240, 0, 0,0, 0
40, 23, 19, 331, 345, 0, 0,0, 0
40, 23, 20, 331, 344, 0, 0,0, 0
40, 23, 21, 331, 270, 14.9785, 14.9785,2, 2
40, 23, 22, 331, 280, 0, 0,0, 0
40, 23, 24, 331, 330, 0, 0,0, 0
40, 23, 25, 331, 327, 0, 0,0, 0
40, 23, 26, 331, 336, 0, 0,0, 0
40, 23, 27, 331, 333, 8.07016, 8.07016,1, 1
40, 23, 28, 331, 245, 0, 0,0, 0
40, 23, 29, 331, 288, 0, 0,0, 0
40, 23, 30, 331, 226, 0, 0,0, 0
40, 23, 31, 331, 306, 0, 0,0, 0
40, 23, 32, 331, 732, 0, 0,0, 0
40, 23, 33, 331, 486, 0, 0,0, 0
40, 23, 34, 331, 440, 0, 0,0, 0
40, 23, 35, 331, 350, 0, 0,0, 0
40, 23, 36, 331, 396, 0, 0,0, 0
40, 23, 37, 331, 188, 0, 0,0, 0
40, 23, 38, 331, 406, 0, 0,0, 0
40, 23, 39, 331, 364, 0, 0,0, 0
40, 23, 40, 331, 543, 0, 0,0, 0
40, 23, 41, 331, 547, 0, 0,0, 0
40, 23, 42, 331, 587, 0, 0,0, 0
40, 23, 43, 331, 427, 0, 0,0, 0
40, 23, 44, 331, 573, 0, 0,0, 0
40, 23, 45, 331, 604, 0, 0,0, 0
40, 23, 46, 331, 429, 0, 0,0, 0
40, 23, 47, 331, 140, 0, 0,0, 0
40, 23, 48, 331, 136, 0, 0,0, 0
40, 23, 49, 331, 192, 0, 0,0, 0
40, 23, 50, 331, 290, 0, 0,0, 0
40, 23, 51, 331, 182, 0, 0,0, 0
40, 23, 52, 331, 240, 0, 0,0, 0
40, 23, 53, 331, 127, 0, 0,0, 0
40, 23, 54, 331, 496, 0, 0,0, 0
40, 23, 55, 331, 423, 0, 0,0, 0
40, 23, 56, 331, 328, 6.92713, 6.92713,1, 1
40, 24, 1, 303, 352, 0, 0,0, 0
40, 24, 2, 303, 401, 6.796, 6.796,1, 1
40, 24, 3, 303, 402, 0, 0,0, 0
40, 24, 4, 303, 426, 0, 0,0, 0
40, 24, 5, 303, 557, 0, 0,0, 0
40, 24, 6, 303, 187, 6.7565, 6.7565,1, 1
40, 24, 7, 303, 176, 0, 0,0, 0
40, 24, 8, 303, 132, 0, 0,0, 0
40, 24, 9, 303, 144, 0, 0,0, 0
40, 24, 10, 303, 151, 0, 0,0, 0
40, 24, 11, 303, 331, 6.97584, 6.97584,1, 1
40, 24, 12, 303, 159, 0, 0,0, 0
40, 24, 13, 303, 383, 0, 0,0, 0
40, 24, 14, 303, 357, 7.01092, 7.01092,1, 1
40, 24, 15, 303, 137, 0, 0,0, 0
40, 24, 16, 303, 219, 8.31073, 8.31073,1, 1
40, 24, 17, 303, 213, 0, 0,0, 0
40, 24, 18, 303, 240, 0, 0,0, 0
40, 24, 19, 303, 345, 0, 0,0, 0
40, 24, 20, 303, 344, 0, 0,0, 0
40, 24, 21, 303, 270, 15.2331, 15.2331,2, 2
40, 24, 22, 303, 280, 0, 0,0, 0
40, 24, 23, 303, 427, 8.47468, 8.47468,1, 1
40, 24, 25, 303, 327, 0, 0,0, 0
40, 24, 26, 303, 336, 0, 0,0, 0
40, 24, 27, 303, 333, 0, 0,0, 0
40, 24, 28, 303, 245, 0, 0,0, 0
40, 24, 29, 303, 288, 0, 0,0, 0
40, 24, 30, 303, 226, 0, 0,0, 0
40, 24, 31, 303, 306, 0, 0,0, 0
40, 24, 32, 303, 732, 0, 0,0, 0
40, 24, 33, 303, 486, 0, 0,0, 0
40, 24, 34, 303, 440, 0, 0,0, 0
40, 24, 35, 303, 350, 0, 0,0, 0
40, 24, 36, 303, 396, 6.76905, 6.76905,1, 1
40, 24, 37, 303, 188, 0, 0,0, 0
40, 24, 38, 303, 406, 0, 0,0, 0
40, 24, 39, 303, 364, 0, 0,0, 0
40, 24, 40, 303, 543, 14.1122, 14.1122,2, 2
40, 24, 41, 303, 547, 0, 0,0, 0
40, 24, 42, 303, 587, 0, 0,0, 0
40, 24, 43, 303, 427, 0, 0,0, 0
40, 24, 44, 303, 573, 14.2743, 14.2743,2, 2
40, 24, 45, 303, 604, 0, 0,0, 0
40, 24, 46, 303, 429, 0, 0,0, 0
40, 24, 47, 303, 140, 0, 0,0, 0
40, 24, 48, 303, 136, 0, 0,0, 0
40, 24, 49, 303, 192, 0, 0,0, 0
40, 24, 50, 303, 290, 0, 0,0, 0
40, 24, 51, 303, 182, 0, 0,0, 0
40, 24, 52, 303, 240, 0, 0,0, 0
40, 24, 53, 303, 127, 0, 0,0, 0
40, 24, 54, 303, 496, 0, 0,0, 0
40, 24, 55, 303, 423, 0, 0,0, 0
40, 24, 56, 303, 328, 0, 0,0, 0
40, 25, 1, 336, 352, 0, 0,0, 0
40, 25, 2, 336, 401, 0, 0,0, 0
40, 25, 3, 336, 402, 0, 0,0, 0
40, 25, 4, 336, 426, 0, 0,0, 0
40, 25, 5, 336, 557, 0, 0,0, 0
40, 25, 6, 336, 187, 0, 0,0, 0
40, 25, 7, 336, 176, 0, 0,0, 0
40, 25, 8, 336, 132, 0, 0,0, 0
40, 25, 9, 336, 144, 0, 0,0, 0
40, 25, 10, 336, 151, 0, 0,0, 0
40, 25, 11, 336, 331, 0, 0,0, 0
40, 25, 12, 336, 159, 0, 0,0, 0
40, 25, 13, 336, 383, 0, 0,0, 0
40, 25, 14, 336, 357, 7.51356, 7.51356,1, 1
40, 25, 15, 336, 137, 0, 0,0, 0
40, 25, 16, 336, 219, 0, 0,0, 0
40, 25, 17, 336, 213, 0, 0,0, 0
40, 25, 18, 336, 240, 0, 0,0, 0
40, 25, 19, 336, 345, 0, 0,0, 0
40, 25, 20, 336, 344, 0, 0,0, 0
40, 25, 21, 336, 270, 0, 0,0, 0
40, 25, 22, 336, 280, 0, 0,0, 0
40, 25, 23, 336, 427, 0, 0,0, 0
40, 25, 24, 336, 330, 0, 0,0, 0
40, 25, 26, 336, 336, 0, 0,0, 0
40, 25, 27, 336, 333, 0, 0,0, 0
40, 25, 28, 336, 245, 0, 0,0, 0
40, 25, 29, 336, 288, 7.48829, 7.48829,1, 1
40, 25, 30, 336, 226, 0, 0,0, 0
40, 25, 31, 336, 306, 0, 0,0, 0
40, 25, 32, 336, 732, 10.3646, 10.3646,1, 1
40, 25, 33, 336, 486, 7.17989, 7.17989,1, 1
40, 25, 34, 336, 440, 6.72984, 6.72984,1, 1
40, 25, 35, 336, 350, 0, 0,0, 0
40, 25, 36, 336, 396, 9.07773, 9.07773,1, 1
40, 25, 37, 336, 188, 7.27359, 7.27359,1, 1
40, 25, 38, 336, 406, 8.26913, 8.26913,1, 1
40, 25, 39, 336, 364, 0, 0,0, 0
40, 25, 40, 336, 543, 7.05107, 7.05107,1, 1
40, 25, 41, 336, 547, 0, 0,0, 0
40, 25, 42, 336, 587, 0, 0,0, 0
40, 25, 43, 336, 427, 0, 0,0, 0
40, 25, 44, 336, 573, 0, 0,0, 0
40, 25, 45, 336, 604, 0, 0,0, 0
40, 25, 46, 336, 429, 0, 0,0, 0
40, 25, 47, 336, 140, 0, 0,0, 0
40, 25, 48, 336, 136, 0, 0,0, 0
40, 25, 49, 336, 192, 0, 0,0, 0
40, 25, 50, 336, 290, 0, 0,0, 0
40, 25, 51, 336, 182, 0, 0,0, 0
40, 25, 52, 336, 240, 0, 0,0, 0
40, 25, 53, 336, 127, 0, 0,0, 0
40, 25, 54, 336, 496, 7.71718, 7.71718,1, 1
40, 25, 55, 336, 423, 0, 0,0, 0
40, 25, 56, 336, 328, 0, 0,0, 0
40, 26, 1, 354, 352, 15.1736, 22.7864,3, 2
40, 26, 2, 354, 401, 24.6266, 31.4217,4, 3
40, 26, 3, 354, 402, 0, 0,0, 0
40, 26, 4, 354, 426, 0, 0,0, 0
40, 26, 5, 354, 557, 10.3749, 18.6466,2, 1
40, 26, 6, 354, 187, 7.56268, 7.56268,1, 1
40, 26, 7, 354, 176, 0, 0,0, 0
40, 26, 8, 354, 132, 0, 0,0, 0
40, 26, 9, 354, 144, 17.7268, 17.7268,2, 2
40, 26, 10, 354, 151, 0, 0,0, 0
40, 26, 11, 354, 331, 15.3272, 23.1964,3, 2
40, 26, 12, 354, 159, 0, 0,0, 0
40, 26, 13, 354, 383, 0, 0,0, 0
40, 26, 14, 354, 357, 0, 0,0, 0
40, 26, 15, 354, 137, 7.87456, 7.87456,1, 1
40, 26, 16, 354, 219, 0, 0,0, 0
40, 26, 17, 354, 213, 0, 0,0, 0
40, 26, 18, 354, 240, 0, 0,0, 0
40, 26, 19, 354, 345, 17.1251, 17.1251,2, 2
40, 26, 20, 354, 344, 13.8039, 13.8039,2, 2
40, 26, 21, 354, 270, 6.8057, 6.8057,1, 1
40, 26, 22, 354, 280, 0, 0,0, 0
40, 26, 23, 354, 427, 6.96297, 6.96297,1, 1
40, 26, 24, 354, 330, 11.7958, 19.798,2, 1
40, 26, 25, 354, 327, 7.8998, 7.8998,1, 1
40, 26, 27, 354, 333, 14.8976, 22.4138,3, 2
40, 26, 28, 354, 245, 20.6444, 27.4297,4, 3
40, 26, 29, 354, 288, 16.0176, 16.0176,2, 2
40, 26, 30, 354, 226, 6.83788, 6.83788,1, 1
40, 26, 31, 354, 306, 19.6827, 27.1878,3, 2
40, 26, 32, 354, 732, 0, 0,0, 0
40, 26, 33, 354, 486, 0, 0,0, 0
40, 26, 34, 354, 440, 21.6241, 21.6241,3, 3
40, 26, 35, 354, 350, 0, 0,0, 0
40, 26, 36, 354, 396, 7.68419, 7.68419,1, 1
40, 26, 37, 354, 188, 7.15337, 7.15337,1, 1
40, 26, 38, 354, 406, 0, 0,0, 0
40, 26, 39, 354, 364, 19.4407, 26.4751,3, 2
40, 26, 40, 354, 543, 0, 0,0, 0
40, 26, 41, 354, 547, 0, 0,0, 0
40, 26, 42, 354, 587, 0, 0,0, 0
40, 26, 43, 354, 427, 6.88037, 6.88037,1, 1
40, 26, 44, 354, 573, 0, 0,0, 0
40, 26, 45, 354, 604, 14.4893, 14.4893,2, 2
40, 26, 46, 354, 429, 9.57595, 9.57595,1, 1
40, 26, 47, 354, 140, 0, 0,0, 0
40, 26, 48, 354, 136, 15.1774, 15.1774,2, 2
40, 26, 49, 354, 192, 16.1732, 16.1732,2, 2
40, 26, 50, 354, 290, 0, 0,0, 0
40, 26, 51, 354, 182, 0, 0,0, 0
40, 26, 52, 354, 240, 0, 0,0, 0
40, 26, 53, 354, 127, 0, 0,0, 0
40, 26, 54, 354, 496, 0, 0,0, 0
40, 26, 55, 354, 423, 14.207, 20.9619,3, 2
40, 26, 56, 354, 328, 7.10301, 7.10301,1, 1
40, 27, 1, 284, 352, 8.0036, 8.0036,1, 1
40, 27, 2, 284, 401, 6.95125, 6.95125,1, 1
40, 27, 3, 284, 402, 8.10487, 8.10487,1, 1
40, 27, 4, 284, 426, 0, 0,0, 0
40, 27, 5, 284, 557, 0, 0,0, 0
40, 27, 6, 284, 187, 0, 0,0, 0
40, 27, 7, 284, 176, 8.90776, 8.90776,1, 1
40, 27, 8, 284, 132, 0, 0,0, 0
40, 27, 9, 284, 144, 0, 0,0, 0
40, 27, 10, 284, 151, 0, 0,0, 0
40, 27, 11, 284, 331, 14.147, 14.147,2, 2
40, 27, 12, 284, 159, 0, 0,0, 0
40, 27, 13, 284, 383, 7.04118, 7.04118,1, 1
40, 27, 14, 284, 357, 14.8291, 14.8291,2, 2
40, 27, 15, 284, 137, 8.02159, 8.02159,1, 1
40, 27, 16, 284, 219, 0, 0,0, 0
40, 27, 17, 284, 213, 0, 0,0, 0
40, 27, 18, 284, 240, 0, 0,0, 0
40, 27, 19, 284, 345, 7.24768, 7.24768,1, 1
40, 27, 20, 284, 344, 6.69599, 6.69599,1, 1
40, 27, 21, 284, 270, 0, 0,0, 0
40, 27, 22, 284, 280, 0, 0,0, 0
40, 27, 23, 284, 427, 0, 0,0, 0
40, 27, 24, 284, 330, 0, 0,0, 0
40, 27, 25, 284, 327, 0, 0,0, 0
40, 27, 26, 284, 336, 0, 0,0, 0
40, 27, 28, 284, 245, 0, 0,0, 0
40, 27, 29, 284, 288, 0, 0,0, 0
40, 27, 30, 284, 226, 0, 0,0, 0
40, 27, 31, 284, 306, 0, 0,0, 0
40, 27, 32, 284, 732, 7.11622, 7.11622,1, 1
40, 27, 33, 284, 486, 0, 0,0, 0
40, 27, 34, 284, 440, 7.84939, 7.84939,1, 1
40, 27, 35, 284, 350, 7.39283, 7.39283,1, 1
40, 27, 36, 284, 396, 7.2862, 7.2862,1, 1
40, 27, 37, 284, 188, 0, 0,0, 0
40, 27, 38, 284, 406, 0, 0,0, 0
40, 27, 39, 284, 364, 0, 0,0, 0
40, 27, 40, 284, 543, 6.76183, 6.76183,1, 1
40, 27, 41, 284, 547, 0, 0,0, 0
40, 27, 42, 284, 587, 0, 0,0, 0
40, 27, 43, 284, 427, 0, 0,0, 0
40, 27, 44, 284, 573, 0, 0,0, 0
40, 27, 45, 284, 604, 20.6753, 20.6753,3, 3
40, 27, 46, 284, 429, 8.63751, 8.63751,1, 1
40, 27, 47, 284, 140, 0, 0,0, 0
40, 27, 48, 284, 136, 0, 0,0, 0
40, 27, 49, 284, 192, 0, 0,0, 0
40, 27, 50, 284, 290, 0, 0,0, 0
40, 27, 51, 284, 182, 0, 0,0, 0
40, 27, 52, 284, 240, 0, 0,0, 0
40, 27, 53, 284, 127, 0, 0,0, 0
40, 27, 54, 284, 496, 15.2938, 15.2938,2, 2
40, 27, 55, 284, 423, 9.68774, 9.68774,1, 1
40, 27, 56, 284, 328, 7.15175, 7.15175,1, 1
40, 28, 1, 301, 352, 0, 0,0, 0
40, 28, 2, 301, 401, 0, 0,0, 0
40, 28, 3, 301, 402, 0, 0,0, 0
40, 28, 4, 301, 426, 7.01283, 7.01283,1, 1
40, 28, 5, 301, 557, 0, 0,0, 0
40, 28, 6, 301, 187, 0, 0,0, 0
40, 28, 7, 301, 176, 6.76873, 6.76873,1, 1
40, 28, 8, 301, 132, 0, 0,0, 0
40, 28, 9, 301, 144, 0, 0,0, 0
40, 28, 10, 301, 151, 6.70679, 6.70679,1, 1
40, 28, 11, 301, 331, 7.28963, 7.28963,1, 1
40, 28, 12, 301, 159, 0, 0,0, 0
40, 28, 13, 301, 383, 0, 0,0, 0
40, 28, 14, 301, 357, 0, 0,0, 0
40, 28, 15, 301, 137, 14.5428, 14.5428,2, 2
40, 28, 16, 301, 219, 0, 0,0, 0
40, 28, 17, 301, 213, 0, 0,0, 0
40, 28, 18, 301, 240, 0, 0,0, 0
40, 28, 19, 301, 345, 0, 0,0, 0
40, 28, 20, 301, 344, 7.34513, 7.34513,1, 1
40, 28, 21, 301, 270, 7.83416, 7.83416,1, 1
40, 28, 22, 301, 280, 7.44138, 7.44138,1, 1
40, 28, 23, 301, 427, 10.5202, 10.5202,1, 1
40, 28, 24, 301, 330, 0, 0,0, 0
40, 28, 25, 301, 327, 0, 0,0, 0
40, 28, 26, 301, 336, 0, 0,0, 0
40, 28, 27, 301, 333, 0, 0,0, 0
40, 28, 29, 301, 288, 0, 0,0, 0
40, 28, 30, 301, 226, 0, 0,0, 0
40, 28, 31, 301, 306, 8.94445, 8.94445,1, 1
40, 28, 32, 301, 732, 0, 0,0, 0
40, 28, 33, 301, 486, 0, 0,0, 0
40, 28, 34, 301, 440, 0, 0,0, 0
40, 28, 35, 301, 350, 0, 0,0, 0
40, 28, 36, 301, 396, 0, 0,0, 0
40, 28, 37, 301, 188, 7.37593, 7.37593,1, 1
40, 28, 38, 301, 406, 0, 0,0, 0
40, 28, 39, 301, 364, 13.7079, 13.7079,2, 2
40, 28, 40, 301, 543, 0, 0,0, 0
40, 28, 41, 301, 547, 6.85129, 6.85129,1, 1
40, 28, 42, 301, 587, 0, 0,0, 0
40, 28, 43, 301, 427, 0, 0,0, 0
40, 28, 44, 301, 573, 0, 0,0, 0
40, 28, 45, 301, 604, 0, 0,0, 0
40, 28, 46, 301, 429, 7.67941, 7.67941,1, 1
40, 28, 47, 301, 140, 10.9177, 10.9177,1, 1
40, 28, 48, 301, 136, 6.6677, 6.6677,1, 1
40, 28, 49, 301, 192, 0, 0,0, 0
40, 28, 50, 301, 290, 0, 0,0, 0
40, 28, 51, 301, 182, 0, 0,0, 0
40, 28, 52, 301, 240, 0, 0,0, 0
40, 28, 53, 301, 127, 0, 0,0, 0
40, 28, 54, 301, 496, 8.09722, 8.09722,1, 1
40, 28, 55, 301, 423, 0, 0,0, 0
40, 28, 56, 301, 328, 14.5996, 14.5996,2, 2
40, 29, 1, 359, 352, 0, 0,0, 0
40, 29, 2, 359, 401, 0, 0,0, 0
40, 29, 3, 359, 402, 0, 0,0, 0
40, 29, 4, 359, 426, 8.75558, 8.75558,1, 1
40, 29, 5, 359, 557, 0, 0,0, 0
40, 29, 6, 359, 187, 0, 0,0, 0
40, 29, 7, 359, 176, 0, 0,0, 0
40, 29, 8, 359, 132, 0, 0,0, 0
40, 29, 9, 359, 144, 0, 0,0, 0
40, 29, 10, 359, 151, 0, 0,0, 0
40, 29, 11, 359, 331, 0, 0,0, 0
40, 29, 12, 359, 159, 0, 0,0, 0
40, 29, 13, 359, 383, 0, 0,0, 0
40, 29, 14, 359, 357, 0, 0,0, 0
40, 29, 15, 359, 137, 0, 0,0, 0
40, 29, 16, 359, 219, 0, 0,0, 0
40, 29, 17, 359, 213, 0, 0,0, 0
40, 29, 18, 359, 240, 0, 0,0, 0
40, 29, 19, 359, 345, 0, 0,0, 0
40, 29, 20, 359, 344, 0, 0,0, 0
40, 29, 21, 359, 270, 0, 0,0, 0
40, 29, 22, 359, 280, 0, 0,0, 0
40, 29, 23, 359, 427, 10.8997, 10.8997,1, 1
40, 29, 24, 359, 330, 0, 0,0, 0
40, 29, 25, 359, 327, 0, 0,0, 0
40, 29, 26, 359, 336, 0, 0,0, 0
40, 29, 27, 359, 333, 0, 0,0, 0
40, 29, 28, 359, 245, 6.93372, 6.93372,1, 1
40, 29, 30, 359, 226, 0, 0,0, 0
40, 29, 31, 359, 306, 0, 0,0, 0
40, 29, 32, 359, 732, 0, 0,0, 0
40, 29, 33, 359, 486, 0, 0,0, 0
40, 29, 34, 359, 440, 0, 0,0, 0
40, 29, 35, 359, 350, 13.6214, 13.6214,2, 2
40, 29, 36, 359, 396, 14.7901, 14.7901,2, 2
40, 29, 37, 359, 188, 0, 0,0, 0
40, 29, 38, 359, 406, 7.67003, 7.67003,1, 1
40, 29, 39, 359, 364, 7.31891, 7.31891,1, 1
40, 29, 40, 359, 543, 0, 0,0, 0
40, 29, 41, 359, 547, 0, 0,0, 0
40, 29, 42, 359, 587, 0, 0,0, 0
40, 29, 43, 359, 427, 6.757, 6.757,1, 1
40, 29, 44, 359, 573, 0, 0,0, 0
40, 29, 45, 359, 604, 0, 0,0, 0
40, 29, 46, 359, 429, 0, 0,0, 0
40, 29, 47, 359, 140, 0, 0,0, 0
40, 29, 48, 359, 136, 0, 0,0, 0
40, 29, 49, 359, 192, 0, 0,0, 0
40, 29, 50, 359, 290, 0, 0,0, 0
40, 29, 51, 359, 182, 0, 0,0, 0
40, 29, 52, 359, 240, 0, 0,0, 0
40, 29, 53, 359, 127, 0, 0,0, 0
40, 29, 54, 359, 496, 0, 0,0, 0
40, 29, 55, 359, 423, 6.82168, 6.82168,1, 1
40, 29, 56, 359, 328, 8.74958, 8.74958,1, 1
40, 30, 1, 305, 352, 0, 0,0, 0
40, 30, 2, 305, 401, 0, 0,0, 0
40, 30, 3, 305, 402, 0, 0,0, 0
40, 30, 4, 305, 426, 0, 0,0, 0
40, 30, 5, 305, 557, 0, 0,0, 0
40, 30, 6, 305, 187, 0, 0,0, 0
40, 30, 7, 305, 176, 0, 0,0, 0
40, 30, 8, 305, 132, 0, 0,0, 0
40, 30, 9, 305, 144, 0, 0,0, 0
40, 30, 10, 305, 151, 0, 0,0, 0
40, 30, 11, 305, 331, 0, 0,0, 0
40, 30, 12, 305, 159, 0, 0,0, 0
40, 30, 13, 305, 383, 0, 0,0, 0
40, 30, 14, 305, 357, 0, 0,0, 0
40, 30, 15, 305, 137, 0, 0,0, 0
40, 30, 16, 305, 219, 0, 0,0, 0
40, 30, 17, 305, 213, 7.16349, 7.16349,1, 1
40, 30, 18, 305, 240, 7.06333, 7.06333,1, 1
40, 30, 19, 305, 345, 0, 0,0, 0
40, 30, 20, 305, 344, 0, 0,0, 0
40, 30, 21, 305, 270, 0, 0,0, 0
40, 30, 22, 305, 280, 0, 0,0, 0
40, 30, 23, 305, 427, 0, 0,0, 0
40, 30, 24, 305, 330, 0, 0,0, 0
40, 30, 25, 305, 327, 0, 0,0, 0
40, 30, 26, 305, 336, 9.07379, 9.07379,1, 1
40, 30, 27, 305, 333, 7.22395, 7.22395,1, 1
40, 30, 28, 305, 245, 7.60117, 7.60117,1, 1
40, 30, 29, 305, 288, 7.00251, 7.00251,1, 1
40, 30, 31, 305, 306, 0, 0,0, 0
40, 30, 32, 305, 732, 0, 0,0, 0
40, 30, 33, 305, 486, 0, 0,0, 0
40, 30, 34, 305, 440, 7.20527, 7.20527,1, 1
40, 30, 35, 305, 350, 7.16084, 7.16084,1, 1
40, 30, 36, 305, 396, 0, 0,0, 0
40, 30, 37, 305, 188, 0, 0,0, 0
40, 30, 38, 305, 406, 0, 0,0, 0
40, 30, 39, 305, 364, 0, 0,0, 0
40, 30, 40, 305, 543, 0, 0,0, 0
40, 30, 41, 305, 547, 0, 0,0, 0
40, 30, 42, 305, 587, 16.4014, 16.4014,2, 2
40, 30, 43, 305, 427, 0, 0,0, 0
40, 30, 44, 305, 573, 6.91298, 6.91298,1, 1
40, 30, 45, 305, 604, 7.10938, 7.10938,1, 1
40, 30, 46, 305, 429, 15.2332, 15.2332,2, 2
40, 30, 47, 305, 140, 7.6767, 7.6767,1, 1
40, 30, 48, 305, 136, 0, 0,0, 0
40, 30, 49, 305, 192, 0, 0,0, 0
40, 30, 50, 305, 290, 0, 0,0, 0
40, 30, 51, 305, 182, 0, 0,0, 0
40, 30, 52, 305, 240, 0, 0,0, 0
40, 30, 53, 305, 127, 0, 0,0, 0
40, 30, 54, 305, 496, 7.24458, 7.24458,1, 1
40, 30, 55, 305, 423, 7.03709, 7.03709,1, 1
40, 30, 56, 305, 328, 15.5757, 15.5757,2, 2
40, 31, 1, 280, 352, 0, 0,0, 0
40, 31, 2, 280, 401, 0, 0,0, 0
40, 31, 3, 280, 402, 7.13461, 7.13461,1, 1
40, 31, 4, 280, 426, 0, 0,0, 0
40, 31, 5, 280, 557, 0, 0,0, 0
40, 31, 6, 280, 187, 0, 0,0, 0
40, 31, 7, 280, 176, 14.2071, 14.2071,2, 2
40, 31, 8, 280, 132, 0, 0,0, 0
40, 31, 9, 280, 144, 0, 0,0, 0
40, 31, 10, 280, 151, 6.89205, 6.89205,1, 1
40, 31, 11, 280, 331, 7.10912, 7.10912,1, 1
40, 31, 12, 280, 159, 0, 0,0, 0
40, 31, 13, 280, 383, 0, 0,0, 0
40, 31, 14, 280, 357, 7.36893, 7.36893,1, 1
40, 31, 15, 280, 137, 0, 0,0, 0
40, 31, 16, 280, 219, 0, 0,0, 0
40, 31, 17, 280, 213, 7.36985, 7.36985,1, 1
40, 31, 18, 280, 240, 0, 0,0, 0
40, 31, 19, 280, 345, 0, 0,0, 0
40, 31, 20, 280, 344, 0, 0,0, 0
40, 31, 21, 280, 270, 0, 0,0, 0
40, 31, 22, 280, 280, 0, 0,0, 0
40, 31, 23, 280, 427, 6.74144, 6.74144,1, 1
40, 31, 24, 280, 330, 7.12151, 7.12151,1, 1
40, 31, 25, 280, 327, 7.08168, 7.08168,1, 1
40, 31, 26, 280, 336, 0, 0,0, 0
40, 31, 27, 280, 333, 0, 0,0, 0
40, 31, 28, 280, 245, 0, 0,0, 0
40, 31, 29, 280, 288, 0, 0,0, 0
40, 31, 30, 280, 226, 0, 0,0, 0
40, 31, 32, 280, 732, 7.45151, 7.45151,1, 1
40, 31, 33, 280, 486, 6.95171, 6.95171,1, 1
40, 31, 34, 280, 440, 0, 0,0, 0
40, 31, 35, 280, 350, 0, 0,0, 0
40, 31, 36, 280, 396, 0, 0,0, 0
40, 31, 37, 280, 188, 7.51424, 7.51424,1, 1
40, 31, 38, 280, 406, 8.84989, 8.84989,1, 1
40, 31, 39, 280, 364, 0, 0,0, 0
40, 31, 40, 280, 543, 0, 0,0, 0
40, 31, 41, 280, 547, 0, 0,0, 0
40, 31, 42, 280, 587, 0, 0,0, 0
40, 31, 43, 280, 427, 0, 0,0, 0
40, 31, 44, 280, 573, 0, 0,0, 0
40, 31, 45, 280, 604, 0, 0,0, 0
40, 31, 46, 280, 429, 0, 0,0, 0
40, 31, 47, 280, 140, 0, 0,0, 0
40, 31, 48, 280, 136, 0, 0,0, 0
40, 31, 49, 280, 192, 0, 0,0, 0
40, 31, 50, 280, 290, 0, 0,0, 0
40, 31, 51, 280, 182, 0, 0,0, 0
40, 31, 52, 280, 240, 0, 0,0, 0
40, 31, 53, 280, 127, 0, 0,0, 0
40, 31, 54, 280, 496, 15.4835, 15.4835,2, 2
40, 31, 55, 280, 423, 14.4294, 14.4294,2, 2
40, 31, 56, 280, 328, 25.2407, 25.2407,3, 3
40, 32, 1, 352, 352, 0, 0,0, 0
40, 32, 2, 352, 401, 0, 0,0, 0
40, 32, 3, 352, 402, 0, 0,0, 0
40, 32, 4, 352, 426, 7.5806, 7.5806,1, 1
40, 32, 5, 352, 557, 0, 0,0, 0
40, 32, 6, 352, 187, 0, 0,0, 0
40, 32, 7, 352, 176, 0, 0,0, 0
40, 32, 8, 352, 132, 0, 0,0, 0
40, 32, 9, 352, 144, 0, 0,0, 0
40, 32, 10, 352, 151, 0, 0,0, 0
40, 32, 11, 352, 331, 0, 0,0, 0
40, 32, 12, 352, 159, 0, 0,0, 0
40, 32, 13, 352, 383, 0, 0,0, 0
40, 32, 14, 352, 357, 0, 0,0, 0
40, 32, 15, 352, 137, 0, 0,0, 0
40, 32, 16, 352, 219, 0, 0,0, 0
40, 32, 17, 352, 213, 0, 0,0, 0
40, 32, 18, 352, 240, 0, 0,0, 0
40, 32, 19, 352, 345, 0, 0,0, 0
40, 32, 20, 352, 344, 0, 0,0, 0
40, 32, 21, 352, 270, 6.76483, 6.76483,1, 1
40, 32, 22, 352, 280, 0, 0,0, 0
40, 32, 23, 352, 427, 0, 0,0, 0
40, 32, 24, 352, 330, 0, 0,0, 0
40, 32, 25, 352, 327, 10.8295, 17.857,2, 1
40, 32, 26, 352, 336, 7.73137, 7.73137,1, 1
40, 32, 27, 352, 333, 0, 0,0, 0
40, 32, 28, 352, 245, 0, 0,0, 0
40, 32, 29, 352, 288, 6.99852, 6.99852,1, 1
40, 32, 30, 352, 226, 0, 0,0, 0
40, 32, 31, 352, 306, 0, 0,0, 0
40, 32, 33, 352, 486, 6.74075, 6.74075,1, 1
40, 32, 34, 352, 440, 0, 0,0, 0
40, 32, 35, 352, 350, 0, 0,0, 0
40, 32, 36, 352, 396, 7.3651, 7.3651,1, 1
40, 32, 37, 352, 188, 0, 0,0, 0
40, 32, 38, 352, 406, 0, 0,0, 0
40, 32, 39, 352, 364, 0, 0,0, 0
40, 32, 40, 352, 543, 21.6099, 21.6099,3, 3
40, 32, 41, 352, 547, 14.1908, 21.042,3, 2
40, 32, 42, 352, 587, 7.07053, 13.7989,2, 1
40, 32, 43, 352, 427, 0, 0,0, 0
40, 32, 44, 352, 573, 15.7195, 22.7076,3, 2
40, 32, 45, 352, 604, 7.45141, 7.45141,1, 1
40, 32, 46, 352, 429, 0, 0,0, 0
40, 32, 47, 352, 140, 0, 0,0, 0
40, 32, 48, 352, 136, 0, 0,0, 0
40, 32, 49, 352, 192, 0, 0,0, 0
40, 32, 50, 352, 290, 0, 0,0, 0
40, 32, 51, 352, 182, 0, 0,0, 0
40, 32, 52, 352, 240, 0, 0,0, 0
40, 32, 53, 352, 127, 0, 0,0, 0
40, 32, 54, 352, 496, 0, 0,0, 0
40, 32, 55, 352, 423, 0, 0,0, 0
40, 32, 56, 352, 328, 0, 0,0, 0
40, 33, 1, 342, 352, 0, 0,0, 0
40, 33, 2, 342, 401, 0, 0,0, 0
40, 33, 3, 342, 402, 0, 0,0, 0
40, 33, 4, 342, 426, 7.60115, 7.60115,1, 1
40, 33, 5, 342, 557, 0, 0,0, 0
40, 33, 6, 342, 187, 0, 0,0, 0
40, 33, 7, 342, 176, 7.29857, 14.1602,2, 1
40, 33, 8, 342, 132, 0, 0,0, 0
40, 33, 9, 342, 144, 10.3872, 10.3872,1, 1
40, 33, 10, 342, 151, 0, 0,0, 0
40, 33, 11, 342, 331, 6.69244, 6.69244,1, 1
40, 33, 12, 342, 159, 0, 0,0, 0
40, 33, 13, 342, 383, 0, 0,0, 0
40, 33, 14, 342, 357, 0, 0,0, 0
40, 33, 15, 342, 137, 10.1021, 10.1021,1, 1
40, 33, 16, 342, 219, 0, 0,0, 0
40, 33, 17, 342, 213, 6.73671, 6.73671,1, 1
40, 33, 18, 342, 240, 0, 0,0, 0
40, 33, 19, 342, 345, 0, 0,0, 0
40, 33, 20, 342, 344, 0, 0,0, 0
40, 33, 21, 342, 270, 0, 0,0, 0
40, 33, 22, 342, 280, 0, 0,0, 0
40, 33, 23, 342, 427, 0, 0,0, 0
40, 33, 24, 342, 330, 0, 0,0, 0
40, 33, 25, 342, 327, 0, 0,0, 0
40, 33, 26, 342, 336, 0, 0,0, 0
40, 33, 27, 342, 333, 0, 0,0, 0
40, 33, 28, 342, 245, 6.99725, 6.99725,1, 1
40, 33, 29, 342, 288, 0, 0,0, 0
40, 33, 30, 342, 226, 0, 0,0, 0
40, 33, 31, 342, 306, 0, 0,0, 0
40, 33, 32, 342, 732, 6.93341, 6.93341,1, 1
40, 33, 34, 342, 440, 14.6102, 29.4598,4, 2
40, 33, 35, 342, 350, 6.73768, 6.73768,1, 1
40, 33, 36, 342, 396, 0, 0,0, 0
40, 33, 37, 342, 188, 0, 0,0, 0
40, 33, 38, 342, 406, 6.93149, 6.93149,1, 1
40, 33, 39, 342, 364, 0, 0,0, 0
40, 33, 40, 342, 543, 0, 0,0, 0
40, 33, 41, 342, 547, 13.857, 13.857,2, 2
40, 33, 42, 342, 587, 14.815, 28.6865,4, 2
40, 33, 43, 342, 427, 0, 0,0, 0
40, 33, 44, 342, 573, 0, 0,0, 0
40, 33, 45, 342, 604, 14.8877, 29.4341,4, 2
40, 33, 46, 342, 429, 6.83618, 6.83618,1, 1
40, 33, 47, 342, 140, 0, 0,0, 0
40, 33, 48, 342, 136, 10.1708, 10.1708,1, 1
40, 33, 49, 342, 192, 18.7102, 18.7102,2, 2
40, 33, 50, 342, 290, 8.99557, 8.99557,1, 1
40, 33, 51, 342, 182, 0, 0,0, 0
40, 33, 52, 342, 240, 0, 0,0, 0
40, 33, 53, 342, 127, 0, 0,0, 0
40, 33, 54, 342, 496, 0, 0,0, 0
40, 33, 55, 342, 423, 0, 0,0, 0
40, 33, 56, 342, 328, 14.8656, 28.793,4, 2
40, 34, 1, 257, 352, 0, 0,0, 0
40, 34, 2, 257, 401, 0, 0,0, 0
40, 34, 3, 257, 402, 0, 0,0, 0
40, 34, 4, 257, 426, 7.80997, 7.80997,1, 1
40, 34, 5, 257, 557, 0, 0,0, 0
40, 34, 6, 257, 187, 0, 0,0, 0
40, 34, 7, 257, 176, 0, 0,0, 0
40, 34, 8, 257, 132, 0, 0,0, 0
40, 34, 9, 257, 144, 16.8698, 16.8698,1, 1
40, 34, 10, 257, 151, 0, 0,0, 0
40, 34, 11, 257, 331, 0, 0,0, 0
40, 34, 12, 257, 159, 0, 0,0, 0
40, 34, 13, 257, 383, 7.1324, 7.1324,1, 1
40, 34, 14, 257, 357, 0, 0,0, 0
40, 34, 15, 257, 137, 10.5809, 10.5809,1, 1
40, 34, 16, 257, 219, 0, 0,0, 0
40, 34, 17, 257, 213, 0, 0,0, 0
40, 34, 18, 257, 240, 0, 0,0, 0
40, 34, 19, 257, 345, 0, 0,0, 0
40, 34, 20, 257, 344, 0, 0,0, 0
40, 34, 21, 257, 270, 0, 0,0, 0
40, 34, 22, 257, 280, 0, 0,0, 0
40, 34, 23, 257, 427, 7.30797, 7.30797,1, 1
40, 34, 24, 257, 330, 0, 0,0, 0
40, 34, 25, 257, 327, 0, 0,0, 0
40, 34, 26, 257, 336, 13.5543, 13.5543,2, 2
40, 34, 27, 257, 333, 0, 0,0, 0
40, 34, 28, 257, 245, 7.55572, 14.3639,2, 1
40, 34, 29, 257, 288, 9.31114, 9.31114,1, 1
40, 34, 30, 257, 226, 0, 0,0, 0
40, 34, 31, 257, 306, 0, 0,0, 0
40, 34, 32, 257, 732, 0, 0,0, 0
40, 34, 33, 257, 486, 0, 0,0, 0
40, 34, 35, 257, 350, 0, 0,0, 0
40, 34, 36, 257, 396, 6.68837, 6.68837,1, 1
40, 34, 37, 257, 188, 0, 0,0, 0
40, 34, 38, 257, 406, 7.15079, 7.15079,1, 1
40, 34, 39, 257, 364, 0, 0,0, 0
40, 34, 40, 257, 543, 0, 0,0, 0
40, 34, 41, 257, 547, 6.94521, 6.94521,1, 1
40, 34, 42, 257, 587, 7.82815, 7.82815,1, 1
40, 34, 43, 257, 427, 6.77732, 6.77732,1, 1
40, 34, 44, 257, 573, 0, 0,0, 0
40, 34, 45, 257, 604, 0, 0,0, 0
40, 34, 46, 257, 429, 0, 0,0, 0
40, 34, 47, 257, 140, 0, 0,0, 0
40, 34, 48, 257, 136, 11.0957, 11.0957,1, 1
40, 34, 49, 257, 192, 19.4264, 19.4264,2, 2
40, 34, 50, 257, 290, 0, 0,0, 0
40, 34, 51, 257, 182, 0, 0,0, 0
40, 34, 52, 257, 240, 6.9159, 6.9159,1, 1
40, 34, 53, 257, 127, 0, 0,0, 0
40, 34, 54, 257, 496, 0, 0,0, 0
40, 34, 55, 257, 423, 0, 0,0, 0
40, 34, 56, 257, 328, 8.00614, 8.00614,1, 1
40, 35, 1, 293, 352, 0, 0,0, 0
40, 35, 2, 293, 401, 0, 0,0, 0
40, 35, 3, 293, 402, 0, 0,0, 0
40, 35, 4, 293, 426, 0, 0,0, 0
40, 35, 5, 293, 557, 0, 0,0, 0
40, 35, 6, 293, 187, 0, 0,0, 0
40, 35, 7, 293, 176, 0, 0,0, 0
40, 35, 8, 293, 132, 0, 0,0, 0
40, 35, 9, 293, 144, 0, 0,0, 0
40, 35, 10, 293, 151, 0, 0,0, 0
40, 35, 11, 293, 331, 0, 0,0, 0
40, 35, 12, 293, 159, 0, 0,0, 0
40, 35, 13, 293, 383, 0, 0,0, 0
40, 35, 14, 293, 357, 23.0548, 23.0548,3, 3
40, 35, 15, 293, 137, 0, 0,0, 0
40, 35, 16, 293, 219, 13.7509, 13.7509,2, 2
40, 35, 17, 293, 213, 0, 0,0, 0
40, 35, 18, 293, 240, 0, 0,0, 0
40, 35, 19, 293, 345, 0, 0,0, 0
40, 35, 20, 293, 344, 0, 0,0, 0
40, 35, 21, 293, 270, 7.91946, 7.91946,1, 1
40, 35, 22, 293, 280, 6.80417, 6.80417,1, 1
40, 35, 23, 293, 427, 0, 0,0, 0
40, 35, 24, 293, 330, 0, 0,0, 0
40, 35, 25, 293, 327, 0, 0,0, 0
40, 35, 26, 293, 336, 0, 0,0, 0
40, 35, 27, 293, 333, 0, 0,0, 0
40, 35, 28, 293, 245, 0, 0,0, 0
40, 35, 29, 293, 288, 7.26152, 7.26152,1, 1
40, 35, 30, 293, 226, 0, 0,0, 0
40, 35, 31, 293, 306, 0, 0,0, 0
40, 35, 32, 293, 732, 8.58218, 8.58218,1, 1
40, 35, 33, 293, 486, 0, 0,0, 0
40, 35, 34, 293, 440, 15.8303, 15.8303,2, 2
40, 35, 36, 293, 396, 0, 0,0, 0
40, 35, 37, 293, 188, 0, 0,0, 0
40, 35, 38, 293, 406, 0, 0,0, 0
40, 35, 39, 293, 364, 0, 0,0, 0
40, 35, 40, 293, 543, 0, 0,0, 0
40, 35, 41, 293, 547, 0, 0,0, 0
40, 35, 42, 293, 587, 0, 0,0, 0
40, 35, 43, 293, 427, 0, 0,0, 0
40, 35, 44, 293, 573, 0, 0,0, 0
40, 35, 45, 293, 604, 6.67024, 6.67024,1, 1
40, 35, 46, 293, 429, 8.01352, 8.01352,1, 1
40, 35, 47, 293, 140, 0, 0,0, 0
40, 35, 48, 293, 136, 6.94601, 6.94601,1, 1
40, 35, 49, 293, 192, 14.4803, 14.4803,2, 2
40, 35, 50, 293, 290, 0, 0,0, 0
40, 35, 51, 293, 182, 0, 0,0, 0
40, 35, 52, 293, 240, 7.67604, 7.67604,1, 1
40, 35, 53, 293, 127, 0, 0,0, 0
40, 35, 54, 293, 496, 0, 0,0, 0
40, 35, 55, 293, 423, 0, 0,0, 0
40, 35, 56, 293, 328, 0, 0,0, 0
40, 36, 1, 322, 352, 0, 0,0, 0
40, 36, 2, 322, 401, 7.0701, 7.0701,1, 1
40, 36, 3, 322, 402, 6.96476, 6.96476,1, 1
40, 36, 4, 322, 426, 0, 0,0, 0
40, 36, 5, 322, 557, 0, 0,0, 0
40, 36, 6, 322, 187, 0, 0,0, 0
40, 36, 7, 322, 176, 0, 0,0, 0
40, 36, 8, 322, 132, 0, 0,0, 0
40, 36, 9, 322, 144, 0, 0,0, 0
40, 36, 10, 322, 151, 0, 0,0, 0
40, 36, 11, 322, 331, 0, 0,0, 0
40, 36, 12, 322, 159, 0, 0,0, 0
40, 36, 13, 322, 383, 0, 0,0, 0
40, 36, 14, 322, 357, 0, 0,0, 0
40, 36, 15, 322, 137, 7.68801, 7.68801,1, 1
40, 36, 16, 322, 219, 0, 0,0, 0
40, 36, 17, 322, 213, 0, 0,0, 0
40, 36, 18, 322, 240, 0, 0,0, 0
40, 36, 19, 322, 345, 0, 0,0, 0
40, 36, 20, 322, 344, 0, 0,0, 0
40, 36, 21, 322, 270, 0, 0,0, 0
40, 36, 22, 322, 280, 0, 0,0, 0
40, 36, 23, 322, 427, 0, 0,0, 0
40, 36, 24, 322, 330, 0, 0,0, 0
40, 36, 25, 322, 327, 0, 0,0, 0
40, 36, 26, 322, 336, 0, 0,0, 0
40, 36, 27, 322, 333, 0, 0,0, 0
40, 36, 28, 322, 245, 0, 0,0, 0
40, 36, 29, 322, 288, 0, 0,0, 0
40, 36, 30, 322, 226, 0, 0,0, 0
40, 36, 31, 322, 306, 0, 0,0, 0
40, 36, 32, 322, 732, 0, 0,0, 0
40, 36, 33, 322, 486, 0, 0,0, 0
40, 36, 34, 322, 440, 0, 0,0, 0
40, 36, 35, 322, 350, 0, 0,0, 0
40, 36, 37, 322, 188, 0, 0,0, 0
40, 36, 38, 322, 406, 0, 0,0, 0
40, 36, 39, 322, 364, 0, 0,0, 0
40, 36, 40, 322, 543, 0, 0,0, 0
40, 36, 41, 322, 547, 6.70885, 6.70885,1, 1
40, 36, 42, 322, 587, 14.6758, 14.6758,2, 2
40, 36, 43, 322, 427, 0, 0,0, 0
40, 36, 44, 322, 573, 7.2807, 7.2807,1, 1
40, 36, 45, 322, 604, 0, 0,0, 0
40, 36, 46, 322, 429, 6.85168, 6.85168,1, 1
40, 36, 47, 322, 140, 0, 0,0, 0
40, 36, 48, 322, 136, 0, 0,0, 0
40, 36, 49, 322, 192, 0, 0,0, 0
40, 36, 50, 322, 290, 0, 0,0, 0
40, 36, 51, 322, 182, 0, 0,0, 0
40, 36, 52, 322, 240, 0, 0,0, 0
40, 36, 53, 322, 127, 0, 0,0, 0
40, 36, 54, 322, 496, 0, 0,0, 0
40, 36, 55, 322, 423, 0, 0,0, 0
40, 36, 56, 322, 328, 0, 0,0, 0
40, 37, 1, 356, 352, 0, 0,0, 0
40, 37, 2, 356, 401, 0, 0,0, 0
40, 37, 3, 356, 402, 0, 0,0, 0
40, 37, 4, 356, 426, 6.82781, 6.82781,1, 1
40, 37, 5, 356, 557, 0, 0,0, 0
40, 37, 6, 356, 187, 0, 0,0, 0
40, 37, 7, 356, 176, 0, 0,0, 0
40, 37, 8, 356, 132, 0, 0,0, 0
40, 37, 9, 356, 144, 0, 0,0, 0
40, 37, 10, 356, 151, 0, 0,0, 0
40, 37, 11, 356, 331, 0, 0,0, 0
40, 37, 12, 356, 159, 0, 0,0, 0
40, 37, 13, 356, 383, 0, 0,0, 0
40, 37, 14, 356, 357, 0, 0,0, 0
40, 37, 15, 356, 137, 0, 0,0, 0
40, 37, 16, 356, 219, 0, 0,0, 0
40, 37, 17, 356, 213, 0, 0,0, 0
40, 37, 18, 356, 240, 0, 0,0, 0
40, 37, 19, 356, 345, 0, 0,0, 0
40, 37, 20, 356, 344, 0, 0,0, 0
40, 37, 21, 356, 270, 6.75533, 6.75533,1, 1
40, 37, 22, 356, 280, 0, 0,0, 0
40, 37, 23, 356, 427, 0, 0,0, 0
40, 37, 24, 356, 330, 9.02794, 9.02794,1, 1
40, 37, 25, 356, 327, 7.94192, 7.94192,1, 1
40, 37, 26, 356, 336, 0, 0,0, 0
40, 37, 27, 356, 333, 0, 0,0, 0
40, 37, 28, 356, 245, 0, 0,0, 0
40, 37, 29, 356, 288, 0, 0,0, 0
40, 37, 30, 356, 226, 0, 0,0, 0
40, 37, 31, 356, 306, 6.72837, 6.72837,1, 1
40, 37, 32, 356, 732, 13.3759, 13.3759,2, 2
40, 37, 33, 356, 486, 0, 0,0, 0
40, 37, 34, 356, 440, 0, 0,0, 0
40, 37, 35, 356, 350, 0, 0,0, 0
40, 37, 36, 356, 396, 0, 0,0, 0
40, 37, 38, 356, 406, 0, 0,0, 0
40, 37, 39, 356, 364, 0, 0,0, 0
40, 37, 40, 356, 543, 21.3712, 35.7881,5, 3
40, 37, 41, 356, 547, 13.9841, 20.9168,3, 2
40, 37, 42, 356, 587, 7.05108, 7.05108,1, 1
40, 37, 43, 356, 427, 0, 0,0, 0
40, 37, 44, 356, 573, 19.4554, 26.3941,3, 2
40, 37, 45, 356, 604, 7.32136, 7.32136,1, 1
40, 37, 46, 356, 429, 0, 0,0, 0
40, 37, 47, 356, 140, 0, 0,0, 0
40, 37, 48, 356, 136, 0, 0,0, 0
40, 37, 49, 356, 192, 0, 0,0, 0
40, 37, 50, 356, 290, 0, 0,0, 0
40, 37, 51, 356, 182, 0, 0,0, 0
40, 37, 52, 356, 240, 0, 0,0, 0
40, 37, 53, 356, 127, 0, 0,0, 0
40, 37, 54, 356, 496, 0, 0,0, 0
40, 37, 55, 356, 423, 0, 0,0, 0
40, 37, 56, 356, 328, 0, 0,0, 0
40, 38, 1, 349, 352, 0, 0,0, 0
40, 38, 2, 349, 401, 0, 0,0, 0
40, 38, 3, 349, 402, 0, 0,0, 0
40, 38, 4, 349, 426, 0, 0,0, 0
40, 38, 5, 349, 557, 0, 0,0, 0
40, 38, 6, 349, 187, 0, 0,0, 0
40, 38, 7, 349, 176, 0, 0,0, 0
40, 38, 8, 349, 132, 0, 0,0, 0
40, 38, 9, 349, 144, 0, 0,0, 0
40, 38, 10, 349, 151, 0, 0,0, 0
40, 38, 11, 349, 331, 0, 0,0, 0
40, 38, 12, 349, 159, 0, 0,0, 0
40, 38, 13, 349, 383, 0, 0,0, 0
40, 38, 14, 349, 357, 28.6401, 28.6401,4, 4
40, 38, 15, 349, 137, 0, 0,0, 0
40, 38, 16, 349, 219, 0, 0,0, 0
40, 38, 17, 349, 213, 0, 0,0, 0
40, 38, 18, 349, 240, 0, 0,0, 0
40, 38, 19, 349, 345, 0, 0,0, 0
40, 38, 20, 349, 344, 0, 0,0, 0
40, 38, 21, 349, 270, 0, 0,0, 0
40, 38, 22, 349, 280, 0, 0,0, 0
40, 38, 23, 349, 427, 0, 0,0, 0
40, 38, 24, 349, 330, 0, 0,0, 0
40, 38, 25, 349, 327, 0, 0,0, 0
40, 38, 26, 349, 336, 0, 0,0, 0
40, 38, 27, 349, 333, 0, 0,0, 0
40, 38, 28, 349, 245, 0, 0,0, 0
40, 38, 29, 349, 288, 0, 0,0, 0
40, 38, 30, 349, 226, 0, 0,0, 0
40, 38, 31, 349, 306, 0, 0,0, 0
40, 38, 32, 349, 732, 15.7645, 30.034,4, 2
40, 38, 33, 349, 486, 0, 0,0, 0
40, 38, 34, 349, 440, 30.3179, 44.0851,6, 4
40, 38, 35, 349, 350, 6.70607, 6.70607,1, 1
40, 38, 36, 349, 396, 13.8667, 13.8667,2, 2
40, 38, 37, 349, 188, 6.67648, 6.67648,1, 1
40, 38, 39, 349, 364, 0, 0,0, 0
40, 38, 40, 349, 543, 6.92958, 6.92958,1, 1
40, 38, 41, 349, 547, 0, 0,0, 0
40, 38, 42, 349, 587, 36.3435, 58.1547,8, 5
40, 38, 43, 349, 427, 0, 0,0, 0
40, 38, 44, 349, 573, 0, 0,0, 0
40, 38, 45, 349, 604, 0, 0,0, 0
40, 38, 46, 349, 429, 6.87443, 6.87443,1, 1
40, 38, 47, 349, 140, 0, 0,0, 0
40, 38, 48, 349, 136, 0, 0,0, 0
40, 38, 49, 349, 192, 0, 0,0, 0
40, 38, 50, 349, 290, 0, 0,0, 0
40, 38, 51, 349, 182, 0, 0,0, 0
40, 38, 52, 349, 240, 0, 0,0, 0
40, 38, 53, 349, 127, 0, 0,0, 0
40, 38, 54, 349, 496, 7.00606, 7.00606,1, 1
40, 38, 55, 349, 423, 6.93248, 13.8284,2, 1
40, 38, 56, 349, 328, 7.50442, 14.952,2, 1
40, 39, 1, 314, 352, 0, 0,0, 0
40, 39, 2, 314, 401, 0, 0,0, 0
40, 39, 3, 314, 402, 0, 0,0, 0
40, 39, 4, 314, 426, 0, 0,0, 0
40, 39, 5, 314, 557, 0, 0,0, 0
40, 39, 6, 314, 187, 0, 0,0, 0
40, 39, 7, 314, 176, 7.58085, 14.7943,2, 1
40, 39, 8, 314, 132, 0, 0,0, 0
40, 39, 9, 314, 144, 0, 0,0, 0
40, 39, 10, 314, 151, 0, 0,0, 0
40, 39, 11, 314, 331, 0, 0,0, 0
40, 39, 12, 314, 159, 0, 0,0, 0
40, 39, 13, 314, 383, 0, 0,0, 0
40, 39, 14, 314, 357, 21.4589, 41.8427,6, 3
40, 39, 15, 314, 137, 0, 0,0, 0
40, 39, 16, 314, 219, 0, 0,0, 0
40, 39, 17, 314, 213, 0, 0,0, 0
40, 39, 18, 314, 240, 0, 0,0, 0
40, 39, 19, 314, 345, 0, 0,0, 0
40, 39, 20, 314, 344, 0, 0,0, 0
40, 39, 21, 314, 270, 0, 0,0, 0
40, 39, 22, 314, 280, 0, 0,0, 0
40, 39, 23, 314, 427, 0, 0,0, 0
40, 39, 24, 314, 330, 0, 0,0, 0
40, 39, 25, 314, 327, 0, 0,0, 0
40, 39, 26, 314, 336, 0, 0,0, 0
40, 39, 27, 314, 333, 0, 0,0, 0
40, 39, 28, 314, 245, 0, 0,0, 0
40, 39, 29, 314, 288, 0, 0,0, 0
40, 39, 30, 314, 226, 0, 0,0, 0
40, 39, 31, 314, 306, 0, 0,0, 0
40, 39, 32, 314, 732, 8.41004, 24.5275,3, 1
40, 39, 33, 314, 486, 6.76691, 6.76691,1, 1
40, 39, 34, 314, 440, 20.6357, 41.1824,6, 3
40, 39, 35, 314, 350, 6.685, 6.685,1, 1
40, 39, 36, 314, 396, 0, 0,0, 0
40, 39, 37, 314, 188, 0, 0,0, 0
40, 39, 38, 314, 406, 0, 0,0, 0
40, 39, 40, 314, 543, 0, 0,0, 0
40, 39, 41, 314, 547, 8.09891, 15.2456,2, 1
40, 39, 42, 314, 587, 14.3832, 21.1713,3, 2
40, 39, 43, 314, 427, 0, 0,0, 0
40, 39, 44, 314, 573, 0, 0,0, 0
40, 39, 45, 314, 604, 8.53319, 16.7195,2, 1
40, 39, 46, 314, 429, 6.68259, 6.68259,1, 1
40, 39, 47, 314, 140, 0, 0,0, 0
40, 39, 48, 314, 136, 0, 0,0, 0
40, 39, 49, 314, 192, 0, 0,0, 0
40, 39, 50, 314, 290, 0, 0,0, 0
40, 39, 51, 314, 182, 0, 0,0, 0
40, 39, 52, 314, 240, 0, 0,0, 0
40, 39, 53, 314, 127, 0, 0,0, 0
40, 39, 54, 314, 496, 6.74191, 6.74191,1, 1
40, 39, 55, 314, 423, 13.9534, 27.6313,4, 2
40, 39, 56, 314, 328, 8.8795, 15.9705,2, 1
40, 40, 1, 326, 352, 0, 0,0, 0
40, 40, 2, 326, 401, 0, 0,0, 0
40, 40, 3, 326, 402, 0, 0,0, 0
40, 40, 4, 326, 426, 0, 0,0, 0
40, 40, 5, 326, 557, 0, 0,0, 0
40, 40, 6, 326, 187, 0, 0,0, 0
40, 40, 7, 326, 176, 0, 0,0, 0
40, 40, 8, 326, 132, 0, 0,0, 0
40, 40, 9, 326, 144, 0, 0,0, 0
40, 40, 10, 326, 151, 0, 0,0, 0
40, 40, 11, 326, 331, 0, 0,0, 0
40, 40, 12, 326, 159, 0, 0,0, 0
40, 40, 13, 326, 383, 0, 0,0, 0
40, 40, 14, 326, 357, 0, 0,0, 0
40, 40, 15, 326, 137, 0, 0,0, 0
40, 40, 16, 326, 219, 0, 0,0, 0
40, 40, 17, 326, 213, 0, 0,0, 0
40, 40, 18, 326, 240, 0, 0,0, 0
40, 40, 19, 326, 345, 0, 0,0, 0
40, 40, 20, 326, 344, 0, 0,0, 0
40, 40, 21, 326, 270, 0, 0,0, 0
40, 40, 22, 326, 280, 0, 0,0, 0
40, 40, 23, 326, 427, 0, 0,0, 0
40, 40, 24, 326, 330, 0, 0,0, 0
40, 40, 25, 326, 327, 0, 0,0, 0
40, 40, 26, 326, 336, 0, 0,0, 0
40, 40, 27, 326, 333, 6.86757, 6.86757,1, 1
40, 40, 28, 326, 245, 0, 0,0, 0
40, 40, 29, 326, 288, 0, 0,0, 0
40, 40, 30, 326, 226, 0, 0,0, 0
40, 40, 31, 326, 306, 0, 0,0, 0
40, 40, 32, 326, 732, 0, 0,0, 0
40, 40, 33, 326, 486, 0, 0,0, 0
40, 40, 34, 326, 440, 0, 0,0, 0
40, 40, 35, 326, 350, 0, 0,0, 0
40, 40, 36, 326, 396, 6.95965, 6.95965,1, 1
40, 40, 37, 326, 188, 0, 0,0, 0
40, 40, 38, 326, 406, 0, 0,0, 0
40, 40, 39, 326, 364, 0, 0,0, 0
40, 40, 41, 326, 547, 0, 0,0, 0
40, 40, 42, 326, 587, 0, 0,0, 0
40, 40, 43, 326, 427, 0, 0,0, 0
40, 40, 44, 326, 573, 0, 0,0, 0
40, 40, 45, 326, 604, 0, 0,0, 0
40, 40, 46, 326, 429, 0, 0,0, 0
40, 40, 47, 326, 140, 0, 0,0, 0
40, 40, 48, 326, 136, 0, 0,0, 0
40, 40, 49, 326, 192, 0, 0,0, 0
40, 40, 50, 326, 290, 0, 0,0, 0
40, 40, 51, 326, 182, 0, 0,0, 0
40, 40, 52, 326, 240, 0, 0,0, 0
40, 40, 53, 326, 127, 0, 0,0, 0
40, 40, 54, 326, 496, 0, 0,0, 0
40, 40, 55, 326, 423, 0, 0,0, 0
40, 40, 56, 326, 328, 0, 0,0, 0
40, 41, 1, 292, 352, 0, 0,0, 0
40, 41, 2, 292, 401, 7.66477, 7.66477,1, 1
40, 41, 3, 292, 402, 0, 0,0, 0
40, 41, 4, 292, 426, 0, 0,0, 0
40, 41, 5, 292, 557, 0, 0,0, 0
40, 41, 6, 292, 187, 0, 0,0, 0
40, 41, 7, 292, 176, 0, 0,0, 0
40, 41, 8, 292, 132, 0, 0,0, 0
40, 41, 9, 292, 144, 0, 0,0, 0
40, 41, 10, 292, 151, 0, 0,0, 0
40, 41, 11, 292, 331, 0, 0,0, 0
40, 41, 12, 292, 159, 0, 0,0, 0
40, 41, 13, 292, 383, 0, 0,0, 0
40, 41, 14, 292, 357, 0, 0,0, 0
40, 41, 15, 292, 137, 0, 0,0, 0
40, 41, 16, 292, 219, 6.98044, 6.98044,1, 1
40, 41, 17, 292, 213, 0, 0,0, 0
40, 41, 18, 292, 240, 0, 0,0, 0
40, 41, 19, 292, 345, 0, 0,0, 0
40, 41, 20, 292, 344, 0, 0,0, 0
40, 41, 21, 292, 270, 0, 0,0, 0
40, 41, 22, 292, 280, 0, 0,0, 0
40, 41, 23, 292, 427, 0, 0,0, 0
40, 41, 24, 292, 330, 0, 0,0, 0
40, 41, 25, 292, 327, 0, 0,0, 0
40, 41, 26, 292, 336, 0, 0,0, 0
40, 41, 27, 292, 333, 0, 0,0, 0
40, 41, 28, 292, 245, 7.3804, 7.3804,1, 1
40, 41, 29, 292, 288, 0, 0,0, 0
40, 41, 30, 292, 226, 0, 0,0, 0
40, 41, 31, 292, 306, 0, 0,0, 0
40, 41, 32, 292, 732, 0, 0,0, 0
40, 41, 33, 292, 486, 0, 0,0, 0
40, 41, 34, 292, 440, 0, 0,0, 0
40, 41, 35, 292, 350, 0, 0,0, 0
40, 41, 36, 292, 396, 0, 0,0, 0
40, 41, 37, 292, 188, 0, 0,0, 0
40, 41, 38, 292, 406, 0, 0,0, 0
40, 41, 39, 292, 364, 0, 0,0, 0
40, 41, 40, 292, 543, 0, 0,0, 0
40, 41, 42, 292, 587, 6.8528, 6.8528,1, 1
40, 41, 43, 292, 427, 13.8038, 13.8038,2, 2
40, 41, 44, 292, 573, 0, 0,0, 0
40, 41, 45, 292, 604, 0, 0,0, 0
40, 41, 46, 292, 429, 8.65836, 8.65836,1, 1
40, 41, 47, 292, 140, 0, 0,0, 0
40, 41, 48, 292, 136, 0, 0,0, 0
40, 41, 49, 292, 192, 0, 0,0, 0
40, 41, 50, 292, 290, 0, 0,0, 0
40, 41, 51, 292, 182, 0, 0,0, 0
40, 41, 52, 292, 240, 0, 0,0, 0
40, 41, 53, 292, 127, 7.36253, 7.36253,1, 1
40, 41, 54, 292, 496, 0, 0,0, 0
40, 41, 55, 292, 423, 7.03189, 7.03189,1, 1
40, 41, 56, 292, 328, 15.9545, 15.9545,2, 2
40, 42, 1, 292, 352, 0, 0,0, 0
40, 42, 2, 292, 401, 0, 0,0, 0
40, 42, 3, 292, 402, 7.08714, 7.08714,1, 1
40, 42, 4, 292, 426, 0, 0,0, 0
40, 42, 5, 292, 557, 0, 0,0, 0
40, 42, 6, 292, 187, 0, 0,0, 0
40, 42, 7, 292, 176, 0, 0,0, 0
40, 42, 8, 292, 132, 0, 0,0, 0
40, 42, 9, 292, 144, 0, 0,0, 0
40, 42, 10, 292, 151, 0, 0,0, 0
40, 42, 11, 292, 331, 7.99956, 7.99956,1, 1
40, 42, 12, 292, 159, 6.70273, 6.70273,1, 1
40, 42, 13, 292, 383, 0, 0,0, 0
40, 42, 14, 292, 357, 0, 0,0, 0
40, 42, 15, 292, 137, 0, 0,0, 0
40, 42, 16, 292, 219, 0, 0,0, 0
40, 42, 17, 292, 213, 7.0666, 7.0666,1, 1
40, 42, 18, 292, 240, 0, 0,0, 0
40, 42, 19, 292, 345, 0, 0,0, 0
40, 42, 20, 292, 344, 0, 0,0, 0
40, 42, 21, 292, 270, 0, 0,0, 0
40, 42, 22, 292, 280, 7.54786, 7.54786,1, 1
40, 42, 23, 292, 427, 0, 0,0, 0
40, 42, 24, 292, 330, 0, 0,0, 0
40, 42, 25, 292, 327, 0, 0,0, 0
40, 42, 26, 292, 336, 0, 0,0, 0
40, 42, 27, 292, 333, 0, 0,0, 0
40, 42, 28, 292, 245, 7.28023, 7.28023,1, 1
40, 42, 29, 292, 288, 7.2377, 7.2377,1, 1
40, 42, 30, 292, 226, 0, 0,0, 0
40, 42, 31, 292, 306, 0, 0,0, 0
40, 42, 32, 292, 732, 0, 0,0, 0
40, 42, 33, 292, 486, 0, 0,0, 0
40, 42, 34, 292, 440, 7.23519, 7.23519,1, 1
40, 42, 35, 292, 350, 6.87279, 6.87279,1, 1
40, 42, 36, 292, 396, 6.69453, 6.69453,1, 1
40, 42, 37, 292, 188, 0, 0,0, 0
40, 42, 38, 292, 406, 6.69488, 6.69488,1, 1
40, 42, 39, 292, 364, 6.8354, 6.8354,1, 1
40, 42, 40, 292, 543, 0, 0,0, 0
40, 42, 41, 292, 547, 6.68344, 6.68344,1, 1
40, 42, 43, 292, 427, 0, 0,0, 0
40, 42, 44, 292, 573, 0, 0,0, 0
40, 42, 45, 292, 604, 6.769, 6.769,1, 1
40, 42, 46, 292, 429, 6.84349, 6.84349,1, 1
40, 42, 47, 292, 140, 9.31292, 16.712,2, 1
40, 42, 48, 292, 136, 6.67451, 6.67451,1, 1
40, 42, 49, 292, 192, 0, 0,0, 0
40, 42, 50, 292, 290, 0, 0,0, 0
40, 42, 51, 292, 182, 0, 0,0, 0
40, 42, 52, 292, 240, 0, 0,0, 0
40, 42, 53, 292, 127, 0, 0,0, 0
40, 42, 54, 292, 496, 0, 0,0, 0
40, 42, 55, 292, 423, 0, 0,0, 0
40, 42, 56, 292, 328, 14.868, 14.868,2, 2
40, 43, 1, 326, 352, 0, 0,0, 0
40, 43, 2, 326, 401, 0, 0,0, 0
40, 43, 3, 326, 402, 6.70609, 6.70609,1, 1
40, 43, 4, 326, 426, 0, 0,0, 0
40, 43, 5, 326, 557, 0, 0,0, 0
40, 43, 6, 326, 187, 0, 0,0, 0
40, 43, 7, 326, 176, 7.1211, 7.1211,1, 1
40, 43, 8, 326, 132, 6.85569, 13.6841,2, 1
40, 43, 9, 326, 144, 0, 0,0, 0
40, 43, 10, 326, 151, 0, 0,0, 0
40, 43, 11, 326, 331, 7.34238, 14.0716,2, 1
40, 43, 12, 326, 159, 0, 0,0, 0
40, 43, 13, 326, 383, 0, 0,0, 0
40, 43, 14, 326, 357, 7.07402, 7.07402,1, 1
40, 43, 15, 326, 137, 0, 0,0, 0
40, 43, 16, 326, 219, 0, 0,0, 0
40, 43, 17, 326, 213, 0, 0,0, 0
40, 43, 18, 326, 240, 0, 0,0, 0
40, 43, 19, 326, 345, 0, 0,0, 0
40, 43, 20, 326, 344, 6.95688, 6.95688,1, 1
40, 43, 21, 326, 270, 0, 0,0, 0
40, 43, 22, 326, 280, 6.71114, 6.71114,1, 1
40, 43, 23, 326, 427, 0, 0,0, 0
40, 43, 24, 326, 330, 0, 0,0, 0
40, 43, 25, 326, 327, 0, 0,0, 0
40, 43, 26, 326, 336, 0, 0,0, 0
40, 43, 27, 326, 333, 0, 0,0, 0
40, 43, 28, 326, 245, 14.6581, 14.6581,2, 2
40, 43, 29, 326, 288, 0, 0,0, 0
40, 43, 30, 326, 226, 0, 0,0, 0
40, 43, 31, 326, 306, 0, 0,0, 0
40, 43, 32, 326, 732, 8.1471, 8.1471,1, 1
40, 43, 33, 326, 486, 0, 0,0, 0
40, 43, 34, 326, 440, 6.81351, 6.81351,1, 1
40, 43, 35, 326, 350, 7.07169, 7.07169,1, 1
40, 43, 36, 326, 396, 0, 0,0, 0
40, 43, 37, 326, 188, 0, 0,0, 0
40, 43, 38, 326, 406, 0, 0,0, 0
40, 43, 39, 326, 364, 8.09388, 8.09388,1, 1
40, 43, 40, 326, 543, 0, 0,0, 0
40, 43, 41, 326, 547, 7.3127, 7.3127,1, 1
40, 43, 42, 326, 587, 8.00654, 14.7242,2, 1
40, 43, 44, 326, 573, 0, 0,0, 0
40, 43, 45, 326, 604, 8.73421, 8.73421,1, 1
40, 43, 46, 326, 429, 0, 0,0, 0
40, 43, 47, 326, 140, 6.90663, 13.707,2, 1
40, 43, 48, 326, 136, 0, 0,0, 0
40, 43, 49, 326, 192, 7.70055, 15.3943,2, 1
40, 43, 50, 326, 290, 7.60647, 14.5167,2, 1
40, 43, 51, 326, 182, 0, 0,0, 0
40, 43, 52, 326, 240, 0, 0,0, 0
40, 43, 53, 326, 127, 0, 0,0, 0
40, 43, 54, 326, 496, 0, 0,0, 0
40, 43, 55, 326, 423, 14.9559, 21.6242,3, 2
40, 43, 56, 326, 328, 15.1546, 23.1821,3, 2
40, 44, 1, 295, 352, 7.06427, 7.06427,1, 1
40, 44, 2, 295, 401, 0, 0,0, 0
40, 44, 3, 295, 402, 0, 0,0, 0
40, 44, 4, 295, 426, 7.02126, 7.02126,1, 1
40, 44, 5, 295, 557, 6.87243, 6.87243,1, 1
40, 44, 6, 295, 187, 0, 0,0, 0
40, 44, 7, 295, 176, 0, 0,0, 0
40, 44, 8, 295, 132, 0, 0,0, 0
40, 44, 9, 295, 144, 0, 0,0, 0
40, 44, 10, 295, 151, 0, 0,0, 0
40, 44, 11, 295, 331, 0, 0,0, 0
40, 44, 12, 295, 159, 0, 0,0, 0
40, 44, 13, 295, 383, 16.4332, 16.4332,2, 2
40, 44, 14, 295, 357, 0, 0,0, 0
40, 44, 15, 295, 137, 0, 0,0, 0
40, 44, 16, 295, 219, 0, 0,0, 0
40, 44, 17, 295, 213, 0, 0,0, 0
40, 44, 18, 295, 240, 0, 0,0, 0
40, 44, 19, 295, 345, 10.706, 18.3804,2, 1
40, 44, 20, 295, 344, 0, 0,0, 0
40, 44, 21, 295, 270, 0, 0,0, 0
40, 44, 22, 295, 280, 0, 0,0, 0
40, 44, 23, 295, 427, 0, 0,0, 0
40, 44, 24, 295, 330, 0, 0,0, 0
40, 44, 25, 295, 327, 0, 0,0, 0
40, 44, 26, 295, 336, 7.90089, 14.9083,2, 1
40, 44, 27, 295, 333, 0, 0,0, 0
40, 44, 28, 295, 245, 0, 0,0, 0
40, 44, 29, 295, 288, 0, 0,0, 0
40, 44, 30, 295, 226, 0, 0,0, 0
40, 44, 31, 295, 306, 0, 0,0, 0
40, 44, 32, 295, 732, 0, 0,0, 0
40, 44, 33, 295, 486, 0, 0,0, 0
40, 44, 34, 295, 440, 0, 0,0, 0
40, 44, 35, 295, 350, 0, 0,0, 0
40, 44, 36, 295, 396, 29.9829, 43.4937,6, 4
40, 44, 37, 295, 188, 0, 0,0, 0
40, 44, 38, 295, 406, 7.68969, 7.68969,1, 1
40, 44, 39, 295, 364, 0, 0,0, 0
40, 44, 40, 295, 543, 0, 0,0, 0
40, 44, 41, 295, 547, 0, 0,0, 0
40, 44, 42, 295, 587, 0, 0,0, 0
40, 44, 43, 295, 427, 0, 0,0, 0
40, 44, 45, 295, 604, 0, 0,0, 0
40, 44, 46, 295, 429, 14.0746, 14.0746,2, 2
40, 44, 47, 295, 140, 0, 0,0, 0
40, 44, 48, 295, 136, 0, 0,0, 0
40, 44, 49, 295, 192, 0, 0,0, 0
40, 44, 50, 295, 290, 0, 0,0, 0
40, 44, 51, 295, 182, 0, 0,0, 0
40, 44, 52, 295, 240, 0, 0,0, 0
40, 44, 53, 295, 127, 0, 0,0, 0
40, 44, 54, 295, 496, 0, 0,0, 0
40, 44, 55, 295, 423, 0, 0,0, 0
40, 44, 56, 295, 328, 0, 0,0, 0
40, 45, 1, 345, 352, 0, 0,0, 0
40, 45, 2, 345, 401, 0, 0,0, 0
40, 45, 3, 345, 402, 0, 0,0, 0
40, 45, 4, 345, 426, 0, 0,0, 0
40, 45, 5, 345, 557, 0, 0,0, 0
40, 45, 6, 345, 187, 0, 0,0, 0
40, 45, 7, 345, 176, 0, 0,0, 0
40, 45, 8, 345, 132, 0, 0,0, 0
40, 45, 9, 345, 144, 0, 0,0, 0
40, 45, 10, 345, 151, 0, 0,0, 0
40, 45, 11, 345, 331, 6.71054, 6.71054,1, 1
40, 45, 12, 345, 159, 0, 0,0, 0
40, 45, 13, 345, 383, 0, 0,0, 0
40, 45, 14, 345, 357, 21.7128, 28.7283,4, 3
40, 45, 15, 345, 137, 0, 0,0, 0
40, 45, 16, 345, 219, 0, 0,0, 0
40, 45, 17, 345, 213, 0, 0,0, 0
40, 45, 18, 345, 240, 0, 0,0, 0
40, 45, 19, 345, 345, 0, 0,0, 0
40, 45, 20, 345, 344, 0, 0,0, 0
40, 45, 21, 345, 270, 0, 0,0, 0
40, 45, 22, 345, 280, 0, 0,0, 0
40, 45, 23, 345, 427, 6.786, 6.786,1, 1
40, 45, 24, 345, 330, 7.56476, 7.56476,1, 1
40, 45, 25, 345, 327, 0, 0,0, 0
40, 45, 26, 345, 336, 0, 0,0, 0
40, 45, 27, 345, 333, 0, 0,0, 0
40, 45, 28, 345, 245, 0, 0,0, 0
40, 45, 29, 345, 288, 0, 0,0, 0
40, 45, 30, 345, 226, 0, 0,0, 0
40, 45, 31, 345, 306, 0, 0,0, 0
40, 45, 32, 345, 732, 10.0576, 25.3667,3, 1
40, 45, 33, 345, 486, 6.66875, 6.66875,1, 1
40, 45, 34, 345, 440, 22.8854, 37.3087,5, 3
40, 45, 35, 345, 350, 0, 0,0, 0
40, 45, 36, 345, 396, 0, 0,0, 0
40, 45, 37, 345, 188, 0, 0,0, 0
40, 45, 38, 345, 406, 0, 0,0, 0
40, 45, 39, 345, 364, 0, 0,0, 0
40, 45, 40, 345, 543, 26.2433, 48.228,6, 3
40, 45, 41, 345, 547, 27.5596, 57.4099,7, 3
40, 45, 42, 345, 587, 19.7763, 50.2861,6, 2
40, 45, 43, 345, 427, 7.95635, 7.95635,1, 1
40, 45, 44, 345, 573, 27.7037, 27.7037,3, 3
40, 45, 46, 345, 429, 0, 0,0, 0
40, 45, 47, 345, 140, 0, 0,0, 0
40, 45, 48, 345, 136, 0, 0,0, 0
40, 45, 49, 345, 192, 0, 0,0, 0
40, 45, 50, 345, 290, 0, 0,0, 0
40, 45, 51, 345, 182, 7.04795, 7.04795,1, 1
40, 45, 52, 345, 240, 0, 0,0, 0
40, 45, 53, 345, 127, 0, 0,0, 0
40, 45, 54, 345, 496, 7.3162, 7.3162,1, 1
40, 45, 55, 345, 423, 0, 0,0, 0
40, 45, 56, 345, 328, 0, 0,0, 0
40, 46, 1, 346, 352, 0, 0,0, 0
40, 46, 2, 346, 401, 7.18368, 7.18368,1, 1
40, 46, 3, 346, 402, 0, 0,0, 0
40, 46, 4, 346, 426, 0, 0,0, 0
40, 46, 5, 346, 557, 8.6626, 8.6626,1, 1
40, 46, 6, 346, 187, 0, 0,0, 0
40, 46, 7, 346, 176, 0, 0,0, 0
40, 46, 8, 346, 132, 0, 0,0, 0
40, 46, 9, 346, 144, 0, 0,0, 0
40, 46, 10, 346, 151, 0, 0,0, 0
40, 46, 11, 346, 331, 0, 0,0, 0
40, 46, 12, 346, 159, 0, 0,0, 0
40, 46, 13, 346, 383, 13.9257, 13.9257,2, 2
40, 46, 14, 346, 357, 0, 0,0, 0
40, 46, 15, 346, 137, 0, 0,0, 0
40, 46, 16, 346, 219, 0, 0,0, 0
40, 46, 17, 346, 213, 0, 0,0, 0
40, 46, 18, 346, 240, 0, 0,0, 0
40, 46, 19, 346, 345, 15.5877, 15.5877,2, 2
40, 46, 20, 346, 344, 14.9172, 14.9172,2, 2
40, 46, 21, 346, 270, 0, 0,0, 0
40, 46, 22, 346, 280, 0, 0,0, 0
40, 46, 23, 346, 427, 0, 0,0, 0
40, 46, 24, 346, 330, 0, 0,0, 0
40, 46, 25, 346, 327, 0, 0,0, 0
40, 46, 26, 346, 336, 11.0152, 11.0152,1, 1
40, 46, 27, 346, 333, 8.65226, 8.65226,1, 1
40, 46, 28, 346, 245, 0, 0,0, 0
40, 46, 29, 346, 288, 0, 0,0, 0
40, 46, 30, 346, 226, 0, 0,0, 0
40, 46, 31, 346, 306, 0, 0,0, 0
40, 46, 32, 346, 732, 0, 0,0, 0
40, 46, 33, 346, 486, 0, 0,0, 0
40, 46, 34, 346, 440, 0, 0,0, 0
40, 46, 35, 346, 350, 0, 0,0, 0
40, 46, 36, 346, 396, 14.2766, 14.2766,2, 2
40, 46, 37, 346, 188, 0, 0,0, 0
40, 46, 38, 346, 406, 7.09427, 7.09427,1, 1
40, 46, 39, 346, 364, 0, 0,0, 0
40, 46, 40, 346, 543, 8.87581, 8.87581,1, 1
40, 46, 41, 346, 547, 16.5812, 16.5812,2, 2
40, 46, 42, 346, 587, 7.01257, 7.01257,1, 1
40, 46, 43, 346, 427, 14.8462, 14.8462,2, 2
40, 46, 44, 346, 573, 17.7572, 17.7572,2, 2
40, 46, 45, 346, 604, 17.9845, 17.9845,2, 2
40, 46, 47, 346, 140, 8.55656, 8.55656,1, 1
40, 46, 48, 346, 136, 0, 0,0, 0
40, 46, 49, 346, 192, 0, 0,0, 0
40, 46, 50, 346, 290, 0, 0,0, 0
40, 46, 51, 346, 182, 0, 0,0, 0
40, 46, 52, 346, 240, 0, 0,0, 0
40, 46, 53, 346, 127, 0, 0,0, 0
40, 46, 54, 346, 496, 0, 0,0, 0
40, 46, 55, 346, 423, 0, 0,0, 0
40, 46, 56, 346, 328, 0, 0,0, 0
40, 47, 1, 318, 352, 0, 0,0, 0
40, 47, 2, 318, 401, 0, 0,0, 0
40, 47, 3, 318, 402, 11.6889, 11.6889,1, 1
40, 47, 4, 318, 426, 8.29367, 8.29367,1, 1
40, 47, 5, 318, 557, 0, 0,0, 0
40, 47, 6, 318, 187, 0, 0,0, 0
40, 47, 7, 318, 176, 0, 0,0, 0
40, 47, 8, 318, 132, 0, 0,0, 0
40, 47, 9, 318, 144, 8.59727, 8.59727,1, 1
40, 47, 10, 318, 151, 0, 0,0, 0
40, 47, 11, 318, 331, 0, 0,0, 0
40, 47, 12, 318, 159, 0, 0,0, 0
40, 47, 13, 318, 383, 0, 0,0, 0
40, 47, 14, 318, 357, 16.0484, 16.0484,2, 2
40, 47, 15, 318, 137, 12.0857, 12.0857,1, 1
40, 47, 16, 318, 219, 0, 0,0, 0
40, 47, 17, 318, 213, 0, 0,0, 0
40, 47, 18, 318, 240, 0, 0,0, 0
40, 47, 19, 318, 345, 0, 0,0, 0
40, 47, 20, 318, 344, 0, 0,0, 0
40, 47, 21, 318, 270, 14.8965, 14.8965,2, 2
40, 47, 22, 318, 280, 0, 0,0, 0
40, 47, 23, 318, 427, 0, 0,0, 0
40, 47, 24, 318, 330, 0, 0,0, 0
40, 47, 25, 318, 327, 6.88484, 6.88484,1, 1
40, 47, 26, 318, 336, 0, 0,0, 0
40, 47, 27, 318, 333, 0, 0,0, 0
40, 47, 28, 318, 245, 0, 0,0, 0
40, 47, 29, 318, 288, 0, 0,0, 0
40, 47, 30, 318, 226, 0, 0,0, 0
40, 47, 31, 318, 306, 8.05901, 8.05901,1, 1
40, 47, 32, 318, 732, 6.81018, 6.81018,1, 1
40, 47, 33, 318, 486, 0, 0,0, 0
40, 47, 34, 318, 440, 7.41982, 7.41982,1, 1
40, 47, 35, 318, 350, 0, 0,0, 0
40, 47, 36, 318, 396, 0, 0,0, 0
40, 47, 37, 318, 188, 0, 0,0, 0
40, 47, 38, 318, 406, 0, 0,0, 0
40, 47, 39, 318, 364, 0, 0,0, 0
40, 47, 40, 318, 543, 0, 0,0, 0
40, 47, 41, 318, 547, 0, 0,0, 0
40, 47, 42, 318, 587, 0, 0,0, 0
40, 47, 43, 318, 427, 0, 0,0, 0
40, 47, 44, 318, 573, 8.18637, 8.18637,1, 1
40, 47, 45, 318, 604, 6.66838, 6.66838,1, 1
40, 47, 46, 318, 429, 0, 0,0, 0
40, 47, 48, 318, 136, 10.4601, 10.4601,1, 1
40, 47, 49, 318, 192, 7.13182, 7.13182,1, 1
40, 47, 50, 318, 290, 0, 0,0, 0
40, 47, 51, 318, 182, 0, 0,0, 0
40, 47, 52, 318, 240, 0, 0,0, 0
40, 47, 53, 318, 127, 0, 0,0, 0
40, 47, 54, 318, 496, 0, 0,0, 0
40, 47, 55, 318, 423, 0, 0,0, 0
40, 47, 56, 318, 328, 7.33229, 7.33229,1, 1
40, 48, 1, 288, 352, 0, 0,0, 0
40, 48, 2, 288, 401, 0, 0,0, 0
40, 48, 3, 288, 402, 0, 0,0, 0
40, 48, 4, 288, 426, 0, 0,0, 0
40, 48, 5, 288, 557, 0, 0,0, 0
40, 48, 6, 288, 187, 0, 0,0, 0
40, 48, 7, 288, 176, 0, 0,0, 0
40, 48, 8, 288, 132, 0, 0,0, 0
40, 48, 9, 288, 144, 0, 0,0, 0
40, 48, 10, 288, 151, 0, 0,0, 0
40, 48, 11, 288, 331, 0, 0,0, 0
40, 48, 12, 288, 159, 0, 0,0, 0
40, 48, 13, 288, 383, 6.94372, 6.94372,1, 1
40, 48, 14, 288, 357, 0, 0,0, 0
40, 48, 15, 288, 137, 0, 0,0, 0
40, 48, 16, 288, 219, 0, 0,0, 0
40, 48, 17, 288, 213, 0, 0,0, 0
40, 48, 18, 288, 240, 0, 0,0, 0
40, 48, 19, 288, 345, 0, 0,0, 0
40, 48, 20, 288, 344, 0, 0,0, 0
40, 48, 21, 288, 270, 0, 0,0, 0
40, 48, 22, 288, 280, 0, 0,0, 0
40, 48, 23, 288, 427, 0, 0,0, 0
40, 48, 24, 288, 330, 0, 0,0, 0
40, 48, 25, 288, 327, 0, 0,0, 0
40, 48, 26, 288, 336, 0, 0,0, 0
40, 48, 27, 288, 333, 0, 0,0, 0
40, 48, 28, 288, 245, 0, 0,0, 0
40, 48, 29, 288, 288, 6.71191, 6.71191,1, 1
40, 48, 30, 288, 226, 0, 0,0, 0
40, 48, 31, 288, 306, 0, 0,0, 0
40, 48, 32, 288, 732, 0, 0,0, 0
40, 48, 33, 288, 486, 0, 0,0, 0
40, 48, 34, 288, 440, 0, 0,0, 0
40, 48, 35, 288, 350, 0, 0,0, 0
40, 48, 36, 288, 396, 0, 0,0, 0
40, 48, 37, 288, 188, 0, 0,0, 0
40, 48, 38, 288, 406, 0, 0,0, 0
40, 48, 39, 288, 364, 0, 0,0, 0
40, 48, 40, 288, 543, 0, 0,0, 0
40, 48, 41, 288, 547, 0, 0,0, 0
40, 48, 42, 288, 587, 0, 0,0, 0
40, 48, 43, 288, 427, 0, 0,0, 0
40, 48, 44, 288, 573, 7.36262, 14.6911,2, 1
40, 48, 45, 288, 604, 0, 0,0, 0
40, 48, 46, 288, 429, 0, 0,0, 0
40, 48, 47, 288, 140, 7.92956, 15.0964,2, 1
40, 48, 49, 288, 192, 0, 0,0, 0
40, 48, 50, 288, 290, 0, 0,0, 0
40, 48, 51, 288, 182, 0, 0,0, 0
40, 48, 52, 288, 240, 0, 0,0, 0
40, 48, 53, 288, 127, 0, 0,0, 0
40, 48, 54, 288, 496, 8.11715, 8.11715,1, 1
40, 48, 55, 288, 423, 0, 0,0, 0
40, 48, 56, 288, 328, 0, 0,0, 0
