5, 5, 55, 2, 1, 274, 235, 7.00284, 8.76231,548, 313, 235, 185, 4.74244, 5.60044, 18.4122, 0.167667, 33.4923
5, 5, 55, 3, 1, 254, 235, 3.9934, 5.37168,508, 253, 255, 148, 4.42374, 5.55076, 17.1444, 0.129968, 31.7293
5, 5, 55, 3, 2, 254, 274, 7.40747, 9.30323,508, 319, 189, 186, 4.65005, 6.37283, 19.882, 0.135064, 35.4231
5, 5, 55, 4, 1, 286, 235, 2.41439, 3.50055,572, 211, 361, 126, 4.42485, 5.55578, 19.3608, 0.141466, 33.8749
5, 5, 55, 4, 2, 286, 274, 4.09341, 5.69004,572, 281, 291, 169, 4.66776, 6.32218, 22.4242, 0.152603, 37.9143
5, 5, 55, 4, 3, 286, 254, 6.23802, 8.1787,572, 332, 240, 194, 4.35166, 5.93109, 20.8227, 0.145865, 35.5044
5, 5, 55, 5, 1, 303, 235, 1.73179, 2.62313,606, 174, 432, 105, 4.48736, 5.68737, 20.509, 0.149386, 35.2573
5, 5, 55, 5, 2, 303, 274, 2.95482, 4.31141,606, 247, 359, 152, 4.50911, 6.32294, 23.7462, 0.16168, 39.0431
5, 5, 55, 5, 3, 303, 254, 4.0866, 5.67073,606, 295, 311, 173, 4.54095, 6.07039, 22.0737, 0.155148, 37.2069
5, 5, 55, 5, 4, 303, 286, 8.35149, 10.5306,606, 378, 228, 220, 4.41639, 6.47278, 24.7098, 0.161851, 40.0955
5, 5, 55, 6, 1, 197, 235, 3.64845, 4.88569,394, 224, 170, 139, 4.48477, 5.71496, 13.3775, 0.109488, 28.2203
5, 5, 55, 6, 2, 197, 274, 2.6618, 3.79417,394, 219, 175, 129, 4.61871, 6.40466, 15.4511, 0.106939, 30.9793
5, 5, 55, 6, 3, 197, 254, 1.66148, 2.48444,394, 164, 230, 98, 4.38273, 6.21684, 14.4043, 0.103642, 29.375
5, 5, 55, 6, 4, 197, 286, 0.697113, 1.41443,394, 85, 309, 52, 4.41388, 6.48315, 16.0937, 0.112724, 31.4943
5, 5, 55, 6, 5, 197, 303, 0.101803, 0.634346,394, 14, 380, 13, 4.48796, 6.84596, 17.1192, 0.111322, 32.963
5, 5, 55, 7, 1, 276, 235, 0.316939, 0.79484,552, 40, 512, 32, 4.46003, 5.53978, 18.6645, 0.136446, 33.2418
5, 5, 55, 7, 2, 276, 274, 0.692416, 1.25587,552, 80, 472, 52, 4.59451, 6.4736, 21.6889, 0.138045, 37.2126
5, 5, 55, 7, 3, 276, 254, 0.900217, 1.35745,552, 92, 460, 56, 4.42416, 6.01622, 20.095, 0.132964, 34.9055
5, 5, 55, 7, 4, 276, 286, 1.76054, 2.58551,552, 143, 409, 89, 4.47986, 6.53401, 22.5235, 0.13843, 37.9953
5, 5, 55, 7, 5, 276, 303, 2.22072, 3.10538,552, 152, 400, 89, 4.48002, 6.80236, 23.7514, 0.134257, 39.5641
5, 5, 55, 7, 6, 276, 197, 0.0878618, 0.263889,552, 13, 539, 10, 4.46836, 4.98458, 15.5999, 0.128526, 29.6294
5, 5, 55, 8, 1, 286, 235, 0.753531, 1.29661,572, 86, 486, 56, 4.40938, 5.55131, 19.4593, 0.14108, 33.9695
5, 5, 55, 8, 2, 286, 274, 1.12093, 1.6938,572, 110, 462, 68, 4.73605, 6.65666, 22.5367, 0.139663, 38.596
5, 5, 55, 8, 3, 286, 254, 1.45786, 2.16885,572, 136, 436, 80, 4.37365, 5.96078, 20.9808, 0.142578, 35.7229
5, 5, 55, 8, 4, 286, 286, 2.42071, 3.39771,572, 174, 398, 105, 4.54413, 6.88529, 23.4198, 0.144121, 39.4657
5, 5, 55, 8, 5, 286, 303, 2.3906, 3.34981,572, 157, 415, 94, 4.4911, 7.03488, 24.6813, 0.146676, 40.7737
5, 5, 55, 8, 6, 286, 197, 0.0881898, 0.389092,572, 11, 561, 10, 4.51972, 5.17666, 16.4358, 0.140263, 30.7414
5, 5, 55, 8, 7, 286, 276, 7.8281, 9.96855,572, 370, 202, 213, 4.41638, 6.56572, 22.7427, 0.154045, 38.3668
5, 5, 55, 9, 1, 327, 235, 1.14751, 1.76116,654, 120, 534, 75, 4.57635, 5.83151, 22.083, 0.163859, 37.1845
5, 5, 55, 9, 2, 327, 274, 1.59608, 2.36925,654, 143, 511, 88, 4.66371, 6.43019, 25.5245, 0.166114, 41.1468
5, 5, 55, 9, 3, 327, 254, 1.95113, 2.81578,654, 157, 497, 93, 4.3775, 6.07315, 23.8365, 0.157727, 38.7879
5, 5, 55, 9, 4, 327, 286, 2.61454, 3.69181,654, 184, 470, 113, 4.42095, 6.82087, 26.6597, 0.168514, 42.4116
5, 5, 55, 9, 5, 327, 303, 2.05652, 2.94971,654, 162, 492, 96, 4.62489, 7.10035, 28.2337, 0.167772, 44.6259
5, 5, 55, 9, 6, 327, 197, 0.296051, 0.850828,654, 41, 613, 31, 4.42272, 4.8683, 18.6113, 0.164832, 32.5257
5, 5, 55, 9, 7, 327, 276, 5.71126, 7.69861,654, 367, 287, 211, 4.4141, 6.65686, 25.6894, 0.169345, 41.5211
5, 5, 55, 9, 8, 327, 286, 8.89317, 11.2926,654, 411, 243, 234, 4.41481, 6.50532, 26.7544, 0.170732, 42.2324
5, 5, 55, 10, 1, 275, 235, 2.30598, 3.1762,550, 150, 400, 98, 4.41498, 5.53626, 18.5955, 0.142613, 33.0976
5, 5, 55, 10, 2, 275, 274, 2.38293, 3.23602,550, 147, 403, 92, 4.53127, 6.31595, 21.6406, 0.14582, 36.968
5, 5, 55, 10, 3, 275, 254, 1.71873, 2.45828,550, 135, 415, 85, 4.3903, 5.89188, 20.0125, 0.132663, 34.7576
5, 5, 55, 10, 4, 275, 286, 1.03937, 1.60223,550, 97, 453, 64, 4.54435, 6.59592, 22.4326, 0.135304, 38.125
5, 5, 55, 10, 5, 275, 303, 0.725148, 1.12872,550, 67, 483, 46, 4.57781, 6.81983, 23.7211, 0.137253, 39.7821
5, 5, 55, 10, 6, 275, 197, 1.30098, 1.98135,550, 121, 429, 81, 4.47504, 5.15874, 15.7886, 0.14091, 30.0557
5, 5, 55, 10, 7, 275, 276, 1.95242, 2.92592,550, 198, 352, 121, 4.44139, 6.4662, 21.8128, 0.143905, 37.3295
5, 5, 55, 10, 8, 275, 286, 2.60522, 3.79507,550, 232, 318, 137, 4.61054, 6.95626, 22.6018, 0.169228, 38.8552
5, 5, 55, 10, 9, 275, 327, 4.32792, 6.04201,550, 311, 239, 182, 4.71057, 7.6189, 25.4906, 0.14647, 42.4732
5, 5, 55, 11, 1, 262, 235, 2.58571, 3.48934,524, 167, 357, 105, 4.4614, 5.65353, 17.7618, 0.13806, 32.4063
5, 5, 55, 11, 2, 262, 274, 2.04589, 2.88648,524, 151, 373, 94, 4.55806, 6.29719, 20.5067, 0.132473, 35.875
5, 5, 55, 11, 3, 262, 254, 1.2583, 1.86901,524, 113, 411, 73, 4.35919, 5.93762, 19.0846, 0.132714, 33.7601
5, 5, 55, 11, 4, 262, 286, 0.754092, 1.1957,524, 83, 441, 52, 4.54319, 6.66822, 21.3103, 0.12807, 37.0879
5, 5, 55, 11, 5, 262, 303, 0.445468, 0.702707,524, 49, 475, 33, 4.61275, 6.92687, 22.5576, 0.122685, 38.7419
5, 5, 55, 11, 6, 262, 197, 1.80361, 2.60182,524, 156, 368, 95, 4.33513, 4.81185, 14.9199, 0.133245, 28.5997
5, 5, 55, 11, 7, 262, 276, 1.16552, 1.88452,524, 144, 380, 84, 4.3993, 6.64304, 20.6858, 0.13323, 36.2513
5, 5, 55, 11, 8, 262, 286, 1.57545, 2.39439,524, 161, 363, 102, 4.51885, 6.82838, 21.4152, 0.140228, 37.411
5, 5, 55, 11, 9, 262, 327, 2.78026, 4.07011,524, 252, 272, 149, 4.70398, 7.73758, 24.3234, 0.141155, 41.41
5, 5, 55, 11, 10, 262, 275, 7.10735, 8.99111,524, 335, 189, 199, 4.60452, 6.30553, 20.6215, 0.142899, 36.0829
5, 5, 55, 12, 1, 275, 235, 2.19947, 3.08042,550, 167, 383, 103, 4.44657, 5.58302, 18.6183, 0.139031, 33.2239
5, 5, 55, 12, 2, 275, 274, 1.63638, 2.39827,550, 139, 411, 89, 4.51965, 6.29718, 21.581, 0.140179, 36.8725
5, 5, 55, 12, 3, 275, 254, 1.06289, 1.62224,550, 103, 447, 67, 4.40414, 5.96301, 20.009, 0.133806, 34.8583
5, 5, 55, 12, 4, 275, 286, 0.56323, 0.895462,550, 64, 486, 41, 4.5622, 6.63507, 22.3732, 0.131541, 38.114
5, 5, 55, 12, 5, 275, 303, 0.345491, 0.551936,550, 41, 509, 26, 4.5351, 6.78321, 23.6997, 0.151276, 39.576
5, 5, 55, 12, 6, 275, 197, 2.11515, 2.98034,550, 155, 395, 98, 4.42968, 4.82216, 15.6637, 0.141014, 29.5304
5, 5, 55, 12, 7, 275, 276, 0.395384, 1.20919,550, 55, 495, 42, 4.42884, 6.23518, 21.6333, 0.147803, 36.8552
5, 5, 55, 12, 8, 275, 286, 1.26053, 2.00506,550, 143, 407, 91, 4.55518, 6.83112, 22.5876, 0.144307, 38.6231
5, 5, 55, 12, 9, 275, 327, 2.15752, 3.25493,550, 216, 334, 129, 4.77055, 7.59542, 25.6853, 0.147287, 42.6829
5, 5, 55, 12, 10, 275, 275, 5.51003, 7.36717,550, 337, 213, 199, 4.63299, 6.71904, 21.9544, 0.149296, 37.8496
5, 5, 55, 12, 11, 275, 262, 9.44946, 11.5065,550, 361, 189, 219, 4.63839, 6.11381, 20.6253, 0.152552, 35.9884
5, 5, 55, 13, 1, 206, 235, 0.99208, 1.48092,412, 93, 319, 62, 4.54064, 5.5413, 13.9695, 0.105591, 28.673
5, 5, 55, 13, 2, 206, 274, 0.689208, 1.07115,412, 72, 340, 49, 4.51999, 6.64346, 16.1415, 0.103151, 31.7716
5, 5, 55, 13, 3, 206, 254, 0.282964, 0.454949,412, 36, 376, 22, 4.37503, 6.21058, 15.0386, 0.099665, 29.9807
5, 5, 55, 13, 4, 206, 286, 0.103129, 0.252119,412, 11, 401, 9, 4.41018, 6.57518, 16.8257, 0.098432, 32.2281
5, 5, 55, 13, 5, 206, 303, 0.0140852, 0.118208,412, 2, 410, 2, 4.46397, 6.77486, 17.8898, 0.096544, 33.6076
5, 5, 55, 13, 6, 206, 197, 1.89321, 2.68961,412, 152, 260, 92, 4.40785, 4.80767, 11.7047, 0.105024, 25.4595
5, 5, 55, 13, 7, 206, 276, 0.0738959, 0.261306,412, 11, 401, 10, 4.39143, 6.50383, 16.2377, 0.102655, 31.6752
5, 5, 55, 13, 8, 206, 286, 0.0511342, 0.320721,412, 7, 405, 7, 4.41084, 6.47756, 16.8179, 0.09998, 32.2194
5, 5, 55, 13, 9, 206, 327, 0.0734065, 0.68407,412, 10, 402, 10, 4.62169, 7.69285, 19.13, 0.113186, 35.9779
5, 5, 55, 13, 10, 206, 275, 1.84841, 2.75961,412, 187, 225, 112, 4.47721, 6.46461, 16.1723, 0.109163, 31.5446
5, 5, 55, 13, 11, 206, 262, 2.97611, 4.22294,412, 239, 173, 147, 4.60553, 6.15243, 15.5266, 0.117334, 30.8628
5, 5, 55, 13, 12, 206, 275, 3.94974, 5.42248,412, 281, 131, 166, 4.65941, 6.28934, 16.2679, 0.116207, 31.8696
5, 5, 55, 14, 1, 234, 235, 1.31724, 1.93768,468, 115, 353, 76, 4.58366, 5.93183, 15.9015, 0.123215, 31.0584
5, 5, 55, 14, 2, 234, 274, 0.968628, 1.47251,468, 93, 375, 62, 4.53935, 6.49399, 18.3774, 0.119849, 33.9308
5, 5, 55, 14, 3, 234, 254, 0.557082, 0.880073,468, 68, 400, 41, 4.51368, 6.10696, 17.114, 0.113522, 32.1692
5, 5, 55, 14, 4, 234, 286, 0.238748, 0.402013,468, 28, 440, 18, 4.41393, 6.52086, 19.1481, 0.116362, 34.5245
5, 5, 55, 14, 5, 234, 303, 0.0969049, 0.215919,468, 11, 457, 8, 4.64878, 7.11613, 20.4216, 0.112439, 36.7951
5, 5, 55, 14, 6, 234, 197, 2.25767, 3.07238,468, 155, 313, 93, 4.69423, 5.08064, 13.2173, 0.12016, 27.7377
5, 5, 55, 14, 7, 234, 276, 0.111763, 0.507611,468, 15, 453, 15, 4.36687, 6.63902, 18.5685, 0.123421, 34.1339
5, 5, 55, 14, 8, 234, 286, 0.147363, 0.746047,468, 20, 448, 19, 4.57715, 6.83722, 19.201, 0.125409, 35.3144
5, 5, 55, 14, 9, 234, 327, 0.797784, 1.63609,468, 93, 375, 60, 4.62577, 7.428, 21.8085, 0.132424, 38.5719
5, 5, 55, 14, 10, 234, 275, 2.94644, 4.24332,468, 255, 213, 152, 4.44544, 6.28429, 18.3961, 0.126081, 33.686
5, 5, 55, 14, 11, 234, 262, 4.64119, 6.28851,468, 298, 170, 182, 4.8008, 6.1296, 17.6207, 0.128937, 33.1602
5, 5, 55, 14, 12, 234, 275, 6.21166, 8.01631,468, 332, 136, 193, 4.64166, 6.35706, 18.4081, 0.128145, 34.0193
5, 5, 55, 14, 13, 234, 206, 6.58972, 8.20123,468, 305, 163, 178, 4.50282, 5.32652, 13.8345, 0.124994, 28.2497
5, 5, 55, 15, 1, 289, 235, 1.58603, 2.32883,578, 136, 442, 86, 4.40867, 5.61724, 19.5914, 0.142794, 34.1791
5, 5, 55, 15, 2, 289, 274, 2.22279, 3.12169,578, 151, 427, 95, 4.59721, 6.68791, 22.7483, 0.144622, 38.5048
5, 5, 55, 15, 3, 289, 254, 2.35427, 3.26483,578, 154, 424, 94, 4.36296, 5.95813, 21.0771, 0.144496, 35.8213
5, 5, 55, 15, 4, 289, 286, 1.72823, 2.5164,578, 137, 441, 85, 4.50019, 6.57199, 23.6246, 0.148034, 39.2688
5, 5, 55, 15, 5, 289, 303, 1.34385, 1.971,578, 106, 472, 69, 4.62491, 6.73857, 24.9306, 0.145794, 40.9233
5, 5, 55, 15, 6, 289, 197, 0.549698, 1.08793,578, 60, 518, 44, 4.33069, 4.8806, 16.4104, 0.145002, 30.1867
5, 5, 55, 15, 7, 289, 276, 3.43627, 4.86026,578, 288, 290, 163, 4.39565, 6.27125, 22.8267, 0.155748, 38.0326
5, 5, 55, 15, 8, 289, 286, 4.9851, 6.79002,578, 320, 258, 188, 4.52946, 6.81612, 23.6337, 0.15157, 39.6445
5, 5, 55, 15, 9, 289, 327, 8.26388, 10.5741,578, 385, 193, 223, 4.66795, 7.33872, 26.8436, 0.153379, 43.4568
5, 5, 55, 15, 10, 289, 275, 6.52394, 8.4408,578, 343, 235, 206, 4.44288, 6.27712, 22.7558, 0.151065, 37.9362
5, 5, 55, 15, 11, 289, 262, 4.09896, 5.72076,578, 302, 276, 183, 4.63629, 6.23811, 21.7033, 0.155984, 37.2362
5, 5, 55, 15, 12, 289, 275, 3.27208, 4.73114,578, 283, 295, 169, 4.76251, 6.39389, 22.7298, 0.150258, 38.5878
5, 5, 55, 15, 13, 289, 206, 0.707445, 1.57073,578, 79, 499, 59, 4.47315, 5.00457, 17.0657, 0.160618, 31.1902
5, 5, 55, 15, 14, 289, 234, 1.68736, 2.5493,578, 179, 399, 105, 4.63383, 5.85578, 19.5569, 0.144492, 34.7425
6, 6, 55, 2, 1, 66, 72, 1.98324, 2.4123,132, 78, 54, 51, 3.21731, 2.46311, 1.60857, 0.038751, 11.6528
6, 6, 55, 3, 1, 78, 72, 0.984556, 1.32167,156, 55, 101, 38, 3.22301, 2.42277, 1.8232, 0.041767, 11.8172
6, 6, 55, 3, 2, 78, 66, 1.19604, 1.56846,156, 59, 97, 39, 3.216, 2.30165, 1.68506, 0.042282, 11.6051
6, 6, 55, 4, 1, 85, 72, 0.653637, 0.955445,170, 53, 117, 37, 3.22648, 2.41521, 1.98801, 0.047392, 11.9728
6, 6, 55, 4, 2, 85, 66, 0.711756, 0.991844,170, 52, 118, 35, 3.21255, 2.54496, 1.86622, 0.050759, 12.0151
6, 6, 55, 4, 3, 85, 78, 1.61386, 2.11221,170, 77, 93, 50, 3.32217, 2.59906, 2.11569, 0.048279, 12.5411
6, 6, 55, 5, 1, 92, 72, 0.446441, 0.651822,184, 38, 146, 26, 3.21151, 2.4334, 2.14086, 0.048013, 12.1189
6, 6, 55, 5, 2, 92, 66, 0.57036, 0.814226,184, 44, 140, 32, 3.2087, 2.34599, 1.97209, 0.04907, 11.9274
6, 6, 55, 5, 3, 92, 78, 1.29579, 1.79434,184, 79, 105, 52, 3.31559, 2.56921, 2.27917, 0.050483, 12.6645
6, 6, 55, 5, 4, 92, 85, 2.28701, 2.91983,184, 94, 90, 59, 3.40492, 2.9186, 2.47429, 0.052507, 13.3882
6, 6, 55, 6, 1, 85, 72, 1.5176, 2.0065,170, 85, 85, 53, 3.24707, 2.42026, 2.00315, 0.046886, 12.0503
6, 6, 55, 6, 2, 85, 66, 0.979512, 1.33744,170, 70, 100, 42, 3.21327, 2.32058, 1.83408, 0.046215, 11.7637
6, 6, 55, 6, 3, 85, 78, 0.494661, 0.713871,170, 38, 132, 27, 3.45286, 2.63631, 2.12743, 0.045584, 12.7247
6, 6, 55, 6, 4, 85, 85, 0.29406, 0.469806,170, 29, 141, 19, 3.26315, 2.65893, 2.32806, 0.050263, 12.7858
6, 6, 55, 6, 5, 85, 92, 0.0364677, 0.166854,170, 5, 165, 4, 3.31383, 2.8852, 2.47044, 0.046691, 13.2225
6, 6, 55, 7, 1, 99, 72, 0.968983, 1.36471,198, 72, 126, 46, 3.37489, 2.60151, 2.30588, 0.053956, 12.7034
6, 6, 55, 7, 2, 99, 66, 0.669204, 0.970605,198, 57, 141, 36, 3.19795, 2.31041, 2.12809, 0.052913, 12.0768
6, 6, 55, 7, 3, 99, 78, 0.267427, 0.463929,198, 25, 173, 18, 3.30056, 2.74096, 2.47008, 0.058855, 13.0081
6, 6, 55, 7, 4, 99, 85, 0.0246415, 0.200487,198, 3, 195, 3, 3.25668, 2.66951, 2.64698, 0.050954, 13.1397
6, 6, 55, 7, 5, 99, 92, 0.0162523, 0.0636589,198, 2, 196, 2, 3.38897, 3.05397, 2.83433, 0.048254, 13.8278
6, 6, 55, 7, 6, 99, 85, 2.04749, 2.62181,198, 111, 87, 64, 3.25986, 2.6676, 2.66588, 0.055679, 12.872
6, 6, 55, 8, 1, 127, 72, 0.522898, 0.777498,254, 47, 207, 32, 3.27293, 2.59678, 2.92628, 0.068027, 13.1502
6, 6, 55, 8, 2, 127, 66, 0.193734, 0.47885,254, 22, 232, 15, 3.30396, 2.45538, 2.72537, 0.071715, 12.9726
6, 6, 55, 8, 3, 127, 78, 0.0436407, 0.199485,254, 6, 248, 5, 3.41456, 2.74632, 3.14595, 0.070072, 14.0084
6, 6, 55, 8, 4, 127, 85, 0.0108696, 0.0656664,254, 1, 253, 1, 3.41359, 2.74284, 3.36348, 0.066299, 14.1429
6, 6, 55, 8, 5, 127, 92, 0.0125, 0.0334034,254, 1, 253, 1, 3.45849, 3.09874, 3.67824, 0.066279, 14.8629
6, 6, 55, 8, 6, 127, 85, 1.12042, 1.60759,254, 99, 155, 57, 3.35827, 2.8816, 3.47878, 0.068699, 14.1485
6, 6, 55, 8, 7, 127, 99, 1.94588, 2.5668,254, 131, 123, 72, 3.46395, 3.17233, 3.8652, 0.068303, 14.9722
6, 6, 55, 9, 1, 160, 72, 0.121422, 0.445092,320, 15, 305, 13, 3.39448, 2.53739, 3.73632, 0.08751, 14.1945
6, 6, 55, 9, 2, 160, 66, 0.0358676, 0.256891,320, 5, 315, 4, 3.31572, 2.6366, 3.42369, 0.097392, 13.9062
6, 6, 55, 9, 3, 160, 78, 0.0388571, 0.13627,320, 5, 315, 5, 3.40945, 2.73363, 3.9092, 0.07957, 14.6891
6, 6, 55, 9, 4, 160, 85, 0.0237485, 0.0633461,320, 3, 317, 3, 3.36971, 3.15036, 4.2696, 0.075707, 15.4109
6, 6, 55, 9, 5, 160, 92, 0.00909091, 0.0153802,320, 1, 319, 1, 3.38451, 2.76896, 4.58122, 0.074585, 15.3951
6, 6, 55, 9, 6, 160, 85, 0.691582, 1.02925,320, 72, 248, 43, 3.35043, 2.88854, 4.26594, 0.084791, 14.8116
6, 6, 55, 9, 7, 160, 99, 1.28891, 1.84566,320, 124, 196, 67, 3.42538, 3.13479, 4.85308, 0.083307, 15.8598
6, 6, 55, 9, 8, 160, 127, 3.11725, 3.99293,320, 178, 142, 97, 3.72062, 3.68067, 6.10886, 0.083057, 18.1647
6, 6, 55, 10, 1, 75, 72, 0.698588, 0.954995,150, 45, 105, 31, 3.22236, 2.41315, 1.75468, 0.040719, 11.7113
6, 6, 55, 10, 2, 75, 66, 1.00423, 1.34849,150, 60, 90, 39, 3.21199, 2.53286, 1.65272, 0.045013, 11.8605
6, 6, 55, 10, 3, 75, 78, 2.52096, 3.11523,150, 83, 67, 55, 3.33075, 2.61863, 1.87608, 0.043524, 12.3943
6, 6, 55, 10, 4, 75, 85, 2.34765, 2.93742,150, 91, 59, 57, 3.28086, 2.67597, 2.03644, 0.042042, 12.5095
6, 6, 55, 10, 5, 75, 92, 1.48682, 1.95233,150, 76, 74, 47, 3.3434, 2.77853, 2.1693, 0.042243, 12.8396
6, 6, 55, 10, 6, 75, 85, 0.429824, 0.633523,150, 35, 115, 26, 3.25893, 2.96424, 2.02188, 0.04338, 12.4617
6, 6, 55, 10, 7, 75, 99, 0.125862, 0.313816,150, 13, 137, 10, 3.36647, 2.94786, 2.3294, 0.043409, 13.0057
6, 6, 55, 10, 8, 75, 127, 0.013652, 0.110874,150, 2, 148, 2, 3.61212, 3.45485, 2.90163, 0.039573, 14.4105
6, 6, 55, 10, 9, 75, 160, 0.0102041, 0.0734225,150, 2, 148, 1, 3.94021, 4.09244, 3.56793, 0.03847, 16.0619
6, 6, 55, 11, 1, 141, 72, 0.222978, 0.349572,282, 21, 261, 17, 3.19988, 2.41063, 3.30577, 0.073799, 13.2924
6, 6, 55, 11, 2, 141, 66, 0.186162, 0.291661,282, 18, 264, 14, 3.27348, 2.26809, 3.00778, 0.068398, 13.0627
6, 6, 55, 11, 3, 141, 78, 0.0265488, 0.115898,282, 3, 279, 3, 3.31515, 2.50854, 3.48145, 0.06695, 13.8664
6, 6, 55, 11, 4, 141, 85, 0.0119048, 0.0369831,282, 1, 281, 1, 3.26532, 2.6596, 3.73884, 0.065042, 14.2213
6, 6, 55, 11, 5, 141, 92, 0.00719424, 0.0292998,282, 1, 281, 1, 3.33964, 2.7722, 4.05482, 0.063378, 14.7409
6, 6, 55, 11, 6, 141, 85, 0.39943, 0.596869,282, 45, 237, 26, 3.38783, 2.85717, 3.75798, 0.06961, 14.3633
6, 6, 55, 11, 7, 141, 99, 0.595589, 0.889257,282, 60, 222, 37, 3.33007, 2.89826, 4.29496, 0.068949, 14.8934
6, 6, 55, 11, 8, 141, 127, 0.514513, 0.777664,282, 53, 229, 32, 3.62453, 3.47606, 5.35276, 0.0689, 16.9484
6, 6, 55, 11, 9, 141, 160, 0.470486, 0.72821,282, 54, 228, 31, 3.93132, 4.21712, 6.68157, 0.072231, 19.4323
6, 6, 55, 11, 10, 141, 75, 0.0200079, 0.0919861,282, 2, 280, 2, 3.2701, 2.49044, 3.35536, 0.067978, 13.6418
6, 6, 55, 12, 1, 131, 72, 0.18702, 0.292059,262, 16, 246, 14, 3.292, 2.416, 3.01507, 0.066374, 13.2047
6, 6, 55, 12, 2, 131, 66, 0.15984, 0.245655,262, 15, 247, 11, 3.20451, 2.31253, 2.77963, 0.062551, 12.7199
6, 6, 55, 12, 3, 131, 78, 0.0478139, 0.112152,262, 3, 259, 3, 3.32806, 2.60968, 3.23088, 0.066519, 13.719
6, 6, 55, 12, 4, 131, 85, 0.0171131, 0.0771924,262, 2, 260, 2, 3.27684, 2.64204, 3.48456, 0.06151, 13.9638
6, 6, 55, 12, 5, 131, 92, 0.00735294, 0.0297559,262, 1, 261, 1, 3.46512, 2.97994, 3.73701, 0.061941, 14.8323
6, 6, 55, 12, 6, 131, 85, 0.376422, 0.560751,262, 41, 221, 24, 3.34171, 2.86855, 3.48795, 0.066976, 14.0205
6, 6, 55, 12, 7, 131, 99, 0.504049, 0.767702,262, 49, 213, 32, 3.35821, 2.97459, 3.99906, 0.06673, 14.6745
6, 6, 55, 12, 8, 131, 127, 0.431812, 0.688219,262, 48, 214, 30, 3.61717, 3.48831, 5.00039, 0.066239, 16.6155
6, 6, 55, 12, 9, 131, 160, 0.334182, 0.523544,262, 38, 224, 23, 4.03422, 4.08369, 6.21775, 0.067411, 18.9252
6, 6, 55, 12, 10, 131, 75, 0.0160645, 0.11152,262, 2, 260, 2, 3.2817, 2.46074, 3.12439, 0.062923, 13.3889
6, 6, 55, 12, 11, 131, 141, 4.72728, 5.8159,262, 197, 65, 107, 3.81158, 3.70263, 5.45075, 0.07186, 17.445
6, 6, 55, 13, 1, 116, 72, 0.286038, 0.410574,232, 23, 209, 16, 3.22601, 2.41201, 2.69091, 0.058819, 12.6817
6, 6, 55, 13, 2, 116, 66, 0.209373, 0.313705,232, 19, 213, 14, 3.21564, 2.30271, 2.49201, 0.057738, 12.4697
6, 6, 55, 13, 3, 116, 78, 0.082626, 0.117655,232, 7, 225, 5, 3.3739, 2.55529, 2.87256, 0.056971, 13.3496
6, 6, 55, 13, 4, 116, 85, 0.0439861, 0.0735689,232, 4, 228, 3, 3.26725, 2.67855, 3.10288, 0.056615, 13.5631
6, 6, 55, 13, 5, 116, 92, 0.0106383, 0.029077,232, 2, 230, 1, 3.46866, 3.03013, 3.3383, 0.054942, 14.4394
6, 6, 55, 13, 6, 116, 85, 0.388375, 0.58285,232, 37, 195, 24, 3.25557, 2.94407, 3.08092, 0.062306, 13.5436
6, 6, 55, 13, 7, 116, 99, 0.450944, 0.71094,232, 46, 186, 32, 3.3077, 2.94379, 3.54063, 0.05928, 14.1427
6, 6, 55, 13, 8, 116, 127, 0.181997, 0.294474,232, 20, 212, 13, 3.72509, 3.78477, 4.44334, 0.059145, 16.5168
6, 6, 55, 13, 9, 116, 160, 0.139852, 0.215923,232, 15, 217, 10, 3.97197, 4.14059, 5.51705, 0.057126, 18.1313
6, 6, 55, 13, 10, 116, 75, 0.0818797, 0.126079,232, 8, 224, 6, 3.26605, 2.68155, 2.7848, 0.057983, 13.2365
6, 6, 55, 13, 11, 116, 141, 2.10707, 2.90117,232, 152, 80, 82, 3.76572, 3.98663, 4.92644, 0.066334, 17.2302
6, 6, 55, 13, 12, 116, 131, 2.80996, 3.76169,232, 159, 73, 93, 3.77456, 3.81452, 4.58514, 0.066945, 16.7055
6, 6, 55, 14, 1, 86, 72, 0.284561, 0.433192,172, 23, 149, 18, 3.19908, 2.39814, 2.00576, 0.044402, 11.9482
6, 6, 55, 14, 2, 86, 66, 0.305203, 0.450377,172, 30, 142, 20, 3.21212, 2.34398, 1.84861, 0.044131, 11.7954
6, 6, 55, 14, 3, 86, 78, 0.181048, 0.268656,172, 18, 154, 12, 3.37692, 2.6468, 2.14516, 0.043775, 12.6803
6, 6, 55, 14, 4, 86, 85, 0.138683, 0.216025,172, 12, 160, 8, 3.26347, 2.75397, 2.30543, 0.044427, 12.8465
6, 6, 55, 14, 5, 86, 92, 0.0793807, 0.12041,172, 11, 161, 6, 3.31043, 2.8127, 2.47229, 0.04333, 13.1799
6, 6, 55, 14, 6, 86, 85, 0.235715, 0.36791,172, 26, 146, 17, 3.24675, 2.80793, 2.33502, 0.046846, 12.6167
6, 6, 55, 14, 7, 86, 99, 0.139024, 0.231304,172, 14, 158, 11, 3.35364, 2.95138, 2.65682, 0.047789, 13.3656
6, 6, 55, 14, 8, 86, 127, 0.0707402, 0.11256,172, 10, 162, 6, 3.64059, 3.47108, 3.31224, 0.042538, 14.8859
6, 6, 55, 14, 9, 86, 160, 0.0313466, 0.0501426,172, 5, 167, 3, 3.93428, 4.10472, 4.08738, 0.043314, 16.6295
6, 6, 55, 14, 10, 86, 75, 0.180666, 0.267488,172, 17, 155, 12, 3.25934, 2.4673, 2.06778, 0.047072, 12.3076
6, 6, 55, 14, 11, 86, 141, 0.748473, 1.13928,172, 78, 94, 45, 3.74277, 4.04192, 3.66741, 0.050633, 15.9915
6, 6, 55, 14, 12, 86, 131, 0.865771, 1.27327,172, 77, 95, 45, 3.58911, 3.53193, 3.41849, 0.046771, 14.9538
6, 6, 55, 14, 13, 86, 116, 1.73953, 2.37938,172, 113, 59, 67, 3.46192, 3.27398, 3.04574, 0.048314, 14.1762
6, 6, 55, 15, 1, 88, 72, 0.14431, 0.222355,176, 15, 161, 11, 3.63831, 2.42363, 2.05844, 0.043294, 15.2402
6, 6, 55, 15, 2, 88, 66, 0.16457, 0.247028,176, 16, 160, 12, 3.33852, 2.27779, 1.89999, 0.045804, 12.0176
6, 6, 55, 15, 3, 88, 78, 0.364422, 0.528259,176, 27, 149, 19, 3.2865, 2.56696, 2.22186, 0.045188, 12.5663
6, 6, 55, 15, 4, 88, 85, 0.411165, 0.589077,176, 26, 150, 17, 3.28257, 2.66897, 2.37019, 0.044081, 12.8755
6, 6, 55, 15, 5, 88, 92, 0.348232, 0.527787,176, 29, 147, 18, 3.33178, 2.78886, 2.53967, 0.043905, 13.2012
6, 6, 55, 15, 6, 88, 85, 0.105973, 0.168312,176, 11, 165, 9, 3.24402, 2.82074, 2.35964, 0.047472, 12.6479
6, 6, 55, 15, 7, 88, 99, 0.0494182, 0.0964989,176, 7, 169, 5, 3.45282, 2.91184, 2.70913, 0.047427, 13.4231
6, 6, 55, 15, 8, 88, 127, 0.0388142, 0.0650596,176, 5, 171, 4, 3.59951, 3.48287, 3.38629, 0.043079, 14.9159
6, 6, 55, 15, 9, 88, 160, 0.00609756, 0.043267,176, 1, 175, 1, 3.93194, 4.08799, 4.18689, 0.042508, 16.6799
6, 6, 55, 15, 10, 88, 75, 0.449376, 0.652969,176, 31, 145, 18, 3.2371, 2.48315, 2.14186, 0.047923, 12.3351
6, 6, 55, 15, 11, 88, 141, 0.194585, 0.393042,176, 28, 148, 17, 3.62418, 3.90477, 3.75603, 0.049867, 15.7662
6, 6, 55, 15, 12, 88, 131, 0.204757, 0.377363,176, 21, 155, 15, 3.56566, 3.51092, 3.48625, 0.047577, 15.0101
6, 6, 55, 15, 13, 88, 116, 0.714985, 1.04284,176, 66, 110, 40, 3.44753, 3.22363, 3.14236, 0.048535, 14.1491
6, 6, 55, 15, 14, 88, 86, 1.54845, 2.06982,176, 92, 84, 55, 3.43654, 2.71368, 2.40908, 0.050173, 12.9108
5, 6, 55, 1, 1, 235, 72, 0.015794, 0.0267833,470, 3, 467, 2, 3.5637, 2.48798, 5.45054, 0.131331, 16.0282
5, 6, 55, 1, 2, 235, 66, 0.00571429, 0.0145638,470, 1, 469, 1, 3.20742, 2.29337, 4.88685, 0.108071, 14.9376
5, 6, 55, 1, 3, 235, 78, 0, 0,470, 0, 470, 0, 3.30949, 2.55292, 5.6514, 0.103752, 16.1039
5, 6, 55, 1, 4, 235, 85, 0, 0,470, 0, 470, 0, 3.27837, 2.88058, 6.10704, 0.107981, 16.8964
5, 6, 55, 1, 5, 235, 92, 0.0237274, 0.0508551,470, 4, 466, 3, 3.33119, 2.78863, 6.5581, 0.105345, 17.4003
5, 6, 55, 1, 6, 235, 85, 0.0155701, 0.0321405,470, 2, 468, 2, 3.25716, 2.65435, 6.11362, 0.10785, 16.3428
5, 6, 55, 1, 7, 235, 99, 0.0159091, 0.0421143,470, 2, 468, 2, 3.3373, 2.90315, 7.09398, 0.115155, 17.7442
5, 6, 55, 1, 8, 235, 127, 0.00793651, 0.0222999,470, 2, 468, 1, 3.64041, 3.45201, 8.80312, 0.106092, 20.4864
5, 6, 55, 1, 9, 235, 160, 0.021572, 0.035822,470, 3, 467, 2, 3.95169, 4.08608, 11.0172, 0.111512, 23.605
5, 6, 55, 1, 10, 235, 75, 0, 0.00884956,470, 0, 470, 0, 3.306, 2.47841, 5.48169, 0.105361, 15.8899
5, 6, 55, 1, 11, 235, 141, 0.0103093, 0.0273715,470, 2, 468, 1, 3.65841, 3.70148, 9.73123, 0.109478, 21.5983
5, 6, 55, 1, 12, 235, 131, 0.01, 0.0168493,470, 2, 468, 1, 3.68014, 3.56207, 9.0728, 0.105295, 20.889
5, 6, 55, 1, 13, 235, 116, 0, 0,470, 0, 470, 0, 3.42724, 3.55698, 8.13617, 0.104864, 19.5077
5, 6, 55, 1, 14, 235, 86, 0, 0.00900901,470, 0, 470, 0, 3.39056, 2.67938, 6.15714, 0.104814, 16.6301
5, 6, 55, 2, 1, 274, 72, 0.0192899, 0.036166,548, 4, 544, 3, 3.217, 2.40917, 6.13647, 0.124668, 16.1954
5, 6, 55, 2, 2, 274, 66, 0.00574713, 0.0143678,548, 1, 547, 1, 3.2087, 2.3097, 5.72946, 0.125594, 15.7528
5, 6, 55, 2, 3, 274, 78, 0.00653595, 0.0164369,548, 1, 547, 1, 3.31001, 2.7185, 6.61091, 0.136997, 17.3402
5, 6, 55, 2, 4, 274, 85, 0, 0,548, 0, 548, 0, 3.27344, 2.7837, 7.11474, 0.120715, 17.7854
5, 6, 55, 2, 5, 274, 92, 0.0179337, 0.0357963,548, 3, 545, 2, 3.33334, 2.80778, 7.63022, 0.132255, 18.42
5, 6, 55, 2, 6, 274, 85, 0.0150423, 0.0251256,548, 2, 546, 2, 3.37878, 2.75726, 7.15965, 0.122594, 17.6864
5, 6, 55, 2, 7, 274, 99, 0.00793651, 0.0229365,548, 1, 547, 1, 3.33057, 2.93586, 8.2073, 0.12777, 18.9035
5, 6, 55, 2, 8, 274, 127, 0.0263772, 0.0542938,548, 5, 543, 3, 3.6441, 3.53646, 10.2364, 0.124703, 22.0596
5, 6, 55, 2, 9, 274, 160, 0.0203035, 0.0332715,548, 3, 545, 2, 3.93831, 4.08798, 12.7908, 0.128806, 25.4006
5, 6, 55, 2, 10, 274, 75, 0.018524, 0.0404257,548, 3, 545, 3, 3.28372, 2.47093, 6.37147, 0.126217, 16.7367
5, 6, 55, 2, 11, 274, 141, 0.0193183, 0.0320654,548, 3, 545, 2, 3.65517, 3.96463, 11.3112, 0.128526, 23.45
5, 6, 55, 2, 12, 274, 131, 0.01, 0.0270534,548, 2, 546, 1, 3.56226, 3.59006, 10.5733, 0.123541, 22.215
5, 6, 55, 2, 13, 274, 116, 0, 0.0185756,548, 0, 548, 0, 3.45466, 3.29314, 10.5327, 0.123325, 21.7175
5, 6, 55, 2, 14, 274, 86, 0.010101, 0.0170455,548, 2, 546, 1, 4.08731, 2.97288, 7.82174, 0.123391, 19.8468
5, 6, 55, 3, 1, 254, 72, 0.00757576, 0.0202681,508, 1, 507, 1, 3.26893, 2.49523, 5.69857, 0.116577, 15.9034
5, 6, 55, 3, 2, 254, 66, 0.0158824, 0.0309547,508, 3, 505, 2, 3.19186, 2.33885, 5.27884, 0.113521, 15.3537
5, 6, 55, 3, 3, 254, 78, 0, 0,508, 0, 508, 0, 3.40704, 2.57426, 6.09633, 0.112494, 16.734
5, 6, 55, 3, 4, 254, 85, 0, 0,508, 0, 508, 0, 3.27642, 2.80138, 6.65961, 0.113812, 17.3604
5, 6, 55, 3, 5, 254, 92, 0.0108696, 0.0269529,508, 1, 507, 1, 3.38681, 3.42581, 7.447, 0.191058, 19.0669
5, 6, 55, 3, 6, 254, 85, 0.008, 0.0131813,508, 1, 507, 1, 3.2541, 2.66169, 6.59032, 0.115189, 16.8768
5, 6, 55, 3, 7, 254, 99, 0.0078125, 0.0128125,508, 1, 507, 1, 3.33779, 2.93103, 7.69327, 0.119192, 18.3865
5, 6, 55, 3, 8, 254, 127, 0.00510204, 0.0126208,508, 1, 507, 1, 3.74286, 3.65857, 9.55568, 0.117749, 21.6369
5, 6, 55, 3, 9, 254, 160, 0.00877193, 0.022769,508, 1, 507, 1, 4.0076, 4.16224, 11.8003, 0.117333, 24.6856
5, 6, 55, 3, 10, 254, 75, 0.0176109, 0.0380129,508, 3, 505, 2, 3.25945, 2.46968, 5.97351, 0.12059, 16.2762
5, 6, 55, 3, 11, 254, 141, 0, 0,508, 0, 508, 0, 3.71674, 3.77242, 10.496, 0.112439, 22.6386
5, 6, 55, 3, 12, 254, 131, 0, 0,508, 0, 508, 0, 3.56395, 3.53949, 9.77973, 0.111587, 21.3515
5, 6, 55, 3, 13, 254, 116, 0, 0.0102041,508, 0, 508, 0, 3.57982, 3.53966, 8.7981, 0.114899, 20.3083
5, 6, 55, 3, 14, 254, 86, 0.0189255, 0.0310729,508, 3, 505, 2, 3.37754, 2.67251, 6.65532, 0.114954, 17.0849
5, 6, 55, 4, 1, 286, 72, 0.0146522, 0.0401402,572, 3, 569, 2, 3.19899, 2.40173, 6.39508, 0.129868, 16.4143
5, 6, 55, 4, 2, 286, 66, 0.0356084, 0.0720114,572, 5, 567, 4, 3.19801, 2.32051, 5.98583, 0.13863, 16.0163
5, 6, 55, 4, 3, 286, 78, 0.00549451, 0.0334227,572, 1, 571, 1, 3.32414, 2.56533, 6.85408, 0.12832, 17.3909
5, 6, 55, 4, 4, 286, 85, 0.0256722, 0.0488284,572, 4, 568, 3, 3.2812, 2.67033, 7.40665, 0.133365, 17.9604
5, 6, 55, 4, 5, 286, 92, 0.0187558, 0.034827,572, 2, 570, 2, 3.3326, 2.77838, 8.11492, 0.131236, 18.8578
5, 6, 55, 4, 6, 286, 85, 0.00787402, 0.0128991,572, 1, 571, 1, 3.33319, 2.81525, 7.41491, 0.129353, 17.9909
5, 6, 55, 4, 7, 286, 99, 0, 0.0177933,572, 0, 572, 0, 3.33339, 2.91888, 8.5279, 0.128716, 19.1841
5, 6, 55, 4, 8, 286, 127, 0.00505051, 0.0124579,572, 1, 571, 1, 3.69391, 3.4898, 10.7398, 0.128064, 22.5786
5, 6, 55, 4, 9, 286, 160, 0.00934579, 0.0154434,572, 1, 571, 1, 3.92621, 4.10768, 13.2612, 0.13086, 25.8741
5, 6, 55, 4, 10, 286, 75, 0, 0.00909091,572, 0, 572, 0, 3.25068, 2.46003, 6.69978, 0.131577, 17.0049
5, 6, 55, 4, 11, 286, 141, 0.00869565, 0.0147563,572, 1, 571, 1, 3.67419, 3.63894, 11.8135, 0.131968, 23.6395
5, 6, 55, 4, 12, 286, 131, 0.00632911, 0.0156749,572, 1, 571, 1, 3.5678, 3.5212, 10.9806, 0.126983, 22.5733
5, 6, 55, 4, 13, 286, 116, 0.0070922, 0.0175089,572, 1, 571, 1, 3.46446, 3.36401, 9.90972, 0.129693, 21.1299
5, 6, 55, 4, 14, 286, 86, 0, 0,572, 0, 572, 0, 3.39978, 2.695, 7.50295, 0.125896, 17.9394
5, 6, 55, 5, 1, 303, 72, 0.01554, 0.0523255,606, 2, 604, 2, 3.22201, 2.38736, 6.80045, 0.142492, 16.8547
5, 6, 55, 5, 2, 303, 66, 0.00591716, 0.0143917,606, 1, 605, 1, 3.28165, 2.31117, 6.33987, 0.138445, 16.5168
5, 6, 55, 5, 3, 303, 78, 0, 0.00854701,606, 0, 606, 0, 3.37204, 2.69254, 7.25697, 0.134281, 17.961
5, 6, 55, 5, 4, 303, 85, 0.0173752, 0.0345694,606, 3, 603, 2, 3.26367, 2.65899, 7.92061, 0.137769, 18.4796
5, 6, 55, 5, 5, 303, 92, 0.0216135, 0.0438342,606, 4, 602, 2, 3.40185, 2.95592, 8.43809, 0.135004, 19.508
5, 6, 55, 5, 6, 303, 85, 0.0078125, 0.0214332,606, 1, 605, 1, 3.28208, 2.74326, 7.86286, 0.137383, 18.2319
5, 6, 55, 5, 7, 303, 99, 0.00671141, 0.0239389,606, 1, 605, 1, 3.41297, 2.90236, 9.07068, 0.138249, 19.8966
5, 6, 55, 5, 8, 303, 127, 0, 0.0257896,606, 0, 606, 0, 3.60365, 3.4723, 11.3139, 0.134737, 22.9878
5, 6, 55, 5, 9, 303, 160, 0.0060241, 0.0151984,606, 1, 605, 1, 4.0786, 4.41799, 14.15, 0.13863, 27.2645
5, 6, 55, 5, 10, 303, 75, 0, 0.0078125,606, 0, 606, 0, 3.36263, 2.61274, 7.11829, 0.137598, 17.7802
5, 6, 55, 5, 11, 303, 141, 0.0174388, 0.0289662,606, 3, 603, 2, 3.62636, 3.71444, 12.6822, 0.142283, 24.6193
5, 6, 55, 5, 12, 303, 131, 0.0103093, 0.0175035,606, 2, 604, 1, 3.60865, 3.53231, 11.6408, 0.133771, 23.3508
5, 6, 55, 5, 13, 303, 116, 0, 0,606, 0, 606, 0, 3.44504, 3.22212, 10.4438, 0.134458, 21.5304
5, 6, 55, 5, 14, 303, 86, 0, 0,606, 0, 606, 0, 3.37777, 2.96704, 7.9495, 0.141393, 18.6548
5, 6, 55, 6, 1, 197, 72, 0, 0,394, 0, 394, 0, 3.20119, 2.48159, 4.43421, 0.089244, 14.5626
5, 6, 55, 6, 2, 197, 66, 0.0291492, 0.0664387,394, 4, 390, 3, 3.21248, 2.4869, 4.13014, 0.091253, 14.2846
5, 6, 55, 6, 3, 197, 78, 0, 0,394, 0, 394, 0, 3.34557, 2.52267, 4.80786, 0.090331, 15.2768
5, 6, 55, 6, 4, 197, 85, 0.00680272, 0.017441,394, 1, 393, 1, 3.26635, 2.79572, 5.11818, 0.088778, 15.8782
5, 6, 55, 6, 5, 197, 92, 0.0208158, 0.0426633,394, 3, 391, 2, 3.32888, 2.79865, 5.511, 0.091157, 16.2602
5, 6, 55, 6, 6, 197, 85, 0.0192325, 0.0428181,394, 2, 392, 2, 3.31268, 2.69679, 5.14859, 0.093217, 15.5899
5, 6, 55, 6, 7, 197, 99, 0, 0.011236,394, 0, 394, 0, 3.37976, 2.90015, 5.96209, 0.089098, 16.6136
5, 6, 55, 6, 8, 197, 127, 0.0182645, 0.030956,394, 4, 390, 2, 3.60438, 3.45852, 7.39131, 0.088813, 18.9786
5, 6, 55, 6, 9, 197, 160, 0.022984, 0.0382367,394, 3, 391, 2, 4.00223, 4.40794, 9.19042, 0.093472, 22.1376
5, 6, 55, 6, 10, 197, 75, 0.00840336, 0.0133539,394, 1, 393, 1, 3.26302, 2.4756, 4.60566, 0.09466, 14.8848
5, 6, 55, 6, 11, 197, 141, 0.00909091, 0.0152259,394, 2, 392, 1, 3.65071, 3.70627, 8.13182, 0.088328, 19.9949
5, 6, 55, 6, 12, 197, 131, 0.00869565, 0.0216827,394, 1, 393, 1, 3.57894, 3.50663, 7.65648, 0.091819, 19.1943
5, 6, 55, 6, 13, 197, 116, 0, 0,394, 0, 394, 0, 3.44944, 3.30107, 6.79493, 0.088939, 17.9472
5, 6, 55, 6, 14, 197, 86, 0.0149892, 0.0383523,394, 2, 392, 2, 3.39311, 2.67412, 5.22601, 0.09741, 15.636
5, 6, 55, 7, 1, 276, 72, 0, 0.00746269,552, 0, 552, 0, 3.29997, 2.45369, 6.21186, 0.139126, 16.5048
5, 6, 55, 7, 2, 276, 66, 0.00813008, 0.0213503,552, 1, 551, 1, 3.20958, 2.29822, 5.73055, 0.129503, 15.726
5, 6, 55, 7, 3, 276, 78, 0, 0,552, 0, 552, 0, 3.30365, 2.5477, 6.62895, 0.121512, 17.0562
5, 6, 55, 7, 4, 276, 85, 0.0182946, 0.0366287,552, 3, 549, 2, 3.3385, 2.89473, 7.18569, 0.124427, 18.0158
5, 6, 55, 7, 5, 276, 92, 0.0107527, 0.0379994,552, 2, 550, 1, 3.32561, 2.93906, 7.68882, 0.123997, 18.6198
5, 6, 55, 7, 6, 276, 85, 0, 0,552, 0, 552, 0, 3.25284, 2.73092, 7.15249, 0.120735, 17.4455
5, 6, 55, 7, 7, 276, 99, 0.00833333, 0.0139199,552, 2, 550, 1, 3.34273, 2.9214, 8.27365, 0.125991, 18.9481
5, 6, 55, 7, 8, 276, 127, 0, 0.00840336,552, 0, 552, 0, 3.70448, 3.52811, 10.3244, 0.123145, 22.1701
5, 6, 55, 7, 9, 276, 160, 0, 0.00961538,552, 0, 552, 0, 3.94275, 4.31127, 12.9052, 0.12539, 25.7272
5, 6, 55, 7, 10, 276, 75, 0.00591716, 0.0174114,552, 1, 551, 1, 3.35628, 2.48075, 6.40779, 0.123631, 16.9254
5, 6, 55, 7, 11, 276, 141, 0.026548, 0.0439275,552, 4, 548, 3, 3.6498, 3.69723, 11.4253, 0.132002, 23.2973
5, 6, 55, 7, 12, 276, 131, 0.00970874, 0.0251724,552, 2, 550, 1, 3.59537, 3.63552, 10.7007, 0.125249, 22.5508
5, 6, 55, 7, 13, 276, 116, 0, 0,552, 0, 552, 0, 3.55727, 3.52662, 9.52227, 0.122063, 21.0858
5, 6, 55, 7, 14, 276, 86, 0, 0.00900901,552, 0, 552, 0, 3.42767, 2.68805, 7.30237, 0.126998, 17.761
5, 6, 55, 8, 1, 286, 72, 0.00497512, 0.0223734,572, 1, 571, 1, 3.22931, 2.44552, 6.40955, 0.127759, 16.5845
5, 6, 55, 8, 2, 286, 66, 0.0202819, 0.0517254,572, 4, 568, 3, 3.2164, 2.32264, 5.9328, 0.127784, 15.988
5, 6, 55, 8, 3, 286, 78, 0.0187719, 0.0380441,572, 3, 569, 2, 3.31243, 2.56088, 6.8544, 0.127083, 17.3143
5, 6, 55, 8, 4, 286, 85, 0.0232527, 0.0548638,572, 3, 569, 3, 3.40188, 2.64638, 7.43012, 0.136606, 18.1526
5, 6, 55, 8, 5, 286, 92, 0, 0.0285985,572, 0, 572, 0, 3.32825, 2.80892, 7.96376, 0.127588, 18.8076
5, 6, 55, 8, 6, 286, 85, 0.00621118, 0.0327936,572, 1, 571, 1, 3.24886, 2.64884, 7.4079, 0.127298, 17.6334
5, 6, 55, 8, 7, 286, 99, 0.00840336, 0.0140213,572, 2, 570, 1, 3.42592, 3.07222, 8.50716, 0.137756, 19.4651
5, 6, 55, 8, 8, 286, 127, 0.00840336, 0.0228327,572, 1, 571, 1, 3.59882, 3.56678, 10.7217, 0.131822, 22.4784
5, 6, 55, 8, 9, 286, 160, 0, 0,572, 0, 572, 0, 3.9455, 4.10773, 13.2726, 0.12574, 25.8997
5, 6, 55, 8, 10, 286, 75, 0.0234577, 0.045346,572, 4, 568, 3, 3.26995, 2.48519, 6.65797, 0.13347, 17.1134
5, 6, 55, 8, 11, 286, 141, 0.0190545, 0.030966,572, 4, 568, 2, 3.65392, 3.75008, 11.8391, 0.129087, 23.7666
5, 6, 55, 8, 12, 286, 131, 0.0178628, 0.0303269,572, 3, 569, 2, 3.56323, 3.52805, 11.0381, 0.13105, 22.6643
5, 6, 55, 8, 13, 286, 116, 0, 0,572, 0, 572, 0, 3.42945, 3.24815, 9.83909, 0.124988, 20.9139
5, 6, 55, 8, 14, 286, 86, 0, 0,572, 0, 572, 0, 3.36335, 2.81352, 7.50708, 0.126758, 18.051
5, 6, 55, 9, 1, 327, 72, 0.00787402, 0.0270651,654, 1, 653, 1, 3.20509, 2.42399, 7.38936, 0.144917, 17.4589
5, 6, 55, 9, 2, 327, 66, 0.0319588, 0.0744511,654, 5, 649, 4, 3.21433, 2.3112, 6.78993, 0.15392, 16.8363
5, 6, 55, 9, 3, 327, 78, 0.00877193, 0.0222854,654, 1, 653, 1, 3.31495, 2.69687, 7.88547, 0.145774, 18.5121
5, 6, 55, 9, 4, 327, 85, 0.025312, 0.0554952,654, 4, 650, 3, 3.25841, 2.68103, 8.52333, 0.145329, 19.0704
5, 6, 55, 9, 5, 327, 92, 0, 0.0367086,654, 0, 654, 0, 3.37398, 2.82549, 9.10524, 0.144812, 20.0318
5, 6, 55, 9, 6, 327, 85, 0, 0.00813008,654, 0, 654, 0, 3.25431, 2.89189, 8.52038, 0.14587, 19.0059
5, 6, 55, 9, 7, 327, 99, 0.0150219, 0.0296175,654, 3, 651, 2, 3.39526, 2.90687, 9.75844, 0.145289, 20.5586
5, 6, 55, 9, 8, 327, 127, 0.00862069, 0.0141456,654, 1, 653, 1, 3.6247, 3.46951, 12.2205, 0.159325, 23.9086
5, 6, 55, 9, 9, 327, 160, 0, 0,654, 0, 654, 0, 3.93765, 4.28504, 15.1907, 0.155362, 28.0314
5, 6, 55, 9, 10, 327, 75, 0.014362, 0.0544996,654, 3, 651, 2, 3.31474, 2.45994, 7.62772, 0.149201, 18.02
5, 6, 55, 9, 11, 327, 141, 0.0106383, 0.0259854,654, 1, 653, 1, 3.70393, 3.86755, 13.5846, 0.150193, 25.8268
5, 6, 55, 9, 12, 327, 131, 0.0190296, 0.0319673,654, 3, 651, 2, 3.55879, 3.52266, 12.6174, 0.146836, 24.2635
5, 6, 55, 9, 13, 327, 116, 0.00584795, 0.0145436,654, 1, 653, 1, 3.48893, 3.49653, 11.3219, 0.148168, 22.7327
5, 6, 55, 9, 14, 327, 86, 0.00704225, 0.0176806,654, 1, 653, 1, 3.47966, 2.87947, 8.61958, 0.147427, 19.4318
5, 6, 55, 10, 1, 275, 72, 0.010989, 0.0268007,550, 2, 548, 1, 3.19997, 2.41651, 6.1466, 0.123401, 16.1891
5, 6, 55, 10, 2, 275, 66, 0.00558659, 0.0316376,550, 1, 549, 1, 3.1999, 2.32025, 5.72579, 0.124438, 15.7251
5, 6, 55, 10, 3, 275, 78, 0, 0,550, 0, 550, 0, 3.33399, 2.5341, 6.60943, 0.12066, 17.0827
5, 6, 55, 10, 4, 275, 85, 0.00662252, 0.0161463,550, 1, 549, 1, 3.26761, 2.66844, 7.19408, 0.125344, 17.7332
5, 6, 55, 10, 5, 275, 92, 0.0192593, 0.0537288,550, 3, 547, 2, 3.39219, 2.79157, 7.66336, 0.123781, 18.5406
5, 6, 55, 10, 6, 275, 85, 0.0108696, 0.0276724,550, 2, 548, 1, 3.25697, 2.63275, 7.12632, 0.122624, 17.3382
5, 6, 55, 10, 7, 275, 99, 0, 0.017981,550, 0, 550, 0, 3.33581, 2.89622, 8.19706, 0.127258, 18.8518
5, 6, 55, 10, 8, 275, 127, 0.00862069, 0.0316603,550, 1, 549, 1, 3.7276, 3.61211, 10.2734, 0.124843, 22.3091
5, 6, 55, 10, 9, 275, 160, 0.00558659, 0.0311409,550, 1, 549, 1, 3.94622, 4.32714, 12.8216, 0.124768, 25.7006
5, 6, 55, 10, 10, 275, 75, 0.0060241, 0.0149527,550, 1, 549, 1, 3.25148, 2.46178, 6.39365, 0.122229, 16.6849
5, 6, 55, 10, 11, 275, 141, 0.0170866, 0.0323945,550, 2, 548, 2, 3.65127, 3.69506, 11.4073, 0.127468, 23.2937
5, 6, 55, 10, 12, 275, 131, 0.0262321, 0.0484349,550, 4, 546, 3, 3.65253, 3.50424, 10.5845, 0.123997, 22.2347
5, 6, 55, 10, 13, 275, 116, 0, 0,550, 0, 550, 0, 3.44564, 3.22234, 9.46452, 0.121267, 20.535
5, 6, 55, 10, 14, 275, 86, 0, 0.00925926,550, 0, 550, 0, 3.39722, 2.67186, 7.27738, 0.127333, 17.7033
5, 6, 55, 11, 1, 262, 72, 0, 0.018976,524, 0, 524, 0, 3.23033, 2.42293, 5.88865, 0.11772, 16.0777
5, 6, 55, 11, 2, 262, 66, 0.00571429, 0.031967,524, 1, 523, 1, 3.20527, 2.31393, 5.44686, 0.11775, 15.481
5, 6, 55, 11, 3, 262, 78, 0.010101, 0.0167235,524, 2, 522, 1, 3.32912, 2.52297, 6.29913, 0.117329, 16.7637
5, 6, 55, 11, 4, 262, 85, 0.0133157, 0.0330449,524, 2, 522, 2, 3.43882, 2.67497, 6.82232, 0.117914, 17.6212
5, 6, 55, 11, 5, 262, 92, 0, 0,524, 0, 524, 0, 3.33798, 2.77157, 7.36244, 0.115355, 18.1115
5, 6, 55, 11, 6, 262, 85, 0.00980392, 0.0245619,524, 2, 522, 1, 3.27857, 2.65409, 6.79107, 0.116848, 17.0957
5, 6, 55, 11, 7, 262, 99, 0.00775194, 0.0216753,524, 1, 523, 1, 3.33969, 3.1096, 7.83945, 0.121316, 18.7182
5, 6, 55, 11, 8, 262, 127, 0.00537634, 0.021402,524, 1, 523, 1, 3.61884, 3.46988, 9.83478, 0.117103, 21.4877
5, 6, 55, 11, 9, 262, 160, 0.00952381, 0.0161905,524, 2, 522, 1, 3.93963, 4.26791, 12.2183, 0.118331, 24.9994
5, 6, 55, 11, 10, 262, 75, 0.0141837, 0.0466663,524, 2, 522, 2, 3.25695, 2.45698, 6.08877, 0.11827, 16.4097
5, 6, 55, 11, 11, 262, 141, 0.00900901, 0.0149262,524, 2, 522, 1, 3.64005, 3.68568, 10.8574, 0.116558, 22.7215
5, 6, 55, 11, 12, 262, 131, 0, 0,524, 0, 524, 0, 3.66077, 3.7621, 10.1687, 0.118591, 22.143
5, 6, 55, 11, 13, 262, 116, 0, 0,524, 0, 524, 0, 3.42739, 3.31637, 9.02515, 0.116096, 20.2128
5, 6, 55, 11, 14, 262, 86, 0.00826446, 0.0227796,524, 1, 523, 1, 3.373, 2.71578, 6.87263, 0.118787, 17.3235
5, 6, 55, 12, 1, 275, 72, 0.00925926, 0.0156695,550, 1, 549, 1, 3.32721, 2.60671, 6.20267, 0.129232, 16.5876
5, 6, 55, 12, 2, 275, 66, 0.0109555, 0.0475297,550, 2, 548, 2, 3.30934, 2.51915, 5.72489, 0.125761, 16.1324
5, 6, 55, 12, 3, 275, 78, 0, 0,550, 0, 550, 0, 3.29679, 2.54623, 6.66744, 0.120801, 17.135
5, 6, 55, 12, 4, 275, 85, 0, 0,550, 0, 550, 0, 3.32424, 2.62869, 7.13355, 0.121031, 17.8042
5, 6, 55, 12, 5, 275, 92, 0, 0,550, 0, 550, 0, 3.32562, 2.7903, 7.66639, 0.122048, 18.445
5, 6, 55, 12, 6, 275, 85, 0.00990099, 0.016036,550, 1, 549, 1, 3.24113, 2.65004, 7.17435, 0.126822, 17.3806
5, 6, 55, 12, 7, 275, 99, 0.00653595, 0.0255853,550, 1, 549, 1, 3.44769, 2.91024, 8.17651, 0.123069, 19.0594
5, 6, 55, 12, 8, 275, 127, 0, 0,550, 0, 550, 0, 3.60081, 3.46521, 10.2793, 0.120625, 21.8886
5, 6, 55, 12, 9, 275, 160, 0.0217494, 0.0478828,550, 4, 546, 2, 3.93065, 4.10982, 12.8911, 0.127383, 25.5048
5, 6, 55, 12, 10, 275, 75, 0.0105923, 0.0271938,550, 2, 548, 2, 3.36528, 2.52037, 6.4152, 0.123671, 16.9856
5, 6, 55, 12, 11, 275, 141, 0.0102041, 0.0351473,550, 2, 548, 1, 3.64956, 3.71188, 11.3311, 0.122674, 23.2078
5, 6, 55, 12, 12, 275, 131, 0.00970874, 0.0162447,550, 2, 548, 1, 3.65901, 3.79971, 10.5683, 0.122459, 22.5907
5, 6, 55, 12, 13, 275, 116, 0.00892857, 0.0151786,550, 1, 549, 1, 3.43071, 3.24488, 9.44846, 0.12309, 20.5309
5, 6, 55, 12, 14, 275, 86, 0, 0,550, 0, 550, 0, 3.37464, 2.70687, 7.20708, 0.121557, 17.6298
5, 6, 55, 13, 1, 206, 72, 0, 0,412, 0, 412, 0, 3.28487, 2.5426, 4.66054, 0.092049, 14.9373
5, 6, 55, 13, 2, 206, 66, 0, 0.00892857,412, 0, 412, 0, 3.211, 2.29109, 4.28955, 0.09243, 14.3011
5, 6, 55, 13, 3, 206, 78, 0.01564, 0.0395446,412, 2, 410, 2, 3.32801, 2.51827, 4.98518, 0.095055, 15.3982
5, 6, 55, 13, 4, 206, 85, 0, 0.0102041,412, 0, 412, 0, 3.26501, 2.66175, 5.35182, 0.0924, 15.8377
5, 6, 55, 13, 5, 206, 92, 0.0113636, 0.0192377,412, 1, 411, 1, 3.34149, 2.94913, 5.76576, 0.097961, 16.7603
5, 6, 55, 13, 6, 206, 85, 0, 0.00917431,412, 0, 412, 0, 3.24144, 2.64764, 5.35962, 0.092295, 15.6357
5, 6, 55, 13, 7, 206, 99, 0, 0,412, 0, 412, 0, 3.40731, 3.03858, 6.15394, 0.091659, 16.9839
5, 6, 55, 13, 8, 206, 127, 0.011236, 0.0269996,412, 2, 410, 1, 3.76903, 3.63539, 7.78722, 0.094564, 19.8107
5, 6, 55, 13, 9, 206, 160, 0.0390516, 0.0677589,412, 7, 405, 4, 4.01357, 4.0905, 9.58514, 0.093296, 22.2652
5, 6, 55, 13, 10, 206, 75, 0.00877193, 0.0233872,412, 1, 411, 1, 3.29706, 2.6259, 4.82147, 0.097149, 15.3463
5, 6, 55, 13, 11, 206, 141, 0.00917431, 0.0151984,412, 2, 410, 1, 3.66571, 4.01097, 8.60719, 0.094229, 20.7865
5, 6, 55, 13, 12, 206, 131, 0, 0,412, 0, 412, 0, 3.58181, 3.48761, 7.94722, 0.091493, 19.52
5, 6, 55, 13, 13, 206, 116, 0.017371, 0.0382784,412, 4, 408, 2, 3.4585, 3.23984, 7.13137, 0.096387, 18.2687
5, 6, 55, 13, 14, 206, 86, 0.00892857, 0.0148457,412, 1, 411, 1, 3.38663, 2.67425, 5.5358, 0.099409, 15.9392
5, 6, 55, 14, 1, 234, 72, 0, 0,468, 0, 468, 0, 3.31412, 2.619, 5.27136, 0.104418, 15.7175
5, 6, 55, 14, 2, 234, 66, 0.0132006, 0.0358495,468, 2, 466, 2, 3.3068, 2.70267, 4.91695, 0.114378, 15.5473
5, 6, 55, 14, 3, 234, 78, 0, 0.00980392,468, 0, 468, 0, 3.41028, 2.55625, 5.66083, 0.106142, 16.3343
5, 6, 55, 14, 4, 234, 85, 0.00653595, 0.0163399,468, 1, 467, 1, 3.37152, 2.8704, 6.16009, 0.108547, 17.099
5, 6, 55, 14, 5, 234, 92, 0, 0,468, 0, 468, 0, 3.44056, 3.06038, 6.5611, 0.10537, 17.8427
5, 6, 55, 14, 6, 234, 85, 0.019638, 0.0427678,468, 3, 465, 2, 3.3431, 2.87708, 6.11673, 0.111848, 16.7062
5, 6, 55, 14, 7, 234, 99, 0, 0.00990099,468, 0, 468, 0, 3.36581, 3.00144, 6.98407, 0.105701, 17.8266
5, 6, 55, 14, 8, 234, 127, 0.0279504, 0.05138,468, 3, 465, 3, 3.60861, 3.48171, 8.78378, 0.116527, 20.4065
5, 6, 55, 14, 9, 234, 160, 0.0226169, 0.0458866,468, 4, 464, 2, 3.96064, 4.31077, 10.9311, 0.108186, 23.7686
5, 6, 55, 14, 10, 234, 75, 0.0133295, 0.0427811,468, 2, 466, 2, 3.27705, 2.46836, 5.47372, 0.108256, 15.8618
5, 6, 55, 14, 11, 234, 141, 0.00970874, 0.0402885,468, 1, 467, 1, 3.64512, 3.74472, 9.67564, 0.10804, 21.5917
5, 6, 55, 14, 12, 234, 131, 0.00943396, 0.026797,468, 2, 466, 1, 3.55908, 3.60694, 9.07332, 0.108266, 20.7207
5, 6, 55, 14, 13, 234, 116, 0.0181088, 0.048905,468, 3, 465, 2, 3.47922, 3.21961, 8.08702, 0.107916, 19.2949
5, 6, 55, 14, 14, 234, 86, 0.00892857, 0.0250024,468, 1, 467, 1, 3.38688, 2.97494, 6.22547, 0.112825, 16.9526
5, 6, 55, 15, 1, 289, 72, 0.0170112, 0.0518482,578, 3, 575, 2, 3.2267, 2.40001, 6.50534, 0.131622, 16.6104
5, 6, 55, 15, 2, 289, 66, 0.0116377, 0.0458766,578, 2, 576, 2, 3.27851, 2.30173, 5.99789, 0.129583, 16.1007
5, 6, 55, 15, 3, 289, 78, 0, 0,578, 0, 578, 0, 3.40016, 2.61714, 6.99456, 0.12845, 17.6413
5, 6, 55, 15, 4, 289, 85, 0.00990099, 0.0264129,578, 2, 576, 1, 3.29223, 2.81474, 7.48796, 0.12861, 18.2175
5, 6, 55, 15, 5, 289, 92, 0.0102041, 0.0567898,578, 2, 576, 1, 3.34911, 2.84423, 8.07012, 0.129708, 18.9394
5, 6, 55, 15, 6, 289, 85, 0, 0.0189506,578, 0, 578, 0, 3.23882, 2.8419, 7.55435, 0.132042, 18.0587
5, 6, 55, 15, 7, 289, 99, 0.00892857, 0.0142762,578, 2, 576, 1, 3.33679, 3.03561, 8.62147, 0.132528, 19.4676
5, 6, 55, 15, 8, 289, 127, 0.00847458, 0.0139994,578, 2, 576, 1, 3.65004, 3.69364, 10.812, 0.12827, 22.8047
5, 6, 55, 15, 9, 289, 160, 0, 0,578, 0, 578, 0, 3.97057, 4.17496, 13.4762, 0.127033, 26.1952
5, 6, 55, 15, 10, 289, 75, 0.0139248, 0.038504,578, 3, 575, 2, 3.25195, 2.48428, 6.77861, 0.131471, 17.1137
5, 6, 55, 15, 11, 289, 141, 0.0102041, 0.0263016,578, 1, 577, 1, 3.65039, 3.79647, 11.9226, 0.13122, 23.9376
5, 6, 55, 15, 12, 289, 131, 0.0190753, 0.0319372,578, 3, 575, 2, 3.56404, 3.52342, 11.116, 0.130083, 22.71
5, 6, 55, 15, 13, 289, 116, 0, 0,578, 0, 578, 0, 3.44439, 3.34051, 10.0639, 0.128225, 21.2638
5, 6, 55, 15, 14, 289, 86, 0, 0,578, 0, 578, 0, 3.37591, 2.69347, 7.56567, 0.126802, 18.0378
