5, 5, 75, 2, 1, 131, 122, 5.11119, 5.64934,155, 145, 10, 105, 4.02906, 7.13721, 4.68934, 0.075001, 20.415
5, 5, 75, 3, 1, 127, 122, 3.15489, 3.6055,132, 118, 14, 89, 3.65942, 7.1312, 4.39894, 0.043655, 19.6887
5, 5, 75, 3, 2, 127, 131, 4.03188, 4.44168,144, 131, 13, 99, 3.67914, 7.49822, 4.70154, 0.04861, 20.2322
5, 5, 75, 4, 1, 141, 122, 2.50677, 2.9379,126, 113, 13, 84, 3.67948, 7.10932, 4.85364, 0.04368, 20.1116
5, 5, 75, 4, 2, 141, 131, 3.31858, 3.74175,146, 133, 13, 100, 3.65947, 7.50711, 5.20474, 0.046971, 20.7257
5, 5, 75, 4, 3, 141, 127, 4.27515, 4.90164,167, 147, 20, 104, 3.57418, 7.30636, 5.08853, 0.056645, 20.2703
5, 5, 75, 5, 1, 150, 122, 2.49052, 2.92869,130, 117, 13, 86, 3.66857, 7.14287, 5.14888, 0.044848, 20.4619
5, 5, 75, 5, 2, 150, 131, 3.15065, 3.58893,151, 135, 16, 102, 3.70532, 7.50087, 5.52631, 0.048674, 21.2552
5, 5, 75, 5, 3, 150, 127, 3.48752, 4.07625,169, 146, 23, 109, 3.58713, 7.4265, 5.39613, 0.057778, 20.6935
5, 5, 75, 5, 4, 150, 141, 4.99749, 5.65313,187, 166, 21, 120, 3.69058, 8.02476, 5.96006, 0.056375, 22.0897
5, 5, 75, 6, 1, 111, 122, 2.99858, 3.46895,133, 122, 11, 88, 3.66808, 7.06587, 3.85897, 0.040704, 19.0097
5, 5, 75, 6, 2, 111, 131, 2.32408, 2.81634,137, 120, 17, 84, 3.7204, 7.59531, 4.12565, 0.047237, 19.8019
5, 5, 75, 6, 3, 111, 127, 1.80859, 2.29284,120, 105, 15, 72, 3.57798, 7.52665, 4.0182, 0.042814, 19.4718
5, 5, 75, 6, 4, 111, 141, 1.39854, 1.96026,125, 84, 41, 60, 3.60449, 7.98276, 4.4217, 0.045384, 20.3674
5, 5, 75, 6, 5, 111, 150, 0.464525, 1.12314,119, 35, 84, 30, 3.66954, 8.39081, 4.69739, 0.054306, 21.2367
5, 5, 75, 7, 1, 141, 122, 0.349808, 0.529616,60, 34, 26, 27, 3.75376, 7.0489, 4.80971, 0.031526, 20.1463
5, 5, 75, 7, 2, 141, 131, 0.595587, 0.788139,71, 54, 17, 42, 3.66537, 7.53273, 5.15053, 0.034598, 20.6839
5, 5, 75, 7, 3, 141, 127, 0.784165, 1.00206,82, 73, 9, 55, 3.57394, 7.33809, 5.01272, 0.036371, 20.1921
5, 5, 75, 7, 4, 141, 141, 1.13415, 1.57584,119, 107, 12, 70, 3.62328, 8.03054, 5.57817, 0.042743, 21.6791
5, 5, 75, 7, 5, 141, 150, 1.16818, 1.45547,96, 91, 5, 64, 3.65229, 8.40782, 5.90642, 0.036086, 22.3926
5, 5, 75, 7, 6, 141, 111, 0.23159, 0.49695,65, 26, 39, 23, 3.76803, 6.73577, 4.41763, 0.036561, 19.4046
5, 5, 75, 8, 1, 148, 122, 0.695603, 0.892649,70, 55, 15, 44, 3.64851, 7.07621, 5.04627, 0.031356, 20.1743
5, 5, 75, 8, 2, 148, 131, 0.819412, 1.02383,79, 66, 13, 52, 3.67047, 7.50513, 5.4081, 0.034427, 20.9177
5, 5, 75, 8, 3, 148, 127, 0.857858, 1.14832,89, 72, 17, 55, 3.679, 7.47818, 5.29126, 0.03833, 20.8605
5, 5, 75, 8, 4, 148, 141, 1.1972, 1.64399,121, 102, 19, 70, 3.6012, 7.97892, 5.84328, 0.044517, 21.8138
5, 5, 75, 8, 5, 148, 150, 1.26802, 1.5721,102, 89, 13, 70, 3.64926, 8.72755, 6.2147, 0.041887, 23.0619
5, 5, 75, 8, 6, 148, 111, 0.211949, 0.455411,66, 24, 42, 21, 3.67836, 6.52142, 4.63382, 0.035569, 19.2673
5, 5, 75, 8, 7, 148, 141, 5.32379, 5.82849,180, 163, 17, 127, 3.62158, 8.03057, 5.88456, 0.055914, 21.9748
5, 5, 75, 9, 1, 175, 122, 0.881245, 1.15353,89, 75, 14, 56, 3.75511, 7.19775, 5.95652, 0.04107, 21.4394
5, 5, 75, 9, 2, 175, 131, 1.00491, 1.24867,92, 79, 13, 62, 3.74862, 7.65855, 6.38381, 0.039337, 22.2477
5, 5, 75, 9, 3, 175, 127, 1.03902, 1.35407,104, 83, 21, 68, 3.59543, 7.27996, 6.23087, 0.049206, 21.386
5, 5, 75, 9, 4, 175, 141, 1.36161, 1.83284,138, 117, 21, 81, 3.61261, 8.10723, 6.87012, 0.052422, 23.0285
5, 5, 75, 9, 5, 175, 150, 1.35284, 1.70297,123, 101, 22, 80, 3.76793, 8.74904, 7.30383, 0.051826, 24.3468
5, 5, 75, 9, 6, 175, 111, 0.460574, 0.845193,88, 43, 45, 34, 3.73158, 6.80295, 5.43692, 0.047658, 20.5403
5, 5, 75, 9, 7, 175, 141, 4.5933, 5.16691,193, 173, 20, 132, 3.61322, 8.11047, 6.92697, 0.060218, 23.2216
5, 5, 75, 9, 8, 175, 148, 6.09537, 6.74121,208, 179, 29, 140, 3.64937, 8.54659, 7.27734, 0.065483, 23.925
5, 5, 75, 10, 1, 130, 122, 0.836671, 1.036,70, 61, 9, 46, 3.65593, 7.06867, 4.44722, 0.030069, 19.5762
5, 5, 75, 10, 2, 130, 131, 0.914718, 1.08844,70, 62, 8, 49, 3.71243, 7.49669, 4.75026, 0.030088, 20.2965
5, 5, 75, 10, 3, 130, 127, 0.764266, 1.02861,76, 61, 15, 46, 3.58415, 7.55828, 4.65732, 0.034192, 20.0708
5, 5, 75, 10, 4, 130, 141, 0.718628, 1.02863,82, 60, 22, 46, 3.65491, 7.96193, 5.13891, 0.036517, 21.154
5, 5, 75, 10, 5, 130, 150, 0.761956, 1.03764,80, 60, 20, 47, 3.64816, 8.5897, 5.45558, 0.036967, 22.127
5, 5, 75, 10, 6, 130, 111, 0.647828, 0.908982,67, 56, 11, 39, 3.64478, 6.53101, 4.08379, 0.03095, 18.6934
5, 5, 75, 10, 7, 130, 141, 2.17092, 2.49617,120, 106, 14, 85, 3.62373, 7.96243, 5.15243, 0.045303, 21.1675
5, 5, 75, 10, 8, 130, 148, 2.44099, 2.82161,124, 106, 18, 83, 3.75004, 8.43776, 5.39277, 0.044556, 22.1204
5, 5, 75, 10, 9, 130, 175, 3.24369, 3.91351,167, 145, 22, 103, 3.73338, 9.62662, 6.37252, 0.054762, 24.1517
5, 5, 75, 11, 1, 135, 122, 1.13535, 1.39084,94, 75, 19, 61, 3.65669, 7.06655, 4.63583, 0.039152, 19.774
5, 5, 75, 11, 2, 135, 131, 1.04384, 1.30417,92, 71, 21, 58, 3.67778, 7.53962, 4.96548, 0.037699, 20.5607
5, 5, 75, 11, 3, 135, 127, 0.854803, 1.18474,89, 59, 30, 52, 3.5958, 7.51175, 4.83302, 0.039321, 20.2155
5, 5, 75, 11, 4, 135, 141, 0.844955, 1.25792,103, 70, 33, 53, 3.5926, 8.17795, 5.3327, 0.045779, 21.4555
5, 5, 75, 11, 5, 135, 150, 0.782654, 1.05549,89, 63, 26, 48, 3.65726, 8.39549, 5.66129, 0.037343, 22.1498
5, 5, 75, 11, 6, 135, 111, 0.909923, 1.26352,93, 71, 22, 50, 3.73548, 6.60222, 4.24718, 0.037629, 19.0652
5, 5, 75, 11, 7, 135, 141, 1.76976, 2.12376,118, 94, 24, 74, 3.66772, 8.12306, 5.35986, 0.045393, 21.5689
5, 5, 75, 11, 8, 135, 148, 2.05624, 2.53394,135, 106, 29, 78, 3.63161, 8.3745, 5.61885, 0.051841, 22.0738
5, 5, 75, 11, 9, 135, 175, 2.76368, 3.42694,160, 128, 32, 91, 3.72807, 9.64559, 6.61514, 0.057983, 24.4057
5, 5, 75, 11, 10, 135, 130, 3.93709, 4.38433,153, 129, 24, 103, 3.64504, 7.45436, 4.98252, 0.049667, 20.4511
5, 5, 75, 12, 1, 146, 122, 1.09995, 1.39907,101, 80, 21, 62, 3.65555, 7.06942, 4.9925, 0.041982, 20.1369
5, 5, 75, 12, 2, 146, 131, 1.10474, 1.38834,102, 82, 20, 65, 3.66538, 7.53917, 5.35536, 0.044412, 20.9822
5, 5, 75, 12, 3, 146, 127, 0.827154, 1.14013,97, 67, 30, 55, 3.57612, 7.36827, 5.22118, 0.040544, 20.4557
5, 5, 75, 12, 4, 146, 141, 0.816663, 1.15504,103, 70, 33, 56, 3.60201, 7.95982, 5.72401, 0.04614, 21.6497
5, 5, 75, 12, 5, 146, 150, 0.751052, 0.971316,85, 61, 24, 49, 3.7589, 8.73379, 6.09981, 0.044015, 23.1587
5, 5, 75, 12, 6, 146, 111, 1.18832, 1.53909,106, 87, 19, 65, 3.69725, 6.60636, 4.71995, 0.04089, 19.5616
5, 5, 75, 12, 7, 146, 141, 0.71765, 1.22399,122, 50, 72, 38, 3.62123, 7.97264, 5.78249, 0.049707, 21.8207
5, 5, 75, 12, 8, 146, 148, 2.06833, 2.50809,139, 108, 31, 84, 3.66101, 8.55334, 6.06577, 0.050935, 22.7398
5, 5, 75, 12, 9, 146, 175, 2.57983, 3.30047,169, 134, 35, 94, 3.72583, 9.60287, 7.14272, 0.057167, 24.9131
5, 5, 75, 12, 10, 146, 130, 3.33568, 3.84733,161, 135, 26, 103, 3.63652, 7.45277, 5.37181, 0.056455, 20.7993
5, 5, 75, 12, 11, 146, 135, 5.3681, 5.95374,182, 152, 30, 121, 3.83927, 7.70073, 5.57779, 0.057848, 21.657
5, 5, 75, 13, 1, 101, 122, 0.927264, 1.16363,82, 62, 20, 52, 3.66787, 7.06234, 3.4956, 0.032108, 18.6329
5, 5, 75, 13, 2, 101, 131, 0.803452, 1.03477,80, 61, 19, 49, 3.68021, 7.56028, 3.73638, 0.036346, 19.3258
5, 5, 75, 13, 3, 101, 127, 0.668961, 0.898011,73, 54, 19, 46, 3.68679, 7.50977, 3.63824, 0.032122, 19.2074
5, 5, 75, 13, 4, 101, 141, 0.497235, 0.763161,79, 44, 35, 35, 3.66428, 8.1157, 4.01427, 0.035439, 20.1758
5, 5, 75, 13, 5, 101, 150, 0.204388, 0.477616,67, 18, 49, 18, 3.74481, 8.60923, 4.29248, 0.03825, 21.0904
5, 5, 75, 13, 6, 101, 111, 1.02747, 1.4348,97, 70, 27, 52, 3.73618, 6.81192, 3.26487, 0.039817, 18.3997
5, 5, 75, 13, 7, 101, 141, 0.180383, 0.689141,83, 20, 63, 17, 3.62712, 8.0807, 4.02368, 0.040183, 20.2191
5, 5, 75, 13, 8, 101, 148, 0.17973, 0.796161,92, 20, 72, 18, 3.70126, 8.57005, 4.2671, 0.092002, 21.0615
5, 5, 75, 13, 9, 101, 175, 0.301865, 0.94622,99, 31, 68, 21, 3.84118, 9.76593, 4.95347, 0.043951, 23.0785
5, 5, 75, 13, 10, 101, 130, 1.37826, 1.66548,95, 79, 16, 59, 3.64024, 7.66257, 3.72853, 0.034156, 19.345
5, 5, 75, 13, 11, 101, 135, 2.24644, 2.64806,114, 96, 18, 71, 3.77387, 8.04729, 3.86955, 0.042157, 20.1584
5, 5, 75, 13, 12, 101, 146, 2.7094, 3.20767,134, 110, 24, 82, 3.76849, 8.3786, 4.18084, 0.044767, 20.8107
5, 5, 75, 14, 1, 131, 122, 0.951208, 1.21739,87, 67, 20, 53, 3.65498, 7.07374, 4.49945, 0.036536, 19.6402
5, 5, 75, 14, 2, 131, 131, 0.916269, 1.17043,87, 66, 21, 54, 3.77849, 7.90768, 4.86469, 0.039602, 20.9499
5, 5, 75, 14, 3, 131, 127, 0.757128, 1.02247,80, 62, 18, 49, 3.66395, 7.38725, 4.67916, 0.034878, 20.0519
5, 5, 75, 14, 4, 131, 141, 0.744529, 0.985722,85, 62, 23, 52, 3.60893, 7.9593, 5.14865, 0.037483, 21.0635
5, 5, 75, 14, 5, 131, 150, 0.55736, 0.77687,73, 42, 31, 34, 3.64231, 8.75084, 5.48943, 0.03629, 22.3283
5, 5, 75, 14, 6, 131, 111, 1.14995, 1.55216,101, 76, 25, 56, 3.6284, 6.52371, 4.13141, 0.040749, 18.6994
5, 5, 75, 14, 7, 131, 141, 0.168571, 0.779695,97, 17, 80, 16, 3.72334, 7.96762, 5.22734, 0.046932, 21.4043
5, 5, 75, 14, 8, 131, 148, 0.454995, 1.15727,110, 38, 72, 31, 3.75399, 8.58158, 5.43891, 0.048139, 22.317
5, 5, 75, 14, 9, 131, 175, 1.49056, 2.20962,139, 96, 43, 67, 3.77668, 9.93534, 6.3802, 0.054707, 24.5776
5, 5, 75, 14, 10, 131, 130, 2.22251, 2.53678,121, 104, 17, 83, 3.78358, 7.81302, 4.82196, 0.045754, 20.9648
5, 5, 75, 14, 11, 131, 135, 3.25838, 3.71095,151, 127, 24, 101, 3.83675, 8.05192, 5.0382, 0.054321, 21.4807
5, 5, 75, 14, 12, 131, 146, 4.14737, 4.73819,173, 148, 25, 111, 3.94641, 8.65356, 5.38593, 0.05663, 22.6346
5, 5, 75, 14, 13, 131, 101, 3.9334, 4.42443,143, 113, 30, 91, 3.72181, 6.2787, 3.80253, 0.051686, 18.3802
5, 5, 75, 15, 1, 153, 122, 0.997752, 1.25765,88, 73, 15, 55, 3.65365, 7.33755, 5.22461, 0.037127, 20.7005
5, 5, 75, 15, 2, 153, 131, 1.14663, 1.39947,93, 82, 11, 63, 3.68608, 7.49216, 5.59194, 0.037037, 21.1063
5, 5, 75, 15, 3, 153, 127, 1.06081, 1.37458,101, 83, 18, 65, 3.57073, 7.74029, 5.48613, 0.040925, 21.1656
5, 5, 75, 15, 4, 153, 141, 1.18743, 1.64637,122, 103, 19, 71, 3.623, 7.97994, 6.03581, 0.044146, 22.0131
5, 5, 75, 15, 5, 153, 150, 1.20045, 1.52567,105, 84, 21, 67, 3.68392, 8.39115, 6.41618, 0.040745, 22.9298
5, 5, 75, 15, 6, 153, 111, 0.642563, 1.04559,91, 55, 36, 44, 3.70047, 6.82088, 4.79747, 0.042387, 19.7298
5, 5, 75, 15, 7, 153, 141, 3.56354, 3.95809,158, 145, 13, 114, 3.60571, 8.00847, 6.07449, 0.049842, 22.142
5, 5, 75, 15, 8, 153, 148, 4.23868, 4.839,175, 151, 24, 113, 3.63196, 8.59012, 6.39561, 0.0586, 23.0568
5, 5, 75, 15, 9, 153, 175, 5.54553, 6.4126,211, 183, 28, 126, 3.72463, 9.6342, 7.50025, 0.063533, 25.2939
5, 5, 75, 15, 10, 153, 130, 4.18835, 4.60149,156, 135, 21, 110, 3.61782, 7.54081, 5.62667, 0.052748, 21.1307
5, 5, 75, 15, 11, 153, 135, 3.49651, 3.9648,150, 127, 23, 102, 3.71766, 7.86316, 5.83951, 0.052533, 21.8995
5, 5, 75, 15, 12, 153, 146, 2.86414, 3.42138,161, 133, 28, 97, 3.82639, 8.34805, 6.29132, 0.05624, 23.0232
5, 5, 75, 15, 13, 153, 101, 1.04242, 1.52572,105, 62, 43, 51, 3.64935, 6.34626, 4.39347, 0.047969, 18.8982
5, 5, 75, 15, 14, 153, 131, 2.06871, 2.55456,133, 104, 29, 78, 3.81976, 7.66163, 5.68228, 0.049406, 21.6712
6, 6, 75, 2, 1, 42, 37, 1.44924, 1.59861,52, 45, 7, 37, 3.00202, 2.88854, 0.540068, 0.019914, 10.7446
6, 6, 75, 3, 1, 39, 37, 0.756956, 1.00918,57, 37, 20, 26, 2.97463, 2.85593, 0.511747, 0.023195, 10.6281
6, 6, 75, 3, 2, 39, 42, 0.857532, 1.21976,64, 46, 18, 27, 3.00449, 3.12407, 0.574305, 0.024753, 11.1019
6, 6, 75, 4, 1, 39, 37, 0.591155, 0.808825,49, 32, 17, 22, 3.12493, 3.02677, 0.539874, 0.023641, 11.0819
6, 6, 75, 4, 2, 39, 42, 0.646374, 0.971056,56, 38, 18, 21, 2.99525, 3.21198, 0.573458, 0.023796, 11.2194
6, 6, 75, 4, 3, 39, 39, 0.92276, 1.49458,86, 57, 29, 28, 3.02702, 2.97561, 0.562296, 0.03329, 11.1183
6, 6, 75, 5, 1, 43, 37, 0.48124, 0.854579,69, 31, 38, 23, 2.9583, 2.96211, 0.568939, 0.030089, 10.7887
6, 6, 75, 5, 2, 43, 42, 0.556381, 0.960625,68, 46, 22, 24, 3.01237, 3.30836, 0.625655, 0.027679, 11.335
6, 6, 75, 5, 3, 43, 39, 0.774541, 1.50923,105, 65, 40, 30, 3.11918, 3.05787, 0.66165, 0.039307, 11.4099
6, 6, 75, 5, 4, 43, 39, 1.12494, 1.74954,103, 65, 38, 38, 3.09702, 3.19433, 0.637929, 0.038345, 11.436
6, 6, 75, 6, 1, 44, 37, 0.900596, 1.18521,58, 47, 11, 30, 3.00695, 2.95215, 0.564851, 0.021286, 10.8402
6, 6, 75, 6, 2, 44, 42, 0.777947, 1.00589,53, 40, 13, 28, 3.00713, 3.11868, 0.625479, 0.021698, 11.1407
6, 6, 75, 6, 3, 44, 39, 0.439778, 0.739065,53, 26, 27, 18, 3.04535, 3.11201, 0.601449, 0.024553, 11.2241
6, 6, 75, 6, 4, 44, 39, 0.31938, 0.564128,46, 25, 21, 17, 3.06849, 3.20168, 0.581664, 0.022338, 11.4553
6, 6, 75, 6, 5, 44, 43, 0.0750731, 0.524473,53, 12, 41, 7, 3.12677, 3.40136, 0.640603, 0.029157, 11.8375
6, 6, 75, 7, 1, 51, 37, 0.692136, 0.933781,56, 41, 15, 29, 3.10626, 3.02907, 0.637182, 0.023531, 11.1666
6, 6, 75, 7, 2, 51, 42, 0.606861, 0.82596,49, 36, 13, 25, 2.97959, 3.1288, 0.704649, 0.021286, 11.2684
6, 6, 75, 7, 3, 51, 39, 0.250626, 0.606284,51, 23, 28, 11, 3.03666, 2.9555, 0.694243, 0.026546, 11.151
6, 6, 75, 7, 4, 51, 39, 0.0587329, 0.391276,45, 7, 38, 6, 3.04043, 2.9837, 0.667436, 0.026988, 11.2954
6, 6, 75, 7, 5, 51, 43, 0.0993371, 0.63637,60, 18, 42, 10, 2.99382, 3.24214, 0.742339, 0.030138, 11.5897
6, 6, 75, 7, 6, 51, 44, 1.12933, 1.43512,68, 52, 16, 38, 3.02279, 3.34959, 0.759831, 0.028305, 11.394
6, 6, 75, 8, 1, 65, 37, 0.557812, 0.771898,49, 37, 12, 26, 2.97421, 2.87049, 0.784379, 0.022293, 10.9901
6, 6, 75, 8, 2, 65, 42, 0.251195, 0.561653,51, 23, 28, 14, 2.99021, 3.13207, 0.880307, 0.024453, 11.3975
6, 6, 75, 8, 3, 65, 39, 0.0916577, 0.518439,51, 14, 37, 9, 3.02188, 2.97059, 0.82334, 0.027404, 11.3202
6, 6, 75, 8, 4, 65, 39, 0.039854, 0.386961,49, 5, 44, 4, 2.97922, 3.00317, 0.819548, 0.02784, 11.3138
6, 6, 75, 8, 5, 65, 43, 0.0836875, 0.543417,61, 14, 47, 8, 3.07106, 3.40758, 0.898111, 0.032087, 11.9522
6, 6, 75, 8, 6, 65, 44, 0.875525, 1.14045,63, 49, 14, 35, 2.99685, 3.19942, 0.933448, 0.025775, 11.3465
6, 6, 75, 8, 7, 65, 51, 1.36246, 1.7061,81, 73, 8, 50, 3.03616, 3.5572, 1.07278, 0.028876, 11.9616
6, 6, 75, 9, 1, 94, 37, 0.106583, 0.356117,44, 9, 35, 9, 2.9904, 2.88008, 1.08642, 0.026342, 11.2573
6, 6, 75, 9, 2, 94, 42, 0.0525227, 0.357812,48, 5, 43, 5, 2.99636, 3.24892, 1.20838, 0.029538, 11.8121
6, 6, 75, 9, 3, 94, 39, 0.0364911, 0.316972,38, 4, 34, 4, 3.0498, 2.96142, 1.12912, 0.025675, 11.6613
6, 6, 75, 9, 4, 94, 39, 0.0936662, 0.326522,40, 10, 30, 10, 2.97836, 2.98026, 1.13586, 0.025249, 11.5893
6, 6, 75, 9, 5, 94, 43, 0.109507, 0.510472,54, 15, 39, 11, 3.07072, 3.35523, 1.23644, 0.033285, 12.2611
6, 6, 75, 9, 6, 94, 44, 0.691962, 0.884265,60, 45, 15, 35, 2.99362, 3.29871, 1.27252, 0.027699, 11.7775
6, 6, 75, 9, 7, 94, 51, 1.11726, 1.34308,72, 65, 7, 47, 3.04284, 3.55475, 1.46078, 0.02789, 12.3753
6, 6, 75, 9, 8, 94, 65, 1.89593, 2.34393,104, 96, 8, 60, 3.16839, 4.25974, 1.82366, 0.03339, 13.6883
6, 6, 75, 10, 1, 37, 37, 0.645201, 0.873586,49, 32, 17, 22, 2.97558, 2.98503, 0.489394, 0.022684, 10.7384
6, 6, 75, 10, 2, 37, 42, 0.753488, 1.13921,62, 41, 21, 22, 3.04012, 3.12279, 0.550047, 0.024889, 11.1669
6, 6, 75, 10, 3, 37, 39, 1.47669, 2.10715,94, 60, 34, 33, 3.02146, 2.93818, 0.545719, 0.033605, 10.9816
6, 6, 75, 10, 4, 37, 39, 1.19507, 1.61718,73, 46, 27, 31, 2.97822, 3.00003, 0.529147, 0.028435, 11.0023
6, 6, 75, 10, 5, 37, 43, 0.902739, 1.59176,100, 56, 44, 28, 2.99356, 3.17078, 0.589164, 0.037563, 11.2718
6, 6, 75, 10, 6, 37, 44, 0.407724, 0.623801,46, 27, 19, 19, 3.00583, 3.37476, 0.567917, 0.022178, 11.1372
6, 6, 75, 10, 7, 37, 51, 0.154127, 0.469343,42, 15, 27, 9, 3.04472, 3.5572, 0.626852, 0.023165, 11.6359
6, 6, 75, 10, 8, 37, 65, 0.0615353, 0.354518,38, 8, 30, 6, 3.18156, 4.26572, 0.763133, 0.022224, 12.6605
6, 6, 75, 10, 9, 37, 94, 0.0783307, 0.338163,37, 11, 26, 8, 3.40885, 5.7097, 1.08286, 0.023631, 14.6952
6, 6, 75, 11, 1, 84, 37, 0.234351, 0.390033,44, 31, 13, 21, 3.14467, 3.05068, 0.967355, 0.023576, 11.5665
6, 6, 75, 11, 2, 84, 42, 0.146293, 0.256378,31, 20, 11, 13, 3.07119, 3.21406, 1.07902, 0.021001, 11.7253
6, 6, 75, 11, 3, 84, 39, 0.0470118, 0.208095,37, 7, 30, 5, 3.12323, 3.24009, 1.01576, 0.024859, 11.9985
6, 6, 75, 11, 4, 84, 39, 0.0190536, 0.146336,33, 2, 31, 2, 3.03961, 3.11678, 1.03727, 0.026351, 11.7908
6, 6, 75, 11, 5, 84, 43, 0.0591318, 0.472111,65, 10, 55, 6, 3.12618, 3.28878, 1.13157, 0.037047, 12.1661
6, 6, 75, 11, 6, 84, 44, 0.285217, 0.555596,58, 41, 17, 25, 3.12096, 3.36813, 1.16515, 0.046403, 11.9846
6, 6, 75, 11, 7, 84, 51, 0.341133, 0.52367,52, 41, 11, 28, 3.14423, 3.70962, 1.29989, 0.026276, 12.5402
6, 6, 75, 11, 8, 84, 65, 0.468155, 0.795876,76, 65, 11, 38, 3.3401, 4.48762, 1.62159, 0.029127, 13.9922
6, 6, 75, 11, 9, 84, 94, 0.481218, 0.854615,81, 67, 14, 39, 3.50192, 5.90535, 2.32925, 0.034517, 16.3438
6, 6, 75, 11, 10, 84, 37, 0.00970874, 0.120409,33, 1, 32, 1, 3.18066, 2.82783, 0.968668, 0.022679, 11.548
6, 6, 75, 12, 1, 79, 37, 0.214263, 0.360762,40, 28, 12, 19, 3.01282, 3.01743, 0.918465, 0.021692, 11.238
6, 6, 75, 12, 2, 79, 42, 0.131747, 0.217583,29, 19, 10, 11, 3.00648, 3.1119, 1.02529, 0.015776, 11.5625
6, 6, 75, 12, 3, 79, 39, 0.0750578, 0.213364,31, 9, 22, 7, 3.02641, 2.97136, 0.969719, 0.020901, 11.455
6, 6, 75, 12, 4, 79, 39, 0.010101, 0.152795,35, 1, 34, 1, 3.03551, 3.01808, 0.987291, 0.023852, 11.5392
6, 6, 75, 12, 5, 79, 43, 0.0487311, 0.462359,64, 8, 56, 5, 3.12503, 3.26134, 1.08875, 0.035915, 12.0999
6, 6, 75, 12, 6, 79, 44, 0.266378, 0.436615,47, 35, 12, 23, 3.10218, 3.29928, 1.08563, 0.023646, 11.8112
6, 6, 75, 12, 7, 79, 51, 0.375731, 0.523815,52, 42, 10, 32, 3.14546, 3.70789, 1.23703, 0.025239, 12.4883
6, 6, 75, 12, 8, 79, 65, 0.414215, 0.722972,71, 60, 11, 33, 3.28608, 4.46229, 1.53925, 0.029503, 13.8191
6, 6, 75, 12, 9, 79, 94, 0.418984, 0.786001,78, 64, 14, 34, 3.50612, 6.01409, 2.1689, 0.03354, 16.2561
6, 6, 75, 12, 10, 79, 37, 0.0191327, 0.120846,30, 2, 28, 2, 2.98497, 2.87674, 0.947074, 0.023822, 11.3304
6, 6, 75, 12, 11, 79, 84, 3.03672, 4.09075,168, 146, 22, 72, 3.28447, 5.15448, 2.01467, 0.051034, 14.9564
6, 6, 75, 13, 1, 62, 37, 0.263057, 0.458285,52, 32, 20, 22, 2.96175, 2.8723, 0.752878, 0.024027, 10.8883
6, 6, 75, 13, 2, 62, 42, 0.183356, 0.331649,37, 22, 15, 15, 3.02002, 3.19911, 0.823665, 0.020816, 11.4083
6, 6, 75, 13, 3, 62, 39, 0.127884, 0.358872,43, 21, 22, 11, 3.03366, 2.95526, 0.781408, 0.022244, 11.272
6, 6, 75, 13, 4, 62, 39, 0.09684, 0.264379,39, 9, 30, 9, 2.96684, 3.13878, 0.782916, 0.023932, 11.3998
6, 6, 75, 13, 5, 62, 43, 0.0717163, 0.442942,57, 9, 48, 7, 3.13634, 3.35294, 0.855403, 0.031261, 11.9688
6, 6, 75, 13, 6, 62, 44, 0.279264, 0.492642,53, 37, 16, 23, 3.02075, 3.19243, 0.883885, 0.022909, 11.3844
6, 6, 75, 13, 7, 62, 51, 0.379159, 0.525706,47, 39, 8, 27, 3.03639, 3.58649, 0.981558, 0.020355, 11.8887
6, 6, 75, 13, 8, 62, 65, 0.437952, 0.747754,68, 63, 5, 34, 3.1517, 4.24598, 1.22725, 0.024198, 13.0615
6, 6, 75, 13, 9, 62, 94, 0.357846, 0.644961,62, 52, 10, 28, 3.40169, 5.88984, 1.70695, 0.026672, 15.463
6, 6, 75, 13, 10, 62, 37, 0.122933, 0.297817,36, 16, 20, 11, 3.02264, 2.8823, 0.743139, 0.021182, 11.2275
6, 6, 75, 13, 11, 62, 84, 1.70077, 2.5121,124, 111, 13, 51, 3.26336, 5.17564, 1.58466, 0.037914, 14.4294
6, 6, 75, 13, 12, 62, 79, 1.93428, 2.75662,128, 111, 17, 53, 3.19926, 4.92696, 1.51589, 0.039061, 14.0174
6, 6, 75, 14, 1, 54, 37, 0.302991, 0.467524,50, 32, 18, 23, 2.97794, 2.92727, 0.664731, 0.021341, 10.8763
6, 6, 75, 14, 2, 54, 42, 0.242531, 0.359159,37, 25, 12, 19, 3.10099, 3.28652, 0.745727, 0.018737, 11.5701
6, 6, 75, 14, 3, 54, 39, 0.178463, 0.393085,47, 20, 27, 15, 3.03814, 2.98273, 0.698657, 0.023867, 11.205
6, 6, 75, 14, 4, 54, 39, 0.163688, 0.339836,41, 19, 22, 13, 2.98469, 2.96633, 0.701083, 0.020741, 11.1181
6, 6, 75, 14, 5, 54, 43, 0.167049, 0.524132,60, 25, 35, 14, 2.99246, 3.16951, 0.767511, 0.028105, 11.4517
6, 6, 75, 14, 6, 54, 44, 0.30847, 0.590204,57, 36, 21, 23, 2.99667, 3.18382, 0.789103, 0.025114, 11.1762
6, 6, 75, 14, 7, 54, 51, 0.404133, 0.593557,45, 31, 14, 21, 3.16132, 3.66716, 0.867135, 0.02288, 12.1057
6, 6, 75, 14, 8, 54, 65, 0.30789, 0.582847,60, 43, 17, 24, 3.15223, 4.29651, 1.08237, 0.024849, 13.0611
6, 6, 75, 14, 9, 54, 94, 0.267458, 0.554774,58, 33, 25, 21, 3.46954, 5.74865, 1.50423, 0.029397, 15.18
6, 6, 75, 14, 10, 54, 37, 0.155899, 0.311114,41, 18, 23, 13, 3.03021, 2.88188, 0.661535, 0.021166, 11.1176
6, 6, 75, 14, 11, 54, 84, 0.997273, 1.75954,110, 85, 25, 38, 3.25491, 5.18483, 1.40203, 0.036751, 14.2522
6, 6, 75, 14, 12, 54, 79, 1.11424, 1.7863,105, 81, 24, 39, 3.20744, 5.07925, 1.31453, 0.035639, 14.0887
6, 6, 75, 14, 13, 54, 62, 1.3095, 2.01424,114, 97, 17, 44, 3.20303, 4.34117, 1.08368, 0.037353, 12.9806
6, 6, 75, 15, 1, 43, 37, 0.279357, 0.567814,57, 29, 28, 21, 2.99911, 2.84573, 0.56717, 0.027248, 10.788
6, 6, 75, 15, 2, 43, 42, 0.24814, 0.472777,48, 29, 19, 19, 2.99102, 3.1037, 0.621316, 0.022333, 11.094
6, 6, 75, 15, 3, 43, 39, 0.322389, 0.713993,64, 39, 25, 21, 3.02877, 2.96852, 0.588593, 0.026046, 11.0717
6, 6, 75, 15, 4, 43, 39, 0.346655, 0.664642,55, 39, 16, 21, 3.0746, 3.13291, 0.598087, 0.026206, 11.368
6, 6, 75, 15, 5, 43, 43, 0.310498, 0.852039,78, 48, 30, 20, 3.09413, 3.32175, 0.648439, 0.031832, 11.7157
6, 6, 75, 15, 6, 43, 44, 0.242527, 0.439677,46, 24, 22, 18, 3.08504, 3.37072, 0.632278, 0.022198, 11.3888
6, 6, 75, 15, 7, 43, 51, 0.208309, 0.435951,43, 26, 17, 15, 3.0379, 3.5321, 0.713711, 0.020099, 11.5923
6, 6, 75, 15, 8, 43, 65, 0.165696, 0.378167,45, 20, 25, 14, 3.15514, 4.24491, 0.873939, 0.021943, 12.7083
6, 6, 75, 15, 9, 43, 94, 0.114506, 0.313909,45, 15, 30, 12, 3.4161, 5.67181, 1.22726, 0.025569, 14.7641
6, 6, 75, 15, 10, 43, 37, 0.33588, 0.643853,55, 33, 22, 20, 2.99893, 2.85459, 0.561049, 0.024027, 10.9672
6, 6, 75, 15, 11, 43, 84, 0.347946, 0.806673,61, 40, 21, 16, 3.2666, 5.18823, 1.10843, 0.025008, 13.944
6, 6, 75, 15, 12, 43, 79, 0.495051, 0.948158,66, 43, 23, 18, 3.1991, 5.13676, 1.0508, 0.027649, 13.7601
6, 6, 75, 15, 13, 43, 62, 0.748361, 1.22412,78, 60, 18, 30, 3.11069, 4.14328, 0.878457, 0.028811, 12.4587
6, 6, 75, 15, 14, 43, 54, 1.18446, 1.7046,83, 60, 23, 33, 3.10548, 3.68881, 0.771449, 0.030519, 11.8007
5, 6, 75, 1, 1, 122, 37, 0.0377096, 0.0561903,11, 4, 7, 4, 3.30551, 2.9413, 1.44002, 0.038089, 12.1207
5, 6, 75, 1, 2, 122, 42, 0.0383678, 0.0660469,15, 5, 10, 4, 2.99767, 3.12312, 1.5212, 0.016758, 12.0648
5, 6, 75, 1, 3, 122, 39, 0.0463707, 0.128323,19, 8, 11, 5, 3.08282, 2.94924, 1.41781, 0.018306, 11.9225
5, 6, 75, 1, 4, 122, 39, 0.0916994, 0.128368,18, 10, 8, 10, 2.98336, 2.98231, 1.41437, 0.018632, 11.8797
5, 6, 75, 1, 5, 122, 43, 0.048766, 0.0772826,17, 5, 12, 5, 2.9858, 3.1642, 1.54465, 0.017494, 12.274
5, 6, 75, 1, 6, 122, 44, 0.0287093, 0.0586902,15, 4, 11, 3, 2.99556, 3.30132, 1.63093, 0.017659, 12.1549
5, 6, 75, 1, 7, 122, 51, 0.0397331, 0.048824,14, 4, 10, 4, 3.05411, 3.57914, 1.81807, 0.01544, 12.8121
5, 6, 75, 1, 8, 122, 65, 0.0376255, 0.0376255,10, 4, 6, 4, 3.22001, 4.45349, 2.25954, 0.014348, 14.3792
5, 6, 75, 1, 9, 122, 94, 0.0394223, 0.0482718,9, 5, 4, 4, 3.41689, 5.78496, 3.3223, 0.016212, 17.0821
5, 6, 75, 1, 10, 122, 37, 0.0467996, 0.102511,14, 7, 7, 5, 3.14337, 3.01298, 1.35884, 0.016893, 12.0901
5, 6, 75, 1, 11, 122, 84, 0.0553196, 0.0761218,19, 6, 13, 6, 3.36155, 5.25903, 2.88426, 0.020289, 15.9992
5, 6, 75, 1, 12, 122, 79, 0.0832396, 0.101021,18, 10, 8, 9, 3.19682, 4.93624, 2.73194, 0.015721, 15.2272
5, 6, 75, 1, 13, 122, 62, 0.105114, 0.116103,16, 11, 5, 11, 3.11048, 4.09754, 2.16034, 0.015916, 13.6403
5, 6, 75, 1, 14, 122, 54, 0.0372447, 0.0471457,16, 4, 12, 4, 3.18842, 3.72626, 1.90546, 0.017705, 13.1796
5, 6, 75, 2, 1, 131, 37, 0.0376669, 0.0746476,12, 6, 6, 4, 2.96614, 2.96122, 1.44578, 0.016192, 11.7002
5, 6, 75, 2, 2, 131, 42, 0.056751, 0.0939737,15, 8, 7, 6, 3.00084, 3.1161, 1.63311, 0.016933, 12.1876
5, 6, 75, 2, 3, 131, 39, 0.0573951, 0.151482,21, 8, 13, 6, 3.12968, 2.94714, 1.57509, 0.021962, 12.1514
5, 6, 75, 2, 4, 131, 39, 0.048792, 0.114056,16, 7, 9, 5, 3.00543, 3.00269, 1.52298, 0.017193, 12.1533
5, 6, 75, 2, 5, 131, 43, 0.0604382, 0.136011,20, 7, 13, 6, 3.05516, 3.29635, 1.70937, 0.019653, 12.6129
5, 6, 75, 2, 6, 131, 44, 0.0466422, 0.0855742,13, 6, 7, 5, 3.01105, 3.20489, 1.68996, 0.016983, 12.1999
5, 6, 75, 2, 7, 131, 51, 0.0471474, 0.0673494,13, 5, 8, 5, 3.13278, 3.71679, 1.9419, 0.018556, 13.2152
5, 6, 75, 2, 8, 131, 65, 0.0658314, 0.0746809,13, 8, 5, 7, 3.20224, 4.45014, 2.47126, 0.016152, 14.7151
5, 6, 75, 2, 9, 131, 94, 0.0383699, 0.0383699,8, 4, 4, 4, 3.52523, 5.92307, 3.49671, 0.014684, 17.4967
5, 6, 75, 2, 10, 131, 37, 0.0581104, 0.142364,20, 10, 10, 6, 3.01196, 2.87154, 1.45989, 0.020274, 11.8895
5, 6, 75, 2, 11, 131, 84, 0.0465695, 0.0574391,14, 5, 9, 5, 3.31273, 5.3412, 3.10888, 0.018, 16.2208
5, 6, 75, 2, 12, 131, 79, 0.0566099, 0.0755047,14, 7, 7, 6, 3.24921, 5.04245, 2.92566, 0.017995, 15.5992
5, 6, 75, 2, 13, 131, 62, 0.0869308, 0.105114,16, 10, 6, 9, 3.22715, 4.26995, 2.32246, 0.01774, 14.1874
5, 6, 75, 2, 14, 131, 54, 0.0373866, 0.0659625,15, 4, 11, 4, 3.07779, 3.85707, 2.09389, 0.018291, 13.3451
5, 6, 75, 3, 1, 127, 37, 0.0451419, 0.0631614,11, 5, 6, 5, 2.97671, 2.86156, 1.39716, 0.016502, 11.5969
5, 6, 75, 3, 2, 127, 42, 0.0544816, 0.108763,16, 6, 10, 6, 2.99911, 3.14658, 1.56856, 0.018857, 12.0973
5, 6, 75, 3, 3, 127, 39, 0.0494915, 0.123718,19, 8, 11, 5, 3.04196, 2.96667, 1.48072, 0.018221, 12.0458
5, 6, 75, 3, 4, 127, 39, 0.0665287, 0.075788,10, 8, 2, 7, 2.97774, 2.97764, 1.46088, 0.013762, 11.8908
5, 6, 75, 3, 5, 127, 43, 0.0513259, 0.108995,18, 6, 12, 5, 2.98412, 3.17745, 1.60329, 0.018667, 12.3115
5, 6, 75, 3, 6, 127, 44, 0.0368523, 0.0368523,14, 4, 10, 4, 2.98102, 3.22043, 1.63086, 0.018556, 12.0509
5, 6, 75, 3, 7, 127, 51, 0.0278906, 0.0468483,13, 4, 9, 3, 3.05522, 3.55397, 1.87434, 0.016337, 12.8607
5, 6, 75, 3, 8, 127, 65, 0.0372653, 0.0562265,12, 5, 7, 4, 3.16261, 4.26313, 2.34966, 0.015686, 14.2119
5, 6, 75, 3, 9, 127, 94, 0.0282469, 0.0370188,7, 4, 3, 3, 3.45902, 5.89046, 3.35432, 0.014233, 17.152
5, 6, 75, 3, 10, 127, 37, 0.0195164, 0.0384264,9, 3, 6, 2, 3.06925, 3.07204, 1.39435, 0.016292, 12.0789
5, 6, 75, 3, 11, 127, 84, 0.0556305, 0.115289,20, 6, 14, 6, 3.37463, 5.29525, 3.00199, 0.021487, 16.1971
5, 6, 75, 3, 12, 127, 79, 0.0565709, 0.105412,18, 7, 11, 6, 3.19459, 4.98259, 2.84759, 0.020876, 15.3931
5, 6, 75, 3, 13, 127, 62, 0.0673593, 0.0944814,20, 8, 12, 7, 3.19995, 4.32421, 2.2487, 0.021417, 14.1526
5, 6, 75, 3, 14, 127, 54, 0.0283542, 0.0481978,14, 3, 11, 3, 3.19883, 3.97534, 1.99687, 0.018932, 13.5156
5, 6, 75, 4, 1, 141, 37, 0.0548729, 0.111173,19, 6, 13, 6, 2.98226, 2.86621, 1.57239, 0.023, 11.7216
5, 6, 75, 4, 2, 141, 42, 0.0474563, 0.105818,18, 5, 13, 5, 3.05363, 3.22093, 1.74994, 0.021747, 12.5053
5, 6, 75, 4, 3, 141, 39, 0.0385084, 0.156775,26, 5, 21, 4, 3.0344, 3.42925, 1.62075, 0.025154, 12.6138
5, 6, 75, 4, 4, 141, 39, 0.0659658, 0.15093,21, 7, 14, 7, 3.11969, 3.14347, 1.61563, 0.021818, 12.4767
5, 6, 75, 4, 5, 141, 43, 0.0597301, 0.222012,34, 7, 27, 6, 3.04149, 3.35124, 1.78004, 0.027218, 12.789
5, 6, 75, 4, 6, 141, 44, 0.039452, 0.0578253,17, 5, 12, 4, 3.04079, 3.30739, 1.82571, 0.02012, 12.4992
5, 6, 75, 4, 7, 141, 51, 0.0582765, 0.0972728,18, 6, 12, 6, 3.09372, 3.57434, 2.0903, 0.020104, 13.1462
5, 6, 75, 4, 8, 141, 65, 0.0447407, 0.0447407,13, 5, 8, 5, 3.26094, 4.50939, 2.61511, 0.016397, 14.8672
5, 6, 75, 4, 9, 141, 94, 0.0553564, 0.14671,20, 8, 12, 6, 3.46124, 5.73469, 3.72074, 0.020775, 17.4967
5, 6, 75, 4, 10, 141, 37, 0.0379046, 0.132036,24, 6, 18, 4, 3.09194, 2.8925, 1.55176, 0.024538, 12.099
5, 6, 75, 4, 11, 141, 84, 0.0386373, 0.0663548,12, 5, 7, 4, 3.51795, 5.49326, 3.32718, 0.01814, 16.9455
5, 6, 75, 4, 12, 141, 79, 0.0561922, 0.0743011,12, 7, 5, 6, 3.24637, 5.09656, 3.14318, 0.017715, 15.9382
5, 6, 75, 4, 13, 141, 62, 0.0489691, 0.0857849,22, 6, 16, 5, 3.20251, 4.20995, 2.48539, 0.021698, 14.2711
5, 6, 75, 4, 14, 141, 54, 0.0369398, 0.0369398,11, 4, 7, 4, 3.1215, 3.85278, 2.1944, 0.017679, 13.543
5, 6, 75, 5, 1, 150, 37, 0.0180239, 0.0728349,16, 3, 13, 2, 3.07598, 3.0369, 1.65877, 0.020335, 12.1842
5, 6, 75, 5, 2, 150, 42, 0.046029, 0.0920056,17, 5, 12, 5, 3.13068, 3.16662, 1.87093, 0.020645, 12.6523
5, 6, 75, 5, 3, 150, 39, 0.0477172, 0.170862,25, 6, 19, 5, 3.09704, 3.12509, 1.72472, 0.02315, 12.5531
5, 6, 75, 5, 4, 150, 39, 0.0391298, 0.0857581,16, 4, 12, 4, 3.18309, 3.11042, 1.71587, 0.019913, 12.6971
5, 6, 75, 5, 5, 150, 43, 0.0421709, 0.109783,21, 6, 15, 4, 3.1645, 3.2311, 1.93944, 0.022887, 13.1216
5, 6, 75, 5, 6, 150, 44, 0.0568477, 0.0951039,19, 7, 12, 6, 3.13115, 3.43373, 1.926, 0.019728, 12.8908
5, 6, 75, 5, 7, 150, 51, 0.0456546, 0.103798,20, 7, 13, 5, 3.16183, 3.69767, 2.21353, 0.021577, 13.5505
5, 6, 75, 5, 8, 150, 65, 0.00877193, 0.0272526,10, 2, 8, 1, 3.17955, 4.24007, 2.77313, 0.01792, 14.671
5, 6, 75, 5, 9, 150, 94, 0.04465, 0.133926,17, 7, 10, 5, 3.4211, 5.77534, 3.93911, 0.021837, 17.6271
5, 6, 75, 5, 10, 150, 37, 0.0380904, 0.114653,20, 5, 15, 4, 3.08675, 3.12901, 1.6513, 0.024883, 12.5238
5, 6, 75, 5, 11, 150, 84, 0.102597, 0.130038,18, 11, 7, 11, 3.33441, 5.37715, 3.54698, 0.022158, 16.7696
5, 6, 75, 5, 12, 150, 79, 0.0865913, 0.0963952,15, 9, 6, 9, 3.2641, 5.15145, 3.34079, 0.02061, 16.2313
5, 6, 75, 5, 13, 150, 62, 0.0681054, 0.113562,20, 8, 12, 7, 3.18904, 4.17549, 2.67098, 0.022589, 14.4373
5, 6, 75, 5, 14, 150, 54, 0.0377901, 0.047594,16, 4, 12, 4, 3.22819, 3.80114, 2.32763, 0.023606, 13.6955
5, 6, 75, 6, 1, 111, 37, 0.0466153, 0.0751038,11, 5, 6, 5, 3.06816, 3.03054, 1.24246, 0.016548, 11.7922
5, 6, 75, 6, 2, 111, 42, 0.0576082, 0.0774102,13, 6, 7, 6, 3.14653, 3.31347, 1.3889, 0.018071, 12.3751
5, 6, 75, 6, 3, 111, 39, 0.0582571, 0.17439,27, 11, 16, 6, 3.16474, 3.03659, 1.30782, 0.023856, 12.0849
5, 6, 75, 6, 4, 111, 39, 0.0752843, 0.131102,18, 11, 7, 8, 3.0595, 3.06879, 1.30097, 0.017875, 12.0569
5, 6, 75, 6, 5, 111, 43, 0.0563354, 0.16915,24, 11, 13, 6, 3.04969, 3.42622, 1.41135, 0.020605, 12.5654
5, 6, 75, 6, 6, 111, 44, 0.0271206, 0.0572199,13, 3, 10, 3, 3.1018, 3.39968, 1.43757, 0.016608, 12.2402
5, 6, 75, 6, 7, 111, 51, 0.0277502, 0.0464565,9, 3, 6, 3, 3.15491, 3.83075, 1.65351, 0.019473, 13.0708
5, 6, 75, 6, 8, 111, 65, 0, 0,6, 0, 6, 0, 3.26686, 4.38639, 2.11842, 0.013572, 14.4086
5, 6, 75, 6, 9, 111, 94, 0.00877193, 0.00877193,7, 1, 6, 1, 3.49049, 5.99537, 2.95841, 0.014654, 17.0337
5, 6, 75, 6, 10, 111, 37, 0.0579608, 0.131364,21, 10, 11, 6, 3.12888, 3.06133, 1.23399, 0.019488, 11.9827
5, 6, 75, 6, 11, 111, 84, 0.0369025, 0.0550904,16, 4, 12, 4, 3.39064, 5.382, 2.7015, 0.019317, 16.0542
5, 6, 75, 6, 12, 111, 79, 0.0564475, 0.0657068,14, 7, 7, 6, 3.341, 5.20949, 2.50044, 0.016918, 15.5311
5, 6, 75, 6, 13, 111, 62, 0.0569459, 0.0851557,16, 7, 9, 6, 3.25309, 4.35411, 1.97149, 0.017454, 13.9844
5, 6, 75, 6, 14, 111, 54, 0.0825113, 0.109748,19, 9, 10, 9, 3.18299, 3.90074, 1.7424, 0.019378, 13.1685
5, 6, 75, 7, 1, 141, 37, 0.0282406, 0.0601722,15, 3, 12, 3, 3.07906, 3.08585, 1.56813, 0.019984, 12.3016
5, 6, 75, 7, 2, 141, 42, 0.0372779, 0.0585498,13, 4, 9, 4, 3.05742, 3.22651, 1.75752, 0.018597, 12.4794
5, 6, 75, 7, 3, 141, 39, 0.0388296, 0.0785064,16, 4, 12, 4, 3.10448, 3.12974, 1.64525, 0.019177, 12.4712
5, 6, 75, 7, 4, 141, 39, 0.0284449, 0.074294,13, 3, 10, 3, 3.03781, 3.04354, 1.63148, 0.018967, 12.2921
5, 6, 75, 7, 5, 141, 43, 0.0488816, 0.184462,23, 6, 17, 5, 3.06756, 3.36326, 1.79741, 0.024583, 12.8507
5, 6, 75, 7, 6, 141, 44, 0.057832, 0.116344,17, 6, 11, 6, 3.08474, 3.18148, 1.82744, 0.019212, 12.3417
5, 6, 75, 7, 7, 141, 51, 0.0749404, 0.141716,19, 10, 9, 8, 3.12353, 3.68495, 2.07093, 0.020916, 13.242
5, 6, 75, 7, 8, 141, 65, 0.0747502, 0.112668,17, 9, 8, 8, 3.26148, 4.43878, 2.65772, 0.020269, 14.9025
5, 6, 75, 7, 9, 141, 94, 0.0423676, 0.182882,24, 5, 19, 4, 3.4305, 5.77791, 3.72204, 0.022513, 17.4367
5, 6, 75, 7, 10, 141, 37, 0.0183873, 0.0489156,10, 2, 8, 2, 3.00421, 2.96758, 1.5411, 0.016377, 11.9893
5, 6, 75, 7, 11, 141, 84, 0.0740179, 0.108309,13, 8, 5, 8, 3.25642, 5.2403, 3.32183, 0.017619, 16.2469
5, 6, 75, 7, 12, 141, 79, 0.0803747, 0.130362,17, 9, 8, 8, 3.24349, 4.96205, 3.13868, 0.018881, 15.7457
5, 6, 75, 7, 13, 141, 62, 0.0875118, 0.117741,17, 10, 7, 9, 3.22376, 4.09094, 2.51894, 0.019729, 14.1861
5, 6, 75, 7, 14, 141, 54, 0.0377577, 0.104724,18, 6, 12, 4, 3.13022, 3.6976, 2.19176, 0.022419, 13.2808
5, 6, 75, 8, 1, 148, 37, 0.057418, 0.159078,22, 7, 15, 6, 3.00806, 2.97136, 1.69618, 0.021863, 12.0919
5, 6, 75, 8, 2, 148, 42, 0.0392099, 0.0813705,17, 4, 13, 4, 3.07212, 3.13143, 1.83309, 0.019779, 12.4779
5, 6, 75, 8, 3, 148, 39, 0.0395478, 0.116732,20, 4, 16, 4, 3.1979, 3.10205, 1.72655, 0.022088, 12.5673
5, 6, 75, 8, 4, 148, 39, 0.0271267, 0.0701571,17, 3, 14, 3, 3.00699, 3.10553, 1.69887, 0.020224, 12.3048
5, 6, 75, 8, 5, 148, 43, 0.0577659, 0.188515,27, 9, 18, 6, 3.0941, 3.35657, 1.86259, 0.026462, 12.9195
5, 6, 75, 8, 6, 148, 44, 0.0663931, 0.114803,17, 8, 9, 7, 3.11673, 3.33225, 1.89844, 0.020029, 12.7145
5, 6, 75, 8, 7, 148, 51, 0.0658632, 0.150026,23, 10, 13, 7, 3.06488, 3.55967, 2.19999, 0.021657, 13.1797
5, 6, 75, 8, 8, 148, 65, 0.0867388, 0.169626,22, 10, 12, 9, 3.17837, 4.29107, 2.73649, 0.020444, 14.6512
5, 6, 75, 8, 9, 148, 94, 0.0649661, 0.261812,32, 10, 22, 6, 3.5615, 5.84858, 3.9124, 0.02583, 17.8632
5, 6, 75, 8, 10, 148, 37, 0.0185583, 0.0772391,18, 2, 16, 2, 3.0029, 2.88567, 1.6352, 0.019578, 12.007
5, 6, 75, 8, 11, 148, 84, 0.0555121, 0.110543,15, 7, 8, 6, 3.27578, 5.30041, 3.50468, 0.019463, 16.5103
5, 6, 75, 8, 12, 148, 79, 0.115319, 0.198129,25, 14, 11, 12, 3.24022, 5.19456, 3.30685, 0.022715, 16.1693
5, 6, 75, 8, 13, 148, 62, 0.0570407, 0.119796,20, 7, 13, 6, 3.1864, 4.2463, 2.63849, 0.021121, 14.4036
5, 6, 75, 8, 14, 148, 54, 0.0480322, 0.13812,21, 9, 12, 5, 3.21113, 3.76622, 2.28916, 0.021918, 13.5994
5, 6, 75, 9, 1, 175, 37, 0.0384809, 0.0670186,17, 4, 13, 4, 2.98699, 3.02093, 1.95945, 0.022408, 12.3662
5, 6, 75, 9, 2, 175, 42, 0.0304294, 0.0304294,12, 3, 9, 3, 3.08042, 3.21308, 2.13941, 0.018215, 12.9075
5, 6, 75, 9, 3, 175, 39, 0.028612, 0.10876,24, 3, 21, 3, 3.04121, 2.97647, 2.00502, 0.026061, 12.541
5, 6, 75, 9, 4, 175, 39, 0.0271997, 0.100458,19, 4, 15, 3, 3.05939, 3.18082, 2.0095, 0.023045, 12.8829
5, 6, 75, 9, 5, 175, 43, 0.0389691, 0.176602,26, 4, 22, 4, 3.03068, 3.2168, 2.20725, 0.025359, 13.0124
5, 6, 75, 9, 6, 175, 44, 0.058615, 0.0778742,17, 6, 11, 6, 3.00671, 3.20809, 2.23793, 0.02074, 12.6731
5, 6, 75, 9, 7, 175, 51, 0.0678518, 0.114434,20, 9, 11, 7, 3.08627, 3.7754, 2.55179, 0.021797, 13.7207
5, 6, 75, 9, 8, 175, 65, 0.0586637, 0.104781,19, 9, 10, 6, 3.17766, 4.27634, 3.21427, 0.022143, 15.1278
5, 6, 75, 9, 9, 175, 94, 0.0691765, 0.167665,23, 8, 15, 7, 3.44919, 5.77731, 4.61306, 0.02317, 18.3268
5, 6, 75, 9, 10, 175, 37, 0, 0.0412788,19, 0, 19, 0, 3.02172, 2.99619, 1.9187, 0.021953, 12.4337
5, 6, 75, 9, 11, 175, 84, 0.104348, 0.14201,20, 12, 8, 11, 3.29414, 5.29911, 4.2342, 0.022799, 17.2903
5, 6, 75, 9, 12, 175, 79, 0.097761, 0.155735,22, 12, 10, 10, 3.27843, 5.24756, 3.9341, 0.023797, 16.9259
5, 6, 75, 9, 13, 175, 62, 0.0499942, 0.0799057,16, 7, 9, 5, 3.12781, 4.07643, 3.06854, 0.02069, 14.7213
5, 6, 75, 9, 14, 175, 54, 0.0838047, 0.114895,18, 10, 8, 9, 3.11213, 3.69601, 2.69909, 0.021371, 13.8539
5, 6, 75, 10, 1, 130, 37, 0.0185759, 0.0372488,9, 2, 7, 2, 2.99664, 2.84689, 1.42654, 0.016051, 11.6492
5, 6, 75, 10, 2, 130, 42, 0.0267095, 0.0357185,9, 3, 6, 3, 3.10692, 3.32992, 1.601, 0.015806, 12.4196
5, 6, 75, 10, 3, 130, 39, 0.0309807, 0.0795926,16, 4, 12, 3, 3.06369, 2.96851, 1.50366, 0.018751, 12.0995
5, 6, 75, 10, 4, 130, 39, 0.0480971, 0.0908408,14, 6, 8, 5, 3.06445, 3.05602, 1.55486, 0.018281, 12.1747
5, 6, 75, 10, 5, 130, 43, 0.0399817, 0.113412,17, 4, 13, 4, 3.02404, 3.15994, 1.65593, 0.018992, 12.4778
5, 6, 75, 10, 6, 130, 44, 0.0310736, 0.0403329,8, 3, 5, 3, 3.17161, 3.30609, 1.64775, 0.014573, 12.4362
5, 6, 75, 10, 7, 130, 51, 0.0477883, 0.0578893,10, 5, 5, 5, 3.10084, 3.88239, 1.98493, 0.018281, 13.3674
5, 6, 75, 10, 8, 130, 65, 0.0485092, 0.0664468,10, 5, 5, 5, 3.25651, 4.54489, 2.40433, 0.016037, 14.7617
5, 6, 75, 10, 9, 130, 94, 0.0315728, 0.0496905,8, 4, 4, 3, 3.50405, 5.86031, 3.42353, 0.013752, 17.3333
5, 6, 75, 10, 10, 130, 37, 0.0296822, 0.0671019,13, 3, 10, 3, 3.05135, 3.04049, 1.4186, 0.018441, 12.0588
5, 6, 75, 10, 11, 130, 84, 0.0205263, 0.0395895,13, 2, 11, 2, 3.4099, 5.4084, 3.07855, 0.018942, 16.4512
5, 6, 75, 10, 12, 130, 79, 0.0578001, 0.086458,17, 6, 11, 6, 3.28826, 4.95634, 2.90637, 0.018602, 15.6329
5, 6, 75, 10, 13, 130, 62, 0.0769287, 0.0968117,14, 9, 5, 8, 3.11417, 4.06636, 2.31455, 0.018411, 13.8484
5, 6, 75, 10, 14, 130, 54, 0.0372067, 0.0565416,11, 4, 7, 4, 3.10425, 3.7115, 2.03253, 0.016833, 13.0716
5, 6, 75, 11, 1, 135, 37, 0.0357244, 0.0357244,9, 4, 5, 4, 2.98712, 3.11782, 1.49132, 0.016437, 11.8985
5, 6, 75, 11, 2, 135, 42, 0.0281478, 0.0281478,9, 3, 6, 3, 3.02457, 3.15671, 1.66864, 0.015701, 12.2587
5, 6, 75, 11, 3, 135, 39, 0.0282059, 0.0563646,13, 3, 10, 3, 3.01081, 3.10142, 1.56371, 0.017534, 12.1805
5, 6, 75, 11, 4, 135, 39, 0.0665247, 0.1115,14, 7, 7, 7, 3.0407, 3.19205, 1.5671, 0.017409, 12.2806
5, 6, 75, 11, 5, 135, 43, 0.0572035, 0.142428,16, 6, 10, 6, 3.06776, 3.17227, 1.71223, 0.019418, 12.6117
5, 6, 75, 11, 6, 135, 44, 0.039035, 0.0482094,9, 4, 5, 4, 2.99128, 3.30647, 1.74002, 0.01512, 12.2317
5, 6, 75, 11, 7, 135, 51, 0.0475165, 0.0475165,8, 5, 3, 5, 3.15036, 3.54751, 2.04524, 0.016382, 13.1244
5, 6, 75, 11, 8, 135, 65, 0.0287689, 0.0287689,7, 3, 4, 3, 3.1785, 4.27934, 2.5037, 0.014168, 14.4376
5, 6, 75, 11, 9, 135, 94, 0.0514785, 0.0707735,11, 6, 5, 5, 3.41421, 5.68681, 3.55202, 0.01537, 17.1219
5, 6, 75, 11, 10, 135, 37, 0.0298514, 0.0480392,10, 3, 7, 3, 3.03713, 3.07665, 1.47593, 0.015019, 12.0474
5, 6, 75, 11, 11, 135, 84, 0.0365932, 0.0814953,21, 4, 17, 4, 3.26338, 5.25204, 3.21246, 0.019949, 16.1618
5, 6, 75, 11, 12, 135, 79, 0.0655732, 0.10348,22, 7, 15, 7, 3.21627, 4.94213, 3.02916, 0.024734, 15.5842
5, 6, 75, 11, 13, 135, 62, 0.0490616, 0.0584956,15, 6, 9, 5, 3.20143, 4.07267, 2.39846, 0.017589, 14.0137
5, 6, 75, 11, 14, 135, 54, 0.0552682, 0.091234,17, 6, 11, 6, 3.15267, 3.69473, 2.10156, 0.018802, 13.1972
5, 6, 75, 12, 1, 146, 37, 0.0277006, 0.0459658,11, 4, 7, 3, 2.97453, 2.88145, 1.59045, 0.015375, 11.7493
5, 6, 75, 12, 2, 146, 42, 0.0455594, 0.0725191,13, 6, 7, 5, 3.09682, 3.2401, 1.80412, 0.017905, 12.5914
5, 6, 75, 12, 3, 146, 39, 0.0281069, 0.0934615,18, 4, 14, 3, 3.06521, 3.11521, 1.68635, 0.020039, 12.3653
5, 6, 75, 12, 4, 146, 39, 0.0481522, 0.099569,14, 5, 9, 5, 2.99589, 2.96002, 1.6817, 0.017649, 12.1467
5, 6, 75, 12, 5, 146, 43, 0.0674493, 0.174319,23, 8, 15, 7, 3.01002, 3.17775, 1.83163, 0.023105, 12.566
5, 6, 75, 12, 6, 146, 44, 0.0679265, 0.0771858,17, 7, 10, 7, 3.06895, 3.21691, 1.87086, 0.018356, 12.4583
5, 6, 75, 12, 7, 146, 51, 0.0570181, 0.0570181,10, 6, 4, 6, 3.02066, 3.55353, 2.1487, 0.014869, 13.0116
5, 6, 75, 12, 8, 146, 65, 0.0196759, 0.0286045,9, 2, 7, 2, 3.24609, 4.41819, 2.70154, 0.016883, 14.8653
5, 6, 75, 12, 9, 146, 94, 0.0620446, 0.0896295,16, 8, 8, 6, 3.40844, 5.68145, 3.8436, 0.017459, 17.4002
5, 6, 75, 12, 10, 146, 37, 0.0668042, 0.104327,17, 7, 10, 7, 2.99723, 2.88682, 1.59516, 0.019448, 11.945
5, 6, 75, 12, 11, 146, 84, 0.0279762, 0.0550133,15, 3, 12, 3, 3.26289, 5.1995, 3.44032, 0.022454, 16.3084
5, 6, 75, 12, 12, 146, 79, 0.0498912, 0.0590655,14, 5, 9, 5, 3.23383, 4.97819, 3.25259, 0.017098, 15.9008
5, 6, 75, 12, 13, 146, 62, 0.0688306, 0.0777592,18, 7, 11, 7, 3.10434, 4.307, 2.58676, 0.021146, 14.2717
5, 6, 75, 12, 14, 146, 54, 0.058221, 0.0759201,10, 6, 4, 6, 3.19577, 3.80816, 2.26666, 0.015771, 13.6163
5, 6, 75, 13, 1, 101, 37, 0.0188129, 0.0284283,8, 2, 6, 2, 2.97661, 2.96918, 1.11355, 0.014113, 11.3634
5, 6, 75, 13, 2, 101, 42, 0.0187996, 0.0187996,8, 2, 6, 2, 2.98944, 3.25207, 1.26707, 0.013556, 11.8908
5, 6, 75, 13, 3, 101, 39, 0.0560628, 0.0921258,15, 7, 8, 6, 3.11385, 3.07712, 1.17436, 0.016473, 11.9344
5, 6, 75, 13, 4, 101, 39, 0.083847, 0.136268,19, 11, 8, 9, 3.07608, 3.21331, 1.18458, 0.017775, 12.0782
5, 6, 75, 13, 5, 101, 43, 0.0511045, 0.121664,17, 8, 9, 5, 2.99886, 3.17394, 1.30091, 0.025542, 12.011
5, 6, 75, 13, 6, 101, 44, 0.0456167, 0.0638,10, 6, 4, 5, 2.99116, 3.30577, 1.31329, 0.01561, 11.8119
5, 6, 75, 13, 7, 101, 51, 0.00909091, 0.00909091,3, 1, 2, 1, 3.04399, 3.55614, 1.50904, 0.011192, 12.4675
5, 6, 75, 13, 8, 101, 65, 0.0189578, 0.0189578,7, 2, 5, 2, 3.16668, 4.27057, 1.88095, 0.012976, 13.7446
5, 6, 75, 13, 9, 101, 94, 0.0374881, 0.0970349,17, 5, 12, 4, 3.41582, 5.71711, 2.68468, 0.016683, 16.2687
5, 6, 75, 13, 10, 101, 37, 0.0550672, 0.07293,11, 6, 5, 6, 3.13238, 3.07439, 1.13635, 0.015335, 11.9274
5, 6, 75, 13, 11, 101, 84, 0.0181954, 0.0566328,12, 2, 10, 2, 3.3534, 5.16909, 2.4203, 0.017319, 15.4239
5, 6, 75, 13, 12, 101, 79, 0.0472999, 0.0835951,16, 5, 11, 5, 3.2136, 4.9502, 2.27313, 0.020305, 14.8095
5, 6, 75, 13, 13, 101, 62, 0.0469342, 0.06628,14, 5, 9, 5, 3.23038, 4.31723, 1.7942, 0.016146, 13.7618
5, 6, 75, 13, 14, 101, 54, 0.0455635, 0.0819951,13, 5, 8, 5, 3.20708, 3.86892, 1.58676, 0.017569, 12.9716
5, 6, 75, 14, 1, 131, 37, 0.01911, 0.0375624,11, 2, 9, 2, 3.07794, 2.92661, 1.43814, 0.017343, 11.8614
5, 6, 75, 14, 2, 131, 42, 0.0553242, 0.0641738,13, 6, 7, 6, 3.12338, 3.11876, 1.61332, 0.015496, 12.3358
5, 6, 75, 14, 3, 131, 39, 0.0669106, 0.0949115,13, 8, 5, 7, 3.02631, 2.96846, 1.52508, 0.016382, 12.0271
5, 6, 75, 14, 4, 131, 39, 0.122507, 0.175358,23, 14, 9, 13, 3.07039, 3.19124, 1.51329, 0.0205, 12.3059
5, 6, 75, 14, 5, 131, 43, 0.0877257, 0.1847,23, 14, 9, 9, 3.09054, 3.1788, 1.65717, 0.019958, 12.5538
5, 6, 75, 14, 6, 131, 44, 0.0272831, 0.0374872,13, 3, 10, 3, 3.12387, 3.19231, 1.68846, 0.017689, 12.2662
5, 6, 75, 14, 7, 131, 51, 0.0379915, 0.0565354,9, 4, 5, 4, 3.03289, 3.62115, 1.92723, 0.014549, 12.8885
5, 6, 75, 14, 8, 131, 65, 0.0287505, 0.0470158,10, 3, 7, 3, 3.18546, 4.42604, 2.43489, 0.015726, 14.5046
5, 6, 75, 14, 9, 131, 94, 0.0555797, 0.119094,24, 6, 18, 6, 3.43006, 5.80023, 3.46536, 0.020109, 17.2242
5, 6, 75, 14, 10, 131, 37, 0.0674669, 0.11381,17, 8, 9, 7, 3.16028, 3.03613, 1.45889, 0.018917, 12.2614
5, 6, 75, 14, 11, 131, 84, 0.054814, 0.0826227,20, 6, 14, 6, 3.25881, 5.18618, 3.11041, 0.021051, 15.9561
5, 6, 75, 14, 12, 131, 79, 0.0565032, 0.0837181,18, 6, 12, 6, 3.28367, 5.06976, 2.91923, 0.018612, 15.6528
5, 6, 75, 14, 13, 131, 62, 0.067495, 0.0857693,17, 7, 10, 7, 3.09701, 4.09809, 2.32945, 0.017469, 13.8105
5, 6, 75, 14, 14, 131, 54, 0.0632385, 0.0922459,18, 7, 11, 7, 3.19822, 3.68754, 2.05295, 0.019598, 13.2694
5, 6, 75, 15, 1, 153, 37, 0.0503485, 0.0989603,15, 6, 9, 5, 2.97469, 2.85976, 1.67007, 0.018622, 11.7983
5, 6, 75, 15, 2, 153, 42, 0.0205783, 0.0509832,12, 2, 10, 2, 3.01584, 3.11383, 1.87194, 0.01787, 12.3836
5, 6, 75, 15, 3, 153, 39, 0.031733, 0.128791,20, 4, 16, 3, 3.02092, 2.99849, 1.74907, 0.021958, 12.2493
5, 6, 75, 15, 4, 153, 39, 0.0549569, 0.147764,21, 7, 14, 6, 3.03176, 2.97172, 1.76728, 0.021572, 12.3081
5, 6, 75, 15, 5, 153, 43, 0.05778, 0.176447,23, 7, 16, 6, 3.0512, 3.14912, 1.97327, 0.022589, 12.7297
5, 6, 75, 15, 6, 153, 44, 0.0581889, 0.067198,16, 6, 10, 6, 3.00884, 3.20819, 1.95778, 0.018546, 12.4607
5, 6, 75, 15, 7, 153, 51, 0.0594929, 0.0875116,19, 8, 11, 6, 3.14052, 3.81254, 2.24974, 0.019603, 13.5261
5, 6, 75, 15, 8, 153, 65, 0.0706687, 0.107685,14, 11, 3, 7, 3.18092, 4.25627, 2.82528, 0.017068, 14.778
5, 6, 75, 15, 9, 153, 94, 0.0836847, 0.212983,24, 14, 10, 8, 3.478, 5.79386, 4.02941, 0.023496, 17.7893
5, 6, 75, 15, 10, 153, 37, 0.0312982, 0.0893525,14, 3, 11, 3, 3.11316, 3.08335, 1.70055, 0.02045, 12.5159
5, 6, 75, 15, 11, 153, 84, 0.0670547, 0.0852426,16, 8, 8, 7, 3.40922, 5.43527, 3.60059, 0.021437, 17.0044
5, 6, 75, 15, 12, 153, 79, 0.0794255, 0.134177,23, 9, 14, 8, 3.35255, 5.0334, 3.41313, 0.021853, 16.2981
5, 6, 75, 15, 13, 153, 62, 0.0978203, 0.164818,23, 12, 11, 10, 3.13854, 4.09594, 2.76053, 0.023761, 14.3276
5, 6, 75, 15, 14, 153, 54, 0.0875443, 0.152461,24, 11, 13, 9, 3.12503, 3.92501, 2.37458, 0.021883, 13.7266
