5, 5, 80, 2, 1, 74, 71, 1.61471, 1.93726,75, 75, 0, 47, 13.5377, 4.74768, 1.66121, 0.035755, 24.4679
5, 5, 80, 3, 1, 76, 71, 1.2809, 1.79062,92, 91, 1, 51, 13.1188, 4.67421, 1.63837, 0.05089, 23.9318
5, 5, 80, 3, 2, 76, 74, 1.49033, 1.76367,77, 77, 0, 51, 13.8752, 4.91902, 1.67531, 0.025099, 24.8922
5, 5, 80, 4, 1, 83, 71, 1.14604, 1.46231,75, 71, 4, 48, 13.1925, 4.65868, 1.76713, 0.043926, 24.1099
5, 5, 80, 4, 2, 83, 74, 1.39586, 1.59897,72, 72, 0, 52, 13.7841, 4.82736, 1.80379, 0.024032, 24.8087
5, 5, 80, 4, 3, 83, 76, 1.59609, 1.99011,82, 82, 0, 54, 12.7594, 4.94235, 1.86664, 0.026798, 23.9362
5, 5, 80, 5, 1, 84, 71, 0.998499, 1.31891,74, 71, 3, 44, 13.381, 4.68809, 1.77974, 0.027519, 24.3412
5, 5, 80, 5, 2, 84, 74, 1.044, 1.27985,65, 64, 1, 42, 13.7073, 4.79336, 1.81937, 0.024989, 24.7201
5, 5, 80, 5, 3, 84, 76, 1.34081, 1.67398,75, 74, 1, 47, 12.7061, 4.95858, 1.85926, 0.027238, 23.8603
5, 5, 80, 5, 4, 84, 83, 1.81224, 2.33425,92, 89, 3, 57, 12.9728, 5.21856, 2.05944, 0.030539, 24.6616
5, 5, 80, 6, 1, 76, 71, 1.217, 1.6497,75, 75, 0, 43, 13.5369, 4.86225, 1.60288, 0.024513, 24.5942
5, 5, 80, 6, 2, 76, 74, 1.02704, 1.28774,69, 69, 0, 44, 13.6882, 5.05483, 1.66173, 0.025124, 24.8089
5, 5, 80, 6, 3, 76, 76, 0.93608, 1.28652,72, 71, 1, 43, 13.1516, 5.01304, 1.68775, 0.026452, 24.2488
5, 5, 80, 6, 4, 76, 83, 0.432353, 0.639574,43, 31, 12, 20, 12.8801, 5.23671, 1.84259, 0.022118, 24.3606
5, 5, 80, 6, 5, 76, 84, 0.052581, 0.315895,43, 5, 38, 5, 13.05, 5.68806, 1.8926, 0.026241, 25.2353
5, 5, 80, 7, 1, 102, 71, 0.0903294, 0.168701,21, 12, 9, 8, 13.1257, 4.69592, 2.08568, 0.018772, 24.388
5, 5, 80, 7, 2, 102, 74, 0.154949, 0.205745,23, 16, 7, 15, 14.0293, 4.90848, 2.18762, 0.017805, 25.5556
5, 5, 80, 7, 3, 102, 76, 0.243265, 0.381994,38, 32, 6, 21, 12.7648, 4.92688, 2.20591, 0.021813, 24.2246
5, 5, 80, 7, 4, 102, 83, 0.310557, 0.452887,42, 42, 0, 27, 12.8657, 5.35865, 2.42899, 0.02016, 25.075
5, 5, 80, 7, 5, 102, 84, 0.296421, 0.456594,44, 38, 6, 23, 13.0735, 5.30344, 2.4663, 0.023045, 25.3291
5, 5, 80, 7, 6, 102, 76, 0.00917431, 0.0541814,19, 1, 18, 1, 13.2579, 4.95716, 2.22976, 0.018241, 24.9262
5, 5, 80, 8, 1, 89, 71, 0.15285, 0.200401,19, 14, 5, 12, 13.1269, 4.7051, 1.82291, 0.016642, 24.1344
5, 5, 80, 8, 2, 89, 74, 0.179946, 0.207388,17, 15, 2, 13, 14.1268, 5.19137, 1.89256, 0.014749, 25.6206
5, 5, 80, 8, 3, 89, 76, 0.211357, 0.295955,27, 22, 5, 17, 13.4201, 4.96202, 1.92781, 0.016983, 24.8947
5, 5, 80, 8, 4, 89, 83, 0.311822, 0.480214,42, 41, 1, 25, 12.9795, 5.60317, 2.1319, 0.021823, 25.1183
5, 5, 80, 8, 5, 89, 84, 0.389504, 0.535313,45, 44, 1, 29, 13.5579, 5.25758, 2.16214, 0.02056, 25.5482
5, 5, 80, 8, 6, 89, 76, 0.0260413, 0.0570787,17, 3, 14, 3, 13.3305, 4.8821, 1.95892, 0.017183, 24.671
5, 5, 80, 8, 7, 89, 102, 2.20118, 2.88476,128, 113, 15, 69, 12.566, 6.1888, 2.6548, 0.04123, 25.904
5, 5, 80, 9, 1, 85, 71, 0.161696, 0.191276,17, 15, 2, 14, 13.2627, 4.75042, 1.75714, 0.015205, 24.2415
5, 5, 80, 9, 2, 85, 74, 0.143819, 0.164893,14, 14, 0, 12, 13.6988, 4.82644, 1.81509, 0.012019, 24.74
5, 5, 80, 9, 3, 85, 76, 0.1901, 0.290102,27, 24, 3, 15, 13.151, 5.0204, 1.8703, 0.016632, 24.3725
5, 5, 80, 9, 4, 85, 83, 0.269682, 0.405153,38, 36, 2, 23, 12.8717, 5.25127, 2.04559, 0.019894, 24.5945
5, 5, 80, 9, 5, 85, 84, 0.308494, 0.450976,40, 39, 1, 24, 13.0573, 5.61719, 2.0594, 0.019252, 25.2297
5, 5, 80, 9, 6, 85, 76, 0.0825021, 0.150481,20, 10, 10, 8, 13.0502, 4.93515, 1.86444, 0.016848, 24.2931
5, 5, 80, 9, 7, 85, 102, 1.97327, 2.54746,109, 98, 11, 61, 12.892, 6.18416, 2.57375, 0.038115, 26.1382
5, 5, 80, 9, 8, 85, 89, 1.77224, 2.19721,93, 87, 6, 57, 12.9928, 5.56208, 2.20902, 0.031502, 25.2503
5, 5, 80, 10, 1, 85, 71, 0.243466, 0.285618,19, 18, 1, 15, 13.1781, 4.80858, 1.73848, 0.014423, 24.1978
5, 5, 80, 10, 2, 85, 74, 0.334434, 0.380138,29, 28, 1, 23, 13.6842, 4.80878, 1.8181, 0.016772, 24.746
5, 5, 80, 10, 3, 85, 76, 0.261894, 0.367353,32, 30, 2, 20, 13.3774, 4.85656, 1.85334, 0.017369, 24.4399
5, 5, 80, 10, 4, 85, 83, 0.242045, 0.332818,27, 26, 1, 17, 12.8543, 5.27304, 2.03248, 0.016016, 24.5662
5, 5, 80, 10, 5, 85, 84, 0.228976, 0.281601,24, 23, 1, 18, 13.1097, 5.30543, 2.0844, 0.016342, 24.987
5, 5, 80, 10, 6, 85, 76, 0.232295, 0.272413,24, 21, 3, 18, 12.9551, 4.93578, 1.8704, 0.016998, 24.2389
5, 5, 80, 10, 7, 85, 102, 1.25516, 1.71426,97, 96, 1, 58, 12.8596, 6.20676, 2.5029, 0.031666, 26.0561
5, 5, 80, 10, 8, 85, 89, 1.24408, 1.48671,82, 81, 1, 60, 13.0081, 5.55814, 2.19875, 0.027905, 25.266
5, 5, 80, 10, 9, 85, 85, 1.22936, 1.38894,75, 74, 1, 58, 13.127, 5.71657, 2.11307, 0.026993, 25.45
5, 5, 80, 11, 1, 94, 71, 0.336231, 0.411836,25, 24, 1, 19, 13.3674, 4.66833, 1.9329, 0.016688, 24.5193
5, 5, 80, 11, 2, 94, 74, 0.302378, 0.339886,27, 26, 1, 22, 14.0067, 5.06957, 1.98782, 0.019137, 25.4814
5, 5, 80, 11, 3, 94, 76, 0.278136, 0.398616,30, 29, 1, 20, 13.1474, 4.87296, 2.05378, 0.01779, 24.4863
5, 5, 80, 11, 4, 94, 83, 0.274228, 0.312844,26, 24, 2, 20, 13.2221, 5.20329, 2.2421, 0.016272, 25.1418
5, 5, 80, 11, 5, 94, 84, 0.212576, 0.256637,21, 20, 1, 16, 13.1398, 5.29312, 2.25529, 0.01537, 25.1593
5, 5, 80, 11, 6, 94, 76, 0.305333, 0.381068,28, 25, 3, 20, 13.2702, 4.89103, 2.07038, 0.018426, 24.7029
5, 5, 80, 11, 7, 94, 102, 1.05843, 1.55859,90, 87, 3, 52, 12.5664, 6.15633, 2.76589, 0.030825, 26.0007
5, 5, 80, 11, 8, 94, 89, 1.06413, 1.29846,74, 71, 3, 50, 13.0119, 5.53622, 2.4153, 0.027343, 25.4612
5, 5, 80, 11, 9, 94, 85, 1.11424, 1.2075,62, 61, 1, 52, 13.201, 5.32521, 2.30951, 0.023215, 25.3808
5, 5, 80, 11, 10, 94, 85, 1.77622, 2.08001,82, 80, 2, 59, 13.3359, 5.33525, 2.33237, 0.029267, 25.5061
5, 5, 80, 12, 1, 91, 71, 0.410399, 0.467943,30, 30, 0, 25, 13.1663, 4.63401, 1.86823, 0.015686, 24.153
5, 5, 80, 12, 2, 91, 74, 0.272404, 0.329663,28, 26, 2, 20, 13.9005, 4.93692, 1.93611, 0.016342, 25.2508
5, 5, 80, 12, 3, 91, 76, 0.285276, 0.431506,31, 30, 1, 18, 13.2501, 5.00324, 1.97702, 0.017449, 24.624
5, 5, 80, 12, 4, 91, 83, 0.225944, 0.299181,24, 23, 1, 15, 12.8882, 5.25538, 2.2541, 0.01547, 24.8084
5, 5, 80, 12, 5, 91, 84, 0.177591, 0.244784,20, 20, 0, 13, 13.1379, 5.26193, 2.18143, 0.013356, 25.1437
5, 5, 80, 12, 6, 91, 76, 0.342896, 0.452843,35, 30, 5, 23, 12.9688, 4.94842, 2.00104, 0.019814, 24.3725
5, 5, 80, 12, 7, 91, 102, 0.237695, 0.585914,73, 24, 49, 15, 12.9654, 6.1304, 2.67395, 0.033611, 26.3155
5, 5, 80, 12, 8, 91, 89, 0.708884, 0.904375,55, 55, 0, 38, 12.9943, 5.5261, 2.33993, 0.021617, 25.3344
5, 5, 80, 12, 9, 91, 85, 0.794958, 0.868892,46, 46, 0, 39, 13.4251, 5.29837, 2.21687, 0.020115, 25.3983
5, 5, 80, 12, 10, 91, 85, 1.25896, 1.57923,76, 73, 3, 51, 13.1351, 5.33506, 2.25903, 0.0282, 25.1131
5, 5, 80, 12, 11, 91, 94, 1.82334, 2.19032,90, 89, 1, 64, 13.9846, 6.09883, 2.48769, 0.03056, 27.0781
5, 5, 80, 13, 1, 83, 71, 0.270086, 0.324447,24, 23, 1, 18, 13.3564, 4.65505, 1.70386, 0.01536, 24.2542
5, 5, 80, 13, 2, 83, 74, 0.264528, 0.305247,26, 24, 2, 20, 13.6839, 5.04946, 1.76645, 0.018401, 24.8979
5, 5, 80, 13, 3, 83, 76, 0.209182, 0.296654,25, 23, 2, 16, 13.1575, 5.36759, 1.80146, 0.018005, 24.7699
5, 5, 80, 13, 4, 83, 83, 0.158634, 0.199283,19, 16, 3, 12, 12.8379, 5.4239, 1.97053, 0.014588, 24.6597
5, 5, 80, 13, 5, 83, 84, 0.0738265, 0.136296,17, 9, 8, 7, 13.0821, 5.40008, 1.9968, 0.016156, 25.0031
5, 5, 80, 13, 6, 83, 76, 0.456764, 0.603611,45, 41, 4, 31, 13.0687, 4.93456, 1.84894, 0.021386, 24.3382
5, 5, 80, 13, 7, 83, 102, 0.0577572, 0.41432,59, 10, 49, 6, 13.027, 6.10246, 2.43907, 0.031045, 26.0617
5, 5, 80, 13, 8, 83, 89, 0.0460244, 0.26613,43, 8, 35, 5, 13.0173, 5.5319, 2.13066, 0.028115, 25.167
5, 5, 80, 13, 9, 83, 85, 0.0483838, 0.134504,32, 5, 27, 5, 13.1377, 5.37407, 2.03506, 0.021882, 25.0298
5, 5, 80, 13, 10, 83, 85, 0.72079, 0.89612,55, 54, 1, 39, 13.1415, 5.32731, 2.05785, 0.02308, 24.9323
5, 5, 80, 13, 11, 83, 94, 1.06674, 1.33185,68, 65, 3, 46, 14.5209, 5.8556, 2.25608, 0.026481, 27.2824
5, 5, 80, 13, 12, 83, 91, 1.28891, 1.57789,78, 76, 2, 55, 14.0212, 5.68695, 2.18659, 0.027148, 26.4328
5, 5, 80, 14, 1, 100, 71, 0.277264, 0.336121,25, 24, 1, 18, 13.1689, 4.76469, 2.04722, 0.016803, 24.4624
5, 5, 80, 14, 2, 100, 74, 0.242535, 0.279798,24, 23, 1, 19, 13.6959, 4.80099, 2.12858, 0.016517, 25.0484
5, 5, 80, 14, 3, 100, 76, 0.276728, 0.359491,31, 29, 2, 22, 12.7157, 5.14349, 2.15996, 0.018621, 24.3737
5, 5, 80, 14, 4, 100, 83, 0.219039, 0.262867,23, 20, 3, 16, 12.9447, 5.20973, 2.37183, 0.016567, 24.9589
5, 5, 80, 14, 5, 100, 84, 0.159222, 0.220729,24, 19, 5, 13, 13.4594, 5.46749, 2.38692, 0.019749, 25.8465
5, 5, 80, 14, 6, 100, 76, 0.597886, 0.839597,58, 50, 8, 36, 12.9622, 5.02701, 2.21502, 0.038741, 24.6757
5, 5, 80, 14, 7, 100, 102, 0.0722651, 0.476625,71, 10, 61, 7, 12.7727, 6.15249, 2.93025, 0.037377, 26.3807
5, 5, 80, 14, 8, 100, 89, 0.0937732, 0.425109,58, 13, 45, 9, 12.9966, 5.52064, 2.55675, 0.032062, 25.5819
5, 5, 80, 14, 9, 100, 85, 0.534058, 0.678739,51, 33, 18, 29, 13.2959, 5.32995, 2.42453, 0.027213, 25.6115
5, 5, 80, 14, 10, 100, 85, 1.09512, 1.35972,69, 68, 1, 46, 13.4117, 5.3921, 2.4571, 0.027484, 25.7558
5, 5, 80, 14, 11, 100, 94, 1.31574, 1.6866,85, 85, 0, 58, 14.4342, 5.80604, 2.70015, 0.029763, 27.5047
5, 5, 80, 14, 12, 100, 91, 1.64753, 1.88639,83, 81, 2, 62, 14.4098, 6.09941, 2.63123, 0.030138, 27.7832
5, 5, 80, 14, 13, 100, 83, 1.8734, 2.12094,90, 86, 4, 63, 13.3463, 5.27607, 2.41436, 0.031647, 25.5965
5, 5, 80, 15, 1, 86, 71, 0.209594, 0.257673,20, 17, 3, 15, 13.1906, 4.63041, 1.76521, 0.016302, 24.06
5, 5, 80, 15, 2, 86, 74, 0.28976, 0.345829,29, 29, 0, 23, 13.9028, 5.02664, 1.84926, 0.016067, 25.2137
5, 5, 80, 15, 3, 86, 76, 0.341874, 0.438833,32, 32, 0, 24, 12.8472, 5.06873, 1.86326, 0.016757, 24.169
5, 5, 80, 15, 4, 86, 83, 0.391716, 0.602,46, 45, 1, 27, 13.2224, 5.45059, 2.07306, 0.022349, 25.1961
5, 5, 80, 15, 5, 86, 84, 0.29751, 0.406597,37, 33, 4, 24, 13.176, 5.5863, 2.09434, 0.020094, 25.4101
5, 5, 80, 15, 6, 86, 76, 0.157714, 0.216811,27, 18, 9, 14, 13.1944, 5.36826, 1.88616, 0.022349, 24.9218
5, 5, 80, 15, 7, 86, 102, 1.66688, 2.19105,102, 100, 2, 62, 12.8999, 6.53906, 2.58719, 0.034953, 26.6487
5, 5, 80, 15, 8, 86, 89, 1.67123, 2.02966,92, 88, 4, 59, 13.5628, 5.99145, 2.22349, 0.032428, 26.3952
5, 5, 80, 15, 9, 86, 85, 1.66153, 1.95252,89, 86, 3, 63, 13.2827, 5.42095, 2.13588, 0.030584, 25.3559
5, 5, 80, 15, 10, 86, 85, 1.57728, 1.89138,84, 82, 2, 57, 13.3664, 5.3053, 2.12734, 0.029302, 25.1762
5, 5, 80, 15, 11, 86, 94, 1.27643, 1.57629,71, 70, 1, 51, 14.1133, 5.76544, 2.35097, 0.025981, 26.7139
5, 5, 80, 15, 12, 86, 91, 1.35264, 1.6152,75, 74, 1, 55, 14.3634, 5.60193, 2.26673, 0.026522, 26.7567
5, 5, 80, 15, 13, 86, 83, 0.469394, 0.691266,54, 38, 16, 28, 12.9376, 5.26227, 2.06946, 0.026156, 24.7923
5, 5, 80, 15, 14, 86, 100, 0.920921, 1.16115,61, 57, 4, 39, 13.8981, 6.37351, 2.51221, 0.026271, 27.3708
6, 6, 80, 2, 1, 30, 35, 0.791919, 1.00953,46, 37, 9, 22, 8.35638, 2.82756, 0.409663, 0.020616, 16.0556
6, 6, 80, 3, 1, 29, 35, 0.578696, 0.873456,46, 34, 12, 18, 8.46277, 2.96784, 0.397215, 0.02031, 16.2855
6, 6, 80, 3, 2, 29, 30, 0.592299, 0.750068,40, 28, 12, 21, 8.20024, 2.75817, 0.368454, 0.018962, 15.7746
6, 6, 80, 4, 1, 32, 35, 0.431283, 0.596596,36, 30, 6, 20, 8.53477, 2.99254, 0.419418, 0.016843, 16.3743
6, 6, 80, 4, 2, 32, 30, 0.465473, 0.613004,37, 29, 8, 21, 8.32177, 2.56309, 0.384096, 0.017098, 15.7941
6, 6, 80, 4, 3, 32, 29, 0.437948, 0.715696,40, 32, 8, 17, 8.52366, 2.67376, 0.363288, 0.018331, 16.0913
6, 6, 80, 5, 1, 40, 35, 0.384267, 0.61852,45, 30, 15, 19, 8.42509, 2.9593, 0.524523, 0.022218, 16.3099
6, 6, 80, 5, 2, 40, 30, 0.323019, 0.457938,38, 31, 7, 22, 8.4881, 2.77464, 0.444967, 0.017834, 16.2551
6, 6, 80, 5, 3, 40, 29, 0.408946, 0.605319,38, 29, 9, 19, 8.6362, 2.56082, 0.44641, 0.020335, 16.2987
6, 6, 80, 5, 4, 40, 32, 0.810117, 1.10415,57, 44, 13, 30, 8.52835, 2.75014, 0.470332, 0.022038, 16.4301
6, 6, 80, 6, 1, 33, 35, 0.457627, 0.658031,41, 28, 13, 18, 8.33737, 2.97958, 0.425579, 0.018376, 16.1182
6, 6, 80, 6, 2, 33, 30, 0.358443, 0.518501,33, 26, 7, 16, 8.51061, 2.72764, 0.375327, 0.016872, 16.0973
6, 6, 80, 6, 3, 33, 29, 0.168712, 0.313231,31, 15, 16, 10, 8.76791, 2.73576, 0.361409, 0.016567, 16.4448
6, 6, 80, 6, 4, 33, 32, 0.174425, 0.231055,19, 14, 5, 10, 8.38568, 2.68893, 0.398024, 0.011182, 16.0377
6, 6, 80, 6, 5, 33, 40, 0.063395, 0.26778,28, 9, 19, 7, 8.67656, 3.3564, 0.458058, 0.01764, 17.0859
6, 6, 80, 7, 1, 37, 35, 0.306403, 0.451211,29, 20, 9, 12, 8.3201, 2.83231, 0.45128, 0.01529, 16.0175
6, 6, 80, 7, 2, 37, 30, 0.233888, 0.375659,24, 20, 4, 10, 8.26102, 2.83056, 0.425059, 0.013862, 15.9707
6, 6, 80, 7, 3, 37, 29, 0.125185, 0.186059,14, 6, 8, 4, 8.57093, 2.54561, 0.394263, 0.012925, 16.1509
6, 6, 80, 7, 4, 37, 32, 0.0371282, 0.119255,15, 6, 9, 4, 8.41536, 2.78939, 0.411653, 0.012901, 16.1655
6, 6, 80, 7, 5, 37, 40, 0.0475822, 0.143386,17, 7, 10, 5, 8.70107, 3.20377, 0.494754, 0.013036, 17.0028
6, 6, 80, 7, 6, 37, 33, 0.535847, 0.687248,39, 32, 7, 23, 8.78294, 2.87227, 0.440603, 0.018206, 16.4173
6, 6, 80, 8, 1, 44, 35, 0.369268, 0.470489,24, 18, 6, 12, 8.32453, 2.96627, 0.521577, 0.016252, 16.2081
6, 6, 80, 8, 2, 44, 30, 0.04, 0.163568,16, 1, 15, 1, 8.30711, 2.58457, 0.454882, 0.013596, 15.7944
6, 6, 80, 8, 3, 44, 29, 0.0179405, 0.0943477,11, 2, 9, 2, 8.56176, 2.71186, 0.440218, 0.011953, 16.3075
6, 6, 80, 8, 4, 44, 32, 0.0441799, 0.127513,11, 5, 6, 5, 8.30287, 2.70264, 0.475682, 0.011347, 16.035
6, 6, 80, 8, 5, 44, 40, 0.0542439, 0.135513,13, 8, 5, 6, 8.6129, 3.17461, 0.573959, 0.012319, 16.9305
6, 6, 80, 8, 6, 44, 33, 0.397385, 0.46804,25, 21, 4, 15, 8.53494, 2.74383, 0.508285, 0.013657, 16.0928
6, 6, 80, 8, 7, 44, 37, 0.535171, 0.641127,36, 29, 7, 24, 8.57715, 2.97518, 0.550673, 0.016522, 16.4582
6, 6, 80, 9, 1, 70, 35, 0.0574892, 0.194109,18, 6, 12, 6, 8.53445, 2.7924, 0.773388, 0.015926, 16.5581
6, 6, 80, 9, 2, 70, 30, 0.0173241, 0.169637,13, 2, 11, 2, 8.1681, 2.60024, 0.695331, 0.014609, 15.8701
6, 6, 80, 9, 3, 70, 29, 0.0172427, 0.0172427,5, 2, 3, 2, 8.51552, 2.66958, 0.655995, 0.010225, 16.3525
6, 6, 80, 9, 4, 70, 32, 0.0192997, 0.0753447,13, 2, 11, 2, 8.54759, 2.65387, 0.721242, 0.014393, 16.5473
6, 6, 80, 9, 5, 70, 40, 0.0265528, 0.0608145,11, 4, 7, 3, 8.6432, 3.10246, 0.861509, 0.01287, 17.1991
6, 6, 80, 9, 6, 70, 33, 0.33657, 0.476216,26, 25, 1, 15, 8.51331, 2.68797, 0.734902, 0.014654, 16.2079
6, 6, 80, 9, 7, 70, 37, 0.645852, 0.746948,36, 36, 0, 26, 8.54679, 3.00177, 0.830975, 0.018502, 16.7341
6, 6, 80, 9, 8, 70, 44, 0.868209, 1.033,53, 48, 5, 36, 9.97888, 3.46589, 0.96444, 0.022499, 19.078
6, 6, 80, 10, 1, 30, 35, 0.450946, 0.658816,37, 29, 8, 17, 8.23921, 2.89105, 0.394073, 0.018692, 15.8891
6, 6, 80, 10, 2, 30, 30, 0.430371, 0.55539,31, 22, 9, 17, 8.50455, 2.79597, 0.345283, 0.017103, 16.1598
6, 6, 80, 10, 3, 30, 29, 0.575889, 0.878772,41, 35, 6, 19, 8.78812, 2.78665, 0.349496, 0.018326, 16.5682
6, 6, 80, 10, 4, 30, 32, 0.831992, 1.15958,51, 45, 6, 22, 8.25904, 2.69956, 0.3771, 0.018937, 15.9274
6, 6, 80, 10, 5, 30, 40, 0.60898, 0.842008,43, 34, 9, 20, 8.83294, 3.40377, 0.444476, 0.019713, 17.2512
6, 6, 80, 10, 6, 30, 33, 0.17445, 0.270256,25, 17, 8, 10, 8.51604, 2.7885, 0.368819, 0.014819, 16.0174
6, 6, 80, 10, 7, 30, 37, 0.0971659, 0.141302,10, 6, 4, 6, 8.53686, 2.95514, 0.387977, 0.01039, 16.2235
6, 6, 80, 10, 8, 30, 44, 0.0379386, 0.0889345,12, 5, 7, 4, 9.51989, 3.28466, 0.448364, 0.011262, 17.8167
6, 6, 80, 10, 9, 30, 70, 0.0184336, 0.0464004,12, 2, 10, 2, 10.9616, 4.57323, 0.65659, 0.01244, 20.7569
6, 6, 80, 11, 1, 96, 35, 0.0907166, 0.108654,15, 9, 6, 9, 8.47969, 2.87923, 1.0381, 0.015415, 16.8929
6, 6, 80, 11, 2, 96, 30, 0.0587019, 0.0773951,11, 7, 4, 6, 8.20667, 2.61242, 0.893777, 0.013857, 16.1405
6, 6, 80, 11, 3, 96, 29, 0.0172529, 0.0454666,15, 2, 13, 2, 8.68107, 2.55806, 0.868302, 0.015916, 16.6991
6, 6, 80, 11, 4, 96, 32, 0.053728, 0.0904676,18, 6, 12, 6, 8.27392, 2.73128, 0.949496, 0.017009, 16.5632
6, 6, 80, 11, 5, 96, 40, 0.02732, 0.0729972,15, 4, 11, 3, 8.92753, 3.10671, 1.17708, 0.018671, 17.8706
6, 6, 80, 11, 6, 96, 33, 0.17422, 0.235578,34, 20, 14, 18, 8.53594, 2.82176, 0.987269, 0.0205, 16.6233
6, 6, 80, 11, 7, 96, 37, 0.230777, 0.274538,32, 26, 6, 23, 8.78984, 3.12804, 1.08786, 0.019162, 17.3636
6, 6, 80, 11, 8, 96, 44, 0.265949, 0.352777,38, 31, 7, 25, 9.19393, 3.29708, 1.27083, 0.021317, 18.2664
6, 6, 80, 11, 9, 96, 70, 0.363378, 0.481011,47, 42, 5, 33, 10.6369, 4.61949, 1.9585, 0.022324, 21.7158
6, 6, 80, 11, 10, 96, 30, 0.0348763, 0.0730419,21, 4, 17, 4, 8.41723, 2.68858, 0.900064, 0.01802, 16.5406
6, 6, 80, 12, 1, 82, 35, 0.0967723, 0.113871,18, 9, 9, 9, 8.2298, 2.81876, 0.904603, 0.01556, 16.3363
6, 6, 80, 12, 2, 82, 30, 0.0646825, 0.0733781,11, 7, 4, 7, 8.19042, 2.55205, 0.771444, 0.012129, 15.9492
6, 6, 80, 12, 3, 82, 29, 0.0174676, 0.05442,15, 2, 13, 2, 8.55621, 2.56874, 0.772846, 0.015721, 16.471
6, 6, 80, 12, 4, 82, 32, 0.0351265, 0.0534008,13, 4, 9, 4, 8.33432, 2.89624, 0.826175, 0.015746, 16.5934
6, 6, 80, 12, 5, 82, 40, 0.0278384, 0.0542794,17, 4, 13, 3, 8.89665, 3.07041, 1.00059, 0.016081, 17.6337
6, 6, 80, 12, 6, 82, 33, 0.148967, 0.193107,30, 17, 13, 15, 8.49554, 2.77363, 0.856209, 0.019573, 16.3975
6, 6, 80, 12, 7, 82, 37, 0.217029, 0.253928,27, 23, 4, 21, 8.55066, 2.95022, 0.94406, 0.019553, 16.8075
6, 6, 80, 12, 8, 82, 44, 0.253203, 0.332573,33, 27, 6, 22, 9.59161, 3.31462, 1.1121, 0.019468, 18.5736
6, 6, 80, 12, 9, 82, 70, 0.282756, 0.453598,45, 38, 7, 25, 10.6429, 4.89824, 1.67619, 0.023506, 21.732
6, 6, 80, 12, 10, 82, 30, 0.0196097, 0.028784,15, 2, 13, 2, 8.27972, 2.5982, 0.778874, 0.014889, 16.1872
6, 6, 80, 12, 11, 82, 96, 1.8911, 2.94645,156, 135, 21, 69, 10.3323, 6.21958, 2.34421, 0.048134, 23.3795
6, 6, 80, 13, 1, 79, 35, 0.105968, 0.145375,21, 11, 10, 11, 8.30143, 2.9764, 0.864751, 0.018451, 16.52
6, 6, 80, 13, 2, 79, 30, 0.0539205, 0.0709421,19, 6, 13, 6, 8.51895, 2.54423, 0.762302, 0.015861, 16.3606
6, 6, 80, 13, 3, 79, 29, 0.0362028, 0.140365,26, 4, 22, 4, 8.61395, 2.76482, 0.7556, 0.020791, 16.6616
6, 6, 80, 13, 4, 79, 32, 0.0360766, 0.072051,19, 4, 15, 4, 8.30247, 2.69121, 0.799273, 0.016563, 16.4193
6, 6, 80, 13, 5, 79, 40, 0.0376942, 0.0842027,19, 7, 12, 4, 8.65049, 3.07571, 0.964761, 0.015545, 17.2853
6, 6, 80, 13, 6, 79, 33, 0.222123, 0.257534,34, 26, 8, 22, 8.59715, 2.734, 0.826066, 0.019072, 16.4329
6, 6, 80, 13, 7, 79, 37, 0.254504, 0.371611,47, 33, 14, 25, 8.54945, 2.95617, 0.926547, 0.022869, 16.7747
6, 6, 80, 13, 8, 79, 44, 0.347732, 0.440697,43, 35, 8, 28, 9.62776, 3.32713, 1.06985, 0.020475, 18.6302
6, 6, 80, 13, 9, 79, 70, 0.310852, 0.464067,49, 45, 4, 29, 10.7138, 4.66646, 1.63277, 0.022143, 21.5586
6, 6, 80, 13, 10, 79, 30, 0.0446379, 0.131133,22, 5, 17, 5, 8.43034, 2.57098, 0.756584, 0.0179, 16.3775
6, 6, 80, 13, 11, 79, 96, 1.52774, 2.62301,160, 142, 18, 60, 10.407, 5.89726, 2.2683, 0.048425, 23.187
6, 6, 80, 13, 12, 79, 82, 1.53065, 2.45021,150, 127, 23, 60, 9.99569, 5.55699, 1.96609, 0.048044, 21.9828
6, 6, 80, 14, 1, 55, 35, 0.161858, 0.246227,30, 16, 14, 14, 8.21423, 3.01125, 0.630845, 0.017188, 16.2386
6, 6, 80, 14, 2, 55, 30, 0.0947201, 0.140794,23, 9, 14, 8, 8.17584, 2.60797, 0.549526, 0.015651, 15.7849
6, 6, 80, 14, 3, 55, 29, 0.0540007, 0.127087,19, 6, 13, 4, 8.6794, 2.54238, 0.5358, 0.014814, 16.3575
6, 6, 80, 14, 4, 55, 32, 0.0963748, 0.125356,23, 8, 15, 8, 8.27403, 2.8502, 0.592974, 0.016377, 16.2528
6, 6, 80, 14, 5, 55, 40, 0.117958, 0.200885,25, 15, 10, 10, 8.63426, 3.14154, 0.698446, 0.016252, 17.0964
6, 6, 80, 14, 6, 55, 33, 0.130491, 0.222904,34, 17, 17, 13, 8.46726, 2.85383, 0.605406, 0.018626, 16.1873
6, 6, 80, 14, 7, 55, 37, 0.176985, 0.195678,22, 19, 3, 17, 8.71631, 2.9064, 0.653614, 0.013331, 16.7073
6, 6, 80, 14, 8, 55, 44, 0.252573, 0.305065,25, 24, 1, 18, 9.23626, 3.37745, 0.758138, 0.013847, 17.8809
6, 6, 80, 14, 9, 55, 70, 0.207618, 0.27572,26, 21, 5, 15, 10.6296, 4.61267, 1.15028, 0.016923, 20.8966
6, 6, 80, 14, 10, 55, 30, 0.121839, 0.169957,26, 11, 15, 11, 8.56206, 2.74583, 0.554726, 0.016507, 16.5373
6, 6, 80, 14, 11, 55, 96, 0.793919, 1.7139,125, 107, 18, 38, 10.7265, 6.36514, 1.65204, 0.044903, 23.287
6, 6, 80, 14, 12, 55, 82, 0.858071, 1.55259,107, 85, 22, 39, 10.3192, 5.56346, 1.37973, 0.039251, 21.7949
6, 6, 80, 14, 13, 55, 79, 1.1442, 2.10148,130, 111, 19, 40, 9.74614, 5.2514, 1.37712, 0.041702, 20.811
6, 6, 80, 15, 1, 41, 35, 0.158107, 0.257338,26, 16, 10, 13, 8.51857, 3.11239, 0.50022, 0.015766, 16.6173
6, 6, 80, 15, 2, 41, 30, 0.0922772, 0.168194,24, 9, 15, 9, 8.43381, 2.61523, 0.434855, 0.016507, 15.9873
6, 6, 80, 15, 3, 41, 29, 0.106076, 0.163166,18, 10, 8, 9, 8.78261, 2.81005, 0.427979, 0.014082, 16.7209
6, 6, 80, 15, 4, 41, 32, 0.10051, 0.207066,27, 12, 15, 8, 8.6141, 2.84003, 0.464881, 0.016752, 16.5631
6, 6, 80, 15, 5, 41, 40, 0.191968, 0.389211,35, 27, 8, 13, 8.94333, 3.21597, 0.570993, 0.01771, 17.4545
6, 6, 80, 15, 6, 41, 33, 0.106873, 0.135799,19, 13, 6, 11, 8.70134, 2.85374, 0.472281, 0.013887, 16.4373
6, 6, 80, 15, 7, 41, 37, 0.108056, 0.155056,22, 13, 9, 11, 8.68995, 3.03219, 0.51551, 0.014574, 16.5907
6, 6, 80, 15, 8, 41, 44, 0.159739, 0.196397,24, 18, 6, 15, 9.4494, 3.47166, 0.599248, 0.014559, 18.1545
6, 6, 80, 15, 9, 41, 70, 0.0456453, 0.122754,22, 5, 17, 5, 10.9958, 4.8312, 0.884294, 0.016567, 21.2981
6, 6, 80, 15, 10, 41, 30, 0.176739, 0.301917,32, 19, 13, 15, 8.25475, 2.5753, 0.441165, 0.017434, 15.8127
6, 6, 80, 15, 11, 41, 96, 0.372979, 1.1361,93, 59, 34, 17, 10.2989, 5.88937, 1.19415, 0.035093, 21.8992
6, 6, 80, 15, 12, 41, 82, 0.330355, 0.881705,76, 60, 16, 19, 10.2763, 5.19269, 1.05564, 0.027309, 21.0702
6, 6, 80, 15, 13, 41, 79, 0.662551, 1.4877,106, 89, 17, 27, 9.48985, 5.00476, 1.03466, 0.034351, 19.889
6, 6, 80, 15, 14, 41, 55, 0.802732, 1.69026,116, 102, 14, 33, 9.44068, 3.84211, 0.792421, 0.036727, 18.4005
5, 6, 80, 1, 1, 71, 35, 0.0534735, 0.136304,16, 12, 4, 5, 8.61788, 2.93031, 0.869981, 0.03592, 16.8182
5, 6, 80, 1, 2, 71, 30, 0.0301387, 0.0835661,9, 7, 2, 3, 8.4332, 2.56702, 0.687749, 0.010079, 16.0926
5, 6, 80, 1, 3, 71, 29, 0.0427805, 0.0795501,9, 7, 2, 4, 8.51752, 2.57456, 0.668884, 0.011232, 16.2803
5, 6, 80, 1, 4, 71, 32, 0.0414898, 0.092396,9, 7, 2, 4, 8.52284, 2.72543, 0.722113, 0.013106, 16.5542
5, 6, 80, 1, 5, 71, 40, 0.062747, 0.080765,8, 8, 0, 6, 8.65652, 3.28495, 0.872616, 0.010154, 17.3839
5, 6, 80, 1, 6, 71, 33, 0.029933, 0.0660517,7, 5, 2, 3, 8.77643, 2.69822, 0.734898, 0.01051, 16.5133
5, 6, 80, 1, 7, 71, 37, 0, 0.0216374,4, 0, 4, 0, 8.60861, 2.96722, 0.813601, 0.011162, 16.7477
5, 6, 80, 1, 8, 71, 44, 0, 0,5, 0, 5, 0, 9.30847, 3.5926, 0.941495, 0.010145, 18.32
5, 6, 80, 1, 9, 71, 70, 0.00934579, 0.0192468,5, 1, 4, 1, 10.6703, 4.57431, 1.45398, 0.011152, 21.2004
5, 6, 80, 1, 10, 71, 30, 0.0217647, 0.0406143,6, 4, 2, 2, 8.31243, 2.69916, 0.677495, 0.010911, 16.2315
5, 6, 80, 1, 11, 71, 96, 0.0352724, 0.0352724,6, 4, 2, 4, 10.2919, 6.29385, 1.94975, 0.011718, 22.9849
5, 6, 80, 1, 12, 71, 82, 0.00840336, 0.0260522,3, 1, 2, 1, 10.0165, 5.20293, 1.68874, 0.01047, 21.387
5, 6, 80, 1, 13, 71, 79, 0.0257999, 0.0344206,6, 3, 3, 3, 9.53419, 5.08499, 1.6114, 0.01024, 20.578
5, 6, 80, 1, 14, 71, 55, 0.0257275, 0.0784466,12, 3, 9, 3, 9.72785, 3.80505, 1.15881, 0.014823, 19.0266
5, 6, 80, 2, 1, 74, 35, 0.0329493, 0.0887773,13, 6, 7, 3, 8.26105, 2.9115, 0.807278, 0.013517, 16.3288
5, 6, 80, 2, 2, 74, 30, 0.0198039, 0.0555156,7, 4, 3, 2, 8.2509, 2.61309, 0.702504, 0.013837, 15.9785
5, 6, 80, 2, 3, 74, 29, 0.0307958, 0.0688278,10, 5, 5, 3, 8.5866, 2.54039, 0.684334, 0.011473, 16.4119
5, 6, 80, 2, 4, 74, 32, 0.0407619, 0.0802553,9, 7, 2, 4, 8.5372, 2.75455, 0.741626, 0.011362, 16.585
5, 6, 80, 2, 5, 74, 40, 0.0498831, 0.0782981,10, 6, 4, 5, 8.73824, 3.12076, 0.905345, 0.012976, 17.3862
5, 6, 80, 2, 6, 74, 33, 0.0178928, 0.0469107,7, 3, 4, 2, 8.48852, 3.12068, 0.778121, 0.012148, 16.6311
5, 6, 80, 2, 7, 74, 37, 0, 0.0200985,6, 0, 6, 0, 8.63521, 2.94041, 0.855029, 0.012599, 16.815
5, 6, 80, 2, 8, 74, 44, 0.00884956, 0.00884956,4, 1, 3, 1, 9.2368, 3.27688, 0.987696, 0.009568, 18.0258
5, 6, 80, 2, 9, 74, 70, 0, 0.00970874,3, 0, 3, 0, 10.9543, 4.73952, 1.49074, 0.010345, 21.7535
5, 6, 80, 2, 10, 74, 30, 0.0218035, 0.0510174,8, 4, 4, 2, 8.26922, 2.71948, 0.713355, 0.012018, 16.2244
5, 6, 80, 2, 11, 74, 96, 0.0172465, 0.0260184,8, 2, 6, 2, 10.3374, 6.05287, 2.01772, 0.0127, 22.8908
5, 6, 80, 2, 12, 74, 82, 0, 0,1, 0, 1, 0, 10.0169, 5.37815, 1.74904, 0.008983, 21.5938
5, 6, 80, 2, 13, 74, 79, 0.00877193, 0.00877193,6, 1, 5, 1, 9.79002, 5.21769, 1.7522, 0.011788, 21.1714
5, 6, 80, 2, 14, 74, 55, 0, 0.0263279,6, 0, 6, 0, 9.54027, 3.87024, 1.19899, 0.011733, 18.9203
5, 6, 80, 3, 1, 76, 35, 0.0641661, 0.142104,16, 8, 8, 7, 8.43734, 2.98365, 0.849055, 0.017569, 16.6957
5, 6, 80, 3, 2, 76, 30, 0.0631777, 0.110998,12, 7, 5, 7, 8.51913, 2.59162, 0.720369, 0.013301, 16.3537
5, 6, 80, 3, 3, 76, 29, 0.029919, 0.0769812,10, 5, 5, 3, 8.54761, 2.58168, 0.716036, 0.012825, 16.3793
5, 6, 80, 3, 4, 76, 32, 0.0481499, 0.0795728,9, 6, 3, 5, 8.43251, 2.68732, 0.764219, 0.012254, 16.4287
5, 6, 80, 3, 5, 76, 40, 0.0666229, 0.114289,14, 9, 5, 7, 8.7168, 3.08439, 0.927172, 0.013542, 17.3609
5, 6, 80, 3, 6, 76, 33, 0.00900901, 0.0392227,7, 2, 5, 1, 8.51606, 2.90881, 0.80369, 0.012244, 16.4708
5, 6, 80, 3, 7, 76, 37, 0.00840336, 0.0299112,5, 1, 4, 1, 8.5992, 2.97479, 0.861103, 0.010912, 16.8235
5, 6, 80, 3, 8, 76, 44, 0.0178586, 0.0178586,5, 2, 3, 2, 9.21569, 3.32915, 1.00491, 0.01004, 18.0659
5, 6, 80, 3, 9, 76, 70, 0, 0.0186147,5, 0, 5, 0, 10.815, 4.71547, 1.536, 0.011227, 21.5682
5, 6, 80, 3, 10, 76, 30, 0.0561585, 0.0658672,9, 7, 2, 6, 8.33785, 2.6097, 0.724036, 0.01283, 16.1919
5, 6, 80, 3, 11, 76, 96, 0.0181954, 0.0371633,6, 2, 4, 2, 10.3538, 6.15796, 2.06498, 0.011768, 23.0752
5, 6, 80, 3, 12, 76, 82, 0.0449163, 0.0632711,10, 5, 5, 5, 10.0196, 5.22537, 1.79313, 0.014463, 21.4706
5, 6, 80, 3, 13, 76, 79, 0.0171677, 0.0171677,3, 2, 1, 2, 9.55457, 5.12941, 1.74275, 0.010771, 20.8377
5, 6, 80, 3, 14, 76, 55, 0.0264835, 0.0823498,11, 4, 7, 3, 9.44868, 3.94394, 1.23425, 0.013767, 18.9138
5, 6, 80, 4, 1, 83, 35, 0.0400416, 0.108167,13, 6, 7, 4, 8.3268, 2.95087, 0.901643, 0.016507, 16.5843
5, 6, 80, 4, 2, 83, 30, 0.0365917, 0.102488,12, 6, 6, 4, 8.50435, 2.59991, 0.803736, 0.014157, 16.4399
5, 6, 80, 4, 3, 83, 29, 0.0283138, 0.0758188,8, 4, 4, 3, 8.5362, 2.70044, 0.754686, 0.012659, 16.5121
5, 6, 80, 4, 4, 83, 32, 0.0572809, 0.116873,12, 8, 4, 6, 8.63867, 2.6961, 0.829627, 0.013557, 16.7312
5, 6, 80, 4, 5, 83, 40, 0.0784128, 0.116571,16, 8, 8, 8, 8.64238, 3.06713, 1.01223, 0.014995, 17.3681
5, 6, 80, 4, 6, 83, 33, 0.0175452, 0.0575251,7, 2, 5, 2, 8.58915, 2.70265, 0.847432, 0.012499, 16.3964
5, 6, 80, 4, 7, 83, 37, 0, 0.0113636,3, 0, 3, 0, 8.67388, 2.90073, 0.927303, 0.010886, 16.8615
5, 6, 80, 4, 8, 83, 44, 0.0174943, 0.0174943,5, 2, 3, 2, 9.21151, 3.27561, 1.08159, 0.011072, 18.0636
5, 6, 80, 4, 9, 83, 70, 0.0168779, 0.0168779,3, 2, 1, 2, 10.7126, 5.00009, 1.66973, 0.01058, 21.9187
5, 6, 80, 4, 10, 83, 30, 0.0475305, 0.0664051,10, 6, 4, 5, 8.25658, 2.78426, 0.794363, 0.013882, 16.3826
5, 6, 80, 4, 11, 83, 96, 0.0257223, 0.0428925,8, 5, 3, 3, 10.5612, 5.8471, 2.27811, 0.012174, 23.2479
5, 6, 80, 4, 12, 83, 82, 0.0197049, 0.0197049,3, 2, 1, 2, 10.054, 5.20549, 1.95046, 0.009954, 21.6307
5, 6, 80, 4, 13, 83, 79, 0.0260883, 0.0260883,4, 3, 1, 3, 9.71848, 5.32674, 1.88089, 0.011121, 21.3273
5, 6, 80, 4, 14, 83, 55, 0.0431797, 0.104297,13, 8, 5, 5, 9.82121, 3.8477, 1.35439, 0.014884, 19.454
5, 6, 80, 5, 1, 84, 35, 0.00840336, 0.00840336,5, 1, 4, 1, 8.26485, 3.0335, 0.913553, 0.010606, 16.5581
5, 6, 80, 5, 2, 84, 30, 0.0257947, 0.0881976,13, 4, 9, 3, 8.24697, 2.6248, 0.791898, 0.014759, 16.0964
5, 6, 80, 5, 3, 84, 29, 0.0170953, 0.0778385,12, 3, 9, 2, 8.52467, 2.57731, 0.769124, 0.014343, 16.4154
5, 6, 80, 5, 4, 84, 32, 0.0186147, 0.0455119,7, 2, 5, 2, 8.45354, 2.72377, 0.836255, 0.01255, 16.5414
5, 6, 80, 5, 5, 84, 40, 0.0371107, 0.0632016,11, 4, 7, 4, 8.65685, 3.0606, 1.01615, 0.013681, 17.3035
5, 6, 80, 5, 6, 84, 33, 0.00854701, 0.0271521,6, 1, 5, 1, 8.50012, 2.7478, 0.861715, 0.012113, 16.4013
5, 6, 80, 5, 7, 84, 37, 0.00840336, 0.017099,4, 1, 3, 1, 9.02016, 2.93798, 0.941065, 0.010926, 17.3112
5, 6, 80, 5, 8, 84, 44, 0.00877193, 0.00877193,2, 1, 1, 1, 9.21757, 3.37228, 1.094, 0.01044, 18.1899
5, 6, 80, 5, 9, 84, 70, 0.00854701, 0.0259594,6, 2, 4, 1, 10.7414, 4.61226, 1.68902, 0.011879, 21.5977
5, 6, 80, 5, 10, 84, 30, 0.00917431, 0.0272055,7, 1, 6, 1, 8.27853, 2.55222, 0.787705, 0.01314, 16.1533
5, 6, 80, 5, 11, 84, 96, 0.0359359, 0.0443392,6, 5, 1, 4, 10.5772, 6.28464, 2.28892, 0.012083, 23.6806
5, 6, 80, 5, 12, 84, 82, 0.0182683, 0.0443671,8, 3, 5, 2, 10.2435, 5.56052, 1.95981, 0.014042, 22.3066
5, 6, 80, 5, 13, 84, 79, 0.0453809, 0.0803214,9, 9, 0, 5, 9.79747, 5.34221, 1.9039, 0.011397, 21.4763
5, 6, 80, 5, 14, 84, 55, 0.0171677, 0.0359002,6, 2, 4, 2, 9.90554, 3.99499, 1.34997, 0.011633, 19.7327
5, 6, 80, 6, 1, 76, 35, 0.0472802, 0.138431,15, 10, 5, 4, 8.26131, 2.95187, 0.841981, 0.013967, 16.4571
5, 6, 80, 6, 2, 76, 30, 0.0286169, 0.082156,11, 8, 3, 3, 8.51752, 2.61774, 0.723105, 0.012118, 16.345
5, 6, 80, 6, 3, 76, 29, 0.0432988, 0.0993476,11, 8, 3, 4, 8.62368, 2.7074, 0.701823, 0.01252, 16.5832
5, 6, 80, 6, 4, 76, 32, 0.0445921, 0.119061,13, 12, 1, 4, 8.42315, 2.67502, 0.783126, 0.012354, 16.4547
5, 6, 80, 6, 5, 76, 40, 0.0644773, 0.09187,10, 9, 1, 6, 8.65063, 3.13469, 0.934179, 0.011943, 17.3025
5, 6, 80, 6, 6, 76, 33, 0.0296442, 0.0752492,11, 5, 6, 3, 8.50604, 2.77448, 0.784699, 0.015135, 16.35
5, 6, 80, 6, 7, 76, 37, 0.011236, 0.020245,6, 2, 4, 1, 8.79724, 2.90395, 0.862311, 0.011071, 16.9702
5, 6, 80, 6, 8, 76, 44, 0, 0,3, 0, 3, 0, 9.23685, 3.36301, 0.998802, 0.009314, 18.0782
5, 6, 80, 6, 9, 76, 70, 0, 0.00980392,6, 0, 6, 0, 10.6635, 4.87059, 1.55516, 0.012765, 21.5908
5, 6, 80, 6, 10, 76, 30, 0.0516456, 0.0969091,12, 10, 2, 5, 8.52093, 2.87725, 0.724131, 0.01285, 16.7934
5, 6, 80, 6, 11, 76, 96, 0.0426844, 0.0694751,14, 6, 8, 5, 10.2997, 5.91687, 2.08695, 0.01802, 22.7971
5, 6, 80, 6, 12, 76, 82, 0.00869565, 0.00869565,2, 1, 1, 1, 10.0483, 5.15874, 1.78079, 0.009253, 21.389
5, 6, 80, 6, 13, 76, 79, 0.0168779, 0.0168779,10, 2, 8, 2, 9.47834, 5.04041, 1.73731, 0.012229, 20.5943
5, 6, 80, 6, 14, 76, 55, 0.0625878, 0.0819155,11, 8, 3, 7, 9.74498, 4.15945, 1.25312, 0.013691, 19.5046
5, 6, 80, 7, 1, 102, 35, 0.0282154, 0.0864137,12, 3, 9, 3, 8.5729, 2.83913, 1.09115, 0.01583, 16.9755
5, 6, 80, 7, 2, 102, 30, 0.0268734, 0.0627104,9, 4, 5, 3, 8.21751, 2.59784, 0.94119, 0.013607, 16.1695
5, 6, 80, 7, 3, 102, 29, 0.0196154, 0.0196154,4, 2, 2, 2, 8.86141, 2.55696, 0.911782, 0.012164, 16.9124
5, 6, 80, 7, 4, 102, 32, 0.0182059, 0.046989,8, 2, 6, 2, 8.32989, 2.732, 0.996383, 0.014648, 16.5827
5, 6, 80, 7, 5, 102, 40, 0.0263251, 0.0466932,11, 3, 8, 3, 8.68466, 3.18056, 1.23329, 0.015505, 17.7072
5, 6, 80, 7, 6, 102, 33, 0.0179085, 0.0550156,8, 4, 4, 2, 8.63333, 2.75541, 1.02886, 0.013101, 16.6609
5, 6, 80, 7, 7, 102, 37, 0.0177005, 0.0177005,5, 2, 3, 2, 8.68999, 2.97117, 1.12856, 0.013226, 17.2316
5, 6, 80, 7, 8, 102, 44, 0.0195076, 0.0684258,9, 5, 4, 2, 9.3421, 3.29844, 1.32392, 0.013552, 18.5436
5, 6, 80, 7, 9, 102, 70, 0.00917431, 0.0571156,9, 1, 8, 1, 10.6675, 4.81714, 2.06802, 0.014759, 22.0497
5, 6, 80, 7, 10, 102, 30, 0.00892857, 0.0466036,8, 1, 7, 1, 8.24323, 2.6444, 0.942432, 0.013982, 16.3248
5, 6, 80, 7, 11, 102, 96, 0.0260413, 0.047396,8, 4, 4, 3, 10.306, 5.94583, 2.78075, 0.015375, 23.4804
5, 6, 80, 7, 12, 102, 82, 0.019638, 0.0451014,8, 2, 6, 2, 10.0486, 5.21777, 2.37315, 0.013632, 22.1434
5, 6, 80, 7, 13, 102, 79, 0.0173966, 0.0549612,8, 4, 4, 2, 9.47751, 5.36883, 2.29963, 0.013511, 21.4571
5, 6, 80, 7, 14, 102, 55, 0.02617, 0.0728238,10, 3, 7, 3, 9.56328, 3.82374, 1.63958, 0.014834, 19.3876
5, 6, 80, 8, 1, 89, 35, 0.0182195, 0.0478971,8, 2, 6, 2, 8.2447, 2.86029, 0.949626, 0.013221, 16.3983
5, 6, 80, 8, 2, 89, 30, 0.00917431, 0.017795,5, 2, 3, 1, 8.69567, 2.56464, 0.824356, 0.011327, 16.5567
5, 6, 80, 8, 3, 89, 29, 0.00980392, 0.00980392,2, 1, 1, 1, 8.69704, 2.72369, 0.814977, 0.026485, 16.881
5, 6, 80, 8, 4, 89, 32, 0, 0.0288696,7, 0, 7, 0, 8.30944, 2.72979, 0.877145, 0.013011, 16.4752
5, 6, 80, 8, 5, 89, 40, 0.00934579, 0.0178204,6, 1, 5, 1, 8.63424, 3.20661, 1.08826, 0.011683, 17.5274
5, 6, 80, 8, 6, 89, 33, 0, 0.011236,3, 0, 3, 0, 8.81297, 2.86546, 0.89785, 0.011157, 16.9001
5, 6, 80, 8, 7, 89, 37, 0.0351158, 0.0351158,6, 4, 2, 4, 8.67962, 2.91786, 0.994359, 0.012404, 17.0425
5, 6, 80, 8, 8, 89, 44, 0.0273963, 0.0675706,10, 4, 6, 3, 9.32533, 3.29372, 1.172, 0.014778, 18.2751
5, 6, 80, 8, 9, 89, 70, 0, 0.0352665,9, 0, 9, 0, 10.9033, 4.76082, 1.80547, 0.014524, 22.1165
5, 6, 80, 8, 10, 89, 30, 0.0180195, 0.0446211,7, 2, 5, 2, 8.26842, 2.60765, 0.832132, 0.012715, 16.2145
5, 6, 80, 8, 11, 89, 96, 0.00877193, 0.0396602,9, 1, 8, 1, 10.2872, 6.29416, 2.42434, 0.01537, 23.4524
5, 6, 80, 8, 12, 89, 82, 0.0379245, 0.0798767,10, 4, 6, 4, 10.2534, 5.24819, 2.07794, 0.014348, 22.0922
5, 6, 80, 8, 13, 89, 79, 0.0359537, 0.0955773,14, 5, 9, 4, 9.46399, 5.27599, 2.03534, 0.016362, 21.1218
5, 6, 80, 8, 14, 89, 55, 0.0372688, 0.0852496,10, 6, 4, 4, 9.43019, 3.83158, 1.42805, 0.013296, 18.9797
5, 6, 80, 9, 1, 85, 35, 0.0382527, 0.0564481,6, 4, 2, 4, 8.28137, 2.85139, 0.908276, 0.011166, 16.3987
5, 6, 80, 9, 2, 85, 30, 0.0277214, 0.0537411,6, 4, 2, 3, 8.41108, 2.552, 0.788442, 0.013422, 16.2145
5, 6, 80, 9, 3, 85, 29, 0, 0,3, 0, 3, 0, 8.7523, 2.57205, 0.767136, 0.009774, 16.6634
5, 6, 80, 9, 4, 85, 32, 0, 0,3, 0, 3, 0, 8.30413, 2.72395, 0.851742, 0.009769, 16.4123
5, 6, 80, 9, 5, 85, 40, 0.0172427, 0.025646,3, 3, 0, 2, 8.66628, 3.08378, 1.0279, 0.008953, 17.3413
5, 6, 80, 9, 6, 85, 33, 0, 0,0, 0, 0, 0, 8.52137, 2.72892, 0.853153, 0.007174, 16.3671
5, 6, 80, 9, 7, 85, 37, 0.0277444, 0.0277444,3, 3, 0, 3, 8.61875, 2.96596, 0.947797, 0.009849, 16.9455
5, 6, 80, 9, 8, 85, 44, 0.0265665, 0.0669426,8, 4, 4, 3, 9.18503, 3.29942, 1.1281, 0.012524, 18.1477
5, 6, 80, 9, 9, 85, 70, 0, 0.0275389,6, 0, 6, 0, 10.7056, 4.6292, 1.71305, 0.012694, 21.586
5, 6, 80, 9, 10, 85, 30, 0, 0,2, 0, 2, 0, 8.26863, 2.63347, 0.800085, 0.009914, 16.2468
5, 6, 80, 9, 11, 85, 96, 0.0190753, 0.0464244,6, 3, 3, 2, 10.287, 5.90177, 2.31691, 0.01297, 22.9694
5, 6, 80, 9, 12, 85, 82, 0.00925926, 0.00925926,5, 1, 4, 1, 10.354, 5.29409, 1.98487, 0.011096, 22.1647
5, 6, 80, 9, 13, 85, 79, 0, 0,2, 0, 2, 0, 9.6228, 5.31956, 1.92496, 0.00995, 21.1878
5, 6, 80, 9, 14, 85, 55, 0, 0,0, 0, 0, 0, 9.48439, 3.83874, 1.35838, 0.007805, 18.9487
5, 6, 80, 10, 1, 85, 35, 0.0182059, 0.0182059,3, 2, 1, 2, 8.32347, 2.9239, 0.893742, 0.010771, 16.481
5, 6, 80, 10, 2, 85, 30, 0, 0,1, 0, 1, 0, 8.50079, 2.71595, 0.787219, 0.009103, 16.5278
5, 6, 80, 10, 3, 85, 29, 0.0181954, 0.0181954,3, 2, 1, 2, 8.5218, 2.57095, 0.764601, 0.009834, 16.3975
5, 6, 80, 10, 4, 85, 32, 0.0274579, 0.0459828,5, 5, 0, 3, 8.6714, 2.74258, 0.834797, 0.010325, 16.8611
5, 6, 80, 10, 5, 85, 40, 0.0280626, 0.0280626,5, 3, 2, 3, 9.04459, 3.23057, 1.03158, 0.01242, 17.9809
5, 6, 80, 10, 6, 85, 33, 0.00917431, 0.00917431,2, 1, 1, 1, 8.67897, 2.95683, 0.862511, 0.011327, 16.8535
5, 6, 80, 10, 7, 85, 37, 0, 0,0, 0, 0, 0, 8.96074, 3.21428, 0.973429, 0.007791, 17.6019
5, 6, 80, 10, 8, 85, 44, 0.00892857, 0.00892857,4, 1, 3, 1, 9.68242, 3.51021, 1.10993, 0.010961, 19.0012
5, 6, 80, 10, 9, 85, 70, 0.00990099, 0.0187505,3, 2, 1, 1, 11.021, 4.60102, 1.709, 0.011052, 21.9427
5, 6, 80, 10, 10, 85, 30, 0.00869565, 0.00869565,2, 1, 1, 1, 8.25582, 2.65076, 0.80372, 0.01025, 16.2056
5, 6, 80, 10, 11, 85, 96, 0.00854701, 0.00854701,3, 1, 2, 1, 10.4032, 5.87791, 2.3094, 0.009984, 23.1579
5, 6, 80, 10, 12, 85, 82, 0.0179549, 0.0179549,3, 2, 1, 2, 10.1856, 5.40122, 1.98511, 0.009899, 22.0731
5, 6, 80, 10, 13, 85, 79, 0.0173926, 0.0261646,5, 3, 2, 2, 9.78618, 5.1065, 1.92466, 0.010816, 21.1797
5, 6, 80, 10, 14, 85, 55, 0.0174836, 0.0174836,3, 2, 1, 2, 9.44059, 3.91069, 1.3598, 0.009934, 19.0241
5, 6, 80, 11, 1, 94, 35, 0.00869565, 0.0261792,6, 2, 4, 1, 8.57301, 2.99714, 0.994669, 0.012634, 17.0223
5, 6, 80, 11, 2, 94, 30, 0.0194166, 0.0284256,5, 3, 2, 2, 8.57783, 2.7317, 0.873092, 0.013752, 16.7103
5, 6, 80, 11, 3, 94, 29, 0.00840336, 0.00840336,1, 1, 0, 1, 8.8299, 2.57751, 0.849461, 0.009709, 16.8839
5, 6, 80, 11, 4, 94, 32, 0.0351864, 0.0623788,7, 7, 0, 4, 8.49406, 2.8136, 0.924677, 0.011307, 16.8769
5, 6, 80, 11, 5, 94, 40, 0.043813, 0.0712459,10, 7, 3, 5, 8.91247, 3.33696, 1.12702, 0.013822, 18.0862
5, 6, 80, 11, 6, 94, 33, 0.0176215, 0.0260248,5, 2, 3, 2, 8.6546, 2.94265, 0.941636, 0.011622, 16.8079
5, 6, 80, 11, 7, 94, 37, 0.0181445, 0.0181445,4, 2, 2, 2, 8.56849, 3.07278, 1.03578, 0.012229, 17.0311
5, 6, 80, 11, 8, 94, 44, 0.00847458, 0.00847458,4, 1, 3, 1, 9.22584, 3.38974, 1.23209, 0.011017, 18.4125
5, 6, 80, 11, 9, 94, 70, 0, 0,0, 0, 0, 0, 10.6778, 4.70959, 1.85938, 0.007655, 21.7703
5, 6, 80, 11, 10, 94, 30, 0.0267295, 0.043976,6, 3, 3, 3, 8.59328, 2.77624, 0.874099, 0.012865, 16.8576
5, 6, 80, 11, 11, 94, 96, 0.0274635, 0.0662387,10, 5, 5, 3, 10.483, 6.11249, 2.56341, 0.014794, 23.7267
5, 6, 80, 11, 12, 94, 82, 0.0347995, 0.0633161,10, 4, 6, 4, 10.3195, 5.37623, 2.19605, 0.015004, 22.3991
5, 6, 80, 11, 13, 94, 79, 0.0356681, 0.0552041,9, 4, 5, 4, 9.49887, 5.00317, 2.11688, 0.013817, 21.0181
5, 6, 80, 11, 14, 94, 55, 0.0178204, 0.0266699,6, 2, 4, 2, 9.47944, 4.16932, 1.5213, 0.013331, 19.4672
5, 6, 80, 12, 1, 91, 35, 0.0195127, 0.0286036,5, 3, 2, 2, 8.32845, 2.89467, 0.981158, 0.011347, 16.6295
5, 6, 80, 12, 2, 91, 30, 0.0192468, 0.0373556,6, 3, 3, 2, 8.34364, 2.72195, 0.866224, 0.012935, 16.3957
5, 6, 80, 12, 3, 91, 29, 0.0200985, 0.0200985,4, 2, 2, 2, 8.79939, 2.63169, 0.804218, 0.010931, 16.8335
5, 6, 80, 12, 4, 91, 32, 0.0279322, 0.0548181,7, 5, 2, 3, 8.51998, 2.8173, 0.898055, 0.013406, 16.848
5, 6, 80, 12, 5, 91, 40, 0.0182652, 0.0461856,7, 3, 4, 2, 8.99605, 3.32513, 1.08734, 0.013492, 18.2111
5, 6, 80, 12, 6, 91, 33, 0.0276015, 0.0276015,3, 3, 0, 3, 8.75049, 2.72365, 0.922262, 0.011437, 16.7237
5, 6, 80, 12, 7, 91, 37, 0.0180312, 0.0180312,3, 2, 1, 2, 8.678, 2.91286, 1.00695, 0.011527, 16.9882
5, 6, 80, 12, 8, 91, 44, 0.00900901, 0.00900901,3, 1, 2, 1, 9.67904, 3.37886, 1.21766, 0.011031, 18.9996
5, 6, 80, 12, 9, 91, 70, 0, 0,1, 0, 1, 0, 11.1926, 4.84365, 1.86264, 0.011873, 22.571
5, 6, 80, 12, 10, 91, 30, 0.0183044, 0.0359423,5, 2, 3, 2, 8.56137, 2.56271, 0.845368, 0.012024, 16.5835
5, 6, 80, 12, 11, 91, 96, 0, 0.0284092,6, 0, 6, 0, 10.3335, 6.11347, 2.47251, 0.012464, 23.4564
5, 6, 80, 12, 12, 91, 82, 0.00917431, 0.0276267,5, 1, 4, 1, 10.015, 5.26159, 2.1245, 0.012444, 21.8339
5, 6, 80, 12, 13, 91, 79, 0.0177116, 0.0438908,7, 2, 5, 2, 9.61133, 5.02896, 2.1112, 0.014518, 21.1767
5, 6, 80, 12, 14, 91, 55, 0.0175493, 0.0266402,5, 2, 3, 2, 9.75953, 3.84086, 1.46412, 0.012033, 19.3267
5, 6, 80, 13, 1, 83, 35, 0.0465678, 0.0820576,11, 8, 3, 5, 8.26194, 2.98561, 0.893186, 0.012784, 16.5247
5, 6, 80, 13, 2, 83, 30, 0.0389942, 0.0476899,7, 5, 2, 4, 8.45601, 2.71909, 0.774736, 0.011613, 16.4313
5, 6, 80, 13, 3, 83, 29, 0.0258869, 0.0428361,6, 5, 1, 3, 8.53904, 2.51299, 0.764906, 0.011918, 16.423
5, 6, 80, 13, 4, 83, 32, 0.0444082, 0.088387,11, 9, 2, 5, 8.56404, 2.86308, 0.831278, 0.014037, 16.8503
5, 6, 80, 13, 5, 83, 40, 0.0384095, 0.0907996,13, 10, 3, 4, 8.8887, 3.04943, 1.0131, 0.014523, 17.7188
5, 6, 80, 13, 6, 83, 33, 0.0347579, 0.0347579,6, 4, 2, 4, 8.7217, 2.80649, 0.843494, 0.011081, 16.7176
5, 6, 80, 13, 7, 83, 37, 0, 0,2, 0, 2, 0, 8.62459, 3.13901, 0.930579, 0.009404, 17.0536
5, 6, 80, 13, 8, 83, 44, 0, 0,2, 0, 2, 0, 9.22883, 3.30866, 1.08649, 0.009889, 18.1488
5, 6, 80, 13, 9, 83, 70, 0, 0.00970874,4, 0, 4, 0, 10.6524, 4.62775, 1.67231, 0.011111, 21.4472
5, 6, 80, 13, 10, 83, 30, 0.0452281, 0.0717946,10, 6, 4, 5, 8.42458, 2.58377, 0.780542, 0.012774, 16.285
5, 6, 80, 13, 11, 83, 96, 0, 0.026816,8, 0, 8, 0, 10.2984, 5.97444, 2.25223, 0.012975, 22.9719
5, 6, 80, 13, 12, 83, 82, 0.0182557, 0.0360423,6, 2, 4, 2, 10.0088, 5.19754, 1.93947, 0.013457, 21.5618
5, 6, 80, 13, 13, 83, 79, 0.00970874, 0.0183294,6, 2, 4, 1, 9.53193, 5.12842, 1.87813, 0.011668, 20.9325
5, 6, 80, 13, 14, 83, 55, 0.0170241, 0.0266394,6, 2, 4, 2, 9.52189, 4.07988, 1.35556, 0.013165, 19.2906
5, 6, 80, 14, 1, 100, 35, 0.0368495, 0.0540248,7, 6, 1, 4, 8.48925, 2.79806, 1.05421, 0.011748, 16.7649
5, 6, 80, 14, 2, 100, 30, 0.00961538, 0.0186244,3, 2, 1, 1, 8.32425, 2.60273, 0.913601, 0.01039, 16.276
5, 6, 80, 14, 3, 100, 29, 0.0264016, 0.034805,4, 4, 0, 3, 8.86076, 2.62861, 0.948858, 0.010952, 17.1659
5, 6, 80, 14, 4, 100, 32, 0.0355972, 0.0704987,9, 6, 3, 4, 8.40012, 2.92899, 1.00716, 0.016042, 16.9167
5, 6, 80, 14, 5, 100, 40, 0.0538675, 0.0813444,13, 7, 6, 6, 8.75683, 3.26787, 1.19748, 0.014749, 17.8577
5, 6, 80, 14, 6, 100, 33, 0.00862069, 0.00862069,2, 1, 1, 1, 8.6019, 2.83285, 1.06703, 0.012164, 16.8195
5, 6, 80, 14, 7, 100, 37, 0.0173319, 0.0173319,3, 2, 1, 2, 8.66, 3.25012, 1.10609, 0.011117, 17.4274
5, 6, 80, 14, 8, 100, 44, 0.00884956, 0.00884956,1, 1, 0, 1, 9.34716, 3.46445, 1.31576, 0.009208, 18.6869
5, 6, 80, 14, 9, 100, 70, 0, 0,2, 0, 2, 0, 10.79, 4.75233, 1.99259, 0.010956, 22.0498
5, 6, 80, 14, 10, 100, 30, 0.0350788, 0.061432,7, 4, 3, 4, 8.37809, 2.61079, 0.935412, 0.012835, 16.5171
5, 6, 80, 14, 11, 100, 96, 0.0184246, 0.0457548,9, 3, 6, 2, 10.3728, 5.9719, 2.70878, 0.013987, 23.5285
5, 6, 80, 14, 12, 100, 82, 0.0268764, 0.0361357,7, 3, 4, 3, 9.99576, 5.18847, 2.30556, 0.014133, 21.9323
5, 6, 80, 14, 13, 100, 79, 0.0256499, 0.0431335,10, 4, 6, 3, 9.84603, 5.03033, 2.26216, 0.014303, 21.5206
5, 6, 80, 14, 14, 100, 55, 0.0513751, 0.0597785,9, 7, 2, 6, 9.64756, 3.83943, 1.60965, 0.0129, 19.3768
5, 6, 80, 15, 1, 86, 35, 0.0197625, 0.0402801,7, 2, 5, 2, 8.55068, 3.02587, 0.922103, 0.013015, 16.95
5, 6, 80, 15, 2, 86, 30, 0.00990099, 0.0295769,5, 1, 4, 1, 8.51389, 2.7201, 0.802003, 0.01244, 16.58
5, 6, 80, 15, 3, 86, 29, 0.0184807, 0.0184807,3, 2, 1, 2, 8.90986, 2.72242, 0.773598, 0.01048, 17.0465
5, 6, 80, 15, 4, 86, 32, 0.0183548, 0.0456335,7, 3, 4, 2, 8.78148, 2.84591, 0.849556, 0.012925, 17.1536
5, 6, 80, 15, 5, 86, 40, 0.0528925, 0.0822373,10, 6, 4, 6, 8.89685, 3.53154, 1.05604, 0.016062, 18.1866
5, 6, 80, 15, 6, 86, 33, 0.0257275, 0.0257275,6, 3, 3, 3, 8.84175, 2.78775, 0.89372, 0.012755, 16.8502
5, 6, 80, 15, 7, 86, 37, 0.0103093, 0.0190812,4, 1, 3, 1, 9.0214, 3.12738, 0.997028, 0.012835, 17.6248
5, 6, 80, 15, 8, 86, 44, 0.0271436, 0.0383796,6, 3, 3, 3, 9.62374, 3.59334, 1.14929, 0.013035, 19.052
5, 6, 80, 15, 9, 86, 70, 0.00840336, 0.00840336,1, 1, 0, 1, 11.0863, 4.8077, 1.73805, 0.009293, 22.3412
5, 6, 80, 15, 10, 86, 30, 0.00877193, 0.0269343,6, 1, 5, 1, 8.29102, 2.6473, 0.803311, 0.012314, 16.3012
5, 6, 80, 15, 11, 86, 96, 0.0257897, 0.0346392,6, 3, 3, 3, 10.3297, 6.19445, 2.35069, 0.012845, 23.3467
5, 6, 80, 15, 12, 86, 82, 0.0171753, 0.0262662,6, 2, 4, 2, 10.0545, 5.19699, 2.01001, 0.012078, 21.7075
5, 6, 80, 15, 13, 86, 79, 0.0360674, 0.0617097,7, 5, 2, 4, 9.58984, 5.00051, 1.94089, 0.012935, 20.9346
5, 6, 80, 15, 14, 86, 55, 0.0254237, 0.0338983,5, 3, 2, 3, 9.51949, 3.87105, 1.37909, 0.01048, 19.0423
