5, 5, 46.25, 2, 1, 374, 326, 10.3297, 12.5643,748, 390, 358, 240, 5.37275, 17.2595, 34.1442, 0.219248, 61.5053
5, 5, 46.25, 3, 1, 367, 326, 7.60794, 9.5678,734, 337, 397, 209, 5.02817, 17.2275, 33.5058, 0.191879, 60.4279
5, 5, 46.25, 3, 2, 367, 374, 9.69251, 12.0259,734, 399, 335, 246, 5.22202, 19.4455, 38.2304, 0.195481, 67.4113
5, 5, 46.25, 4, 1, 382, 326, 6.15577, 8.01149,764, 312, 452, 190, 5.12806, 17.2855, 34.9763, 0.197455, 62.0137
5, 5, 46.25, 4, 2, 382, 374, 7.37831, 9.46718,764, 352, 412, 215, 5.06765, 19.4613, 39.6901, 0.200686, 68.7525
5, 5, 46.25, 4, 3, 382, 367, 9.73361, 12.1936,764, 422, 342, 255, 5.09096, 19.1876, 38.9719, 0.20261, 67.7704
5, 5, 46.25, 5, 1, 409, 326, 5.57603, 7.3705,818, 313, 505, 189, 5.10309, 17.227, 37.4318, 0.209814, 64.446
5, 5, 46.25, 5, 2, 409, 374, 6.37809, 8.32914,818, 328, 490, 207, 5.08491, 19.4311, 42.6991, 0.214619, 71.7512
5, 5, 46.25, 5, 3, 409, 367, 8.19779, 10.5719,818, 420, 398, 253, 4.97236, 19.0592, 42.01, 0.217038, 70.4925
5, 5, 46.25, 5, 4, 409, 382, 10.9451, 13.5967,818, 471, 347, 279, 4.96223, 19.7612, 43.487, 0.2176, 72.7712
5, 5, 46.25, 6, 1, 289, 326, 6.85777, 8.70181,578, 304, 274, 189, 5.01317, 17.1571, 26.5445, 0.158188, 53.2702
5, 5, 46.25, 6, 2, 289, 374, 5.46353, 7.14483,578, 278, 300, 179, 5.08406, 19.5436, 30.514, 0.159506, 59.6663
5, 5, 46.25, 6, 3, 289, 367, 4.33356, 5.72995,578, 249, 329, 152, 5.07459, 19.5478, 29.8593, 0.155218, 58.9679
5, 5, 46.25, 6, 4, 289, 382, 2.92851, 4.69436,578, 176, 402, 112, 5.10971, 20.2155, 30.8874, 0.161484, 60.8089
5, 5, 46.25, 6, 5, 289, 409, 0.779434, 3.56531,578, 70, 508, 53, 5.03902, 21.0613, 33.0545, 0.173403, 63.7154
5, 5, 46.25, 7, 1, 347, 326, 0.508039, 1.31713,694, 43, 651, 31, 5.0139, 17.3999, 31.8086, 0.177637, 58.7893
5, 5, 46.25, 7, 2, 347, 374, 0.96229, 1.60811,694, 78, 616, 52, 5.07616, 19.4423, 36.1951, 0.197294, 65.2267
5, 5, 46.25, 7, 3, 347, 367, 1.20433, 1.71795,694, 96, 598, 59, 5.05439, 19.1803, 35.6272, 0.167422, 64.2651
5, 5, 46.25, 7, 4, 347, 382, 1.45822, 2.08917,694, 116, 578, 70, 4.94425, 19.7592, 36.8495, 0.168534, 66.0825
5, 5, 46.25, 7, 5, 347, 409, 1.82807, 2.53759,694, 132, 562, 79, 5.13111, 21.1007, 39.5413, 0.168308, 70.3473
5, 5, 46.25, 7, 6, 347, 289, 0.193406, 0.819752,694, 21, 673, 18, 4.917, 15.3357, 28.3416, 0.171263, 53.2429
5, 5, 46.25, 8, 1, 373, 326, 1.18653, 1.87612,746, 85, 661, 56, 4.98758, 17.2327, 34.2375, 0.187395, 61.0278
5, 5, 46.25, 8, 2, 373, 374, 1.37732, 1.95729,746, 91, 655, 62, 5.07633, 19.4242, 38.9159, 0.188998, 67.9546
5, 5, 46.25, 8, 3, 373, 367, 1.5618, 2.24971,746, 121, 625, 77, 4.99276, 19.1078, 38.4413, 0.183217, 67.0301
5, 5, 46.25, 8, 4, 373, 382, 1.88676, 2.6418,746, 129, 617, 82, 4.95195, 19.7376, 40.4508, 0.185842, 69.6472
5, 5, 46.25, 8, 5, 373, 409, 1.92683, 2.67966,746, 134, 612, 83, 5.24013, 21.3232, 42.7544, 0.18453, 74.0192
5, 5, 46.25, 8, 6, 373, 289, 0.256913, 1.06079,746, 28, 718, 25, 5.08504, 15.6642, 30.8758, 0.190972, 56.3039
5, 5, 46.25, 8, 7, 373, 347, 10.6309, 13.1087,746, 449, 297, 270, 4.96671, 18.6266, 36.61, 0.198136, 64.8861
5, 5, 46.25, 9, 1, 427, 326, 1.45309, 2.11144,854, 109, 745, 70, 5.13375, 17.1976, 39.0588, 0.204398, 66.1176
5, 5, 46.25, 9, 2, 427, 374, 1.64488, 2.31807,854, 113, 741, 74, 5.08535, 19.4335, 44.7627, 0.206608, 73.8273
5, 5, 46.25, 9, 3, 427, 367, 1.7547, 2.546,854, 136, 718, 86, 5.04599, 19.0557, 44.0775, 0.211027, 72.6286
5, 5, 46.25, 9, 4, 427, 382, 2.09813, 2.96121,854, 145, 709, 93, 5.08725, 20.1054, 46.1062, 0.229833, 75.8802
5, 5, 46.25, 9, 5, 427, 409, 1.95056, 2.76352,854, 151, 703, 92, 5.16245, 21.3311, 48.7462, 0.21028, 80.0128
5, 5, 46.25, 9, 6, 427, 289, 0.465241, 1.20668,854, 38, 816, 28, 4.87154, 15.3473, 35.2069, 0.212659, 60.0292
5, 5, 46.25, 9, 7, 427, 347, 9.54719, 11.9897,854, 459, 395, 274, 4.94563, 18.4287, 41.592, 0.223962, 69.5813
5, 5, 46.25, 9, 8, 427, 373, 12.0744, 14.8088,854, 498, 356, 294, 4.95393, 19.7434, 44.7724, 0.224037, 74.1119
5, 5, 46.25, 10, 1, 391, 326, 1.75679, 2.48361,782, 113, 669, 80, 5.1797, 17.422, 36.227, 0.19526, 63.5349
5, 5, 46.25, 10, 2, 391, 374, 1.91689, 2.71534,782, 132, 650, 86, 5.22333, 19.6953, 40.8532, 0.196102, 70.4796
5, 5, 46.25, 10, 3, 391, 367, 1.60858, 2.2991,782, 118, 664, 76, 4.95634, 19.2334, 40.0507, 0.189279, 68.6682
5, 5, 46.25, 10, 4, 391, 382, 1.30735, 1.90021,782, 103, 679, 65, 4.96042, 19.7598, 41.6677, 0.188482, 70.923
5, 5, 46.25, 10, 5, 391, 409, 1.3144, 1.93495,782, 99, 683, 67, 5.04369, 21.0935, 44.5118, 0.201547, 75.291
5, 5, 46.25, 10, 6, 391, 289, 1.31957, 1.89456,782, 89, 693, 62, 5.03649, 15.5343, 31.6808, 0.18762, 56.9291
5, 5, 46.25, 10, 7, 391, 347, 5.23471, 6.89922,782, 309, 473, 187, 4.81958, 18.005, 38.1495, 0.202951, 65.569
5, 5, 46.25, 10, 8, 391, 373, 5.90142, 7.80061,782, 346, 436, 205, 5.06974, 19.4684, 41.0295, 0.206818, 70.2942
5, 5, 46.25, 10, 9, 391, 427, 7.45768, 9.71564,782, 390, 392, 239, 5.15062, 22.2333, 46.8948, 0.207981, 78.9738
5, 5, 46.25, 11, 1, 376, 326, 2.18532, 3.05737,752, 151, 601, 97, 5.03753, 17.6978, 34.59, 0.185557, 61.9753
5, 5, 46.25, 11, 2, 376, 374, 1.87727, 2.63197,752, 120, 632, 80, 5.10031, 19.4095, 39.3931, 0.187866, 68.425
5, 5, 46.25, 11, 3, 376, 367, 1.57807, 2.25513,752, 106, 646, 72, 4.98064, 19.2053, 38.8409, 0.184335, 67.491
5, 5, 46.25, 11, 4, 376, 382, 1.18895, 1.72638,752, 80, 672, 55, 5.01838, 19.9547, 40.2302, 0.181679, 69.7671
5, 5, 46.25, 11, 5, 376, 409, 1.26496, 1.88823,752, 93, 659, 62, 5.08627, 21.1832, 43.0371, 0.184675, 73.9112
5, 5, 46.25, 11, 6, 376, 289, 1.67625, 2.35468,752, 114, 638, 76, 4.93673, 15.48, 30.7296, 0.183924, 55.717
5, 5, 46.25, 11, 7, 376, 347, 4.22004, 5.75866,752, 255, 497, 154, 4.84715, 18.112, 36.7244, 0.196578, 64.3395
5, 5, 46.25, 11, 8, 376, 373, 4.77592, 6.39221,752, 284, 468, 175, 4.9918, 19.448, 39.3951, 0.195767, 68.4716
5, 5, 46.25, 11, 9, 376, 427, 6.20338, 8.12149,752, 331, 421, 202, 5.0773, 22.0951, 44.9587, 0.196648, 76.711
5, 5, 46.25, 11, 10, 376, 391, 9.86897, 12.3266,752, 434, 318, 268, 5.10563, 20.5213, 41.1301, 0.201413, 71.3583
5, 5, 46.25, 12, 1, 359, 326, 1.9926, 2.82006,718, 137, 581, 92, 5.06405, 17.2835, 33.2888, 0.178658, 60.3058
5, 5, 46.25, 12, 2, 359, 374, 1.61782, 2.38252,718, 112, 606, 76, 5.10318, 19.7357, 37.5344, 0.179756, 66.8744
5, 5, 46.25, 12, 3, 359, 367, 1.45202, 2.09766,718, 101, 617, 71, 5.00138, 19.3581, 36.7918, 0.177626, 65.6693
5, 5, 46.25, 12, 4, 359, 382, 1.09878, 1.63884,718, 82, 636, 57, 5.11812, 19.9492, 38.245, 0.176744, 67.8713
5, 5, 46.25, 12, 5, 359, 409, 1.06714, 1.56058,718, 79, 639, 51, 5.16929, 21.2194, 40.9695, 0.173759, 72.0426
5, 5, 46.25, 12, 6, 359, 289, 1.80948, 2.51872,718, 116, 602, 77, 5.03525, 15.4682, 29.1064, 0.178854, 54.2679
5, 5, 46.25, 12, 7, 359, 347, 1.66099, 4.65232,718, 127, 591, 90, 4.94751, 18.3197, 34.8221, 0.204243, 62.8203
5, 5, 46.25, 12, 8, 359, 373, 4.18199, 5.70231,718, 255, 463, 153, 4.92366, 19.5842, 37.6608, 0.187926, 66.799
5, 5, 46.25, 12, 9, 359, 427, 5.25892, 6.97451,718, 301, 417, 180, 5.10749, 22.0509, 42.8631, 0.195396, 74.6231
5, 5, 46.25, 12, 10, 359, 391, 7.9977, 10.176,718, 382, 336, 239, 5.09393, 20.4835, 39.1064, 0.192831, 69.2459
5, 5, 46.25, 12, 11, 359, 376, 11.3142, 13.8662,718, 441, 277, 279, 5.24854, 19.9459, 38.0521, 0.195806, 67.9539
5, 5, 46.25, 13, 1, 289, 326, 1.30502, 1.87475,578, 88, 490, 62, 5.22569, 17.4361, 26.6238, 0.149692, 53.9274
5, 5, 46.25, 13, 2, 289, 374, 1.17981, 1.74295,578, 80, 498, 61, 5.22896, 19.8842, 30.3309, 0.146335, 60.0152
5, 5, 46.25, 13, 3, 289, 367, 0.895353, 1.33367,578, 75, 503, 52, 5.01172, 19.0647, 29.8328, 0.145103, 58.349
5, 5, 46.25, 13, 4, 289, 382, 0.495827, 0.861976,578, 37, 541, 28, 4.98125, 19.9386, 30.9628, 0.144632, 60.3812
5, 5, 46.25, 13, 5, 289, 409, 0.246854, 0.912477,578, 21, 557, 18, 5.0818, 21.0394, 33.2173, 0.15613, 63.9117
5, 5, 46.25, 13, 6, 289, 289, 1.73169, 2.43355,578, 117, 461, 76, 5.02449, 15.4571, 23.7641, 0.145639, 48.9275
5, 5, 46.25, 13, 7, 289, 347, 0.203704, 2.12371,578, 24, 554, 23, 4.79335, 18.138, 28.1577, 0.16423, 55.6691
5, 5, 46.25, 13, 8, 289, 373, 0.250048, 2.40796,578, 29, 549, 29, 4.97372, 19.6045, 30.2559, 0.166294, 59.3955
5, 5, 46.25, 13, 9, 289, 427, 0.661636, 3.35798,578, 66, 512, 56, 5.11067, 22.2389, 34.5103, 0.174761, 66.4523
5, 5, 46.25, 13, 10, 289, 391, 3.87654, 5.22468,578, 238, 340, 146, 5.14376, 20.5445, 31.6716, 0.154071, 61.8104
5, 5, 46.25, 13, 11, 289, 376, 5.50229, 7.12351,578, 285, 293, 173, 5.4127, 20.0069, 30.3679, 0.156665, 60.47
5, 5, 46.25, 13, 12, 289, 359, 6.27508, 8.00493,578, 309, 269, 185, 5.18151, 19.0196, 29.1426, 0.155553, 57.9467
5, 5, 46.25, 14, 1, 312, 326, 1.61107, 2.26736,624, 107, 517, 75, 5.13088, 17.4736, 28.5616, 0.156535, 55.8049
5, 5, 46.25, 14, 2, 312, 374, 1.42346, 2.04287,624, 95, 529, 71, 5.08576, 19.8623, 32.9481, 0.158579, 62.3642
5, 5, 46.25, 14, 3, 312, 367, 1.22578, 1.79582,624, 91, 533, 64, 5.00742, 19.1637, 32.3935, 0.158238, 61.1479
5, 5, 46.25, 14, 4, 312, 382, 0.928437, 1.3829,624, 70, 554, 50, 4.98191, 20.318, 33.6707, 0.159471, 63.491
5, 5, 46.25, 14, 5, 312, 409, 0.840279, 1.2924,624, 50, 574, 41, 5.19811, 21.6661, 36.2581, 0.158845, 67.7882
5, 5, 46.25, 14, 6, 312, 289, 1.77307, 2.47396,624, 122, 502, 78, 4.99917, 15.5715, 25.4706, 0.15625, 50.7465
5, 5, 46.25, 14, 7, 312, 347, 0.371058, 3.18161,624, 43, 581, 42, 4.79637, 18.4389, 30.5547, 0.186534, 58.3606
5, 5, 46.25, 14, 8, 312, 373, 0.724501, 3.58644,624, 67, 557, 54, 5.01628, 19.805, 33.0041, 0.190948, 62.5216
5, 5, 46.25, 14, 9, 312, 427, 2.87177, 4.77466,624, 188, 436, 118, 5.29126, 22.1541, 37.202, 0.172682, 69.334
5, 5, 46.25, 14, 10, 312, 391, 5.46375, 7.15192,624, 289, 335, 181, 5.06459, 20.2772, 34.3859, 0.170612, 64.1818
5, 5, 46.25, 14, 11, 312, 376, 7.50525, 9.56843,624, 365, 259, 226, 5.39224, 19.7613, 33.2397, 0.17682, 63.0804
5, 5, 46.25, 14, 12, 312, 359, 8.35478, 10.4869,624, 386, 238, 232, 5.18395, 18.8035, 31.4124, 0.175286, 60.0549
5, 5, 46.25, 14, 13, 312, 289, 8.42339, 10.3265,624, 332, 292, 206, 5.09579, 15.6798, 25.8561, 0.173198, 51.3242
5, 5, 46.25, 15, 1, 399, 326, 1.75178, 2.4572,798, 112, 686, 78, 5.02859, 17.353, 36.405, 0.19538, 63.4893
5, 5, 46.25, 15, 2, 399, 374, 1.84828, 2.58196,798, 118, 680, 78, 5.22152, 19.7107, 41.5909, 0.19465, 71.1635
5, 5, 46.25, 15, 3, 399, 367, 1.86421, 2.62902,798, 137, 661, 82, 4.99572, 19.1454, 40.6984, 0.190787, 69.3791
5, 5, 46.25, 15, 4, 399, 382, 1.78756, 2.57498,798, 136, 662, 87, 5.0481, 19.934, 42.39, 0.194179, 71.9958
5, 5, 46.25, 15, 5, 399, 409, 1.68635, 2.3829,798, 123, 675, 77, 5.04346, 21.1062, 45.3582, 0.195446, 76.127
5, 5, 46.25, 15, 6, 399, 289, 0.874398, 1.5496,798, 67, 731, 48, 4.92115, 15.4295, 32.4221, 0.196143, 57.4189
5, 5, 46.25, 15, 7, 399, 347, 7.25107, 9.35206,798, 399, 399, 237, 4.93771, 18.3398, 38.6855, 0.206313, 66.5637
5, 5, 46.25, 15, 8, 399, 373, 8.35363, 10.6977,798, 422, 376, 251, 4.88293, 19.3144, 41.3692, 0.208381, 70.1874
5, 5, 46.25, 15, 9, 399, 427, 11.8413, 14.6766,798, 493, 305, 297, 5.19908, 22.2292, 47.5954, 0.219588, 79.7318
5, 5, 46.25, 15, 10, 399, 391, 9.49081, 11.8627,798, 417, 381, 261, 5.10337, 20.3457, 44.0214, 0.216512, 74.005
5, 5, 46.25, 15, 11, 399, 376, 7.34191, 9.48321,798, 366, 432, 234, 5.37034, 19.7198, 41.7105, 0.216147, 71.5503
5, 5, 46.25, 15, 12, 399, 359, 6.4201, 8.34374,798, 348, 450, 213, 5.24956, 18.899, 40.0192, 0.206612, 68.9806
5, 5, 46.25, 15, 13, 399, 289, 2.09909, 3.93345,798, 140, 658, 95, 5.12798, 15.5136, 32.4281, 0.211558, 57.7929
5, 5, 46.25, 15, 14, 399, 312, 4.09178, 5.58299,798, 257, 541, 160, 5.00267, 16.4266, 34.9939, 0.203526, 61.0789
6, 6, 46.25, 2, 1, 100, 107, 2.65093, 3.34857,200, 107, 93, 69, 3.4393, 6.2725, 3.2408, 0.056605, 17.3247
6, 6, 46.25, 3, 1, 124, 107, 1.84361, 2.47132,248, 87, 161, 58, 3.41858, 6.26849, 3.98096, 0.067131, 18.0468
6, 6, 46.25, 3, 2, 124, 100, 2.3607, 3.09474,248, 115, 133, 71, 3.42881, 5.92698, 3.75245, 0.067582, 17.5297
6, 6, 46.25, 4, 1, 130, 107, 1.47494, 2.02212,260, 82, 178, 52, 3.5184, 6.28986, 4.17998, 0.071203, 18.3907
6, 6, 46.25, 4, 2, 130, 100, 1.92137, 2.54698,260, 98, 162, 63, 3.39803, 5.93905, 3.92084, 0.069991, 17.7005
6, 6, 46.25, 4, 3, 130, 124, 2.73915, 3.58933,260, 117, 143, 77, 3.57321, 7.08189, 4.81839, 0.071956, 20.0086
6, 6, 46.25, 5, 1, 139, 107, 1.31957, 1.78119,278, 68, 210, 45, 3.47468, 6.57274, 4.46981, 0.073638, 18.8953
6, 6, 46.25, 5, 2, 139, 100, 1.49362, 1.98549,278, 78, 200, 51, 3.4151, 5.94306, 4.19894, 0.07395, 17.999
6, 6, 46.25, 5, 3, 139, 124, 2.34517, 3.12657,278, 107, 171, 69, 3.57073, 7.21989, 5.15878, 0.075286, 20.4996
6, 6, 46.25, 5, 4, 139, 130, 3.9118, 4.91682,278, 142, 136, 93, 3.51828, 7.40882, 5.3329, 0.075783, 20.8071
6, 6, 46.25, 6, 1, 115, 107, 2.38236, 3.11568,230, 112, 118, 71, 3.42465, 6.23953, 3.71139, 0.064135, 17.7194
6, 6, 46.25, 6, 2, 115, 100, 2.01017, 2.72243,230, 114, 116, 70, 3.52599, 5.98736, 3.51768, 0.063118, 17.5424
6, 6, 46.25, 6, 3, 115, 124, 1.2129, 1.68052,230, 76, 154, 47, 3.55823, 7.07629, 4.28872, 0.062266, 19.4562
6, 6, 46.25, 6, 4, 115, 130, 0.922404, 1.37532,230, 55, 175, 40, 3.64003, 7.46419, 4.44519, 0.063509, 20.1578
6, 6, 46.25, 6, 5, 115, 139, 0.274082, 0.902288,230, 18, 212, 15, 3.58583, 7.82261, 4.7058, 0.068238, 20.7085
6, 6, 46.25, 7, 1, 142, 107, 1.61334, 2.19107,284, 88, 196, 57, 3.49199, 6.5042, 4.61524, 0.078894, 19.0688
6, 6, 46.25, 7, 2, 142, 100, 1.41848, 1.96372,284, 95, 189, 57, 3.43246, 5.91806, 4.28498, 0.074295, 18.0987
6, 6, 46.25, 7, 3, 142, 124, 0.874065, 1.35447,284, 54, 230, 39, 3.57882, 7.3625, 5.27744, 0.077811, 20.7714
6, 6, 46.25, 7, 4, 142, 130, 0.100848, 0.891729,284, 10, 274, 9, 3.62079, 7.6642, 5.54883, 0.084214, 21.5141
6, 6, 46.25, 7, 5, 142, 139, 0.0966066, 0.712216,284, 11, 273, 11, 3.61649, 7.87844, 5.79766, 0.08603, 21.9958
6, 6, 46.25, 7, 6, 142, 115, 2.97617, 3.78267,284, 139, 145, 86, 3.50035, 6.91846, 4.87887, 0.078143, 19.6259
6, 6, 46.25, 8, 1, 167, 107, 1.16585, 1.61474,334, 67, 267, 46, 3.39618, 6.2656, 5.34668, 0.085076, 19.3951
6, 6, 46.25, 8, 2, 167, 100, 0.699557, 1.27323,334, 45, 289, 29, 3.42934, 5.99575, 5.03146, 0.088117, 18.8931
6, 6, 46.25, 8, 3, 167, 124, 0.0768161, 0.700121,334, 8, 326, 8, 3.66311, 7.32934, 6.16235, 0.088859, 21.766
6, 6, 46.25, 8, 4, 167, 130, 0.0615684, 0.528156,334, 6, 328, 6, 3.51876, 7.38065, 6.38576, 0.086448, 21.8536
6, 6, 46.25, 8, 5, 167, 139, 0.0577429, 0.469774,334, 7, 327, 7, 3.59732, 8.08201, 6.77525, 0.085186, 23.054
6, 6, 46.25, 8, 6, 167, 115, 2.05165, 2.78468,334, 127, 207, 78, 3.40545, 6.64594, 5.69961, 0.086599, 20.0682
6, 6, 46.25, 8, 7, 167, 142, 3.18118, 4.08644,334, 174, 160, 103, 3.57954, 7.97537, 6.99874, 0.091358, 22.9154
6, 6, 46.25, 9, 1, 202, 107, 0.186112, 0.982887,404, 18, 386, 17, 3.42989, 6.31751, 6.45601, 0.108437, 20.6082
6, 6, 46.25, 9, 2, 202, 100, 0.087692, 0.817576,404, 10, 394, 10, 3.42004, 5.912, 6.06276, 0.113195, 19.8793
6, 6, 46.25, 9, 3, 202, 124, 0.0645959, 0.486315,404, 7, 397, 7, 3.61932, 7.36505, 7.45648, 0.10255, 23.026
6, 6, 46.25, 9, 4, 202, 130, 0.029408, 0.353182,404, 3, 401, 3, 3.5336, 7.36744, 7.70357, 0.097255, 23.2097
6, 6, 46.25, 9, 5, 202, 139, 0.0219259, 0.106879,404, 3, 401, 3, 3.57678, 7.97024, 8.18461, 0.093062, 24.3663
6, 6, 46.25, 9, 6, 202, 115, 1.47804, 2.05885,404, 106, 298, 64, 3.41021, 6.91749, 6.90478, 0.101723, 21.5301
6, 6, 46.25, 9, 7, 202, 142, 2.32231, 3.09059,404, 157, 247, 89, 3.56727, 8.16613, 8.34729, 0.103066, 24.4632
6, 6, 46.25, 9, 8, 202, 167, 4.16615, 5.31556,404, 224, 180, 128, 3.96494, 9.39425, 9.7365, 0.106332, 27.7031
6, 6, 46.25, 10, 1, 123, 107, 1.59088, 2.17501,246, 84, 162, 53, 3.4305, 6.26315, 3.956, 0.065122, 18.028
6, 6, 46.25, 10, 2, 123, 100, 2.07622, 2.73672,246, 102, 144, 64, 3.42863, 5.95048, 3.76376, 0.069776, 17.5668
6, 6, 46.25, 10, 3, 123, 124, 3.5369, 4.47568,246, 130, 116, 85, 3.5895, 7.09527, 4.5642, 0.068654, 19.8484
6, 6, 46.25, 10, 4, 123, 130, 3.49926, 4.45594,246, 136, 110, 88, 3.54477, 7.38089, 4.71779, 0.068333, 20.1807
6, 6, 46.25, 10, 5, 123, 139, 2.67502, 3.60941,246, 135, 111, 79, 3.5988, 7.83736, 5.03963, 0.068373, 21.0695
6, 6, 46.25, 10, 6, 123, 115, 1.11308, 1.56557,246, 72, 174, 48, 3.42262, 6.94051, 4.25829, 0.06942, 18.8987
6, 6, 46.25, 10, 7, 123, 142, 0.519906, 1.04723,246, 37, 209, 25, 3.571, 8.03359, 5.10726, 0.069255, 21.0753
6, 6, 46.25, 10, 8, 123, 167, 0.106364, 0.737127,246, 11, 235, 11, 3.89737, 9.4494, 6.00724, 0.072186, 23.8858
6, 6, 46.25, 10, 9, 123, 202, 0.0769636, 0.530256,246, 8, 238, 8, 4.29407, 11.3902, 7.20983, 0.072281, 27.4102
6, 6, 46.25, 11, 1, 185, 107, 0.207262, 0.309589,370, 14, 356, 12, 3.50563, 6.31074, 5.90513, 0.087626, 20.2316
6, 6, 46.25, 11, 2, 185, 100, 0.126126, 0.193411,370, 13, 357, 9, 3.49636, 6.15464, 5.5371, 0.088192, 19.6839
6, 6, 46.25, 11, 3, 185, 124, 0.0320576, 0.100462,370, 3, 367, 3, 3.56622, 7.09012, 6.82703, 0.088853, 22.0187
6, 6, 46.25, 11, 4, 185, 130, 0.0338979, 0.120984,370, 5, 365, 4, 3.52201, 7.42529, 7.12799, 0.090091, 22.6462
6, 6, 46.25, 11, 5, 185, 139, 0.0179426, 0.0563171,370, 2, 368, 2, 3.57298, 7.85023, 7.50106, 0.089118, 23.5565
6, 6, 46.25, 11, 6, 185, 115, 0.196356, 0.284053,370, 16, 354, 10, 3.40794, 6.66157, 6.40051, 0.089059, 20.7425
6, 6, 46.25, 11, 7, 185, 142, 0.326498, 0.485532,370, 27, 343, 17, 3.63409, 7.95893, 7.6324, 0.087746, 23.6507
6, 6, 46.25, 11, 8, 185, 167, 0.351151, 0.538568,370, 32, 338, 20, 3.89823, 9.27665, 8.92004, 0.090075, 26.6191
6, 6, 46.25, 11, 9, 185, 202, 0.35233, 0.532181,370, 35, 335, 21, 4.33559, 11.3809, 10.6657, 0.090417, 30.9033
6, 6, 46.25, 11, 10, 185, 123, 0.0222247, 0.0838357,370, 3, 367, 2, 3.51217, 7.04295, 6.69793, 0.085752, 21.7761
6, 6, 46.25, 12, 1, 172, 107, 0.146315, 0.226538,344, 12, 332, 10, 3.40674, 6.2727, 5.56754, 0.083683, 19.6469
6, 6, 46.25, 12, 2, 172, 100, 0.145705, 0.219237,344, 12, 332, 8, 3.5172, 5.94917, 5.15438, 0.083031, 19.1462
6, 6, 46.25, 12, 3, 172, 124, 0.0683286, 0.160466,344, 6, 338, 5, 3.57728, 7.10176, 6.38261, 0.085417, 21.6032
6, 6, 46.25, 12, 4, 172, 130, 0.0309281, 0.116901,344, 4, 340, 3, 3.64668, 7.52376, 6.5659, 0.081038, 22.3778
6, 6, 46.25, 12, 5, 172, 139, 0.0430213, 0.0875419,344, 4, 340, 4, 3.59758, 7.80199, 7.08431, 0.082536, 23.0983
6, 6, 46.25, 12, 6, 172, 115, 0.190607, 0.299023,344, 20, 324, 12, 3.41364, 6.62876, 5.94668, 0.083969, 20.2747
6, 6, 46.25, 12, 7, 172, 142, 0.277051, 0.424253,344, 27, 317, 17, 3.61693, 7.98676, 7.1097, 0.081734, 23.1143
6, 6, 46.25, 12, 8, 172, 167, 0.334159, 0.516416,344, 33, 311, 19, 3.88387, 9.28313, 8.29528, 0.082631, 25.989
6, 6, 46.25, 12, 9, 172, 202, 0.271874, 0.393485,344, 22, 322, 13, 4.32429, 11.3995, 9.9307, 0.084195, 30.1616
6, 6, 46.25, 12, 10, 172, 123, 0.0488024, 0.174422,344, 4, 340, 3, 3.5182, 7.04116, 6.2491, 0.080923, 21.3311
6, 6, 46.25, 12, 11, 172, 185, 5.73021, 7.11886,344, 229, 115, 140, 3.9404, 10.1266, 9.27178, 0.097921, 27.8421
6, 6, 46.25, 13, 1, 161, 107, 0.259148, 0.374906,322, 18, 304, 13, 3.42412, 6.32851, 5.14689, 0.077846, 19.2764
6, 6, 46.25, 13, 2, 161, 100, 0.194568, 0.296931,322, 16, 306, 10, 3.50207, 6.14571, 4.90469, 0.081844, 19.0558
6, 6, 46.25, 13, 3, 161, 124, 0.0898905, 0.161632,322, 8, 314, 5, 3.61236, 7.31628, 5.95468, 0.07686, 21.5578
6, 6, 46.25, 13, 4, 161, 130, 0.0635904, 0.162645,322, 8, 314, 5, 3.51933, 7.40385, 6.26074, 0.081443, 21.7362
6, 6, 46.25, 13, 5, 161, 139, 0.00869565, 0.0551556,322, 1, 321, 1, 3.68586, 8.12804, 6.65359, 0.077241, 23.1758
6, 6, 46.25, 13, 6, 161, 115, 0.357127, 0.5033,322, 25, 297, 16, 3.50647, 6.61984, 5.49587, 0.078864, 19.9736
6, 6, 46.25, 13, 7, 161, 142, 0.479831, 0.658059,322, 31, 291, 20, 3.58033, 8.12852, 6.69831, 0.08182, 22.7577
6, 6, 46.25, 13, 8, 161, 167, 0.393156, 0.565566,322, 30, 292, 18, 3.89083, 9.27558, 7.76281, 0.079009, 25.4225
6, 6, 46.25, 13, 9, 161, 202, 0.312434, 0.465602,322, 28, 294, 16, 4.23914, 11.0122, 9.31009, 0.082035, 29.086
6, 6, 46.25, 13, 10, 161, 123, 0.136452, 0.215777,322, 12, 310, 9, 3.63324, 7.14768, 5.84994, 0.07955, 21.2565
6, 6, 46.25, 13, 11, 161, 185, 3.41251, 4.47225,322, 180, 142, 106, 3.93544, 10.138, 8.621, 0.088647, 27.1919
6, 6, 46.25, 13, 12, 161, 172, 3.83647, 4.9556,322, 189, 133, 107, 3.85221, 9.48874, 7.99413, 0.087706, 25.7869
6, 6, 46.25, 14, 1, 128, 107, 0.234195, 0.328057,256, 12, 244, 10, 3.4104, 6.55945, 4.11598, 0.06415, 18.457
6, 6, 46.25, 14, 2, 128, 100, 0.247912, 0.359504,256, 16, 240, 12, 3.4134, 5.9394, 3.86028, 0.062492, 17.6507
6, 6, 46.25, 14, 3, 128, 124, 0.169336, 0.274507,256, 14, 242, 10, 3.56322, 7.13837, 4.72884, 0.062923, 19.9611
6, 6, 46.25, 14, 4, 128, 130, 0.13979, 0.23008,256, 8, 248, 8, 3.51142, 7.48537, 4.90119, 0.065388, 20.4415
6, 6, 46.25, 14, 5, 128, 139, 0.119775, 0.184179,256, 12, 244, 8, 3.57459, 7.95803, 5.23845, 0.06163, 21.3987
6, 6, 46.25, 14, 6, 128, 115, 0.280897, 0.383194,256, 15, 241, 11, 3.44665, 6.99639, 4.41626, 0.06411, 19.1213
6, 6, 46.25, 14, 7, 128, 142, 0.320709, 0.417392,256, 15, 241, 10, 3.59003, 7.97329, 5.31012, 0.064651, 21.2472
6, 6, 46.25, 14, 8, 128, 167, 0.239, 0.340019,256, 15, 241, 11, 3.91477, 9.36971, 6.18621, 0.062301, 23.9502
6, 6, 46.25, 14, 9, 128, 202, 0.168765, 0.251539,256, 11, 245, 8, 4.23765, 11.3557, 7.41492, 0.064536, 27.5286
6, 6, 46.25, 14, 10, 128, 123, 0.154023, 0.224486,256, 10, 246, 8, 3.50408, 7.08167, 4.66297, 0.062172, 19.7586
6, 6, 46.25, 14, 11, 128, 185, 1.58811, 2.2239,256, 106, 150, 62, 3.9501, 10.1378, 6.83105, 0.069525, 25.3715
6, 6, 46.25, 14, 12, 128, 172, 1.90665, 2.6083,256, 113, 143, 63, 3.92816, 9.59349, 6.39823, 0.071068, 24.439
6, 6, 46.25, 14, 13, 128, 161, 2.80311, 3.71459,256, 145, 111, 88, 3.70955, 8.91607, 6.02551, 0.075542, 23.0012
6, 6, 46.25, 15, 1, 150, 107, 0.236444, 0.405224,300, 18, 282, 13, 3.43578, 6.26772, 4.79809, 0.075712, 18.9312
6, 6, 46.25, 15, 2, 150, 100, 0.267219, 0.389214,300, 19, 281, 13, 3.42739, 5.93608, 4.57123, 0.075322, 18.3574
6, 6, 46.25, 15, 3, 150, 124, 0.373737, 0.53293,300, 25, 275, 16, 3.56507, 7.09559, 5.55723, 0.075803, 20.7778
6, 6, 46.25, 15, 4, 150, 130, 0.612812, 0.907638,300, 37, 263, 24, 3.53795, 7.50651, 5.7456, 0.074309, 21.3983
6, 6, 46.25, 15, 5, 150, 139, 0.303812, 0.452532,300, 28, 272, 16, 3.68478, 8.12753, 6.11891, 0.072587, 22.5527
6, 6, 46.25, 15, 6, 150, 115, 0.188886, 0.263235,300, 12, 288, 8, 3.39399, 6.82151, 5.17079, 0.075266, 19.6475
6, 6, 46.25, 15, 7, 150, 142, 0.152834, 0.241747,300, 11, 289, 7, 3.69664, 8.34032, 6.22829, 0.074525, 22.7262
6, 6, 46.25, 15, 8, 150, 167, 0.15102, 0.265071,300, 12, 288, 8, 3.90128, 9.43895, 7.24125, 0.073167, 25.1621
6, 6, 46.25, 15, 9, 150, 202, 0.0601809, 0.241979,300, 8, 292, 6, 4.26241, 10.9976, 8.64847, 0.073518, 28.4384
6, 6, 46.25, 15, 10, 150, 123, 0.571215, 0.82192,300, 33, 267, 23, 3.52017, 7.35481, 5.4836, 0.078719, 20.8833
6, 6, 46.25, 15, 11, 150, 185, 0.799298, 1.42625,300, 58, 242, 38, 3.9272, 10.1503, 7.97276, 0.081204, 26.5532
6, 6, 46.25, 15, 12, 150, 172, 1.06663, 1.63352,300, 69, 231, 41, 3.831, 9.51066, 7.46929, 0.082982, 25.2596
6, 6, 46.25, 15, 13, 150, 161, 1.87498, 2.60544,300, 117, 183, 71, 3.71691, 9.03669, 6.9946, 0.078834, 24.1455
6, 6, 46.25, 15, 14, 150, 128, 2.68394, 3.42103,300, 117, 183, 71, 3.62923, 7.40043, 5.72827, 0.081093, 21.0646
5, 6, 46.25, 1, 1, 326, 107, 0, 0.0120482,652, 0, 652, 0, 3.76809, 6.43712, 10.6096, 0.170062, 25.4374
5, 6, 46.25, 1, 2, 326, 100, 0.0301282, 0.0693655,652, 4, 648, 3, 3.40964, 6.15381, 9.77833, 0.147488, 23.8927
5, 6, 46.25, 1, 3, 326, 124, 0.0136986, 0.0324203,652, 2, 650, 1, 3.58498, 7.26618, 11.9324, 0.144402, 27.5846
5, 6, 46.25, 1, 4, 326, 130, 0.0194175, 0.0442801,652, 4, 648, 2, 3.59831, 7.45681, 12.5091, 0.146135, 28.1808
5, 6, 46.25, 1, 5, 326, 139, 0, 0,652, 0, 652, 0, 3.61326, 7.84055, 13.2716, 0.143575, 29.4435
5, 6, 46.25, 1, 6, 326, 115, 0, 0.0255617,652, 0, 652, 0, 3.4116, 6.84461, 11.0877, 0.14396, 25.7081
5, 6, 46.25, 1, 7, 326, 142, 0, 0.0121951,652, 0, 652, 0, 3.57974, 8.01251, 13.517, 0.159364, 29.5299
5, 6, 46.25, 1, 8, 326, 167, 0.0111111, 0.0188034,652, 2, 650, 1, 3.88816, 9.52015, 15.7895, 0.147483, 33.8108
5, 6, 46.25, 1, 9, 326, 202, 0.0228334, 0.0493564,652, 3, 649, 2, 4.35688, 11.2259, 18.8896, 0.150629, 39.0768
5, 6, 46.25, 1, 10, 326, 123, 0.0266955, 0.0516625,652, 4, 648, 3, 3.52047, 7.10693, 11.794, 0.14646, 26.9985
5, 6, 46.25, 1, 11, 326, 185, 0.00970874, 0.0378669,652, 1, 651, 1, 4.07112, 10.2611, 17.393, 0.145429, 36.318
5, 6, 46.25, 1, 12, 326, 172, 0.00833333, 0.0246213,652, 2, 650, 1, 3.85786, 9.4767, 16.2009, 0.145804, 34.0184
5, 6, 46.25, 1, 13, 326, 161, 0.018614, 0.0413312,652, 2, 650, 2, 3.72784, 8.97446, 15.2721, 0.148384, 32.3578
5, 6, 46.25, 1, 14, 326, 128, 0.0145202, 0.0373922,652, 2, 650, 2, 3.62399, 7.31391, 12.2935, 0.144812, 27.5664
5, 6, 46.25, 2, 1, 374, 107, 0.0113636, 0.0191761,748, 1, 747, 1, 3.40318, 6.29471, 11.8894, 0.172401, 26.0802
5, 6, 46.25, 2, 2, 374, 100, 0.0303473, 0.0578912,748, 5, 743, 3, 3.40815, 5.97261, 11.249, 0.166609, 25.1405
5, 6, 46.25, 2, 3, 374, 124, 0.0223214, 0.0481454,748, 4, 744, 2, 3.57932, 7.1399, 13.6309, 0.166084, 28.9831
5, 6, 46.25, 2, 4, 374, 130, 0.0113636, 0.018771,748, 1, 747, 1, 3.57909, 7.48629, 14.2657, 0.170398, 30.0749
5, 6, 46.25, 2, 5, 374, 139, 0.0126582, 0.0332586,748, 2, 746, 1, 3.60361, 7.96288, 15.2194, 0.167081, 31.5384
5, 6, 46.25, 2, 6, 374, 115, 0.00680272, 0.0286684,748, 1, 747, 1, 3.54769, 6.72756, 12.7087, 0.164751, 27.4152
5, 6, 46.25, 2, 7, 374, 142, 0, 0,748, 0, 748, 0, 3.74449, 8.39438, 15.4895, 0.165578, 32.2835
5, 6, 46.25, 2, 8, 374, 167, 0, 0.0106383,748, 0, 748, 0, 4.02734, 9.64666, 18.0681, 0.164125, 36.4176
5, 6, 46.25, 2, 9, 374, 202, 0.0200292, 0.0650139,748, 2, 746, 2, 4.25609, 11.1612, 21.633, 0.166059, 41.6568
5, 6, 46.25, 2, 10, 374, 123, 0.0078125, 0.0198607,748, 1, 747, 1, 3.57272, 7.0704, 13.5206, 0.16443, 28.763
5, 6, 46.25, 2, 11, 374, 185, 0.00925926, 0.0463516,748, 1, 747, 1, 4.07196, 10.4368, 19.927, 0.164997, 39.0751
5, 6, 46.25, 2, 12, 374, 172, 0, 0.0103093,748, 0, 748, 0, 3.83721, 9.49073, 18.6113, 0.16426, 36.4341
5, 6, 46.25, 2, 13, 374, 161, 0.0108696, 0.0446601,748, 1, 747, 1, 3.70833, 9.02005, 17.4445, 0.168162, 34.6325
5, 6, 46.25, 2, 14, 374, 128, 0.0176164, 0.0438499,748, 2, 746, 2, 3.7284, 7.59626, 14.0527, 0.166424, 29.7638
5, 6, 46.25, 3, 1, 367, 107, 0, 0,734, 0, 734, 0, 3.40719, 6.29892, 11.6597, 0.160548, 25.8649
5, 6, 46.25, 3, 2, 367, 100, 0.0337483, 0.0570705,734, 5, 729, 3, 3.43091, 6.26714, 11.0202, 0.167336, 25.3099
5, 6, 46.25, 3, 3, 367, 124, 0.0107527, 0.0173752,734, 2, 732, 1, 3.71107, 7.19781, 13.3772, 0.160563, 28.9953
5, 6, 46.25, 3, 4, 367, 130, 0.00990099, 0.026684,734, 1, 733, 1, 3.63775, 7.49018, 14.0091, 0.177872, 29.8643
5, 6, 46.25, 3, 5, 367, 139, 0, 0,734, 0, 734, 0, 3.61218, 7.85565, 14.9103, 0.160087, 31.0332
5, 6, 46.25, 3, 6, 367, 115, 0, 0.0189028,734, 0, 734, 0, 3.41166, 6.75004, 12.5336, 0.163919, 27.1158
5, 6, 46.25, 3, 7, 367, 142, 0, 0,734, 0, 734, 0, 3.65109, 8.1694, 15.2317, 0.160713, 31.5407
5, 6, 46.25, 3, 8, 367, 167, 0, 0.0106383,734, 0, 734, 0, 3.91567, 9.5915, 17.7241, 0.179989, 35.984
5, 6, 46.25, 3, 9, 367, 202, 0, 0.0248457,734, 0, 734, 0, 4.35546, 11.0422, 21.4023, 0.162823, 41.498
5, 6, 46.25, 3, 10, 367, 123, 0, 0,734, 0, 734, 0, 3.60009, 7.37872, 13.3425, 0.162091, 28.9576
5, 6, 46.25, 3, 11, 367, 185, 0, 0.0142857,734, 0, 734, 0, 4.0444, 10.158, 19.5069, 0.163123, 38.3359
5, 6, 46.25, 3, 12, 367, 172, 0.008, 0.0134945,734, 2, 732, 1, 3.94424, 9.92447, 18.3551, 0.164361, 36.8412
5, 6, 46.25, 3, 13, 367, 161, 0.0288216, 0.0561103,734, 3, 731, 3, 3.81798, 9.33029, 17.1351, 0.166334, 34.8421
5, 6, 46.25, 3, 14, 367, 128, 0.0078125, 0.0273713,734, 1, 733, 1, 3.61283, 7.52866, 13.8153, 0.162712, 29.3453
5, 6, 46.25, 4, 1, 382, 107, 0.00884956, 0.0149102,764, 1, 763, 1, 3.46249, 6.28313, 12.1624, 0.17989, 26.3705
5, 6, 46.25, 4, 2, 382, 100, 0, 0,764, 0, 764, 0, 3.40963, 6.29611, 11.389, 0.166004, 25.5848
5, 6, 46.25, 4, 3, 382, 124, 0.0106383, 0.0470101,764, 2, 762, 1, 3.55784, 7.13877, 13.919, 0.168844, 29.2686
5, 6, 46.25, 4, 4, 382, 130, 0.0204422, 0.0426044,764, 3, 761, 2, 3.66811, 7.514, 14.5717, 0.178473, 30.4726
5, 6, 46.25, 4, 5, 382, 139, 0.00543478, 0.0277979,764, 1, 763, 1, 3.59823, 7.88555, 15.5811, 0.171194, 31.7643
5, 6, 46.25, 4, 6, 382, 115, 0, 0.00909091,764, 0, 764, 0, 3.4366, 6.69986, 13.0123, 0.168022, 27.4951
5, 6, 46.25, 4, 7, 382, 142, 0.0102041, 0.0171006,764, 1, 763, 1, 3.56814, 8.07042, 15.866, 0.172942, 31.9536
5, 6, 46.25, 4, 8, 382, 167, 0.00714286, 0.0183788,764, 1, 763, 1, 3.89465, 9.28848, 18.4766, 0.168674, 36.267
5, 6, 46.25, 4, 9, 382, 202, 0, 0.0748968,764, 0, 764, 0, 4.29306, 10.9975, 22.0736, 0.168679, 41.9937
5, 6, 46.25, 4, 10, 382, 123, 0, 0,764, 0, 764, 0, 3.51216, 7.41755, 13.8797, 0.16646, 29.3934
5, 6, 46.25, 4, 11, 382, 185, 0.0111111, 0.0282825,764, 2, 762, 1, 3.95051, 10.1506, 20.3257, 0.171709, 38.9646
5, 6, 46.25, 4, 12, 382, 172, 0.0120482, 0.0193475,764, 2, 762, 1, 3.96597, 9.57841, 18.9572, 0.170533, 37.1475
5, 6, 46.25, 4, 13, 382, 161, 0.011236, 0.0292879,764, 2, 762, 1, 3.85462, 9.35545, 17.9099, 0.171143, 35.6451
5, 6, 46.25, 4, 14, 382, 128, 0.00724638, 0.029846,764, 1, 763, 1, 3.60593, 7.34125, 14.3757, 0.169015, 29.7088
5, 6, 46.25, 5, 1, 409, 107, 0, 0,818, 0, 818, 0, 3.57776, 6.33344, 12.9977, 0.180612, 27.4494
5, 6, 46.25, 5, 2, 409, 100, 0.00877193, 0.0219298,818, 1, 817, 1, 3.4073, 5.93353, 12.2225, 0.179229, 26.0787
5, 6, 46.25, 5, 3, 409, 124, 0.01, 0.0368288,818, 2, 816, 1, 3.56476, 7.18476, 14.9137, 0.179745, 30.3154
5, 6, 46.25, 5, 4, 409, 130, 0.0103093, 0.025416,818, 2, 816, 1, 3.51564, 7.41274, 15.5776, 0.178828, 31.1245
5, 6, 46.25, 5, 5, 409, 139, 0.015192, 0.0428757,818, 3, 815, 2, 3.56029, 7.89068, 16.6245, 0.17981, 32.7626
5, 6, 46.25, 5, 6, 409, 115, 0, 0,818, 0, 818, 0, 3.48166, 6.72161, 13.8989, 0.17733, 28.5324
5, 6, 46.25, 5, 7, 409, 142, 0.0108696, 0.0283403,818, 2, 816, 1, 3.63277, 8.01597, 16.9035, 0.178863, 33.1147
5, 6, 46.25, 5, 8, 409, 167, 0.00735294, 0.0181056,818, 1, 817, 1, 4.02339, 9.40219, 19.7309, 0.178238, 37.8155
5, 6, 46.25, 5, 9, 409, 202, 0.0344372, 0.234166,818, 5, 813, 4, 4.30471, 11.1151, 23.7191, 0.188373, 43.8645
5, 6, 46.25, 5, 10, 409, 123, 0, 0,818, 0, 818, 0, 3.68102, 7.44983, 14.8826, 0.183938, 30.7664
5, 6, 46.25, 5, 11, 409, 185, 0, 0.01,818, 0, 818, 0, 4.05828, 10.4949, 21.7792, 0.179805, 41.0243
5, 6, 46.25, 5, 12, 409, 172, 0.00714286, 0.0185065,818, 1, 817, 1, 3.82755, 9.70114, 20.3367, 0.178507, 38.4174
5, 6, 46.25, 5, 13, 409, 161, 0.0198976, 0.0425416,818, 2, 816, 2, 3.71534, 8.9492, 19.2526, 0.189159, 36.3573
5, 6, 46.25, 5, 14, 409, 128, 0, 0.011236,818, 0, 818, 0, 3.76601, 7.74176, 15.4708, 0.179941, 31.522
5, 6, 46.25, 6, 1, 289, 107, 0, 0.0175439,578, 0, 578, 0, 3.42754, 6.39705, 9.28748, 0.131527, 23.5842
5, 6, 46.25, 6, 2, 289, 100, 0.0314993, 0.134979,578, 4, 574, 3, 3.52006, 6.22772, 8.73823, 0.137303, 23.1835
5, 6, 46.25, 6, 3, 289, 124, 0.0140845, 0.0396475,578, 2, 576, 1, 3.73895, 7.51329, 10.675, 0.134978, 26.6018
5, 6, 46.25, 6, 4, 289, 130, 0, 0,578, 0, 578, 0, 3.69708, 7.77908, 11.0544, 0.126642, 27.2199
5, 6, 46.25, 6, 5, 289, 139, 0, 0.00934579,578, 0, 578, 0, 3.59682, 7.87583, 11.7564, 0.128525, 27.8887
5, 6, 46.25, 6, 6, 289, 115, 0, 0,578, 0, 578, 0, 3.52129, 6.89326, 9.82268, 0.127097, 24.6334
5, 6, 46.25, 6, 7, 289, 142, 0.00806452, 0.0132459,578, 2, 576, 1, 3.58761, 8.06831, 11.9649, 0.1281, 28.0761
5, 6, 46.25, 6, 8, 289, 167, 0.0133333, 0.0222619,578, 1, 577, 1, 3.96811, 9.49065, 13.9871, 0.130189, 32.0257
5, 6, 46.25, 6, 9, 289, 202, 0.0125, 0.0189516,578, 2, 576, 1, 4.233, 11.2856, 16.7597, 0.129747, 36.8581
5, 6, 46.25, 6, 10, 289, 123, 0, 0.0121951,578, 0, 578, 0, 3.50712, 7.2394, 10.5419, 0.127789, 25.9144
5, 6, 46.25, 6, 11, 289, 185, 0, 0.021279,578, 0, 578, 0, 3.95022, 10.2323, 15.4643, 0.131847, 34.1701
5, 6, 46.25, 6, 12, 289, 172, 0, 0.0586802,578, 0, 578, 0, 3.87952, 9.66494, 14.3791, 0.13291, 32.5019
5, 6, 46.25, 6, 13, 289, 161, 0, 0.0105263,578, 0, 578, 0, 3.77615, 9.20462, 13.5103, 0.129192, 30.9823
5, 6, 46.25, 6, 14, 289, 128, 0, 0.0244048,578, 0, 578, 0, 3.618, 7.3637, 10.9254, 0.129452, 26.2255
5, 6, 46.25, 7, 1, 347, 107, 0, 0,694, 0, 694, 0, 3.41055, 6.27213, 11.0437, 0.153078, 25.1896
5, 6, 46.25, 7, 2, 347, 100, 0.00854701, 0.0144994,694, 2, 692, 1, 3.41442, 5.95769, 10.4243, 0.155332, 24.2964
5, 6, 46.25, 7, 3, 347, 124, 0, 0,694, 0, 694, 0, 3.70685, 7.12964, 12.6422, 0.152087, 28.1815
5, 6, 46.25, 7, 4, 347, 130, 0.00819672, 0.013911,694, 1, 693, 1, 3.57665, 7.48599, 13.2769, 0.160012, 29.0386
5, 6, 46.25, 7, 5, 347, 139, 0.00943396, 0.0158856,694, 2, 692, 1, 3.75055, 8.12635, 14.1872, 0.152943, 30.871
5, 6, 46.25, 7, 6, 347, 115, 0.00961538, 0.027056,694, 1, 693, 1, 3.40805, 6.66689, 11.7931, 0.157623, 26.2531
5, 6, 46.25, 7, 7, 347, 142, 0, 0.0238095,694, 0, 694, 0, 3.5641, 8.1295, 14.4182, 0.156124, 30.5204
5, 6, 46.25, 7, 8, 347, 167, 0, 0.0718299,694, 0, 694, 0, 3.92695, 9.42926, 16.7627, 0.15665, 34.7659
5, 6, 46.25, 7, 9, 347, 202, 0.0566394, 0.379036,694, 9, 685, 6, 4.27524, 11.0744, 20.1221, 0.165538, 40.0773
5, 6, 46.25, 7, 10, 347, 123, 0.00588235, 0.0143569,694, 1, 693, 1, 3.5097, 7.15108, 12.5659, 0.153108, 27.831
5, 6, 46.25, 7, 11, 347, 185, 0.0179927, 0.071565,694, 3, 691, 2, 3.94953, 10.2065, 18.5072, 0.155368, 37.2281
5, 6, 46.25, 7, 12, 347, 172, 0.0284291, 0.0674873,694, 4, 690, 3, 3.81917, 9.55676, 17.2354, 0.159095, 35.1027
5, 6, 46.25, 7, 13, 347, 161, 0.0178637, 0.0344759,694, 2, 692, 2, 3.72901, 9.31567, 16.4662, 0.153729, 33.978
5, 6, 46.25, 7, 14, 347, 128, 0.0139589, 0.0396141,694, 3, 691, 2, 3.72546, 7.42868, 13.0998, 0.156986, 28.8194
5, 6, 46.25, 8, 1, 373, 107, 0, 0.0106383,746, 0, 746, 0, 3.42842, 6.31655, 11.9065, 0.163539, 26.1742
5, 6, 46.25, 8, 2, 373, 100, 0.0120482, 0.0204516,746, 2, 744, 1, 3.42886, 5.92121, 11.2824, 0.165673, 25.2421
5, 6, 46.25, 8, 3, 373, 124, 0, 0,746, 0, 746, 0, 3.57364, 7.40784, 13.6247, 0.163198, 29.2365
5, 6, 46.25, 8, 4, 373, 130, 0.0181639, 0.0358177,746, 2, 744, 2, 3.54608, 7.46698, 14.3264, 0.16919, 30.0452
5, 6, 46.25, 8, 5, 373, 139, 0.00632911, 0.0156749,746, 1, 745, 1, 3.63483, 8.01241, 15.225, 0.164215, 31.6227
5, 6, 46.25, 8, 6, 373, 115, 0, 0.0228093,746, 0, 746, 0, 3.59124, 6.88591, 12.6699, 0.164781, 27.5894
5, 6, 46.25, 8, 7, 373, 142, 0.00714286, 0.0273915,746, 1, 745, 1, 3.57417, 8.09273, 15.4068, 0.164115, 31.6367
5, 6, 46.25, 8, 8, 373, 167, 0.0123457, 0.0380863,746, 1, 745, 1, 3.95643, 9.61861, 18.181, 0.174119, 36.4291
5, 6, 46.25, 8, 9, 373, 202, 0.0566041, 0.267544,746, 8, 738, 5, 4.24771, 10.9955, 21.5616, 0.170798, 41.438
5, 6, 46.25, 8, 10, 373, 123, 0.0273769, 0.0685441,746, 4, 742, 3, 3.72172, 7.24441, 13.4911, 0.1646, 29.167
5, 6, 46.25, 8, 11, 373, 185, 0.010989, 0.0184517,746, 2, 744, 1, 4.14675, 10.2372, 19.9745, 0.164545, 39.0034
5, 6, 46.25, 8, 12, 373, 172, 0, 0.0378165,746, 0, 746, 0, 3.9007, 9.65084, 18.5451, 0.166169, 36.7571
5, 6, 46.25, 8, 13, 373, 161, 0, 0.012987,746, 0, 746, 0, 3.80679, 9.12899, 17.4777, 0.164605, 34.926
5, 6, 46.25, 8, 14, 373, 128, 0.0136829, 0.0515872,746, 3, 743, 2, 3.68712, 7.5351, 14.0025, 0.165207, 29.5936
5, 6, 46.25, 9, 1, 427, 107, 0.0201867, 0.0337469,854, 2, 852, 2, 3.39815, 6.26694, 13.5935, 0.195596, 27.7053
5, 6, 46.25, 9, 2, 427, 100, 0, 0.0106383,854, 0, 854, 0, 3.46445, 5.9554, 12.7167, 0.186273, 26.6732
5, 6, 46.25, 9, 3, 427, 124, 0.010989, 0.0181319,854, 1, 853, 1, 3.54845, 7.11241, 15.5419, 0.191438, 30.9107
5, 6, 46.25, 9, 4, 427, 130, 0, 0.0206349,854, 0, 854, 0, 3.50605, 7.41105, 16.2454, 0.187596, 31.8013
5, 6, 46.25, 9, 5, 427, 139, 0.00952381, 0.0161463,854, 1, 853, 1, 3.60157, 8.02088, 17.4455, 0.188928, 33.8357
5, 6, 46.25, 9, 6, 427, 115, 0, 0,854, 0, 854, 0, 3.3967, 6.67465, 14.5174, 0.186308, 28.9435
5, 6, 46.25, 9, 7, 427, 142, 0.010101, 0.0404462,854, 1, 853, 1, 3.58241, 8.01419, 17.651, 0.195095, 33.7315
5, 6, 46.25, 9, 8, 427, 167, 0, 0,854, 0, 854, 0, 3.88952, 9.67245, 20.6686, 0.188542, 38.8202
5, 6, 46.25, 9, 9, 427, 202, 0.0677593, 0.208602,854, 11, 843, 6, 4.35243, 11.2286, 24.6948, 0.191203, 44.9586
5, 6, 46.25, 9, 10, 427, 123, 0, 0,854, 0, 854, 0, 3.52391, 7.24344, 15.5507, 0.188858, 30.9702
5, 6, 46.25, 9, 11, 427, 185, 0.0078125, 0.0350654,854, 1, 853, 1, 3.97375, 10.5039, 22.6968, 0.18762, 41.7496
5, 6, 46.25, 9, 12, 427, 172, 0.00729927, 0.0329031,854, 1, 853, 1, 3.81228, 9.49999, 21.1928, 0.18683, 39.0418
5, 6, 46.25, 9, 13, 427, 161, 0, 0.0153846,854, 0, 854, 0, 3.70019, 8.92586, 19.9093, 0.196644, 36.9796
5, 6, 46.25, 9, 14, 427, 128, 0.0180421, 0.0304014,854, 2, 852, 2, 3.61512, 7.39946, 16.041, 0.192901, 31.4398
5, 6, 46.25, 10, 1, 391, 107, 0, 0.0102041,782, 0, 782, 0, 3.55388, 6.57188, 12.4373, 0.171931, 27.0988
5, 6, 46.25, 10, 2, 391, 100, 0, 0.0105263,782, 0, 782, 0, 3.54271, 6.18591, 11.6773, 0.171895, 26.0626
5, 6, 46.25, 10, 3, 391, 124, 0.00719424, 0.0180638,782, 1, 781, 1, 3.67805, 7.16891, 14.415, 0.174405, 29.9748
5, 6, 46.25, 10, 4, 391, 130, 0.0153763, 0.0300248,782, 3, 779, 2, 3.53291, 7.40378, 14.9232, 0.175282, 30.5336
5, 6, 46.25, 10, 5, 391, 139, 0, 0,782, 0, 782, 0, 3.57399, 7.9855, 15.8725, 0.169685, 32.117
5, 6, 46.25, 10, 6, 391, 115, 0, 0.0102041,782, 0, 782, 0, 3.3968, 6.64701, 13.3259, 0.171705, 27.6976
5, 6, 46.25, 10, 7, 391, 142, 0.00980392, 0.0166066,782, 2, 780, 1, 3.56601, 8.01446, 16.1861, 0.172662, 32.2157
5, 6, 46.25, 10, 8, 391, 167, 0, 0,782, 0, 782, 0, 3.91539, 9.30507, 18.8547, 0.1776, 36.6399
5, 6, 46.25, 10, 9, 391, 202, 0.0243459, 0.0647833,782, 3, 779, 3, 4.23043, 11.04, 22.603, 0.177882, 42.4636
5, 6, 46.25, 10, 10, 391, 123, 0, 0,782, 0, 782, 0, 3.51512, 7.04519, 14.1649, 0.173644, 29.3755
5, 6, 46.25, 10, 11, 391, 185, 0.011236, 0.0295242,782, 2, 780, 1, 4.08188, 10.4435, 20.8227, 0.175757, 40.0099
5, 6, 46.25, 10, 12, 391, 172, 0.00724638, 0.0305053,782, 1, 781, 1, 3.88636, 9.86403, 19.4387, 0.175658, 37.8102
5, 6, 46.25, 10, 13, 391, 161, 0.0366168, 0.0762908,782, 4, 778, 4, 3.83039, 9.35896, 18.2619, 0.175122, 36.0014
5, 6, 46.25, 10, 14, 391, 128, 0.01, 0.0165359,782, 1, 781, 1, 3.77435, 7.57479, 14.6899, 0.181885, 30.5546
5, 6, 46.25, 11, 1, 376, 107, 0.011236, 0.0189283,752, 1, 751, 1, 3.51119, 6.50564, 12.0058, 0.171925, 26.5705
5, 6, 46.25, 11, 2, 376, 100, 0.0274142, 0.075685,752, 3, 749, 3, 3.55138, 5.96834, 11.2957, 0.169576, 25.5706
5, 6, 46.25, 11, 3, 376, 124, 0.0159216, 0.0337607,752, 2, 750, 2, 3.69658, 7.3546, 13.7836, 0.171304, 29.5664
5, 6, 46.25, 11, 4, 376, 130, 0.0188679, 0.0314545,752, 2, 750, 2, 3.56397, 7.50874, 14.3193, 0.168885, 30.0973
5, 6, 46.25, 11, 5, 376, 139, 0, 0,752, 0, 752, 0, 3.57646, 7.85546, 15.3256, 0.164376, 31.4361
5, 6, 46.25, 11, 6, 376, 115, 0.010101, 0.0169037,752, 1, 751, 1, 3.43585, 6.79166, 12.7671, 0.172115, 27.3703
5, 6, 46.25, 11, 7, 376, 142, 0.00970874, 0.0162022,752, 2, 750, 1, 3.56279, 8.32453, 15.5842, 0.167646, 32.0403
5, 6, 46.25, 11, 8, 376, 167, 0, 0,752, 0, 752, 0, 3.90981, 9.40064, 18.2362, 0.16419, 36.2271
5, 6, 46.25, 11, 9, 376, 202, 0.0369337, 0.100661,752, 5, 747, 4, 4.40354, 11.3023, 21.8291, 0.172245, 42.2406
5, 6, 46.25, 11, 10, 376, 123, 0.0189578, 0.0317375,752, 2, 750, 2, 3.6233, 7.15303, 13.7165, 0.175572, 29.2704
5, 6, 46.25, 11, 11, 376, 185, 0, 0,752, 0, 752, 0, 4.00239, 10.3937, 20.0053, 0.166104, 38.9796
5, 6, 46.25, 11, 12, 376, 172, 0, 0.0113636,752, 0, 752, 0, 3.89554, 9.72532, 18.7002, 0.165292, 36.9378
5, 6, 46.25, 11, 13, 376, 161, 0.0139864, 0.0375158,752, 2, 750, 2, 3.70235, 9.29216, 17.6579, 0.168398, 35.1021
5, 6, 46.25, 11, 14, 376, 128, 0.00980392, 0.0262409,752, 1, 751, 1, 3.78179, 7.58228, 14.2699, 0.172056, 30.1587
5, 6, 46.25, 12, 1, 359, 107, 0.00833333, 0.0321429,718, 1, 717, 1, 3.49997, 6.51419, 11.4961, 0.158639, 26.0269
5, 6, 46.25, 12, 2, 359, 100, 0.0189255, 0.0363722,718, 3, 715, 2, 3.42331, 6.00527, 10.8293, 0.161289, 24.8245
5, 6, 46.25, 12, 3, 359, 124, 0.0146767, 0.0315678,718, 3, 715, 2, 3.67247, 7.26032, 13.1358, 0.16416, 28.7663
5, 6, 46.25, 12, 4, 359, 130, 0.0291635, 0.0636407,718, 4, 714, 4, 3.52966, 7.39256, 13.7601, 0.168479, 29.4105
5, 6, 46.25, 12, 5, 359, 139, 0, 0,718, 0, 718, 0, 3.69757, 7.89032, 14.5814, 0.156184, 30.9465
5, 6, 46.25, 12, 6, 359, 115, 0.0382606, 0.0643817,718, 5, 713, 4, 3.431, 6.81169, 12.3521, 0.160939, 27.0114
5, 6, 46.25, 12, 7, 359, 142, 0.0282266, 0.0546104,718, 4, 714, 3, 3.69401, 7.99097, 14.8543, 0.162657, 31.0607
5, 6, 46.25, 12, 8, 359, 167, 0, 0,718, 0, 718, 0, 3.90061, 9.24627, 17.3225, 0.156695, 35.1083
5, 6, 46.25, 12, 9, 359, 202, 0.0367589, 0.07644,718, 4, 714, 3, 4.25011, 11.3808, 20.8033, 0.16175, 41.1322
5, 6, 46.25, 12, 10, 359, 123, 0.0212433, 0.0354933,718, 3, 715, 2, 3.59438, 7.17987, 13.0057, 0.167091, 28.4766
5, 6, 46.25, 12, 11, 359, 185, 0, 0,718, 0, 718, 0, 3.91867, 10.115, 19.0796, 0.156811, 37.6739
5, 6, 46.25, 12, 12, 359, 172, 0.0147059, 0.0361459,718, 2, 716, 1, 3.8076, 9.47217, 17.8589, 0.160092, 35.6409
5, 6, 46.25, 12, 13, 359, 161, 0.00694444, 0.0272299,718, 1, 717, 1, 3.70748, 8.99442, 16.7574, 0.159325, 33.9209
5, 6, 46.25, 12, 14, 359, 128, 0.00980392, 0.0160932,718, 2, 716, 1, 3.61681, 7.34205, 13.5125, 0.159952, 28.8177
5, 6, 46.25, 13, 1, 289, 107, 0, 0,578, 0, 578, 0, 3.49327, 6.41603, 9.18881, 0.126893, 23.5903
5, 6, 46.25, 13, 2, 289, 100, 0.010989, 0.0282304,578, 1, 577, 1, 3.3905, 5.9392, 8.72156, 0.134402, 22.5416
5, 6, 46.25, 13, 3, 289, 124, 0, 0.0108696,578, 0, 578, 0, 3.69921, 7.4337, 10.6087, 0.129939, 26.4272
5, 6, 46.25, 13, 4, 289, 130, 0.00990099, 0.0158534,578, 2, 576, 1, 3.64198, 7.48228, 11.0309, 0.127764, 26.8872
5, 6, 46.25, 13, 5, 289, 139, 0.00990099, 0.0164799,578, 2, 576, 1, 3.57489, 7.85669, 11.7535, 0.12821, 27.8075
5, 6, 46.25, 13, 6, 289, 115, 0.0102041, 0.0171006,578, 1, 577, 1, 3.51433, 6.66195, 9.82975, 0.135819, 24.3858
5, 6, 46.25, 13, 7, 289, 142, 0, 0.0128205,578, 0, 578, 0, 3.57301, 8.00926, 11.9583, 0.135822, 27.9508
5, 6, 46.25, 13, 8, 289, 167, 0, 0.0350996,578, 0, 578, 0, 4.00894, 9.31197, 13.9742, 0.129553, 31.9013
5, 6, 46.25, 13, 9, 289, 202, 0.0425262, 0.0750692,578, 6, 572, 4, 4.23295, 10.9956, 16.7167, 0.129708, 36.5098
5, 6, 46.25, 13, 10, 289, 123, 0, 0,578, 0, 578, 0, 3.52601, 7.14446, 10.4846, 0.129197, 25.7236
5, 6, 46.25, 13, 11, 289, 185, 0.0113636, 0.0183081,578, 2, 576, 1, 3.95411, 10.3898, 15.4146, 0.128781, 34.2519
5, 6, 46.25, 13, 12, 289, 172, 0.00877193, 0.0323865,578, 1, 577, 1, 3.8162, 9.55388, 14.4076, 0.130679, 32.2823
5, 6, 46.25, 13, 13, 289, 161, 0.00952381, 0.0385093,578, 1, 577, 1, 3.77514, 8.94001, 13.5214, 0.137848, 30.633
5, 6, 46.25, 13, 14, 289, 128, 0.00769231, 0.0511687,578, 1, 577, 1, 3.64231, 7.3177, 10.868, 0.130224, 26.1871
5, 6, 46.25, 14, 1, 312, 107, 0.0183824, 0.0352603,624, 3, 621, 2, 3.40666, 6.25905, 9.95428, 0.14121, 24.0475
5, 6, 46.25, 14, 2, 312, 100, 0.0324611, 0.0734385,624, 4, 620, 4, 3.42585, 5.94922, 9.31739, 0.140143, 23.2764
5, 6, 46.25, 14, 3, 312, 124, 0.0256137, 0.0491718,624, 3, 621, 3, 3.64938, 7.12302, 11.3781, 0.139767, 26.8298
5, 6, 46.25, 14, 4, 312, 130, 0.00934579, 0.0155186,624, 1, 623, 1, 3.62632, 7.45376, 11.8982, 0.14374, 27.6821
5, 6, 46.25, 14, 5, 312, 139, 0.00806452, 0.0136825,624, 1, 623, 1, 3.5743, 7.84981, 12.7023, 0.145493, 28.7818
5, 6, 46.25, 14, 6, 312, 115, 0, 0,624, 0, 624, 0, 3.49036, 6.7053, 10.6035, 0.136621, 25.2626
5, 6, 46.25, 14, 7, 312, 142, 0.0078125, 0.020633,624, 1, 623, 1, 3.71944, 8.06728, 12.9016, 0.13826, 29.1757
5, 6, 46.25, 14, 8, 312, 167, 0, 0.0135135,624, 0, 624, 0, 3.89016, 9.34097, 15.0857, 0.14105, 32.9368
5, 6, 46.25, 14, 9, 312, 202, 0.0123457, 0.0551592,624, 1, 623, 1, 4.41435, 11.3338, 18.0442, 0.141862, 38.5211
5, 6, 46.25, 14, 10, 312, 123, 0, 0,624, 0, 624, 0, 3.66103, 7.10855, 11.2894, 0.136301, 26.713
5, 6, 46.25, 14, 11, 312, 185, 0, 0.0323338,624, 0, 624, 0, 3.95185, 10.1037, 16.6145, 0.14137, 35.1981
5, 6, 46.25, 14, 12, 312, 172, 0, 0.0881651,624, 0, 624, 0, 3.82032, 9.5264, 15.5314, 0.159227, 33.4359
5, 6, 46.25, 14, 13, 312, 161, 0.0108696, 0.0183323,624, 1, 623, 1, 3.6945, 9.19223, 14.5807, 0.144191, 31.9057
5, 6, 46.25, 14, 14, 312, 128, 0.00645161, 0.0411297,624, 1, 623, 1, 3.62467, 7.34529, 11.7756, 0.140499, 27.0703
5, 6, 46.25, 15, 1, 399, 107, 0.00892857, 0.0150261,798, 1, 797, 1, 3.41248, 6.26591, 12.6797, 0.183112, 26.8456
5, 6, 46.25, 15, 2, 399, 100, 0, 0,798, 0, 798, 0, 3.39375, 5.93156, 11.9423, 0.174941, 25.7889
5, 6, 46.25, 15, 3, 399, 124, 0.0111111, 0.0179138,798, 2, 796, 1, 3.5477, 7.09585, 14.5274, 0.174761, 29.7821
5, 6, 46.25, 15, 4, 399, 130, 0.0165839, 0.0318728,798, 2, 796, 2, 3.56375, 7.41156, 15.1966, 0.177706, 30.8074
5, 6, 46.25, 15, 5, 399, 139, 0.00961538, 0.0268156,798, 2, 796, 1, 3.5704, 7.85613, 16.1941, 0.175412, 32.3173
5, 6, 46.25, 15, 6, 399, 115, 0, 0,798, 0, 798, 0, 3.48064, 6.64194, 13.5529, 0.1771, 28.1131
5, 6, 46.25, 15, 7, 399, 142, 0.0127537, 0.0318648,798, 2, 796, 2, 3.60146, 8.0718, 16.4892, 0.175557, 32.6403
5, 6, 46.25, 15, 8, 399, 167, 0, 0,798, 0, 798, 0, 3.94265, 9.34989, 19.2289, 0.173724, 37.1935
5, 6, 46.25, 15, 9, 399, 202, 0.0446434, 0.149309,798, 7, 791, 4, 4.29964, 11.0384, 23.0731, 0.180217, 43.1125
5, 6, 46.25, 15, 10, 399, 123, 0, 0,798, 0, 798, 0, 3.60296, 7.01877, 14.422, 0.172988, 29.7501
5, 6, 46.25, 15, 11, 399, 185, 0.0121951, 0.0484833,798, 1, 797, 1, 3.96432, 10.2792, 21.3326, 0.187967, 40.1278
5, 6, 46.25, 15, 12, 399, 172, 0.0178847, 0.0517451,798, 2, 796, 2, 3.9954, 9.65363, 19.815, 0.180351, 38.1276
5, 6, 46.25, 15, 13, 399, 161, 0.0106383, 0.0341203,798, 1, 797, 1, 3.72392, 8.98994, 18.6152, 0.182742, 35.7874
5, 6, 46.25, 15, 14, 399, 128, 0.0305062, 0.0506207,798, 4, 794, 3, 3.61841, 7.28899, 14.9662, 0.17942, 30.2659
