5, 5, 65, 2, 1, 215, 194, 1118.46, 1667.97,271, 253, 18, 140, 4.52723, 19.5198, 2.57349, 0.112444, 31.2847
5, 5, 65, 3, 1, 201, 194, 921.104, 1524.97,270, 250, 20, 124, 4.13575, 21.7921, 2.14566, 0.077596, 32.7427
5, 5, 65, 3, 2, 201, 215, 1110.6, 1705.63,283, 257, 26, 141, 4.16299, 19.4645, 2.57615, 0.083778, 30.7138
5, 5, 65, 4, 1, 229, 194, 932.286, 1653.65,311, 286, 25, 134, 4.11059, 17.6568, 2.43346, 0.089259, 28.792
5, 5, 65, 4, 2, 229, 215, 1169.28, 1973.52,350, 311, 39, 159, 4.11834, 19.2508, 2.87772, 0.099529, 30.7377
5, 5, 65, 4, 3, 229, 201, 1258.19, 2202.67,391, 356, 35, 161, 4.02257, 18.273, 2.67643, 0.105475, 29.4773
5, 5, 65, 5, 1, 225, 194, 783.315, 1425.19,284, 262, 22, 128, 4.12061, 17.4849, 2.41432, 0.084725, 28.6257
5, 5, 65, 5, 2, 225, 215, 908.587, 1644.82,324, 284, 40, 145, 4.18728, 19.3886, 2.79071, 0.095907, 30.8902
5, 5, 65, 5, 3, 225, 201, 1085, 1914.77,371, 333, 38, 167, 3.90234, 18.0731, 2.62567, 0.101368, 28.9606
5, 5, 65, 5, 4, 225, 229, 1378.37, 2677.61,486, 455, 31, 177, 4.10373, 20.3792, 3.01727, 0.136225, 32.0901
5, 5, 65, 6, 1, 167, 194, 978.654, 1421.82,231, 221, 10, 125, 3.98898, 18.9605, 1.83122, 0.065513, 29.3161
5, 5, 65, 6, 2, 167, 215, 854.179, 1316.34,233, 216, 17, 122, 4.05389, 19.0431, 2.10188, 0.066956, 29.593
5, 5, 65, 6, 3, 167, 201, 733.544, 1209.48,234, 224, 10, 119, 3.87791, 20.6252, 1.98991, 0.067056, 30.7948
5, 5, 65, 6, 4, 167, 229, 504.974, 1125.74,259, 208, 51, 84, 3.99066, 20.1304, 2.22412, 0.078007, 30.761
5, 5, 65, 6, 5, 167, 225, 196.646, 813.153,228, 137, 91, 36, 4.02577, 19.9725, 2.13585, 0.077516, 30.6024
5, 5, 65, 7, 1, 214, 194, 326.907, 770.93,196, 140, 56, 62, 4.06938, 17.4669, 2.30659, 0.06911, 28.3709
5, 5, 65, 7, 2, 214, 215, 436.923, 881.956,205, 171, 34, 83, 4.00963, 19.0501, 2.64768, 0.06929, 30.1088
5, 5, 65, 7, 3, 214, 201, 554.285, 1142.93,254, 234, 20, 107, 3.88681, 18.5392, 2.45716, 0.075432, 29.1911
5, 5, 65, 7, 4, 214, 229, 626.054, 1488.71,324, 282, 42, 112, 3.96736, 22.7973, 2.80386, 0.094239, 33.9773
5, 5, 65, 7, 5, 214, 225, 715.025, 1734,369, 327, 42, 124, 4.00472, 19.9681, 2.75602, 0.100962, 31.2615
5, 5, 65, 7, 6, 214, 167, 155.506, 487.324,147, 75, 72, 34, 3.90759, 14.9829, 2.13217, 0.062291, 25.4483
5, 5, 65, 8, 1, 213, 194, 434.245, 913.929,207, 177, 30, 83, 3.98196, 19.2333, 2.23442, 0.069455, 29.9468
5, 5, 65, 8, 2, 213, 215, 541.842, 1030.38,228, 207, 21, 105, 4.00904, 21.6069, 2.63905, 0.07204, 32.6351
5, 5, 65, 8, 3, 213, 201, 640.63, 1296.43,283, 266, 17, 121, 4.04662, 18.2913, 2.50097, 0.082847, 29.258
5, 5, 65, 8, 4, 213, 229, 627.906, 1604.97,353, 322, 31, 114, 3.97533, 20.5268, 2.80903, 0.098051, 31.7773
5, 5, 65, 8, 5, 213, 225, 671.321, 1752.58,379, 351, 28, 114, 4.13611, 20.3783, 2.79754, 0.101533, 31.9053
5, 5, 65, 8, 6, 213, 167, 166.165, 518.039,160, 83, 77, 39, 4.02755, 15.275, 2.17161, 0.069105, 25.9871
5, 5, 65, 8, 7, 213, 214, 1386.17, 2668.21,473, 451, 22, 165, 4.01257, 19.8988, 2.53936, 0.115465, 31.0641
5, 5, 65, 9, 1, 247, 194, 489.981, 998.996,221, 193, 28, 93, 3.94201, 17.1717, 2.5298, 0.072902, 28.1004
5, 5, 65, 9, 2, 247, 215, 563.379, 1092.1,241, 212, 29, 106, 3.9977, 19.2808, 2.99179, 0.077706, 30.6512
5, 5, 65, 9, 3, 247, 201, 629.002, 1278.73,278, 253, 25, 116, 3.89262, 18.0499, 2.80941, 0.083593, 29.0815
5, 5, 65, 9, 4, 247, 229, 697.455, 1723.91,374, 333, 41, 118, 3.97726, 20.1647, 3.13589, 0.103537, 31.7323
5, 5, 65, 9, 5, 247, 225, 707.891, 1929.35,421, 381, 40, 125, 4.0439, 19.935, 3.13589, 0.1129, 31.6672
5, 5, 65, 9, 6, 247, 167, 321.788, 704.847,186, 125, 61, 65, 3.91226, 15.3162, 2.44477, 0.070763, 26.122
5, 5, 65, 9, 7, 247, 214, 1338.77, 2666.17,480, 428, 52, 165, 3.97675, 19.477, 2.8888, 0.127183, 30.9159
5, 5, 65, 9, 8, 247, 213, 1418.47, 2861.3,510, 468, 42, 171, 3.9564, 19.3404, 3.10842, 0.128946, 30.9195
5, 5, 65, 10, 1, 209, 194, 539.648, 922.692,193, 154, 39, 94, 3.94866, 17.731, 2.13825, 0.067392, 28.2711
5, 5, 65, 10, 2, 209, 215, 574, 965.358,196, 163, 33, 95, 4.01129, 18.9902, 2.56002, 0.068062, 29.9403
5, 5, 65, 10, 3, 209, 201, 524.265, 992.162,214, 181, 33, 97, 3.91195, 18, 2.40018, 0.071474, 28.6535
5, 5, 65, 10, 4, 209, 229, 456.705, 1122.82,255, 202, 53, 86, 3.97879, 26.8435, 2.70144, 0.08502, 37.9321
5, 5, 65, 10, 5, 209, 225, 425.226, 994.253,222, 179, 43, 80, 3.98701, 19.9632, 2.59262, 0.076995, 31.0234
5, 5, 65, 10, 6, 209, 167, 413.789, 706.469,149, 120, 29, 74, 3.97088, 15.3263, 2.05389, 0.057427, 25.7697
5, 5, 65, 10, 7, 209, 214, 828.092, 1494.84,287, 249, 38, 123, 3.95457, 19.084, 2.40517, 0.086053, 29.9621
5, 5, 65, 10, 8, 209, 213, 868.695, 1630.19,306, 269, 37, 125, 3.96525, 20.2717, 2.57074, 0.092456, 31.2841
5, 5, 65, 10, 9, 209, 247, 1009.09, 1844.91,340, 291, 49, 142, 4.19768, 21.9601, 2.96167, 0.099328, 33.6902
5, 5, 65, 11, 1, 224, 194, 566.446, 959.808,191, 142, 49, 94, 3.9505, 17.2536, 2.30821, 0.070368, 27.9587
5, 5, 65, 11, 2, 224, 215, 538.978, 898.34,189, 146, 43, 96, 4.1215, 19.5886, 2.71356, 0.069445, 30.8462
5, 5, 65, 11, 3, 224, 201, 490.926, 930.064,206, 169, 37, 93, 3.88727, 19.2401, 2.5113, 0.070953, 29.9411
5, 5, 65, 11, 4, 224, 229, 420.577, 1035.27,241, 175, 66, 79, 3.99849, 33.5387, 3.02051, 0.086784, 45.0042
5, 5, 65, 11, 5, 224, 225, 447.177, 983.611,229, 174, 55, 88, 4.10561, 20.2885, 2.77552, 0.081008, 31.7659
5, 5, 65, 11, 6, 224, 167, 476.462, 784.82,167, 133, 34, 86, 3.9021, 15.0871, 2.18717, 0.062356, 25.6608
5, 5, 65, 11, 7, 224, 214, 734.617, 1343.6,268, 217, 51, 111, 3.97972, 20.0558, 2.54922, 0.086433, 31.1444
5, 5, 65, 11, 8, 224, 213, 828.281, 1473.2,282, 243, 39, 124, 4.01692, 20.2297, 2.71153, 0.087075, 31.4682
5, 5, 65, 11, 9, 224, 247, 985.187, 1741.47,324, 279, 45, 141, 4.04033, 24.5791, 3.10243, 0.097134, 36.2063
5, 5, 65, 11, 10, 224, 209, 984.993, 1539.37,272, 229, 43, 133, 3.97121, 18.7581, 2.64509, 0.08466, 29.7489
5, 5, 65, 12, 1, 219, 194, 528.914, 924.829,199, 144, 55, 93, 3.98381, 17.1884, 2.27922, 0.071715, 27.8994
5, 5, 65, 12, 2, 219, 215, 499.251, 898.077,198, 154, 44, 91, 4.05599, 19.0598, 2.63598, 0.07186, 30.148
5, 5, 65, 12, 3, 219, 201, 427.288, 801.55,180, 146, 34, 82, 3.89605, 18.3218, 2.46147, 0.064716, 28.9846
5, 5, 65, 12, 4, 219, 229, 398.647, 949.53,221, 157, 64, 75, 3.99465, 20.2203, 2.7825, 0.081519, 31.4158
5, 5, 65, 12, 5, 219, 225, 362.384, 838.736,198, 138, 60, 72, 4.00523, 20.4246, 2.69085, 0.077962, 31.5981
5, 5, 65, 12, 6, 219, 167, 524.033, 810.026,164, 126, 38, 85, 3.90216, 15.0466, 2.1564, 0.062868, 25.5595
5, 5, 65, 12, 7, 219, 214, 299.223, 807.662,228, 118, 110, 53, 3.96572, 19.4256, 2.46193, 0.086188, 30.3319
5, 5, 65, 12, 8, 219, 213, 616.747, 1180.57,243, 183, 60, 101, 4.07978, 19.216, 2.63979, 0.084084, 30.537
5, 5, 65, 12, 9, 219, 247, 845.525, 1468.42,285, 219, 66, 128, 4.03623, 21.663, 3.0274, 0.093788, 33.1903
5, 5, 65, 12, 10, 219, 209, 994.033, 1404.26,240, 193, 47, 127, 3.96014, 18.5828, 2.57619, 0.079079, 29.4938
5, 5, 65, 12, 11, 219, 224, 1227.31, 1678.67,267, 232, 35, 154, 4.11801, 19.5917, 2.38337, 0.081414, 30.5923
5, 5, 65, 13, 1, 171, 194, 428.603, 654.553,136, 123, 13, 75, 4.02831, 18.2109, 1.78772, 0.047258, 28.4682
5, 5, 65, 13, 2, 171, 215, 368.95, 611.562,133, 111, 22, 69, 4.01729, 19.224, 2.12343, 0.051837, 29.733
5, 5, 65, 13, 3, 171, 201, 271.873, 464.786,103, 87, 16, 52, 3.8867, 18.0872, 1.92486, 0.042142, 28.1723
5, 5, 65, 13, 4, 171, 229, 187.209, 505.9,132, 96, 36, 39, 4.02835, 24.6328, 2.16851, 0.052282, 35.213
5, 5, 65, 13, 5, 171, 225, 105.189, 371.101,118, 71, 47, 21, 4.03976, 19.9645, 2.09591, 0.050579, 30.5579
5, 5, 65, 13, 6, 171, 167, 393.273, 578.804,118, 93, 25, 69, 3.94918, 14.9989, 1.74193, 0.049486, 25.1101
5, 5, 65, 13, 7, 171, 214, 74.2952, 372.648,129, 55, 74, 16, 4.03962, 19.057, 1.97493, 0.057968, 29.6112
5, 5, 65, 13, 8, 171, 213, 88.571, 341.417,119, 52, 67, 20, 3.97547, 19.1851, 2.03964, 0.05361, 29.7273
5, 5, 65, 13, 9, 171, 247, 176.299, 496.98,152, 73, 79, 37, 4.19971, 22.4792, 2.33678, 0.061495, 33.5522
5, 5, 65, 13, 10, 171, 209, 601.404, 871.7,163, 132, 31, 90, 3.96978, 32.9001, 2.02532, 0.05906, 43.2661
5, 5, 65, 13, 11, 171, 224, 670.061, 950.645,169, 141, 28, 100, 4.10886, 19.5933, 1.85701, 0.059145, 30.048
5, 5, 65, 13, 12, 171, 219, 703.384, 928.322,159, 138, 21, 97, 4.12132, 19.3775, 2.13857, 0.060202, 30.1324
5, 5, 65, 14, 1, 192, 194, 486.698, 727.842,143, 125, 18, 81, 4.08121, 17.4989, 1.97218, 0.051054, 28.0228
5, 5, 65, 14, 2, 192, 215, 445.697, 640.155,135, 111, 24, 79, 4.00684, 19.2964, 2.30918, 0.052562, 29.9976
5, 5, 65, 14, 3, 192, 201, 389.177, 616.529,132, 114, 18, 73, 3.88523, 18.5601, 2.14416, 0.050654, 28.8708
5, 5, 65, 14, 4, 192, 229, 298.926, 542.536,129, 90, 39, 58, 3.99245, 20.2275, 2.38939, 0.054141, 31.0001
5, 5, 65, 14, 5, 192, 225, 229.465, 468.176,123, 74, 49, 42, 3.98735, 33.6056, 2.36205, 0.054877, 44.406
5, 5, 65, 14, 6, 192, 167, 477.032, 632.947,122, 100, 22, 80, 3.92191, 15.2615, 1.92101, 0.048034, 25.5373
5, 5, 65, 14, 7, 192, 214, 67.693, 345.615,139, 41, 98, 15, 3.97583, 19.107, 2.12719, 0.062552, 29.7469
5, 5, 65, 14, 8, 192, 213, 152.735, 478.793,156, 63, 93, 33, 4.0734, 19.2377, 2.34329, 0.065358, 30.1694
5, 5, 65, 14, 9, 192, 247, 507.773, 828.169,185, 124, 61, 82, 4.04504, 21.6878, 2.63745, 0.069846, 32.8236
5, 5, 65, 14, 10, 192, 209, 777.572, 1030.52,173, 147, 26, 105, 3.9603, 18.822, 2.23462, 0.058905, 29.3594
5, 5, 65, 14, 11, 192, 224, 917.927, 1192.03,200, 175, 25, 130, 4.10569, 19.7015, 2.11319, 0.064515, 30.3702
5, 5, 65, 14, 12, 192, 219, 1067.17, 1282.72,191, 175, 16, 135, 4.16745, 19.7354, 2.38358, 0.060333, 30.8075
5, 5, 65, 14, 13, 192, 171, 946.183, 1098.36,164, 152, 12, 124, 3.99399, 15.2597, 1.92478, 0.052993, 25.6693
5, 5, 65, 15, 1, 233, 194, 490.908, 898.895,191, 166, 25, 85, 3.95509, 17.1855, 2.38277, 0.064941, 27.9925
5, 5, 65, 15, 2, 233, 215, 582.938, 1004.12,218, 193, 25, 108, 4.17804, 19.1782, 3.02208, 0.077425, 30.8722
5, 5, 65, 15, 3, 233, 201, 648.187, 1211.8,265, 235, 30, 117, 3.98615, 18.7453, 2.6508, 0.078839, 29.8096
5, 5, 65, 15, 4, 233, 229, 636.189, 1457.16,320, 286, 34, 113, 3.99449, 20.1449, 3.02918, 0.09459, 31.5977
5, 5, 65, 15, 5, 233, 225, 596.418, 1442.23,318, 284, 34, 107, 4.07659, 20.3058, 2.93791, 0.095882, 31.8443
5, 5, 65, 15, 6, 233, 167, 332.891, 615.26,147, 109, 38, 60, 4.04662, 15.2808, 2.2757, 0.059887, 26.1441
5, 5, 65, 15, 7, 233, 214, 1078.92, 2072.81,388, 344, 44, 148, 4.03649, 22.3683, 2.68825, 0.10813, 33.6707
5, 5, 65, 15, 8, 233, 213, 1268.34, 2445.42,431, 396, 35, 154, 3.95606, 19.4684, 2.91698, 0.11292, 30.8447
5, 5, 65, 15, 9, 233, 247, 1404.07, 2624.77,459, 413, 46, 173, 4.08679, 21.9329, 3.31739, 0.120945, 33.8528
5, 5, 65, 15, 10, 233, 209, 1211.46, 1864.33,316, 278, 38, 160, 3.96186, 18.8671, 2.74434, 0.093743, 29.9434
5, 5, 65, 15, 11, 233, 224, 1020.82, 1575.16,288, 246, 42, 150, 4.12824, 20.0329, 2.4785, 0.089565, 31.131
5, 5, 65, 15, 12, 233, 219, 987.325, 1416.11,253, 206, 47, 144, 4.11718, 19.3262, 2.86556, 0.085277, 30.8378
5, 5, 65, 15, 13, 233, 171, 401.627, 588.816,144, 89, 55, 72, 3.93586, 23.0697, 2.28879, 0.060032, 33.7683
5, 5, 65, 15, 14, 233, 192, 745.128, 969.948,171, 140, 31, 111, 4.01693, 17.229, 2.14438, 0.062792, 27.9043
6, 6, 65, 2, 1, 61, 53, 318.953, 431.233,66, 57, 9, 40, 3.07379, 5.67255, 0.373558, 0.024923, 13.4423
6, 6, 65, 3, 1, 72, 53, 220.091, 367.034,72, 44, 28, 32, 3.11748, 5.661, 0.404103, 0.030149, 13.521
6, 6, 65, 3, 2, 72, 61, 299.114, 554.397,98, 61, 37, 38, 3.12761, 6.32244, 0.440238, 0.038991, 14.3257
6, 6, 65, 4, 1, 66, 53, 161.154, 324.634,69, 41, 28, 26, 3.06941, 5.6886, 0.438809, 0.029578, 13.5288
6, 6, 65, 4, 2, 66, 61, 250.374, 475.716,91, 55, 36, 31, 3.14702, 6.52395, 0.417794, 0.035649, 14.482
6, 6, 65, 4, 3, 66, 72, 335.719, 660.326,118, 76, 42, 45, 3.13618, 7.06475, 0.434808, 0.043946, 15.1669
6, 6, 65, 5, 1, 62, 53, 124.952, 224.411,49, 26, 23, 19, 3.07321, 5.69542, 0.37192, 0.024998, 13.4619
6, 6, 65, 5, 2, 62, 61, 164.91, 312.737,68, 41, 27, 26, 3.09752, 6.40965, 0.429819, 0.030169, 14.3481
6, 6, 65, 5, 3, 62, 72, 283.427, 490.199,89, 59, 30, 38, 3.16623, 7.05905, 0.381974, 0.034983, 15.1011
6, 6, 65, 5, 4, 62, 66, 308.974, 528.114,91, 61, 30, 40, 3.13062, 6.60731, 0.393777, 0.034763, 14.6875
6, 6, 65, 6, 1, 65, 53, 266.783, 390.385,67, 55, 12, 38, 3.05828, 5.66218, 0.390757, 0.025685, 13.4504
6, 6, 65, 6, 2, 65, 61, 221.697, 392.929,74, 50, 24, 33, 3.16421, 6.39668, 0.419798, 0.029923, 14.4555
6, 6, 65, 6, 3, 65, 72, 155.58, 385.254,79, 38, 41, 20, 3.13096, 7.06534, 0.403978, 0.036096, 15.1472
6, 6, 65, 6, 4, 65, 66, 131.137, 326.46,70, 40, 30, 22, 3.1379, 6.69834, 0.406689, 0.03051, 14.7583
6, 6, 65, 6, 5, 65, 62, 43.0368, 153.449,43, 12, 31, 9, 3.11901, 6.4069, 0.38728, 0.027173, 14.4761
6, 6, 65, 7, 1, 74, 53, 230.326, 328.728,57, 47, 10, 34, 3.06245, 16.6453, 0.409939, 0.024994, 24.4505
6, 6, 65, 7, 2, 74, 61, 182.832, 298.298,56, 36, 20, 28, 3.08579, 6.33573, 0.437908, 0.026631, 14.2663
6, 6, 65, 7, 3, 74, 72, 107.093, 270.614,60, 26, 34, 14, 3.153, 7.05612, 0.418916, 0.031807, 15.1403
6, 6, 65, 7, 4, 74, 66, 36.1831, 220.549,57, 9, 48, 8, 3.11548, 6.70853, 0.426321, 0.032323, 14.7641
6, 6, 65, 7, 5, 74, 62, 36.4344, 127.702,36, 9, 27, 9, 3.18701, 12.4398, 0.393031, 0.024247, 20.6552
6, 6, 65, 7, 6, 74, 65, 338.989, 470.744,75, 64, 11, 45, 3.09986, 6.73356, 0.450683, 0.027899, 14.5431
6, 6, 65, 8, 1, 99, 53, 209.112, 345.805,67, 46, 21, 30, 3.05513, 5.66977, 0.501552, 0.030244, 13.5956
6, 6, 65, 8, 2, 99, 61, 110.495, 307.955,75, 28, 47, 17, 3.18217, 6.3051, 0.518796, 0.036902, 14.512
6, 6, 65, 8, 3, 99, 72, 44.2324, 335.329,80, 16, 64, 10, 3.22923, 7.18662, 0.503476, 0.041857, 15.4971
6, 6, 65, 8, 4, 99, 66, 24.0285, 280.485,74, 9, 65, 5, 3.204, 6.85594, 0.519843, 0.041466, 15.1756
6, 6, 65, 8, 5, 99, 62, 44.6891, 185.222,49, 13, 36, 10, 3.20732, 6.51256, 0.491859, 0.028932, 14.8732
6, 6, 65, 8, 6, 99, 65, 263.623, 479.343,90, 73, 17, 41, 3.08445, 6.79006, 0.548578, 0.03336, 14.6902
6, 6, 65, 8, 7, 99, 74, 471.788, 683.48,106, 98, 8, 58, 3.14682, 7.48677, 0.566078, 0.035714, 15.5337
6, 6, 65, 9, 1, 146, 53, 68.8073, 214.058,60, 19, 41, 15, 3.06732, 5.76229, 0.652522, 0.034818, 13.822
6, 6, 65, 9, 2, 146, 61, 43.3258, 221.421,66, 14, 52, 10, 3.07038, 6.70044, 0.862441, 0.038485, 15.0471
6, 6, 65, 9, 3, 146, 72, 52.9231, 291.546,80, 18, 62, 13, 3.14319, 7.02699, 0.660623, 0.045133, 15.3673
6, 6, 65, 9, 4, 146, 66, 27.1642, 258.197,69, 7, 62, 6, 3.12469, 6.74053, 0.699369, 0.042167, 15.096
6, 6, 65, 9, 5, 146, 62, 63.5145, 185.76,50, 18, 32, 14, 3.14163, 6.48514, 0.659065, 0.031511, 14.8317
6, 6, 65, 9, 6, 146, 65, 238.313, 418.798,89, 73, 16, 42, 3.08828, 6.79008, 0.722754, 0.036562, 14.8203
6, 6, 65, 9, 7, 146, 74, 346.71, 506.486,93, 80, 13, 55, 3.15286, 7.69602, 0.742617, 0.037007, 15.9136
6, 6, 65, 9, 8, 146, 99, 574.693, 890.707,145, 132, 13, 73, 3.39234, 9.45214, 0.973893, 0.047247, 18.5047
6, 6, 65, 10, 1, 58, 53, 163.414, 301.359,64, 36, 28, 24, 3.07399, 5.64592, 0.369826, 0.027418, 13.4458
6, 6, 65, 10, 2, 58, 61, 211.706, 424.124,82, 44, 38, 28, 3.09414, 6.34513, 0.403852, 0.033977, 14.2266
6, 6, 65, 10, 3, 58, 72, 390.89, 664.359,104, 63, 41, 42, 3.15156, 7.32981, 0.373823, 0.039942, 15.4355
6, 6, 65, 10, 4, 58, 66, 365.493, 608.324,98, 64, 34, 43, 3.13521, 6.88168, 0.404628, 0.036672, 14.9851
6, 6, 65, 10, 5, 58, 62, 268.638, 426.693,75, 50, 25, 38, 3.12126, 6.44439, 0.384694, 0.030344, 14.5074
6, 6, 65, 10, 6, 58, 65, 130.786, 318.647,71, 35, 36, 20, 3.11539, 6.72002, 0.401748, 0.030995, 14.5008
6, 6, 65, 10, 7, 58, 74, 52.5952, 138.931,39, 14, 25, 9, 3.15041, 7.41387, 0.394339, 0.023045, 15.3051
6, 6, 65, 10, 8, 58, 99, 52.2278, 245.948,57, 24, 33, 11, 3.37462, 9.84497, 0.484314, 0.029131, 18.2482
6, 6, 65, 10, 9, 58, 146, 54.7684, 220.255,55, 20, 35, 12, 3.67979, 14.015, 0.609804, 0.029282, 22.7811
6, 6, 65, 11, 1, 122, 53, 121.562, 224.729,61, 39, 22, 27, 3.05579, 5.62116, 0.545168, 0.029587, 13.5537
6, 6, 65, 11, 2, 122, 61, 97.9288, 208.503,61, 32, 29, 23, 3.17656, 6.45555, 0.590145, 0.032328, 14.6994
6, 6, 65, 11, 3, 122, 72, 46.1541, 176.412,62, 15, 47, 11, 3.15801, 7.06581, 0.563418, 0.035114, 15.2992
6, 6, 65, 11, 4, 122, 66, 19.8173, 190.723,66, 7, 59, 5, 3.12385, 6.67944, 0.581985, 0.039241, 14.8945
6, 6, 65, 11, 5, 122, 62, 38.8682, 132.673,50, 14, 36, 10, 3.13161, 6.42867, 0.560917, 0.043484, 14.6742
6, 6, 65, 11, 6, 122, 65, 191.389, 340.151,86, 68, 18, 43, 3.23384, 7.38591, 0.612799, 0.034697, 15.5302
6, 6, 65, 11, 7, 122, 74, 206.526, 356.493,86, 78, 8, 45, 3.16021, 7.41409, 0.649537, 0.045194, 15.6013
6, 6, 65, 11, 8, 122, 99, 249.151, 523.331,120, 101, 19, 52, 3.35164, 9.52454, 0.814387, 0.043259, 18.1839
6, 6, 65, 11, 9, 122, 146, 236.768, 456.532,111, 88, 23, 48, 3.64538, 13.1814, 1.0796, 0.041641, 22.3822
6, 6, 65, 11, 10, 122, 58, 28.0741, 120.266,55, 8, 47, 7, 3.24604, 6.19356, 0.537292, 0.033135, 14.5509
6, 6, 65, 12, 1, 104, 53, 126.217, 253.715,62, 41, 21, 26, 3.05908, 5.62068, 0.503677, 0.028931, 13.5031
6, 6, 65, 12, 2, 104, 61, 91.3222, 166.324,48, 25, 23, 19, 3.09172, 6.34781, 0.520886, 0.026697, 14.327
6, 6, 65, 12, 3, 104, 72, 60.2351, 153.016,49, 17, 32, 12, 3.13847, 7.06244, 0.4849, 0.028646, 15.1911
6, 6, 65, 12, 4, 104, 66, 27.033, 158.615,59, 8, 51, 6, 3.14218, 6.69137, 0.525294, 0.035439, 14.8868
6, 6, 65, 12, 5, 104, 62, 39.6222, 144.166,52, 10, 42, 10, 3.11736, 6.42602, 0.49748, 0.03068, 14.5964
6, 6, 65, 12, 6, 104, 65, 195.155, 339.76,82, 59, 23, 42, 3.18146, 6.94264, 0.548514, 0.03361, 14.9431
6, 6, 65, 12, 7, 104, 74, 199.366, 355.85,83, 74, 9, 40, 3.29379, 7.56307, 0.574415, 0.032704, 16.0639
6, 6, 65, 12, 8, 104, 99, 189.662, 426.594,101, 81, 20, 38, 3.47635, 9.58205, 0.719568, 0.038926, 18.3784
6, 6, 65, 12, 9, 104, 146, 197.268, 343.565,88, 63, 25, 42, 3.65733, 13.1888, 0.964139, 0.038175, 22.2969
6, 6, 65, 12, 10, 104, 58, 27.5729, 94.9479,46, 8, 38, 6, 3.17938, 6.01883, 0.467957, 0.028035, 14.2273
6, 6, 65, 12, 11, 104, 122, 643.011, 1096,183, 166, 17, 79, 3.43202, 11.402, 0.890312, 0.053554, 20.2203
6, 6, 65, 13, 1, 84, 53, 125.795, 221.155,56, 40, 16, 25, 3.05831, 5.65262, 0.42858, 0.026216, 13.465
6, 6, 65, 13, 2, 84, 61, 103.582, 163.965,40, 28, 12, 21, 3.10691, 6.33767, 0.444316, 0.021638, 14.3564
6, 6, 65, 13, 3, 84, 72, 71.5577, 163.268,48, 23, 25, 14, 3.1454, 7.05211, 0.414092, 0.025881, 15.1574
6, 6, 65, 13, 4, 84, 66, 60.9564, 192.558,57, 18, 39, 12, 3.18787, 7.16588, 0.44081, 0.031321, 15.4242
6, 6, 65, 13, 5, 84, 62, 28.0793, 98.6444,44, 8, 36, 7, 3.20138, 6.40399, 0.417243, 0.026688, 14.6702
6, 6, 65, 13, 6, 84, 65, 204.354, 326.524,72, 53, 19, 39, 3.10221, 6.86603, 0.463554, 0.029152, 14.6453
6, 6, 65, 13, 7, 84, 74, 156.726, 297.252,71, 60, 11, 31, 3.23472, 7.38102, 0.503682, 0.027319, 15.5262
6, 6, 65, 13, 8, 84, 99, 143.313, 300.89,70, 55, 15, 28, 3.34819, 9.52764, 0.583146, 0.028596, 17.9318
6, 6, 65, 13, 9, 84, 146, 130.958, 228.812,62, 39, 23, 27, 3.72877, 13.9737, 0.795715, 0.029588, 23.0524
6, 6, 65, 13, 10, 84, 58, 43.7053, 89.8968,31, 13, 18, 10, 3.1536, 6.02536, 0.391098, 0.021241, 14.0979
6, 6, 65, 13, 11, 84, 122, 417.063, 769.343,145, 126, 19, 60, 3.42332, 11.2478, 0.724733, 0.044086, 19.853
6, 6, 65, 13, 12, 84, 104, 395.348, 727.881,134, 118, 16, 53, 3.34516, 16.7095, 0.586523, 0.043359, 25.083
6, 6, 65, 14, 1, 79, 53, 147.662, 228.664,50, 36, 14, 28, 3.07249, 5.61763, 0.432468, 0.024292, 13.4722
6, 6, 65, 14, 2, 79, 61, 91.6298, 141.271,41, 26, 15, 20, 3.09584, 6.32854, 0.435163, 0.022293, 14.2366
6, 6, 65, 14, 3, 79, 72, 92.6593, 170.916,48, 25, 23, 17, 3.16557, 7.11821, 0.416161, 0.024313, 15.3037
6, 6, 65, 14, 4, 79, 66, 95.4423, 182.147,49, 26, 23, 19, 3.11029, 6.86885, 0.421828, 0.026056, 14.9488
6, 6, 65, 14, 5, 79, 62, 67.4943, 131.295,40, 18, 22, 15, 3.14157, 6.42624, 0.414167, 0.023425, 14.5593
6, 6, 65, 14, 6, 79, 65, 147.027, 228.49,55, 42, 13, 32, 3.10388, 7.02787, 0.454255, 0.025089, 14.8399
6, 6, 65, 14, 7, 79, 74, 133.377, 232.343,53, 47, 6, 26, 3.28011, 7.73479, 0.463142, 0.022875, 15.8669
6, 6, 65, 14, 8, 79, 99, 124.581, 239.555,58, 40, 18, 25, 3.34547, 15.1402, 0.574185, 0.027579, 23.5708
6, 6, 65, 14, 9, 79, 146, 82.7643, 166.714,61, 24, 37, 18, 3.66416, 14.5262, 0.75694, 0.031371, 23.4441
6, 6, 65, 14, 10, 79, 58, 62.4321, 113.024,43, 17, 26, 13, 3.18753, 7.19504, 0.396869, 0.024653, 15.305
6, 6, 65, 14, 11, 79, 122, 325.663, 637.603,126, 108, 18, 52, 3.45217, 11.3482, 0.709483, 0.040584, 19.996
6, 6, 65, 14, 12, 79, 104, 308.454, 625.006,123, 107, 16, 47, 3.42302, 9.76126, 0.587021, 0.040129, 18.2201
6, 6, 65, 14, 13, 79, 84, 347.837, 601.337,116, 101, 15, 54, 3.23609, 8.41581, 0.498, 0.038695, 16.4883
6, 6, 65, 15, 1, 75, 53, 74.9083, 131.879,33, 18, 15, 15, 3.07433, 5.63535, 0.370222, 0.019929, 13.4196
6, 6, 65, 15, 2, 75, 61, 103.812, 179.134,43, 26, 17, 21, 3.11007, 6.41558, 0.432213, 0.022373, 14.3875
6, 6, 65, 15, 3, 75, 72, 159.781, 303.67,65, 45, 20, 27, 3.25415, 7.05547, 0.40048, 0.028034, 15.2577
6, 6, 65, 15, 4, 75, 66, 126.783, 257.226,63, 37, 26, 24, 3.44313, 6.96366, 0.46688, 0.031973, 15.5744
6, 6, 65, 15, 5, 75, 62, 111.261, 217.66,53, 31, 22, 22, 3.21626, 6.48692, 0.402865, 0.026286, 14.6697
6, 6, 65, 15, 6, 75, 65, 91.392, 168.131,41, 23, 18, 18, 3.53511, 6.73604, 0.418426, 0.023466, 15.2039
6, 6, 65, 15, 7, 75, 74, 89.1362, 146.499,36, 25, 11, 17, 3.27979, 7.46469, 0.423867, 0.020109, 15.5584
6, 6, 65, 15, 8, 75, 99, 53.4852, 172.441,48, 14, 34, 11, 3.42443, 9.50749, 0.568247, 0.027308, 17.9556
6, 6, 65, 15, 9, 75, 146, 65.6967, 120.669,43, 17, 26, 15, 3.72857, 13.5417, 0.695275, 0.024648, 22.4758
6, 6, 65, 15, 10, 75, 58, 122.288, 206.709,50, 27, 23, 22, 3.21624, 6.14125, 0.39985, 0.0259, 14.3539
6, 6, 65, 15, 11, 75, 122, 116.469, 257.591,66, 35, 31, 23, 3.57633, 11.3641, 0.634688, 0.031822, 20.1164
6, 6, 65, 15, 12, 75, 104, 134.35, 261.699,57, 36, 21, 22, 3.35336, 9.79711, 0.50557, 0.026582, 18.0657
6, 6, 65, 15, 13, 75, 84, 207.26, 330.748,61, 52, 9, 32, 3.23437, 8.1401, 0.446615, 0.025905, 16.1224
6, 6, 65, 15, 14, 75, 79, 285.311, 477.718,81, 64, 17, 36, 3.20933, 8.31005, 0.493682, 0.030319, 16.2943
5, 6, 65, 1, 1, 194, 53, 19.5851, 19.5851,7, 5, 2, 5, 3.55315, 7.5543, 0.90501, 0.042052, 16.5265
5, 6, 65, 1, 2, 194, 61, 7.98735, 7.98735,7, 2, 5, 2, 3.24275, 6.69413, 0.838009, 0.019298, 15.3245
5, 6, 65, 1, 3, 194, 72, 15.9602, 24.7254,13, 4, 9, 4, 3.30175, 7.48314, 0.794468, 0.041376, 16.2684
5, 6, 65, 1, 4, 194, 66, 9.46381, 29.8191,11, 2, 9, 2, 3.27612, 7.12585, 0.811647, 0.021628, 15.9815
5, 6, 65, 1, 5, 194, 62, 3.84654, 7.86591,7, 1, 6, 1, 3.20521, 6.81137, 0.782285, 0.018616, 15.4776
5, 6, 65, 1, 6, 194, 65, 25.1354, 37.4571,15, 6, 9, 6, 3.2306, 7.41515, 0.856806, 0.022729, 15.878
5, 6, 65, 1, 7, 194, 74, 19.541, 43.1734,18, 8, 10, 5, 3.27718, 7.82639, 0.947222, 0.022865, 16.5105
5, 6, 65, 1, 8, 194, 99, 16.6773, 47.109,15, 4, 11, 4, 3.42403, 9.65957, 1.14398, 0.023225, 18.836
5, 6, 65, 1, 9, 194, 146, 33.0066, 43.2242,21, 8, 13, 8, 3.69913, 13.7747, 1.60321, 0.024923, 23.6075
5, 6, 65, 1, 10, 194, 58, 8.19157, 22.1224,9, 2, 7, 2, 3.31026, 6.70051, 0.737879, 0.019528, 15.3768
5, 6, 65, 1, 11, 194, 122, 18.4149, 50.8299,25, 5, 20, 5, 3.56678, 11.6444, 1.27227, 0.027092, 20.9918
5, 6, 65, 1, 12, 194, 104, 24.5203, 53.3449,17, 8, 9, 6, 3.32625, 9.86448, 0.998314, 0.022794, 18.5968
5, 6, 65, 1, 13, 194, 84, 29.2432, 50.5957,19, 8, 11, 7, 3.3213, 8.36954, 0.843865, 0.024102, 16.9158
5, 6, 65, 1, 14, 194, 79, 22.0645, 36.8385,14, 8, 6, 5, 3.20302, 7.82934, 0.972005, 0.019252, 16.2608
5, 6, 65, 2, 1, 215, 53, 24.3292, 27.9578,12, 7, 5, 6, 3.18904, 5.65349, 0.823635, 0.020545, 13.9994
5, 6, 65, 2, 2, 215, 61, 11.7383, 15.5313,7, 3, 4, 3, 3.17341, 6.32162, 0.891403, 0.020976, 14.8453
5, 6, 65, 2, 3, 215, 72, 7.94382, 19.6863,10, 2, 8, 2, 3.12993, 7.06789, 0.835667, 0.021572, 15.5416
5, 6, 65, 2, 4, 215, 66, 17.0395, 29.8811,12, 4, 8, 4, 3.1047, 6.66535, 0.875992, 0.022448, 15.1403
5, 6, 65, 2, 5, 215, 62, 3.78673, 3.78673,5, 1, 4, 1, 3.10566, 6.49927, 0.835729, 0.018276, 15.0004
5, 6, 65, 2, 6, 215, 65, 37.3746, 52.3856,21, 10, 11, 9, 3.35833, 6.79315, 0.933476, 0.025184, 15.5392
5, 6, 65, 2, 7, 215, 74, 16.4406, 30.762,14, 5, 9, 4, 3.16948, 7.43075, 0.96198, 0.025214, 15.9065
5, 6, 65, 2, 8, 215, 99, 29.1056, 57.3626,20, 7, 13, 7, 3.36457, 9.66144, 1.28061, 0.026622, 18.9037
5, 6, 65, 2, 9, 215, 146, 24.9961, 50.0134,25, 8, 17, 6, 3.65833, 13.2663, 1.76766, 0.027038, 23.1753
5, 6, 65, 2, 10, 215, 58, 7.70261, 20.7129,10, 2, 8, 2, 3.08238, 7.3712, 0.819803, 0.021797, 15.7436
5, 6, 65, 2, 11, 215, 122, 35.5923, 70.9431,29, 11, 18, 9, 3.51192, 12.0802, 1.46895, 0.029363, 21.5828
5, 6, 65, 2, 12, 215, 104, 11.202, 25.8275,18, 3, 15, 3, 3.3343, 9.86962, 1.08221, 0.024322, 18.6721
5, 6, 65, 2, 13, 215, 84, 25.2348, 59.618,26, 8, 18, 6, 3.26387, 8.3154, 0.974109, 0.027163, 16.8781
5, 6, 65, 2, 14, 215, 79, 29.0186, 62.2794,24, 9, 15, 7, 3.20184, 7.97219, 1.09497, 0.026627, 16.5925
5, 6, 65, 3, 1, 201, 53, 23.9695, 27.6044,8, 7, 1, 6, 3.11662, 5.63457, 0.799705, 0.01814, 13.9522
5, 6, 65, 3, 2, 201, 61, 12.375, 12.375,8, 3, 5, 3, 3.21124, 6.35573, 0.844151, 0.019338, 15.391
5, 6, 65, 3, 3, 201, 72, 13.2048, 21.0999,9, 3, 6, 3, 3.12449, 7.50593, 0.780176, 0.020475, 15.8988
5, 6, 65, 3, 4, 201, 66, 11.1263, 25.6637,15, 5, 10, 3, 3.23784, 6.83162, 0.843189, 0.022995, 15.528
5, 6, 65, 3, 5, 201, 62, 3.7777, 3.7777,5, 1, 4, 1, 3.12888, 6.40863, 0.786964, 0.017744, 15.0136
5, 6, 65, 3, 6, 201, 65, 38.0632, 49.8552,17, 9, 8, 9, 3.10202, 21.3824, 0.881484, 0.024002, 29.5808
5, 6, 65, 3, 7, 201, 74, 19.4491, 36.2554,14, 6, 8, 5, 3.15888, 7.66225, 0.902362, 0.022444, 16.0435
5, 6, 65, 3, 8, 201, 99, 16.8828, 25.4983,18, 4, 14, 4, 3.34113, 9.62373, 1.16909, 0.023325, 18.6131
5, 6, 65, 3, 9, 201, 146, 27.7064, 44.0306,25, 8, 17, 7, 3.64787, 14.1581, 1.63186, 0.026707, 23.9082
5, 6, 65, 3, 10, 201, 58, 7.74567, 15.2991,7, 2, 5, 2, 3.16375, 6.01309, 0.76177, 0.019533, 14.4023
5, 6, 65, 3, 11, 201, 122, 29.2127, 64.0225,29, 8, 21, 7, 3.57313, 12.1402, 1.36458, 0.028054, 21.6966
5, 6, 65, 3, 12, 201, 104, 18.8276, 45.5503,18, 5, 13, 5, 3.32936, 9.85878, 1.0341, 0.024187, 18.6045
5, 6, 65, 3, 13, 201, 84, 23.6355, 58.7772,19, 7, 12, 6, 3.24093, 8.1764, 0.874004, 0.023781, 16.6433
5, 6, 65, 3, 14, 201, 79, 20.7362, 37.3318,14, 6, 8, 5, 3.18923, 7.76078, 1.00752, 0.022058, 16.2053
5, 6, 65, 4, 1, 229, 53, 7.70401, 11.5391,7, 2, 5, 2, 3.0559, 5.80965, 0.885477, 0.035224, 14.0964
5, 6, 65, 4, 2, 229, 61, 15.6675, 19.2701,7, 5, 2, 4, 3.1242, 6.32738, 0.964505, 0.019498, 14.8827
5, 6, 65, 4, 3, 229, 72, 14.49, 14.49,5, 3, 2, 3, 3.15032, 7.08772, 0.867997, 0.019313, 15.6479
5, 6, 65, 4, 4, 229, 66, 25.4634, 32.7206,11, 6, 5, 6, 3.13591, 6.90979, 0.933625, 0.021005, 15.5853
5, 6, 65, 4, 5, 229, 62, 3.72615, 3.72615,6, 1, 5, 1, 3.12158, 6.58431, 0.900643, 0.019628, 15.1861
5, 6, 65, 4, 6, 229, 65, 29.1903, 41.7718,16, 7, 9, 7, 3.10676, 6.73531, 0.970707, 0.024272, 15.0477
5, 6, 65, 4, 7, 229, 74, 8.32273, 17.9227,12, 2, 10, 2, 3.26715, 7.61665, 1.00336, 0.022278, 16.309
5, 6, 65, 4, 8, 229, 99, 22.4564, 49.6394,16, 6, 10, 5, 3.32849, 9.7976, 1.31222, 0.024157, 18.8849
5, 6, 65, 4, 9, 229, 146, 41.6991, 76.2614,27, 15, 12, 10, 3.65204, 13.2088, 1.7331, 0.027078, 23.0751
5, 6, 65, 4, 10, 229, 58, 13.0169, 17.0814,7, 3, 4, 3, 3.20709, 6.2316, 0.851846, 0.02056, 14.8156
5, 6, 65, 4, 11, 229, 122, 34.4862, 76.6357,33, 9, 24, 9, 3.54249, 11.4954, 1.52873, 0.03108, 21.0212
5, 6, 65, 4, 12, 229, 104, 16.4862, 40.9604,19, 5, 14, 4, 3.33196, 9.92383, 1.14768, 0.026136, 18.8145
5, 6, 65, 4, 13, 229, 84, 27.3492, 47.5911,21, 7, 14, 7, 3.21654, 8.59293, 0.99233, 0.026582, 17.1167
5, 6, 65, 4, 14, 229, 79, 31.612, 44.4058,17, 9, 8, 8, 3.22758, 7.75662, 1.1551, 0.024433, 16.4317
5, 6, 65, 5, 1, 225, 53, 23.7062, 28.793,13, 6, 7, 6, 3.05684, 5.70126, 0.870111, 0.022925, 13.9747
5, 6, 65, 5, 2, 225, 61, 12.0673, 16.2045,9, 3, 6, 3, 3.2012, 13.7351, 0.928761, 0.021797, 22.2691
5, 6, 65, 5, 3, 225, 72, 18.1814, 21.9395,11, 4, 7, 4, 3.13527, 7.08262, 0.864971, 0.021978, 15.5706
5, 6, 65, 5, 4, 225, 66, 21.5868, 41.6567,17, 5, 12, 5, 3.10414, 6.73794, 0.924517, 0.024243, 15.2697
5, 6, 65, 5, 5, 225, 62, 7.28249, 11.4119,7, 2, 5, 2, 3.25272, 6.4679, 0.907859, 0.024382, 15.2339
5, 6, 65, 5, 6, 225, 65, 42.3597, 65.822,23, 10, 13, 10, 3.19122, 6.86048, 0.997629, 0.027534, 15.3598
5, 6, 65, 5, 7, 225, 74, 17.3529, 47.8139,20, 4, 16, 4, 3.28596, 7.87939, 0.991362, 0.026717, 16.5509
5, 6, 65, 5, 8, 225, 99, 38.4652, 86.5884,26, 11, 15, 9, 3.3341, 9.55341, 1.31814, 0.029087, 18.6737
5, 6, 65, 5, 9, 225, 146, 61.403, 120.804,37, 21, 16, 15, 3.65563, 13.2208, 1.78192, 0.031126, 23.1273
5, 6, 65, 5, 10, 225, 58, 9.71303, 13.607,7, 2, 5, 2, 3.18618, 6.07183, 0.854075, 0.020455, 14.6424
5, 6, 65, 5, 11, 225, 122, 45.2213, 111.598,38, 11, 27, 11, 3.44855, 11.3091, 1.51962, 0.033876, 20.7113
5, 6, 65, 5, 12, 225, 104, 15.7264, 63.9648,29, 5, 24, 4, 3.33069, 9.92876, 1.15311, 0.028997, 18.8019
5, 6, 65, 5, 13, 225, 84, 42.6872, 87.6677,30, 12, 18, 11, 3.24071, 8.34598, 0.977982, 0.029693, 16.867
5, 6, 65, 5, 14, 225, 79, 30.7733, 59.1359,21, 9, 12, 8, 3.21338, 7.90394, 1.13023, 0.025936, 16.4979
5, 6, 65, 6, 1, 167, 53, 15.3552, 15.3552,7, 4, 3, 4, 3.13074, 5.79379, 0.662772, 0.016573, 13.9848
5, 6, 65, 6, 2, 167, 61, 7.9186, 7.9186,4, 2, 2, 2, 3.0883, 13.4873, 0.72611, 0.015471, 21.6893
5, 6, 65, 6, 3, 167, 72, 11.3175, 18.9765,8, 4, 4, 3, 3.14753, 7.12521, 0.670957, 0.017775, 15.4423
5, 6, 65, 6, 4, 167, 66, 15.5209, 19.1767,9, 4, 5, 4, 3.10794, 6.7143, 0.703712, 0.017665, 15.0286
5, 6, 65, 6, 5, 167, 62, 3.94149, 3.94149,5, 1, 4, 1, 3.10818, 6.44779, 0.673042, 0.01571, 14.7546
5, 6, 65, 6, 6, 167, 65, 27.6502, 45.1254,16, 7, 9, 7, 3.08367, 7.00038, 0.742838, 0.020645, 15.0925
5, 6, 65, 6, 7, 167, 74, 15.4847, 19.3023,10, 4, 6, 4, 3.17759, 7.42007, 0.751605, 0.019002, 15.6973
5, 6, 65, 6, 8, 167, 99, 13.5149, 21.7701,11, 4, 7, 3, 3.34146, 9.71773, 1.00694, 0.019327, 18.5344
5, 6, 65, 6, 9, 167, 146, 22.7925, 42.2121,24, 8, 16, 6, 3.66106, 13.2256, 1.46302, 0.024312, 22.8255
5, 6, 65, 6, 10, 167, 58, 4.09346, 8.18268,4, 2, 2, 1, 3.20778, 6.05902, 0.6492, 0.015094, 14.4947
5, 6, 65, 6, 11, 167, 122, 15.5536, 40.0043,21, 5, 16, 4, 3.48057, 11.3298, 1.11267, 0.025735, 20.3858
5, 6, 65, 6, 12, 167, 104, 12.477, 20.6334,14, 4, 10, 3, 3.33364, 9.96116, 0.868457, 0.020335, 18.5545
5, 6, 65, 6, 13, 167, 84, 24.0575, 39.96,20, 6, 14, 6, 3.24453, 19.7209, 0.753263, 0.02307, 28.0324
5, 6, 65, 6, 14, 167, 79, 11.879, 16.0599,11, 3, 8, 3, 3.21277, 7.80983, 0.857492, 0.019287, 16.2126
5, 6, 65, 7, 1, 214, 53, 12.4755, 32.5185,13, 6, 7, 3, 3.07765, 5.70826, 0.840841, 0.022208, 13.9904
5, 6, 65, 7, 2, 214, 61, 20.6764, 32.1848,14, 8, 6, 5, 3.10421, 6.31702, 0.891693, 0.021487, 14.7007
5, 6, 65, 7, 3, 214, 72, 21.8119, 42.7256,12, 7, 5, 5, 3.19858, 7.17687, 0.827664, 0.022083, 15.7129
5, 6, 65, 7, 4, 214, 66, 29.48, 55.0064,19, 9, 10, 7, 3.12624, 6.71785, 0.886102, 0.024628, 15.2299
5, 6, 65, 7, 5, 214, 62, 15.4714, 20.0676,11, 4, 7, 4, 3.23033, 6.38622, 0.836225, 0.021888, 15.025
5, 6, 65, 7, 6, 214, 65, 21.8378, 41.385,15, 8, 7, 5, 3.09619, 6.78695, 0.9106, 0.023445, 15.0604
5, 6, 65, 7, 7, 214, 74, 20.6057, 38.2763,14, 6, 8, 5, 3.15827, 7.48915, 0.942372, 0.023511, 15.9113
5, 6, 65, 7, 8, 214, 99, 32.683, 86.9768,32, 8, 24, 8, 3.42481, 9.60114, 1.28006, 0.031872, 18.823
5, 6, 65, 7, 9, 214, 146, 33.1491, 134.074,48, 9, 39, 9, 3.83891, 13.4733, 1.83921, 0.052658, 23.9152
5, 6, 65, 7, 10, 214, 58, 17.4047, 29.8431,11, 5, 6, 4, 3.08726, 6.86416, 0.80532, 0.020901, 15.2843
5, 6, 65, 7, 11, 214, 122, 55.7599, 105.05,41, 20, 21, 14, 3.42748, 11.3408, 1.44734, 0.032393, 20.6654
5, 6, 65, 7, 12, 214, 104, 55.8713, 99.6419,30, 18, 12, 14, 3.3409, 9.81798, 1.09401, 0.028857, 18.6492
5, 6, 65, 7, 13, 214, 84, 31.6632, 48.2557,21, 9, 12, 8, 3.31111, 9.69453, 0.94, 0.025345, 18.3554
5, 6, 65, 7, 14, 214, 79, 40.6798, 73.2794,22, 14, 8, 10, 3.20898, 7.81259, 1.09927, 0.02576, 16.4038
5, 6, 65, 8, 1, 213, 53, 12.123, 24.8233,10, 3, 7, 3, 3.05446, 5.64848, 0.820269, 0.021833, 13.8721
5, 6, 65, 8, 2, 213, 61, 7.48287, 11.5911,7, 2, 5, 2, 3.07667, 6.48535, 1.05745, 0.021086, 15.0053
5, 6, 65, 8, 3, 213, 72, 12.0523, 15.8207,8, 3, 5, 3, 3.13819, 7.09089, 0.840792, 0.019603, 15.5565
5, 6, 65, 8, 4, 213, 66, 12.4508, 24.6452,13, 3, 10, 3, 3.11441, 7.03121, 0.870873, 0.022704, 15.519
5, 6, 65, 8, 5, 213, 62, 7.6514, 15.6079,11, 2, 9, 2, 3.11472, 6.47909, 0.843068, 0.022479, 15.0269
5, 6, 65, 8, 6, 213, 65, 28.6854, 41.3619,15, 7, 8, 7, 3.09786, 6.76032, 0.906252, 0.023827, 14.9863
5, 6, 65, 8, 7, 213, 74, 18.2395, 27.0699,11, 5, 6, 4, 3.15974, 7.41904, 0.931796, 0.021302, 15.8958
5, 6, 65, 8, 8, 213, 99, 37.7516, 66.1305,24, 9, 15, 9, 3.33914, 9.87856, 1.23977, 0.027003, 18.9389
5, 6, 65, 8, 9, 213, 146, 35.91, 78.2793,29, 11, 18, 9, 3.6515, 13.2109, 1.72321, 0.027704, 23.0652
5, 6, 65, 8, 10, 213, 58, 8.22898, 11.8593,6, 2, 4, 2, 3.09662, 7.89973, 0.794173, 0.018421, 16.2713
5, 6, 65, 8, 11, 213, 122, 40.603, 102.463,34, 13, 21, 10, 3.4513, 11.2561, 1.42413, 0.030444, 20.6334
5, 6, 65, 8, 12, 213, 104, 28.4873, 85.3246,31, 9, 22, 7, 3.35297, 14.7074, 1.10726, 0.031351, 23.5746
5, 6, 65, 8, 13, 213, 84, 23.0722, 47.8792,23, 7, 16, 6, 3.29733, 8.26384, 0.929221, 0.026642, 16.8075
5, 6, 65, 8, 14, 213, 79, 36.7457, 64.2912,23, 12, 11, 9, 3.24293, 8.89104, 1.08929, 0.026211, 17.5581
5, 6, 65, 9, 1, 247, 53, 16.3249, 37.0872,13, 6, 7, 4, 3.07019, 5.65791, 0.964699, 0.024142, 14.0314
5, 6, 65, 9, 2, 247, 61, 21.1909, 33.9948,16, 6, 10, 5, 3.11314, 6.35761, 1.0331, 0.024733, 14.9177
5, 6, 65, 9, 3, 247, 72, 17.8631, 40.188,13, 6, 7, 4, 3.14384, 7.0899, 0.936831, 0.023877, 15.6728
5, 6, 65, 9, 4, 247, 66, 25.6427, 61.4074,24, 9, 15, 6, 3.11781, 6.7242, 1.00525, 0.027945, 15.4105
5, 6, 65, 9, 5, 247, 62, 15.4194, 27.2337,13, 4, 9, 4, 3.11133, 6.49487, 0.970812, 0.025821, 15.1381
5, 6, 65, 9, 6, 247, 65, 23.0575, 49.0379,15, 8, 7, 5, 3.15555, 7.12158, 1.04785, 0.024298, 15.6404
5, 6, 65, 9, 7, 247, 74, 16.9149, 36.8406,16, 6, 10, 4, 3.14902, 7.51323, 1.07207, 0.02548, 16.0971
5, 6, 65, 9, 8, 247, 99, 39.4231, 89.2867,31, 12, 19, 9, 3.45482, 16.1278, 1.46359, 0.032097, 25.5565
5, 6, 65, 9, 9, 247, 146, 50.153, 108.533,40, 13, 27, 12, 3.81457, 13.3226, 1.91673, 0.03601, 23.6451
5, 6, 65, 9, 10, 247, 58, 21.9056, 38.464,12, 6, 6, 5, 3.09418, 6.02689, 0.913386, 0.023732, 14.539
5, 6, 65, 9, 11, 247, 122, 50.3026, 97.6985,36, 15, 21, 13, 3.46869, 11.2682, 1.59102, 0.033565, 20.7841
5, 6, 65, 9, 12, 247, 104, 36.1337, 84.5932,29, 12, 17, 9, 3.34418, 9.81286, 1.28162, 0.030494, 18.8813
5, 6, 65, 9, 13, 247, 84, 25.1972, 37.7798,18, 7, 11, 6, 3.22132, 21.4874, 1.04957, 0.026867, 30.0841
5, 6, 65, 9, 14, 247, 79, 31.9882, 48.7492,20, 9, 11, 8, 3.20077, 7.80863, 1.27862, 0.027459, 16.5906
5, 6, 65, 10, 1, 209, 53, 15.8247, 23.218,9, 6, 3, 4, 3.06341, 12.6112, 0.819002, 0.023111, 20.8275
5, 6, 65, 10, 2, 209, 61, 16.157, 24.684,11, 5, 6, 4, 3.08756, 6.3463, 0.877305, 0.021698, 14.7328
5, 6, 65, 10, 3, 209, 72, 12.2845, 33.4038,10, 6, 4, 3, 3.14298, 7.06387, 0.806377, 0.02065, 15.5163
5, 6, 65, 10, 4, 209, 66, 27.8188, 55.6737,20, 9, 11, 7, 3.26838, 6.81624, 0.885834, 0.025485, 15.555
5, 6, 65, 10, 5, 209, 62, 3.69361, 8.05203,7, 1, 6, 1, 3.21205, 6.41786, 0.822157, 0.020706, 14.9853
5, 6, 65, 10, 6, 209, 65, 24.741, 44.8898,15, 8, 7, 6, 3.09604, 6.7754, 0.888762, 0.022755, 14.9802
5, 6, 65, 10, 7, 209, 74, 3.69587, 11.8535,11, 1, 10, 1, 3.16678, 17.6418, 0.936874, 0.022418, 26.0743
5, 6, 65, 10, 8, 209, 99, 17.221, 41.0092,16, 6, 10, 4, 3.35227, 9.51725, 1.22701, 0.024342, 18.6047
5, 6, 65, 10, 9, 209, 146, 35.4242, 62.2416,27, 13, 14, 9, 3.65311, 18.4358, 1.63293, 0.028541, 28.2027
5, 6, 65, 10, 10, 209, 58, 8.27027, 21.0573,9, 3, 6, 2, 3.08978, 6.21329, 0.808739, 0.020836, 14.5895
5, 6, 65, 10, 11, 209, 122, 19.1882, 30.5611,21, 5, 16, 5, 3.43694, 11.304, 1.40841, 0.026281, 20.5713
5, 6, 65, 10, 12, 209, 104, 11.8247, 48.4974,21, 3, 18, 3, 3.34335, 9.97603, 1.05897, 0.025996, 18.7713
5, 6, 65, 10, 13, 209, 84, 15.583, 27.4238,18, 4, 14, 4, 3.22351, 8.19038, 0.915188, 0.023651, 16.6581
5, 6, 65, 10, 14, 209, 79, 27.2637, 31.1848,14, 8, 6, 7, 3.20332, 7.80072, 1.043, 0.021081, 16.2943
5, 6, 65, 11, 1, 224, 53, 21.0303, 46.4214,13, 7, 6, 5, 3.06055, 5.71009, 0.858293, 0.02311, 13.9607
5, 6, 65, 11, 2, 224, 61, 11.9086, 23.421,11, 5, 6, 3, 3.10563, 6.4185, 0.961897, 0.021136, 14.9279
5, 6, 65, 11, 3, 224, 72, 8.34916, 29.3003,14, 5, 9, 2, 3.14278, 7.08853, 0.882155, 0.023796, 15.6101
5, 6, 65, 11, 4, 224, 66, 19.0361, 48.9091,19, 6, 13, 5, 3.2456, 7.71035, 0.9209, 0.025385, 16.4563
5, 6, 65, 11, 5, 224, 62, 21.1033, 32.8541,11, 6, 5, 5, 3.12196, 6.63489, 0.897427, 0.022329, 15.2078
5, 6, 65, 11, 6, 224, 65, 26.8472, 55.0548,19, 10, 9, 6, 3.09442, 6.77078, 0.952046, 0.024743, 15.0403
5, 6, 65, 11, 7, 224, 74, 12.4413, 28.4417,15, 7, 8, 3, 3.29063, 7.77735, 0.985331, 0.022324, 16.4607
5, 6, 65, 11, 8, 224, 99, 25.0979, 65.5385,24, 11, 13, 6, 3.34933, 9.56772, 1.31091, 0.027659, 18.7148
5, 6, 65, 11, 9, 224, 146, 28.6223, 56.9253,26, 11, 15, 7, 3.64573, 21.858, 1.71815, 0.02837, 31.7377
5, 6, 65, 11, 10, 224, 58, 11.8186, 35.4544,14, 5, 9, 3, 3.22889, 6.18884, 0.864943, 0.023446, 14.8652
5, 6, 65, 11, 11, 224, 122, 35.2214, 92.5733,37, 10, 27, 9, 3.43129, 12.2825, 1.51763, 0.034192, 21.6606
5, 6, 65, 11, 12, 224, 104, 11.5828, 46.9521,20, 4, 16, 3, 3.39385, 10.6825, 1.14069, 0.027112, 19.6232
5, 6, 65, 11, 13, 224, 84, 15.9207, 24.9107,18, 4, 14, 4, 3.22733, 8.18287, 0.962491, 0.024467, 16.6732
5, 6, 65, 11, 14, 224, 79, 12.1454, 40.9961,21, 4, 17, 3, 3.19805, 11.4026, 1.13119, 0.02794, 19.9735
5, 6, 65, 12, 1, 219, 53, 27.6344, 35.9769,14, 7, 7, 7, 3.07857, 5.63024, 0.844757, 0.02278, 13.9387
5, 6, 65, 12, 2, 219, 61, 12.2936, 20.13,14, 4, 10, 3, 3.17479, 6.35939, 0.911918, 0.022389, 14.9166
5, 6, 65, 12, 3, 219, 72, 12.1035, 29.0222,11, 4, 7, 3, 3.1591, 7.05228, 0.853769, 0.022494, 15.5809
5, 6, 65, 12, 4, 219, 66, 11.8309, 35.8883,15, 4, 11, 3, 3.12991, 6.70237, 0.907913, 0.024303, 15.2568
5, 6, 65, 12, 5, 219, 62, 15.4631, 31.7347,15, 5, 10, 4, 3.23986, 6.51531, 0.861629, 0.023681, 15.2681
5, 6, 65, 12, 6, 219, 65, 33.5808, 41.2987,15, 9, 6, 8, 3.08575, 6.77937, 0.94219, 0.023285, 15.0357
5, 6, 65, 12, 7, 219, 74, 16.2251, 19.9473,10, 5, 5, 4, 3.15525, 7.46065, 0.964024, 0.020079, 15.8982
5, 6, 65, 12, 8, 219, 99, 20.2942, 44.0685,18, 8, 10, 5, 3.3213, 9.65837, 1.26149, 0.025615, 18.7223
5, 6, 65, 12, 9, 219, 146, 36.5846, 51.9682,25, 10, 15, 9, 3.654, 13.1915, 1.66744, 0.026447, 22.9928
5, 6, 65, 12, 10, 219, 58, 15.2284, 23.6608,12, 4, 8, 4, 3.10952, 6.20098, 0.853052, 0.023486, 14.6587
5, 6, 65, 12, 11, 219, 122, 35.963, 91.9576,35, 12, 23, 9, 3.45697, 11.258, 1.45495, 0.030585, 20.6917
5, 6, 65, 12, 12, 219, 104, 17.5278, 69.5967,29, 5, 24, 4, 3.32716, 9.81435, 1.11566, 0.031406, 18.6594
5, 6, 65, 12, 13, 219, 84, 19.5897, 42.7964,27, 5, 22, 5, 3.21513, 8.15299, 0.947567, 0.028555, 16.6334
5, 6, 65, 12, 14, 219, 79, 20.5887, 42.1532,17, 7, 10, 5, 3.30393, 7.83903, 1.11304, 0.024412, 16.6271
5, 6, 65, 13, 1, 171, 53, 14.0419, 25.3432,8, 6, 2, 3, 3.05451, 5.62364, 0.696124, 0.017118, 13.6871
5, 6, 65, 13, 2, 171, 61, 4.30192, 17.3206,10, 1, 9, 1, 3.1285, 6.29907, 0.747933, 0.019363, 14.561
5, 6, 65, 13, 3, 171, 72, 3.62218, 24.4732,10, 1, 9, 1, 3.13564, 7.07102, 0.691235, 0.019549, 15.3913
5, 6, 65, 13, 4, 171, 66, 24.5211, 58.5506,17, 7, 10, 6, 3.10752, 6.80566, 0.72835, 0.021608, 15.1531
5, 6, 65, 13, 5, 171, 62, 17.2239, 33.37,11, 5, 6, 4, 3.10597, 7.63528, 0.693702, 0.019222, 15.9743
5, 6, 65, 13, 6, 171, 65, 21.7092, 58.6103,19, 9, 10, 5, 3.19067, 6.75344, 0.753303, 0.021738, 15.004
5, 6, 65, 13, 7, 171, 74, 12.5046, 28.4137,13, 7, 6, 3, 3.14866, 7.42718, 0.770672, 0.017774, 15.6512
5, 6, 65, 13, 8, 171, 99, 21.1278, 44.422,18, 9, 9, 5, 3.33293, 9.52023, 1.02386, 0.021612, 18.3275
5, 6, 65, 13, 9, 171, 146, 33.5415, 71.0498,26, 17, 9, 8, 3.71149, 18.413, 1.46678, 0.025985, 28.1541
5, 6, 65, 13, 10, 171, 58, 11.4237, 28.2813,12, 3, 9, 3, 3.23574, 6.02425, 0.671344, 0.020054, 14.6017
5, 6, 65, 13, 11, 171, 122, 16.2448, 60.9505,23, 7, 16, 4, 3.43798, 12.3976, 1.14661, 0.025349, 21.3941
5, 6, 65, 13, 12, 171, 104, 8.65159, 37.3301,18, 4, 14, 2, 3.4555, 9.82201, 0.919531, 0.02311, 18.7051
5, 6, 65, 13, 13, 171, 84, 20.7698, 36.2114,18, 6, 12, 5, 3.40338, 8.45144, 0.761775, 0.021943, 17.0254
5, 6, 65, 13, 14, 171, 79, 11.7514, 11.7514,7, 3, 4, 3, 3.19176, 7.84859, 0.876358, 0.017554, 16.1643
5, 6, 65, 14, 1, 192, 53, 12.53, 33.8927,10, 4, 6, 3, 3.11952, 5.83744, 0.749406, 0.020109, 14.1178
5, 6, 65, 14, 2, 192, 61, 16.0276, 34.3314,16, 6, 10, 4, 3.17992, 6.32276, 0.822985, 0.022454, 14.7455
5, 6, 65, 14, 3, 192, 72, 8.61872, 17.7481,9, 3, 6, 2, 3.14363, 7.10142, 0.74659, 0.020214, 15.4988
5, 6, 65, 14, 4, 192, 66, 12.3808, 23.5741,9, 5, 4, 3, 3.10904, 6.73834, 0.791953, 0.019453, 15.128
5, 6, 65, 14, 5, 192, 62, 20.6495, 34.5439,11, 5, 6, 5, 3.13828, 6.43604, 0.766359, 0.020464, 14.9437
5, 6, 65, 14, 6, 192, 65, 19.8914, 38.375,18, 5, 13, 5, 3.09521, 6.75188, 0.829763, 0.023391, 14.901
5, 6, 65, 14, 7, 192, 74, 12.1464, 38.1157,17, 5, 12, 3, 3.17343, 7.59368, 0.893186, 0.022709, 16.0136
5, 6, 65, 14, 8, 192, 99, 29.3267, 69.5329,25, 10, 15, 7, 3.35381, 9.54111, 1.1454, 0.024849, 18.499
5, 6, 65, 14, 9, 192, 146, 27.2343, 50.6083,25, 8, 17, 6, 3.65369, 13.3599, 1.52429, 0.025711, 23.027
5, 6, 65, 14, 10, 192, 58, 3.71811, 12.3819,6, 1, 5, 1, 3.11304, 6.19834, 0.743468, 0.018571, 14.5466
5, 6, 65, 14, 11, 192, 122, 13.857, 62.6092,29, 6, 23, 3, 3.43964, 11.2622, 1.31084, 0.027899, 20.4371
5, 6, 65, 14, 12, 192, 104, 18.2711, 60.339,26, 5, 21, 4, 3.37516, 9.8, 0.991057, 0.026126, 18.5689
5, 6, 65, 14, 13, 192, 84, 15.3621, 53.7456,26, 5, 21, 4, 3.24709, 8.24598, 0.862613, 0.026902, 16.6512
5, 6, 65, 14, 14, 192, 79, 23.2321, 35.6841,12, 7, 5, 6, 3.19956, 7.8069, 0.988316, 0.021291, 16.2465
5, 6, 65, 15, 1, 233, 53, 16.6714, 35.5582,12, 5, 7, 4, 3.09035, 5.81586, 0.893522, 0.023265, 14.1363
5, 6, 65, 15, 2, 233, 61, 16.856, 25.8447,11, 5, 6, 4, 3.0787, 6.49871, 0.964125, 0.023375, 14.9207
5, 6, 65, 15, 3, 233, 72, 19.9598, 40.3723,14, 8, 6, 5, 3.13543, 7.08914, 0.891308, 0.023691, 15.6102
5, 6, 65, 15, 4, 233, 66, 12.3137, 40.1619,16, 6, 10, 3, 3.11066, 6.66266, 0.944922, 0.024653, 15.2672
5, 6, 65, 15, 5, 233, 62, 17.2741, 25.8335,10, 4, 6, 4, 3.10578, 6.45948, 0.907409, 0.022835, 15.0118
5, 6, 65, 15, 6, 233, 65, 16.5975, 29.5166,17, 5, 12, 4, 3.09061, 6.76222, 1.09565, 0.024628, 15.1781
5, 6, 65, 15, 7, 233, 74, 14.2182, 22.3359,11, 4, 7, 3, 3.1609, 7.47172, 1.00832, 0.022254, 15.9773
5, 6, 65, 15, 8, 233, 99, 36.5433, 56.707,20, 12, 8, 9, 3.40695, 9.52914, 1.34526, 0.024924, 18.7348
5, 6, 65, 15, 9, 233, 146, 57.8535, 82.3511,30, 15, 15, 14, 3.6443, 14.2598, 1.83666, 0.031983, 24.2181
5, 6, 65, 15, 10, 233, 58, 12.628, 34.9994,12, 5, 7, 3, 3.11218, 6.09357, 0.867456, 0.022784, 14.6598
5, 6, 65, 15, 11, 233, 122, 27.2365, 60.3991,31, 7, 24, 7, 3.44326, 11.3113, 1.53938, 0.0308, 20.7134
5, 6, 65, 15, 12, 233, 104, 24.379, 80.6622,30, 7, 23, 6, 3.35388, 9.88353, 1.18599, 0.030926, 18.8686
5, 6, 65, 15, 13, 233, 84, 15.302, 40.6152,23, 4, 19, 4, 3.33407, 8.35499, 1.0066, 0.029568, 17.0861
5, 6, 65, 15, 14, 233, 79, 18.9984, 49.1201,22, 5, 17, 5, 3.31879, 8.3552, 1.17245, 0.027428, 17.2069
