5, 5, 65, 2, 1, 147, 156, 3.20662, 4.5582,241, 213, 28, 105, 17.177, 9.0146, 6.63457, 0.095246, 37.3925
5, 5, 65, 3, 1, 145, 156, 2.67068, 4.32031,273, 236, 37, 111, 16.7497, 9.16694, 6.42077, 0.077967, 36.8631
5, 5, 65, 3, 2, 145, 147, 3.14791, 4.3766,244, 211, 33, 117, 17.3512, 8.57216, 6.03757, 0.068053, 36.4157
5, 5, 65, 4, 1, 164, 156, 2.24787, 3.40125,219, 187, 32, 105, 17.0632, 9.02843, 7.20492, 0.06639, 37.8981
5, 5, 65, 4, 2, 164, 147, 2.78944, 3.68657,214, 188, 26, 114, 17.2903, 8.65895, 6.78592, 0.063229, 37.1882
5, 5, 65, 4, 3, 164, 145, 2.94052, 4.23758,244, 199, 45, 113, 16.4992, 8.47441, 6.73186, 0.072662, 36.1679
5, 5, 65, 5, 1, 166, 156, 1.8854, 2.95999,216, 179, 37, 97, 16.9379, 9.0368, 7.27438, 0.068714, 37.866
5, 5, 65, 5, 2, 166, 147, 2.16928, 3.14279,218, 186, 32, 108, 17.3249, 8.66653, 6.88809, 0.064777, 37.3512
5, 5, 65, 5, 3, 166, 145, 2.40922, 3.65431,242, 205, 37, 108, 16.4586, 8.55238, 6.78428, 0.071234, 36.1701
5, 5, 65, 5, 4, 166, 164, 3.15266, 4.68033,266, 222, 44, 120, 16.6063, 9.34524, 7.67676, 0.081479, 38.0966
5, 5, 65, 6, 1, 154, 156, 2.89511, 4.586,286, 253, 33, 116, 16.7886, 9.05085, 6.8099, 0.078308, 37.1889
5, 5, 65, 6, 2, 154, 147, 2.32115, 3.45848,230, 193, 37, 105, 17.6634, 8.75729, 6.40585, 0.071745, 37.2859
5, 5, 65, 6, 3, 154, 145, 2.18061, 3.53614,244, 205, 39, 108, 16.4275, 8.39372, 6.33278, 0.076835, 35.5266
5, 5, 65, 6, 4, 154, 164, 1.53503, 2.52768,204, 131, 73, 83, 16.6206, 9.46528, 7.10191, 0.070377, 37.6915
5, 5, 65, 6, 5, 154, 166, 0.455305, 1.71941,194, 70, 124, 44, 16.5276, 9.52236, 7.17155, 0.078342, 37.7523
5, 5, 65, 7, 1, 176, 156, 0.41016, 0.908045,109, 62, 47, 44, 16.8615, 8.9442, 7.65143, 0.049196, 37.959
5, 5, 65, 7, 2, 176, 147, 0.608878, 1.13771,126, 93, 33, 60, 17.5527, 9.11519, 7.22598, 0.050874, 38.322
5, 5, 65, 7, 3, 176, 145, 0.639021, 1.19142,130, 108, 22, 58, 16.3876, 8.42769, 7.07787, 0.050809, 36.2546
5, 5, 65, 7, 4, 176, 164, 0.71222, 1.47321,163, 132, 31, 66, 16.9798, 9.97802, 8.04938, 0.062201, 39.5698
5, 5, 65, 7, 5, 176, 166, 0.919594, 1.81254,189, 151, 38, 78, 17.0007, 9.66688, 8.20231, 0.06669, 39.4987
5, 5, 65, 7, 6, 176, 154, 0.273128, 0.839692,128, 48, 80, 31, 16.2281, 9.11416, 7.57734, 0.059832, 37.5303
5, 5, 65, 8, 1, 177, 156, 0.747017, 1.31985,131, 99, 32, 64, 17.16, 9.14689, 7.65728, 0.052117, 38.5511
5, 5, 65, 8, 2, 177, 147, 0.779097, 1.20301,120, 95, 25, 64, 17.3672, 8.68333, 7.24655, 0.04603, 37.7118
5, 5, 65, 8, 3, 177, 145, 0.747602, 1.3465,143, 104, 39, 66, 16.7138, 8.53232, 7.1472, 0.054301, 36.7476
5, 5, 65, 8, 4, 177, 164, 1.05137, 1.84393,171, 147, 24, 77, 16.8535, 9.29038, 8.08245, 0.057136, 38.6802
5, 5, 65, 8, 5, 177, 166, 1.07998, 2.02965,197, 171, 26, 83, 16.5566, 9.80123, 8.2231, 0.062878, 39.1108
5, 5, 65, 8, 6, 177, 154, 0.299988, 0.933765,134, 48, 86, 34, 16.2638, 9.65207, 7.60246, 0.063904, 38.0142
5, 5, 65, 8, 7, 177, 176, 3.78294, 5.3116,291, 244, 47, 135, 15.8917, 9.87769, 8.84615, 0.084775, 39.2498
5, 5, 65, 9, 1, 177, 156, 0.938403, 1.61139,162, 122, 40, 77, 17.175, 8.94684, 7.71371, 0.059366, 38.3311
5, 5, 65, 9, 2, 177, 147, 0.991901, 1.57116,153, 125, 28, 81, 17.3458, 8.64783, 7.27178, 0.0541, 37.7266
5, 5, 65, 9, 3, 177, 145, 1.03658, 1.74078,171, 138, 33, 88, 16.3661, 8.38562, 7.19427, 0.058835, 36.3008
5, 5, 65, 9, 4, 177, 164, 1.0499, 1.90678,181, 158, 23, 87, 16.64, 9.91334, 8.10294, 0.059922, 39.1122
5, 5, 65, 9, 5, 177, 166, 1.11664, 2.09219,207, 172, 35, 89, 16.6669, 9.40303, 8.20298, 0.065342, 38.8923
5, 5, 65, 9, 6, 177, 154, 0.445283, 1.33265,170, 78, 92, 48, 16.4665, 9.59395, 7.58899, 0.075146, 38.2527
5, 5, 65, 9, 7, 177, 176, 3.56363, 5.13712,296, 254, 42, 137, 16.2296, 9.81502, 8.72367, 0.086689, 39.3265
5, 5, 65, 9, 8, 177, 177, 4.19639, 5.76361,309, 255, 54, 137, 16.0915, 10.0094, 8.7961, 0.090492, 39.485
5, 5, 65, 10, 1, 169, 156, 1.10258, 1.94172,182, 137, 45, 78, 17.1392, 8.92924, 7.4126, 0.063323, 38.0753
5, 5, 65, 10, 2, 169, 147, 1.27303, 1.90186,163, 142, 21, 93, 17.4136, 8.59785, 6.95332, 0.055939, 37.5432
5, 5, 65, 10, 3, 169, 145, 1.15002, 1.90767,173, 138, 35, 86, 16.4998, 8.39223, 6.87605, 0.059671, 36.2548
5, 5, 65, 10, 4, 169, 164, 0.957972, 1.4936,147, 113, 34, 81, 16.9388, 9.46781, 7.72118, 0.053905, 38.6777
5, 5, 65, 10, 5, 169, 166, 0.862209, 1.53301,152, 120, 32, 72, 16.5372, 9.41606, 7.8103, 0.055559, 38.382
5, 5, 65, 10, 6, 169, 154, 1.06689, 1.92413,184, 141, 43, 82, 16.0995, 8.87027, 7.26573, 0.064486, 36.7799
5, 5, 65, 10, 7, 169, 176, 1.99685, 3.15164,229, 200, 29, 108, 15.8304, 9.9418, 8.31271, 0.070417, 38.7206
5, 5, 65, 10, 8, 169, 177, 2.29366, 3.23561,215, 192, 23, 110, 16.2388, 10.0535, 8.3684, 0.06433, 39.2831
5, 5, 65, 10, 9, 169, 177, 2.70135, 3.83719,241, 214, 27, 123, 16.6253, 9.93309, 8.37523, 0.068208, 39.5505
5, 5, 65, 11, 1, 195, 156, 1.27447, 2.0583,176, 149, 27, 85, 17.025, 8.97443, 8.48246, 0.060157, 39.0831
5, 5, 65, 11, 2, 195, 147, 1.33867, 1.98657,171, 141, 30, 91, 17.4715, 9.01432, 8.01289, 0.059821, 39.0259
5, 5, 65, 11, 3, 195, 145, 1.04491, 1.84594,170, 126, 44, 79, 16.4711, 8.36852, 7.89459, 0.064511, 37.1474
5, 5, 65, 11, 4, 195, 164, 0.991996, 1.5876,157, 122, 35, 80, 16.9938, 10.1899, 8.86381, 0.061039, 40.5963
5, 5, 65, 11, 5, 195, 166, 0.809314, 1.54316,161, 116, 45, 65, 17.0482, 10.1782, 8.99741, 0.062192, 40.7725
5, 5, 65, 11, 6, 195, 154, 1.31722, 2.41731,212, 163, 49, 88, 16.6921, 9.40585, 8.41022, 0.072526, 39.0877
5, 5, 65, 11, 7, 195, 176, 1.93063, 3.08393,226, 190, 36, 102, 16.375, 10.6722, 9.56192, 0.074115, 41.2581
5, 5, 65, 11, 8, 195, 177, 2.15911, 3.15478,224, 189, 35, 106, 16.7952, 10.6943, 9.59974, 0.075703, 41.7498
5, 5, 65, 11, 9, 195, 177, 2.3981, 3.63297,254, 199, 55, 118, 16.8748, 10.3037, 9.68021, 0.083057, 41.4216
5, 5, 65, 11, 10, 195, 169, 3.82723, 5.27734,280, 250, 30, 141, 16.7936, 9.59267, 9.26034, 0.082305, 40.1942
5, 5, 65, 12, 1, 198, 156, 1.28038, 2.27217,215, 166, 49, 92, 16.9465, 9.10911, 8.64037, 0.076669, 39.3316
5, 5, 65, 12, 2, 198, 147, 1.1017, 1.80521,176, 128, 48, 85, 18.0651, 8.47921, 8.16652, 0.065908, 39.3241
5, 5, 65, 12, 3, 198, 145, 1.09055, 2.0191,202, 144, 58, 88, 16.5096, 8.42655, 8.05376, 0.070458, 37.3655
5, 5, 65, 12, 4, 198, 164, 0.97587, 1.6346,172, 141, 31, 87, 16.6964, 9.36217, 9.02323, 0.061761, 39.6252
5, 5, 65, 12, 5, 198, 166, 0.847309, 1.7036,185, 150, 35, 79, 16.7733, 9.39122, 9.14029, 0.063719, 39.8328
5, 5, 65, 12, 6, 198, 154, 1.38799, 2.59887,236, 182, 54, 98, 16.166, 9.61214, 8.58926, 0.081288, 38.9626
5, 5, 65, 12, 7, 198, 176, 0.744524, 2.11383,230, 102, 128, 59, 16.4901, 9.99743, 9.71867, 0.088347, 40.8541
5, 5, 65, 12, 8, 198, 177, 1.96254, 2.99425,232, 194, 38, 113, 16.1626, 10.0165, 9.76546, 0.073678, 40.5525
5, 5, 65, 12, 9, 198, 177, 2.3656, 3.77768,275, 225, 50, 126, 16.7082, 9.96222, 9.80105, 0.085747, 41.027
5, 5, 65, 12, 10, 198, 169, 3.12161, 4.47176,262, 222, 40, 131, 16.7194, 9.55747, 9.36501, 0.078894, 40.1828
5, 5, 65, 12, 11, 198, 195, 4.24386, 6.05679,329, 269, 60, 153, 17.7344, 10.9883, 10.7896, 0.096849, 44.0822
5, 5, 65, 13, 1, 147, 156, 0.820175, 1.34535,128, 102, 26, 63, 16.8746, 9.05263, 6.39861, 0.048244, 36.8978
5, 5, 65, 13, 2, 147, 147, 0.723438, 1.21728,124, 86, 38, 55, 17.3416, 9.19146, 6.04992, 0.048424, 37.0134
5, 5, 65, 13, 3, 147, 145, 0.716223, 1.24678,131, 92, 39, 59, 16.4064, 8.51753, 5.97621, 0.050153, 35.2604
5, 5, 65, 13, 4, 147, 164, 0.617359, 1.01895,121, 84, 37, 56, 16.9293, 9.30343, 6.70957, 0.047582, 37.373
5, 5, 65, 13, 5, 147, 166, 0.358253, 0.97539,133, 63, 70, 38, 16.5058, 9.3549, 6.81642, 0.056606, 37.2133
5, 5, 65, 13, 6, 147, 154, 1.17252, 2.00252,177, 140, 37, 80, 16.0815, 8.94224, 6.35433, 0.059731, 35.904
5, 5, 65, 13, 7, 147, 176, 0.254736, 1.22791,161, 52, 109, 29, 15.9787, 9.92379, 7.25233, 0.069445, 37.7064
5, 5, 65, 13, 8, 147, 177, 0.198283, 0.886282,135, 37, 98, 23, 16.1394, 10.0641, 7.22617, 0.06388, 37.9497
5, 5, 65, 13, 9, 147, 177, 0.358824, 1.3192,173, 60, 113, 38, 16.6369, 10.4483, 7.2863, 0.073167, 38.963
5, 5, 65, 13, 10, 147, 169, 1.65251, 2.57089,193, 157, 36, 90, 16.7812, 9.57407, 6.95377, 0.060252, 37.7313
5, 5, 65, 13, 11, 147, 195, 2.02806, 3.26016,230, 184, 46, 104, 18.2114, 11.5447, 8.00327, 0.072672, 42.343
5, 5, 65, 13, 12, 147, 198, 2.46409, 3.75555,240, 194, 46, 109, 17.4548, 11.1362, 8.1366, 0.072812, 41.3125
5, 5, 65, 14, 1, 193, 156, 1.00224, 1.76492,174, 119, 55, 76, 17.1094, 9.06253, 8.40254, 0.064691, 39.1872
5, 5, 65, 14, 2, 193, 147, 0.914981, 1.51601,159, 113, 46, 76, 17.3176, 8.56264, 7.91225, 0.059506, 38.2458
5, 5, 65, 14, 3, 193, 145, 0.929794, 1.63689,164, 114, 50, 74, 16.5244, 8.43833, 7.81451, 0.061786, 37.2226
5, 5, 65, 14, 4, 193, 164, 0.870349, 1.40472,151, 107, 44, 72, 16.7415, 9.32377, 8.79089, 0.058479, 39.3912
5, 5, 65, 14, 5, 193, 166, 0.759092, 1.45126,164, 111, 53, 69, 16.6374, 9.3868, 8.90389, 0.062502, 39.5463
5, 5, 65, 14, 6, 193, 154, 1.56728, 2.68755,221, 164, 57, 97, 16.1532, 8.81129, 8.31927, 0.075412, 37.8766
5, 5, 65, 14, 7, 193, 176, 0.311723, 1.54704,200, 50, 150, 36, 15.8634, 9.96708, 9.4699, 0.085202, 39.8343
5, 5, 65, 14, 8, 193, 177, 0.37917, 1.55873,198, 61, 137, 43, 16.4001, 9.95441, 9.51693, 0.081354, 40.4141
5, 5, 65, 14, 9, 193, 177, 1.45705, 2.70514,237, 159, 78, 95, 16.5692, 10.1508, 9.52837, 0.083062, 40.7989
5, 5, 65, 14, 10, 193, 169, 2.60459, 3.82357,249, 214, 35, 122, 16.6164, 9.65298, 9.12933, 0.075673, 39.9044
5, 5, 65, 14, 11, 193, 195, 2.82249, 4.31274,287, 237, 50, 134, 17.7169, 10.8734, 10.4976, 0.087716, 43.6432
5, 5, 65, 14, 12, 193, 198, 3.85829, 5.52667,324, 267, 57, 153, 17.8414, 11.0579, 10.6924, 0.092731, 44.2737
5, 5, 65, 14, 13, 193, 147, 3.3016, 4.41508,259, 210, 49, 135, 16.1044, 9.14037, 7.96981, 0.079365, 37.8567
5, 5, 65, 15, 1, 172, 156, 0.845496, 1.49702,142, 107, 35, 65, 16.812, 9.57708, 7.48434, 0.053399, 38.4283
5, 5, 65, 15, 2, 172, 147, 0.951148, 1.49773,139, 113, 26, 73, 17.2876, 8.49265, 7.072, 0.051551, 37.2817
5, 5, 65, 15, 3, 172, 145, 0.990818, 1.68985,161, 128, 33, 81, 16.3874, 8.37468, 6.98061, 0.054456, 36.1407
5, 5, 65, 15, 4, 172, 164, 1.1784, 1.95454,179, 153, 26, 93, 16.8141, 9.30619, 7.87333, 0.058408, 38.4417
5, 5, 65, 15, 5, 172, 166, 0.880855, 1.69055,171, 127, 44, 72, 16.4994, 9.37705, 7.96379, 0.062337, 38.4072
5, 5, 65, 15, 6, 172, 154, 0.684292, 1.42705,155, 101, 54, 62, 16.0705, 8.81486, 7.38754, 0.060212, 36.7936
5, 5, 65, 15, 7, 172, 176, 2.78312, 4.15327,257, 232, 25, 123, 15.9448, 9.85523, 8.4961, 0.073458, 38.827
5, 5, 65, 15, 8, 172, 177, 3.06888, 4.26675,250, 210, 40, 120, 16.0941, 10.0448, 8.5378, 0.075487, 39.2211
5, 5, 65, 15, 9, 172, 177, 3.26361, 4.64154,268, 239, 29, 136, 16.61, 9.92229, 8.52842, 0.074456, 39.6033
5, 5, 65, 15, 10, 172, 169, 3.13058, 4.44054,251, 219, 32, 123, 16.762, 9.69506, 8.14478, 0.07201, 39.0253
5, 5, 65, 15, 11, 172, 195, 2.67958, 3.92048,244, 198, 46, 114, 17.7569, 10.9245, 9.36292, 0.076073, 42.5834
5, 5, 65, 15, 12, 172, 198, 2.48887, 3.80206,259, 214, 45, 117, 17.3673, 11.0275, 9.4895, 0.077662, 42.4786
5, 5, 65, 15, 13, 172, 147, 0.920664, 1.6819,161, 108, 53, 64, 16.3811, 8.60995, 7.07093, 0.059732, 36.5869
5, 5, 65, 15, 14, 172, 193, 2.02091, 3.05959,227, 187, 40, 107, 16.8115, 10.9152, 9.24083, 0.070848, 41.5476
6, 6, 65, 2, 1, 45, 52, 1.1945, 1.8521,110, 77, 33, 38, 9.39005, 3.70957, 0.81028, 0.036842, 18.3005
6, 6, 65, 3, 1, 45, 52, 0.942594, 1.84995,138, 89, 49, 39, 9.39716, 3.68957, 0.819703, 0.046661, 18.2881
6, 6, 65, 3, 2, 45, 45, 0.987518, 1.59929,108, 70, 38, 39, 9.31532, 3.36966, 0.716286, 0.037237, 17.8389
6, 6, 65, 4, 1, 53, 52, 0.696566, 1.48569,130, 86, 44, 38, 9.41939, 3.77943, 0.937137, 0.044917, 18.5361
6, 6, 65, 4, 2, 53, 45, 0.689459, 1.35617,112, 71, 41, 37, 9.47957, 3.37287, 0.837292, 0.039572, 18.1285
6, 6, 65, 4, 3, 53, 45, 0.783724, 1.82582,150, 96, 54, 38, 9.89201, 3.62335, 0.863525, 0.050729, 18.9371
6, 6, 65, 5, 1, 64, 52, 0.715369, 1.57158,143, 82, 61, 37, 9.37842, 3.70569, 1.10141, 0.05124, 18.6044
6, 6, 65, 5, 2, 64, 45, 0.659821, 1.36146,126, 80, 46, 39, 9.39182, 3.37776, 0.965236, 0.043725, 18.1923
6, 6, 65, 5, 3, 64, 45, 0.902532, 2.03464,165, 112, 53, 44, 9.9826, 3.62036, 1.00487, 0.053374, 19.1625
6, 6, 65, 5, 4, 64, 53, 1.35424, 2.67323,197, 125, 72, 54, 9.82218, 3.73865, 1.15708, 0.064631, 19.2942
6, 6, 65, 6, 1, 64, 52, 0.907008, 1.83828,142, 89, 53, 38, 9.45775, 3.65566, 1.10155, 0.050859, 18.6219
6, 6, 65, 6, 2, 64, 45, 0.799383, 1.37535,99, 64, 35, 34, 9.31686, 3.40324, 0.948413, 0.037037, 18.1416
6, 6, 65, 6, 3, 64, 45, 0.503239, 1.20264,110, 60, 50, 26, 9.97235, 3.38008, 0.952882, 0.043199, 18.9444
6, 6, 65, 6, 4, 64, 53, 0.420437, 1.05184,102, 61, 41, 25, 10.0022, 3.84059, 1.09607, 0.039807, 19.5624
6, 6, 65, 6, 5, 64, 64, 0.17646, 1.10179,122, 43, 79, 19, 9.87956, 4.68472, 1.2943, 0.05113, 20.4706
6, 6, 65, 7, 1, 65, 52, 0.581097, 1.1911,97, 52, 45, 26, 9.38612, 3.68659, 1.10022, 0.039753, 18.6116
6, 6, 65, 7, 2, 65, 45, 0.47709, 0.921537,77, 53, 24, 25, 9.36484, 3.30101, 0.956345, 0.029097, 18.0646
6, 6, 65, 7, 3, 65, 45, 0.294888, 0.888111,85, 47, 38, 18, 10.1002, 3.35362, 0.949286, 0.034437, 18.9479
6, 6, 65, 7, 4, 65, 53, 0.134756, 0.693211,72, 28, 44, 15, 9.7892, 3.87593, 1.09056, 0.033315, 19.2997
6, 6, 65, 7, 5, 65, 64, 0.145109, 0.830486,89, 40, 49, 16, 9.80278, 4.3183, 1.28965, 0.037974, 20.0475
6, 6, 65, 7, 6, 65, 64, 1.24637, 1.9176,121, 85, 36, 49, 9.67838, 4.2569, 1.31821, 0.042768, 19.6273
6, 6, 65, 8, 1, 88, 52, 0.665891, 1.22943,103, 60, 43, 32, 9.58114, 3.79083, 1.42999, 0.041281, 19.2118
6, 6, 65, 8, 2, 88, 45, 0.276323, 0.822506,78, 31, 47, 22, 9.32144, 3.36698, 1.23935, 0.03599, 18.3924
6, 6, 65, 8, 3, 88, 45, 0.117533, 0.742003,83, 21, 62, 14, 9.88366, 3.55408, 1.30136, 0.043589, 19.3001
6, 6, 65, 8, 4, 88, 53, 0.154313, 0.877091,101, 38, 63, 17, 9.78661, 3.73772, 1.45948, 0.044977, 19.6459
6, 6, 65, 8, 5, 88, 64, 0.177659, 0.925349,107, 46, 61, 20, 9.82075, 4.32659, 1.70224, 0.04637, 20.464
6, 6, 65, 8, 6, 88, 64, 0.985739, 1.50845,105, 77, 28, 44, 9.90507, 4.54576, 1.74273, 0.039432, 20.488
6, 6, 65, 8, 7, 88, 65, 0.925897, 1.49826,108, 81, 27, 49, 10.2774, 4.35885, 1.72746, 0.038991, 20.8017
6, 6, 65, 9, 1, 133, 52, 0.174059, 0.786437,94, 22, 72, 19, 9.42923, 3.98531, 2.0836, 0.047708, 19.8971
6, 6, 65, 9, 2, 133, 45, 0.132506, 0.624933,79, 20, 59, 16, 9.54975, 3.62998, 1.80108, 0.040639, 19.5039
6, 6, 65, 9, 3, 133, 45, 0.184076, 0.530921,70, 33, 37, 22, 9.88872, 3.61767, 1.79096, 0.035555, 19.8597
6, 6, 65, 9, 4, 133, 53, 0.188265, 0.703214,98, 32, 66, 22, 9.77664, 3.74805, 2.10507, 0.046836, 20.2007
6, 6, 65, 9, 5, 133, 64, 0.241811, 0.829545,110, 47, 63, 28, 9.9763, 4.40639, 2.50085, 0.048224, 21.489
6, 6, 65, 9, 6, 133, 64, 0.929439, 1.55584,134, 89, 45, 53, 9.61948, 4.3103, 2.51972, 0.049837, 20.7383
6, 6, 65, 9, 7, 133, 65, 1.03592, 1.47192,113, 86, 27, 56, 10.0475, 4.60127, 2.53156, 0.040795, 21.556
6, 6, 65, 9, 8, 133, 88, 1.8581, 2.72933,186, 147, 39, 86, 11.1696, 5.48288, 3.42039, 0.068679, 24.6244
6, 6, 65, 10, 1, 47, 52, 0.702069, 1.48989,119, 68, 51, 30, 9.57531, 3.85676, 0.845495, 0.042563, 18.6655
6, 6, 65, 10, 2, 47, 45, 0.66577, 1.27804,103, 56, 47, 31, 9.32281, 3.3446, 0.739461, 0.039182, 17.8848
6, 6, 65, 10, 3, 47, 45, 0.931823, 1.84912,131, 81, 50, 37, 9.89176, 3.39062, 0.756074, 0.04396, 18.5925
6, 6, 65, 10, 4, 47, 53, 1.24706, 2.19063,141, 92, 49, 41, 9.98117, 3.75435, 0.881681, 0.048735, 19.2159
6, 6, 65, 10, 5, 47, 64, 1.02916, 1.97819,144, 88, 56, 38, 9.78754, 4.30922, 1.00418, 0.04883, 19.7212
6, 6, 65, 10, 6, 47, 64, 0.483868, 1.18859,117, 68, 49, 28, 9.65586, 4.37874, 0.988036, 0.042648, 19.3302
6, 6, 65, 10, 7, 47, 65, 0.18967, 0.660174,70, 25, 45, 16, 10.3454, 4.47279, 0.966934, 0.031857, 20.1483
6, 6, 65, 10, 8, 47, 88, 0.117634, 0.646965,74, 25, 49, 13, 11.1076, 5.49167, 1.26505, 0.034953, 22.3635
6, 6, 65, 10, 9, 47, 133, 0.116642, 0.615409,87, 23, 64, 13, 13.2449, 7.81854, 1.84797, 0.039221, 27.5187
6, 6, 65, 11, 1, 130, 52, 0.220244, 0.426241,63, 32, 31, 23, 9.39509, 3.69872, 1.99117, 0.03065, 19.5086
6, 6, 65, 11, 2, 130, 45, 0.196391, 0.38861,58, 30, 28, 21, 9.31712, 3.54118, 1.74817, 0.029883, 19.0533
6, 6, 65, 11, 3, 130, 45, 0.106734, 0.659464,98, 15, 83, 13, 9.90091, 3.50042, 1.78296, 0.049441, 19.7654
6, 6, 65, 11, 4, 130, 53, 0.153943, 0.566114,85, 21, 64, 18, 9.74683, 3.78058, 2.06999, 0.047182, 20.1571
6, 6, 65, 11, 5, 130, 64, 0.203125, 0.790584,107, 32, 75, 23, 10.0217, 4.32829, 2.46299, 0.05134, 21.5616
6, 6, 65, 11, 6, 130, 64, 0.412422, 0.830207,102, 64, 38, 42, 9.62127, 4.3763, 2.45161, 0.042247, 20.8033
6, 6, 65, 11, 7, 130, 65, 0.466171, 0.76606,91, 66, 25, 48, 10.0942, 4.33823, 2.46071, 0.037083, 21.2471
6, 6, 65, 11, 8, 130, 88, 0.550825, 1.15999,132, 95, 37, 52, 11.3829, 5.92251, 3.30448, 0.051701, 25.1299
6, 6, 65, 11, 9, 130, 133, 0.714472, 1.54995,168, 125, 43, 68, 13.3702, 7.74738, 4.91801, 0.057687, 30.7257
6, 6, 65, 11, 10, 130, 47, 0.100228, 0.392349,72, 13, 59, 12, 10.0129, 3.45041, 1.84069, 0.037904, 19.9278
6, 6, 65, 12, 1, 134, 52, 0.278041, 0.490213,67, 39, 28, 27, 9.3975, 3.69318, 2.05168, 0.031041, 19.5224
6, 6, 65, 12, 2, 134, 45, 0.268753, 0.529145,68, 46, 22, 27, 9.34704, 3.4436, 1.80369, 0.031386, 19.0368
6, 6, 65, 12, 3, 134, 45, 0.177702, 0.640968,91, 29, 62, 20, 9.91507, 3.53116, 1.82247, 0.04388, 19.8235
6, 6, 65, 12, 4, 134, 53, 0.17481, 0.659534,100, 33, 67, 20, 9.77252, 3.73663, 2.11412, 0.049987, 20.1848
6, 6, 65, 12, 5, 134, 64, 0.217977, 0.921055,125, 50, 75, 25, 9.88085, 4.29189, 2.53347, 0.053825, 21.39
6, 6, 65, 12, 6, 134, 64, 0.483084, 0.964242,115, 81, 34, 48, 9.60246, 4.52583, 2.5316, 0.044001, 20.9443
6, 6, 65, 12, 7, 134, 65, 0.478175, 0.887702,102, 72, 30, 48, 9.99583, 4.33727, 2.56124, 0.040624, 21.2799
6, 6, 65, 12, 8, 134, 88, 0.54427, 1.14305,124, 92, 32, 50, 11.1664, 5.54712, 3.3996, 0.047588, 24.6209
6, 6, 65, 12, 9, 134, 133, 0.647101, 1.55478,170, 128, 42, 61, 12.9711, 7.74239, 5.07055, 0.05872, 30.3699
6, 6, 65, 12, 10, 134, 47, 0.148912, 0.416397,78, 22, 56, 17, 10.0724, 3.53583, 1.90194, 0.039036, 20.136
6, 6, 65, 12, 11, 134, 130, 2.67561, 5.1798,351, 283, 68, 108, 12.1051, 7.67381, 5.07132, 0.096523, 29.3685
6, 6, 65, 13, 1, 108, 52, 0.325429, 0.688168,85, 39, 46, 32, 9.65445, 3.71482, 1.68909, 0.038355, 19.4775
6, 6, 65, 13, 2, 108, 45, 0.27663, 0.660947,83, 42, 41, 27, 9.33319, 3.36775, 1.49228, 0.036556, 18.6212
6, 6, 65, 13, 3, 108, 45, 0.224145, 0.7459,102, 43, 59, 22, 9.91921, 3.4002, 1.50921, 0.04635, 19.3776
6, 6, 65, 13, 4, 108, 53, 0.193797, 0.749928,109, 31, 78, 22, 9.79611, 3.83393, 1.75345, 0.049732, 20.0376
6, 6, 65, 13, 5, 108, 64, 0.201315, 0.986819,135, 40, 95, 23, 9.83561, 4.62689, 2.10571, 0.061024, 21.1988
6, 6, 65, 13, 6, 108, 64, 0.487378, 1.02205,121, 74, 47, 47, 9.71386, 4.26967, 2.06491, 0.045809, 20.3418
6, 6, 65, 13, 7, 108, 65, 0.457371, 0.845594,99, 64, 35, 45, 10.1241, 4.35472, 2.08896, 0.039212, 20.9547
6, 6, 65, 13, 8, 108, 88, 0.632579, 1.32701,144, 104, 40, 56, 11.5034, 5.44997, 2.79001, 0.049221, 24.2712
6, 6, 65, 13, 9, 108, 133, 0.629896, 1.5645,179, 132, 47, 61, 12.8177, 8.19464, 4.11073, 0.063208, 29.6707
6, 6, 65, 13, 10, 108, 47, 0.191748, 0.654938,92, 28, 64, 20, 10.1443, 3.68693, 1.55407, 0.042839, 20.034
6, 6, 65, 13, 11, 108, 130, 2.1027, 4.37372,325, 266, 59, 89, 12.399, 7.86279, 4.12182, 0.090973, 28.9165
6, 6, 65, 13, 12, 108, 134, 1.99615, 4.19483,316, 246, 70, 88, 12.0374, 7.95796, 4.23272, 0.090597, 28.7315
6, 6, 65, 14, 1, 85, 52, 0.422732, 1.10709,131, 59, 72, 38, 9.41828, 3.71848, 1.40055, 0.050815, 18.9249
6, 6, 65, 14, 2, 85, 45, 0.33771, 0.862576,107, 50, 57, 32, 9.30468, 3.58536, 1.23388, 0.043409, 18.5914
6, 6, 65, 14, 3, 85, 45, 0.291647, 0.910409,116, 53, 63, 27, 9.8673, 3.39735, 1.23235, 0.046601, 19.1121
6, 6, 65, 14, 4, 85, 53, 0.335784, 0.971246,123, 60, 63, 32, 9.73116, 3.76514, 1.43545, 0.050133, 19.4945
6, 6, 65, 14, 5, 85, 64, 0.381455, 1.31529,159, 80, 79, 36, 9.94344, 4.32408, 1.69729, 0.0591, 20.6911
6, 6, 65, 14, 6, 85, 64, 0.463517, 1.31846,160, 83, 77, 44, 9.62417, 4.28989, 1.69479, 0.059907, 19.9359
6, 6, 65, 14, 7, 85, 65, 0.372191, 0.763697,95, 52, 43, 39, 10.057, 4.64932, 1.6655, 0.039277, 20.7449
6, 6, 65, 14, 8, 85, 88, 0.516206, 1.15315,128, 88, 40, 45, 11.0865, 5.48886, 2.21361, 0.04389, 23.3307
6, 6, 65, 14, 9, 85, 133, 0.511985, 1.48353,168, 109, 59, 46, 12.8231, 7.75565, 3.26274, 0.060162, 28.4286
6, 6, 65, 14, 10, 85, 47, 0.383936, 0.938084,115, 57, 58, 35, 9.95834, 3.45463, 1.26648, 0.044111, 19.3091
6, 6, 65, 14, 11, 85, 130, 1.29022, 3.53268,306, 238, 68, 65, 12.1652, 7.76031, 3.2965, 0.086904, 27.7736
6, 6, 65, 14, 12, 85, 134, 1.27527, 3.53782,310, 235, 75, 65, 11.7499, 7.84894, 3.37848, 0.090481, 27.4733
6, 6, 65, 14, 13, 85, 108, 1.53518, 3.81306,304, 225, 79, 65, 11.4591, 6.45302, 2.79888, 0.087145, 25.1336
6, 6, 65, 15, 1, 54, 52, 0.435157, 1.19175,129, 74, 55, 36, 9.39418, 3.71073, 0.949055, 0.046957, 18.4362
6, 6, 65, 15, 2, 54, 45, 0.335507, 0.816828,91, 41, 50, 29, 9.35511, 3.36367, 0.837367, 0.037728, 18.0055
6, 6, 65, 15, 3, 54, 45, 0.342036, 1.0995,126, 58, 68, 32, 10.0377, 3.3844, 0.845078, 0.047818, 18.9087
6, 6, 65, 15, 4, 54, 53, 0.332864, 1.07645,122, 65, 57, 31, 9.7555, 3.78011, 0.962027, 0.045042, 19.0567
6, 6, 65, 15, 5, 54, 64, 0.351742, 1.38018,151, 76, 75, 29, 10.1106, 4.38642, 1.1332, 0.056821, 20.3248
6, 6, 65, 15, 6, 54, 64, 0.355368, 1.0334,123, 73, 50, 35, 9.69758, 4.58631, 1.11787, 0.044998, 19.6742
6, 6, 65, 15, 7, 54, 65, 0.303284, 0.709088,83, 46, 37, 32, 10.114, 4.37416, 1.10164, 0.033977, 20.0611
6, 6, 65, 15, 8, 54, 88, 0.289117, 0.844995,101, 57, 44, 29, 11.113, 5.48705, 1.47179, 0.056631, 22.5928
6, 6, 65, 15, 9, 54, 133, 0.17307, 0.891739,119, 38, 81, 20, 13.1504, 8.21931, 2.13637, 0.051761, 28.1551
6, 6, 65, 15, 10, 54, 47, 0.351265, 0.996693,112, 60, 52, 32, 10.1127, 3.41311, 0.862251, 0.041706, 19.0317
6, 6, 65, 15, 11, 54, 130, 0.503233, 1.97276,186, 106, 80, 27, 12.091, 7.64358, 2.14923, 0.063163, 26.4048
6, 6, 65, 15, 12, 54, 134, 0.488384, 2.02149,193, 141, 52, 27, 11.7682, 8.36956, 2.16894, 0.05896, 26.7977
6, 6, 65, 15, 13, 54, 108, 0.827292, 2.50089,218, 145, 73, 37, 11.0628, 6.61266, 1.82484, 0.067086, 23.9293
6, 6, 65, 15, 14, 54, 85, 1.13843, 3.29129,271, 205, 66, 48, 11.2354, 5.35777, 1.51438, 0.077917, 22.4535
5, 6, 65, 1, 1, 156, 52, 0.139779, 0.364005,54, 27, 27, 16, 9.83076, 4.09033, 2.45938, 0.055303, 20.8015
5, 6, 65, 1, 2, 156, 45, 0.10479, 0.236202,31, 19, 12, 12, 9.45446, 3.43959, 2.06177, 0.025099, 19.4513
5, 6, 65, 1, 3, 156, 45, 0.0906124, 0.244655,35, 17, 18, 10, 9.98605, 3.48244, 2.06278, 0.024713, 20.1502
5, 6, 65, 1, 4, 156, 53, 0.181671, 0.395859,54, 36, 18, 20, 9.81679, 3.89379, 2.39594, 0.030279, 20.6879
5, 6, 65, 1, 5, 156, 64, 0.186616, 0.459119,63, 40, 23, 21, 9.91977, 4.38686, 2.90661, 0.033806, 21.8794
5, 6, 65, 1, 6, 156, 64, 0.102486, 0.32944,50, 21, 29, 11, 9.79225, 4.53211, 2.88276, 0.032298, 21.5947
5, 6, 65, 1, 7, 156, 65, 0.0660365, 0.200089,35, 10, 25, 8, 10.1715, 4.40833, 2.90432, 0.029052, 21.8766
5, 6, 65, 1, 8, 156, 88, 0.115407, 0.227466,38, 17, 21, 14, 11.2009, 5.57422, 3.88263, 0.029503, 25.2653
5, 6, 65, 1, 9, 156, 133, 0.163644, 0.301162,50, 22, 28, 19, 12.9725, 7.89642, 5.76398, 0.031837, 31.2705
5, 6, 65, 1, 10, 156, 47, 0.115984, 0.347817,49, 25, 24, 13, 9.81304, 3.5939, 2.15455, 0.030134, 20.121
5, 6, 65, 1, 11, 156, 130, 0.150815, 0.320728,53, 23, 30, 18, 12.1805, 7.73597, 5.64165, 0.032809, 30.1186
5, 6, 65, 1, 12, 156, 134, 0.118152, 0.377446,56, 26, 30, 14, 11.7743, 8.50125, 5.82422, 0.035043, 30.6169
5, 6, 65, 1, 13, 156, 108, 0.117731, 0.301416,53, 25, 28, 14, 11.0887, 6.59472, 4.71444, 0.031081, 26.8226
5, 6, 65, 1, 14, 156, 85, 0.173414, 0.487831,74, 34, 40, 21, 11.034, 5.73115, 3.82134, 0.038725, 24.9321
5, 6, 65, 2, 1, 147, 52, 0.0968522, 0.233439,36, 21, 15, 11, 9.40365, 3.80228, 2.21016, 0.024402, 19.8389
5, 6, 65, 2, 2, 147, 45, 0.101877, 0.205505,29, 19, 10, 12, 9.56801, 3.57243, 1.93013, 0.022604, 19.5956
5, 6, 65, 2, 3, 147, 45, 0.119413, 0.200061,29, 20, 9, 14, 9.92151, 3.49202, 1.92451, 0.020335, 19.9366
5, 6, 65, 2, 4, 147, 53, 0.124199, 0.307095,43, 28, 15, 14, 10.1071, 3.93805, 2.26642, 0.02604, 20.9897
5, 6, 65, 2, 5, 147, 64, 0.166421, 0.361262,54, 29, 25, 19, 9.86887, 4.46641, 2.72702, 0.030264, 21.7693
5, 6, 65, 2, 6, 147, 64, 0.0973126, 0.228948,44, 18, 26, 11, 9.91671, 4.36013, 2.77744, 0.032558, 21.4017
5, 6, 65, 2, 7, 147, 65, 0.0500087, 0.154693,30, 9, 21, 6, 10.2843, 4.53943, 2.72045, 0.026091, 21.9513
5, 6, 65, 2, 8, 147, 88, 0.107167, 0.203203,33, 17, 16, 13, 11.2092, 5.76535, 3.64257, 0.024512, 25.2209
5, 6, 65, 2, 9, 147, 133, 0.131965, 0.242747,34, 19, 15, 16, 13.0974, 8.20634, 5.44305, 0.027734, 31.412
5, 6, 65, 2, 10, 147, 47, 0.0640727, 0.195482,30, 15, 15, 7, 10.2361, 3.77439, 2.00614, 0.024112, 20.7234
5, 6, 65, 2, 11, 147, 130, 0.106567, 0.265657,46, 19, 27, 13, 12.6392, 7.95038, 5.33335, 0.031877, 30.5617
5, 6, 65, 2, 12, 147, 134, 0.0890525, 0.266325,48, 16, 32, 11, 12.0615, 8.38862, 5.471, 0.033034, 30.4727
5, 6, 65, 2, 13, 147, 108, 0.0761396, 0.266789,51, 19, 32, 9, 11.103, 6.75116, 4.45776, 0.030654, 26.7732
5, 6, 65, 2, 14, 147, 85, 0.0916195, 0.225657,35, 17, 18, 11, 11.4818, 5.53782, 3.52917, 0.026352, 24.9669
5, 6, 65, 3, 1, 145, 52, 0.124979, 0.340613,48, 24, 24, 14, 9.39896, 3.82928, 2.20008, 0.029839, 19.8536
5, 6, 65, 3, 2, 145, 45, 0.128244, 0.313441,42, 23, 19, 15, 9.62477, 3.40573, 1.91465, 0.027043, 19.4954
5, 6, 65, 3, 3, 145, 45, 0.096335, 0.29671,43, 21, 22, 11, 9.97808, 3.48628, 1.93194, 0.027248, 20.0083
5, 6, 65, 3, 4, 145, 53, 0.135779, 0.390536,61, 31, 30, 15, 10.0017, 3.85009, 2.23969, 0.032904, 20.7403
5, 6, 65, 3, 5, 145, 64, 0.14564, 0.442185,65, 35, 30, 16, 9.91524, 4.60314, 2.6666, 0.036116, 21.84
5, 6, 65, 3, 6, 145, 64, 0.133295, 0.367939,49, 22, 27, 15, 9.9481, 4.55625, 2.7132, 0.033631, 21.6223
5, 6, 65, 3, 7, 145, 65, 0.0588333, 0.231206,36, 10, 26, 7, 10.3689, 4.67612, 2.69227, 0.027473, 22.2284
5, 6, 65, 3, 8, 145, 88, 0.0834833, 0.186219,31, 11, 20, 10, 11.5784, 5.86649, 3.61877, 0.024774, 25.7303
5, 6, 65, 3, 9, 145, 133, 0.11028, 0.19657,35, 15, 20, 13, 12.9945, 8.39627, 5.35678, 0.027503, 31.3239
5, 6, 65, 3, 10, 145, 47, 0.126055, 0.375722,51, 29, 22, 14, 9.87227, 3.96183, 1.99973, 0.031922, 20.5461
5, 6, 65, 3, 11, 145, 130, 0.153226, 0.337054,55, 27, 28, 18, 12.5094, 8.19486, 5.27386, 0.033871, 30.7159
5, 6, 65, 3, 12, 145, 134, 0.137472, 0.437831,71, 21, 50, 16, 12.2038, 7.90672, 5.44449, 0.040764, 30.1812
5, 6, 65, 3, 13, 145, 108, 0.143516, 0.335218,52, 29, 23, 17, 11.2716, 7.17192, 4.41898, 0.033595, 27.3522
5, 6, 65, 3, 14, 145, 85, 0.188558, 0.483079,67, 28, 39, 23, 11.2762, 5.9517, 3.50392, 0.037623, 25.2068
5, 6, 65, 4, 1, 164, 52, 0.14251, 0.302148,43, 22, 21, 16, 9.55968, 3.75898, 2.46065, 0.02819, 20.2694
5, 6, 65, 4, 2, 164, 45, 0.119868, 0.250523,34, 20, 14, 14, 9.52889, 3.48884, 2.16642, 0.024969, 19.7669
5, 6, 65, 4, 3, 164, 45, 0.102203, 0.292778,46, 17, 29, 12, 10.1042, 3.45795, 2.16855, 0.041612, 20.4314
5, 6, 65, 4, 4, 164, 53, 0.0981157, 0.339933,48, 20, 28, 10, 9.91886, 3.93367, 2.52896, 0.030489, 21.0661
5, 6, 65, 4, 5, 164, 64, 0.148793, 0.390169,53, 28, 25, 16, 10.0475, 4.43738, 3.01295, 0.031627, 22.2312
5, 6, 65, 4, 6, 164, 64, 0.119798, 0.342292,58, 20, 38, 14, 9.62065, 4.3804, 3.06337, 0.037253, 21.3759
5, 6, 65, 4, 7, 164, 65, 0.0412503, 0.170912,36, 7, 29, 5, 10.4921, 4.54248, 3.04636, 0.029087, 22.581
5, 6, 65, 4, 8, 164, 88, 0.0570987, 0.154428,37, 7, 30, 7, 11.485, 5.69819, 4.06916, 0.031041, 25.9074
5, 6, 65, 4, 9, 164, 133, 0.188857, 0.311998,50, 29, 21, 23, 13.1762, 8.3968, 6.07676, 0.035073, 32.4242
5, 6, 65, 4, 10, 164, 47, 0.113867, 0.311908,43, 20, 23, 13, 10.1068, 3.76218, 2.2548, 0.03078, 20.815
5, 6, 65, 4, 11, 164, 130, 0.124045, 0.35925,55, 29, 26, 15, 12.7644, 7.92179, 5.97154, 0.034457, 31.3133
5, 6, 65, 4, 12, 164, 134, 0.145108, 0.353806,57, 28, 29, 17, 12.1532, 8.40566, 6.17656, 0.035374, 31.3504
5, 6, 65, 4, 13, 164, 108, 0.103658, 0.234076,44, 18, 26, 12, 11.4152, 7.0008, 4.99527, 0.033184, 27.957
5, 6, 65, 4, 14, 164, 85, 0.176158, 0.495029,68, 45, 23, 21, 11.4704, 5.56706, 3.97926, 0.039166, 25.5336
5, 6, 65, 5, 1, 166, 52, 0.0817933, 0.218502,34, 12, 22, 10, 9.63573, 3.68273, 2.50296, 0.029167, 20.3199
5, 6, 65, 5, 2, 166, 45, 0.105594, 0.294489,41, 14, 27, 13, 9.70395, 3.70386, 2.19574, 0.031527, 20.177
5, 6, 65, 5, 3, 166, 45, 0.103971, 0.342489,48, 20, 28, 12, 10.3963, 3.72209, 2.20677, 0.036021, 21.0427
5, 6, 65, 5, 4, 166, 53, 0.0768936, 0.368936,54, 16, 38, 9, 10.1626, 4.18431, 2.56993, 0.036662, 21.6382
5, 6, 65, 5, 5, 166, 64, 0.111543, 0.419484,56, 21, 35, 13, 9.9996, 4.58411, 3.07341, 0.039322, 22.4255
5, 6, 65, 5, 6, 166, 64, 0.127739, 0.33651,50, 17, 33, 15, 10.0759, 4.28727, 3.05483, 0.032098, 21.8931
5, 6, 65, 5, 7, 166, 65, 0.0661728, 0.204209,30, 9, 21, 8, 10.0875, 4.70412, 3.06806, 0.028626, 22.3554
5, 6, 65, 5, 8, 166, 88, 0.122301, 0.228051,37, 15, 22, 15, 11.2632, 5.5047, 4.12065, 0.02795, 25.5284
5, 6, 65, 5, 9, 166, 133, 0.141559, 0.272066,41, 27, 14, 17, 13.0362, 8.32673, 6.10768, 0.030094, 32.0399
5, 6, 65, 5, 10, 166, 47, 0.0833613, 0.284349,43, 14, 29, 10, 10.1361, 3.73293, 2.28149, 0.030008, 20.8036
5, 6, 65, 5, 11, 166, 130, 0.100427, 0.231846,39, 17, 22, 12, 12.2019, 8.13984, 5.98361, 0.028882, 30.8472
5, 6, 65, 5, 12, 166, 134, 0.102045, 0.306032,53, 18, 35, 12, 11.9553, 7.95285, 6.18558, 0.033986, 30.6063
5, 6, 65, 5, 13, 166, 108, 0.0950096, 0.213598,39, 19, 20, 11, 11.0452, 6.5944, 4.99955, 0.027123, 27.0134
5, 6, 65, 5, 14, 166, 85, 0.084038, 0.291304,46, 18, 28, 10, 11.0701, 5.79485, 3.99534, 0.034057, 25.2287
5, 6, 65, 6, 1, 154, 52, 0.0939901, 0.294647,47, 16, 31, 10, 9.62629, 3.67967, 2.33815, 0.030204, 20.1364
5, 6, 65, 6, 2, 154, 45, 0.0798054, 0.251371,36, 18, 18, 9, 9.33906, 3.40573, 2.05248, 0.027869, 19.2828
5, 6, 65, 6, 3, 154, 45, 0.118752, 0.347131,50, 28, 22, 13, 10.1745, 3.3614, 2.07417, 0.033771, 20.2993
5, 6, 65, 6, 4, 154, 53, 0.156373, 0.446851,58, 41, 17, 17, 10.139, 4.15058, 2.3738, 0.032218, 21.3184
5, 6, 65, 6, 5, 154, 64, 0.18858, 0.453744,62, 41, 21, 21, 10.1081, 4.72208, 2.85693, 0.035319, 22.4275
5, 6, 65, 6, 6, 154, 64, 0.114594, 0.35666,51, 19, 32, 13, 9.88717, 4.52473, 2.83632, 0.033025, 21.696
5, 6, 65, 6, 7, 154, 65, 0.084004, 0.195833,30, 15, 15, 10, 10.376, 4.70713, 2.88102, 0.025355, 22.4492
5, 6, 65, 6, 8, 154, 88, 0.134325, 0.26586,40, 20, 20, 16, 11.7504, 5.94884, 3.88378, 0.046441, 26.2687
5, 6, 65, 6, 9, 154, 133, 0.139397, 0.29906,56, 25, 31, 17, 13.527, 8.09678, 6.00515, 0.037478, 32.379
5, 6, 65, 6, 10, 154, 47, 0.111044, 0.360111,51, 33, 18, 12, 10.1867, 3.73619, 2.14283, 0.03068, 20.796
5, 6, 65, 6, 11, 154, 130, 0.175379, 0.335103,57, 25, 32, 21, 12.1834, 7.719, 5.57596, 0.035714, 30.0314
5, 6, 65, 6, 12, 154, 134, 0.155865, 0.417984,68, 34, 34, 19, 12.238, 8.37389, 5.78876, 0.037037, 31.0244
5, 6, 65, 6, 13, 154, 108, 0.120874, 0.312796,59, 22, 37, 15, 11.3356, 6.97951, 4.67798, 0.036947, 27.4262
5, 6, 65, 6, 14, 154, 85, 0.228578, 0.508646,72, 41, 31, 27, 11.6041, 5.40461, 3.74034, 0.037578, 25.221
5, 6, 65, 7, 1, 176, 52, 0.0885905, 0.23098,35, 13, 22, 10, 9.44958, 4.05984, 2.64594, 0.027859, 20.5715
5, 6, 65, 7, 2, 176, 45, 0.0787365, 0.15884,27, 10, 17, 9, 9.36539, 3.35625, 2.28914, 0.024112, 19.4889
5, 6, 65, 7, 3, 176, 45, 0.131005, 0.24392,36, 18, 18, 16, 10.015, 3.68065, 2.3001, 0.027574, 20.6488
5, 6, 65, 7, 4, 176, 53, 0.115461, 0.285167,44, 18, 26, 14, 9.74112, 3.8152, 2.70125, 0.030174, 20.8636
5, 6, 65, 7, 5, 176, 64, 0.0753825, 0.287262,50, 14, 36, 9, 10.1369, 4.29939, 3.23231, 0.033565, 22.4089
5, 6, 65, 7, 6, 176, 64, 0.0892888, 0.287505,47, 16, 31, 10, 9.6344, 4.30695, 3.23047, 0.031657, 21.4927
5, 6, 65, 7, 7, 176, 65, 0.109618, 0.252826,38, 19, 19, 13, 10.5137, 4.34757, 3.26049, 0.028495, 22.5897
5, 6, 65, 7, 8, 176, 88, 0.135466, 0.291588,43, 20, 23, 16, 11.1353, 5.51935, 4.3807, 0.029953, 25.6252
5, 6, 65, 7, 9, 176, 133, 0.103069, 0.412492,56, 19, 37, 12, 12.9801, 8.31386, 6.4887, 0.039962, 32.4697
5, 6, 65, 7, 10, 176, 47, 0.0829178, 0.239701,34, 12, 22, 10, 10.2035, 3.70537, 2.41162, 0.02846, 21.0081
5, 6, 65, 7, 11, 176, 130, 0.100666, 0.267742,45, 19, 26, 12, 12.523, 8.24078, 6.34585, 0.034181, 31.7133
5, 6, 65, 7, 12, 176, 134, 0.166194, 0.36705,54, 28, 26, 20, 12.0514, 8.42602, 6.52836, 0.037818, 31.5896
5, 6, 65, 7, 13, 176, 108, 0.141065, 0.398598,66, 24, 42, 17, 11.3035, 6.47962, 5.31788, 0.037809, 27.6236
5, 6, 65, 7, 14, 176, 85, 0.184243, 0.493316,67, 30, 37, 22, 11.3008, 5.34635, 4.24325, 0.038229, 25.2473
5, 6, 65, 8, 1, 177, 52, 0.0876479, 0.154809,25, 11, 14, 10, 9.39178, 3.72798, 2.63665, 0.025029, 20.175
5, 6, 65, 8, 2, 177, 45, 0.0842254, 0.14442,22, 11, 11, 10, 9.75085, 3.37558, 2.29859, 0.021788, 20.1051
5, 6, 65, 8, 3, 177, 45, 0.0911845, 0.186501,30, 13, 17, 11, 9.91164, 3.42212, 2.31695, 0.024928, 20.2452
5, 6, 65, 8, 4, 177, 53, 0.0752301, 0.192525,36, 12, 24, 9, 10.0947, 3.72538, 2.71032, 0.027027, 21.253
5, 6, 65, 8, 5, 177, 64, 0.0843292, 0.23235,45, 13, 32, 10, 9.84349, 4.32194, 3.23992, 0.03078, 22.0586
5, 6, 65, 8, 6, 177, 64, 0.128147, 0.232065,35, 17, 18, 15, 9.79571, 4.27115, 3.23262, 0.026893, 21.733
5, 6, 65, 8, 7, 177, 65, 0.0947807, 0.219441,37, 17, 20, 11, 10.0052, 4.48477, 3.28389, 0.02835, 22.1956
5, 6, 65, 8, 8, 177, 88, 0.153572, 0.247024,39, 20, 19, 18, 11.3801, 5.52592, 4.38518, 0.027674, 25.9445
5, 6, 65, 8, 9, 177, 133, 0.101964, 0.278118,50, 16, 34, 12, 13.4292, 8.3739, 6.55647, 0.051065, 33.1078
5, 6, 65, 8, 10, 177, 47, 0.0672148, 0.154349,30, 10, 20, 8, 9.92999, 3.80477, 2.41726, 0.028065, 20.8894
5, 6, 65, 8, 11, 177, 130, 0.0893624, 0.276686,43, 14, 29, 11, 12.377, 8.1652, 6.40521, 0.034873, 31.544
5, 6, 65, 8, 12, 177, 134, 0.118761, 0.345452,53, 20, 33, 14, 12.1396, 7.94296, 6.58613, 0.035223, 31.2599
5, 6, 65, 8, 13, 177, 108, 0.113545, 0.314734,51, 18, 33, 13, 11.2249, 6.50464, 5.34041, 0.037047, 27.5911
5, 6, 65, 8, 14, 177, 85, 0.121289, 0.381655,54, 32, 22, 14, 11.5949, 5.3754, 4.33485, 0.033431, 25.7585
5, 6, 65, 9, 1, 177, 52, 0.1045, 0.189476,28, 14, 14, 12, 9.51304, 3.83059, 2.65695, 0.027383, 20.4204
5, 6, 65, 9, 2, 177, 45, 0.0780324, 0.137418,18, 11, 7, 9, 9.61521, 3.72372, 2.33589, 0.022579, 20.2373
5, 6, 65, 9, 3, 177, 45, 0.0980948, 0.133495,28, 12, 16, 12, 9.96649, 3.60298, 2.33199, 0.025034, 20.5706
5, 6, 65, 9, 4, 177, 53, 0.109359, 0.222081,36, 17, 19, 13, 9.7818, 3.77465, 2.71668, 0.030685, 20.8994
5, 6, 65, 9, 5, 177, 64, 0.0991204, 0.219554,35, 16, 19, 12, 10.0295, 4.45968, 3.23424, 0.027299, 22.4562
5, 6, 65, 9, 6, 177, 64, 0.14513, 0.227103,30, 18, 12, 17, 9.69905, 4.29874, 3.23144, 0.027148, 21.5379
5, 6, 65, 9, 7, 177, 65, 0.0797235, 0.180418,30, 14, 16, 9, 10.2277, 4.34007, 3.27748, 0.025109, 22.3703
5, 6, 65, 9, 8, 177, 88, 0.162086, 0.252495,39, 21, 18, 19, 11.3313, 5.553, 4.38562, 0.027589, 25.9143
5, 6, 65, 9, 9, 177, 133, 0.167564, 0.381101,57, 22, 35, 20, 12.883, 7.81978, 6.53241, 0.038145, 31.813
5, 6, 65, 9, 10, 177, 47, 0.0668426, 0.151404,26, 11, 15, 8, 9.75117, 3.48131, 2.40064, 0.023666, 20.2351
5, 6, 65, 9, 11, 177, 130, 0.0926947, 0.272372,44, 20, 24, 11, 12.1341, 8.13395, 6.39671, 0.032834, 31.1747
5, 6, 65, 9, 12, 177, 134, 0.0750644, 0.214525,41, 12, 29, 9, 11.7787, 7.86736, 6.57351, 0.033856, 30.8323
5, 6, 65, 9, 13, 177, 108, 0.110582, 0.294878,48, 26, 22, 13, 11.4628, 6.79024, 5.3823, 0.032573, 28.1221
5, 6, 65, 9, 14, 177, 85, 0.127444, 0.337776,47, 29, 18, 15, 11.0926, 5.8866, 4.23802, 0.032764, 25.6311
5, 6, 65, 10, 1, 169, 52, 0.0609855, 0.106726,17, 7, 10, 7, 9.66888, 3.84707, 2.52483, 0.021116, 20.57
5, 6, 65, 10, 2, 169, 45, 0.0529316, 0.078815,14, 7, 7, 6, 9.60026, 3.38394, 2.20586, 0.021292, 19.6782
5, 6, 65, 10, 3, 169, 45, 0.0864936, 0.139936,23, 10, 13, 10, 9.99459, 3.37374, 2.22054, 0.023315, 20.2926
5, 6, 65, 10, 4, 169, 53, 0.12588, 0.203063,32, 19, 13, 15, 10.1465, 3.93019, 2.59434, 0.026451, 21.4135
5, 6, 65, 10, 5, 169, 64, 0.0997403, 0.184575,34, 16, 18, 12, 10.1797, 4.64538, 3.11211, 0.027023, 22.699
5, 6, 65, 10, 6, 169, 64, 0.0562742, 0.106752,18, 6, 12, 6, 9.7104, 4.53073, 3.07847, 0.026256, 21.6454
5, 6, 65, 10, 7, 169, 65, 0.0352984, 0.0841353,16, 5, 11, 4, 10.2739, 4.33431, 3.10296, 0.024077, 22.23
5, 6, 65, 10, 8, 169, 88, 0.126443, 0.157821,30, 16, 14, 15, 11.2781, 5.4955, 4.18298, 0.024448, 25.5848
5, 6, 65, 10, 9, 169, 133, 0.11283, 0.222676,39, 20, 19, 13, 12.9337, 8.07028, 6.22807, 0.028906, 31.8151
5, 6, 65, 10, 10, 169, 47, 0.0503078, 0.101648,17, 8, 9, 6, 10.388, 3.46629, 2.28868, 0.020289, 20.9077
5, 6, 65, 10, 11, 169, 130, 0.102267, 0.332897,53, 23, 30, 12, 12.1167, 7.60219, 6.11449, 0.033039, 30.4675
5, 6, 65, 10, 12, 169, 134, 0.127666, 0.35523,59, 19, 40, 15, 11.767, 8.25435, 6.31145, 0.039773, 30.8455
5, 6, 65, 10, 13, 169, 108, 0.102277, 0.26606,49, 21, 28, 12, 11.0793, 6.56097, 5.10212, 0.03067, 27.1582
5, 6, 65, 10, 14, 169, 85, 0.127865, 0.282078,49, 24, 25, 15, 11.079, 5.70578, 4.05983, 0.029908, 25.18
5, 6, 65, 11, 1, 195, 52, 0.0828075, 0.192663,34, 11, 23, 9, 9.43832, 3.70993, 2.91931, 0.028867, 20.4945
5, 6, 65, 11, 2, 195, 45, 0.0702891, 0.179491,31, 11, 20, 8, 9.3391, 3.57618, 2.56599, 0.028967, 19.9535
5, 6, 65, 11, 3, 195, 45, 0.0756572, 0.175826,27, 12, 15, 9, 9.99539, 3.37909, 2.53253, 0.024919, 20.5219
5, 6, 65, 11, 4, 195, 53, 0.0984398, 0.23402,41, 19, 22, 11, 9.82003, 3.90915, 2.96715, 0.030053, 21.2746
5, 6, 65, 11, 5, 195, 64, 0.108042, 0.245863,35, 22, 13, 13, 10.0102, 4.35761, 3.5396, 0.029272, 22.6352
5, 6, 65, 11, 6, 195, 64, 0.104671, 0.204964,41, 17, 24, 12, 9.76135, 4.29654, 3.56349, 0.028917, 21.9893
5, 6, 65, 11, 7, 195, 65, 0.0632132, 0.134051,32, 7, 25, 7, 10.056, 4.35418, 3.59658, 0.030189, 22.4209
5, 6, 65, 11, 8, 195, 88, 0.124504, 0.217991,43, 17, 26, 15, 11.1383, 6.30115, 5.48285, 0.113883, 27.6228
5, 6, 65, 11, 9, 195, 133, 0.108134, 0.257281,43, 17, 26, 13, 13.9554, 8.08902, 7.1927, 0.030941, 34.2971
5, 6, 65, 11, 10, 195, 47, 0.0764074, 0.151673,25, 11, 14, 9, 9.80594, 3.45259, 2.64832, 0.023761, 20.4733
5, 6, 65, 11, 11, 195, 130, 0.0996353, 0.224825,38, 15, 23, 12, 12.4609, 8.06644, 6.99641, 0.033185, 32.0441
5, 6, 65, 11, 12, 195, 134, 0.142749, 0.328733,53, 26, 27, 17, 11.7555, 7.87046, 7.24934, 0.036862, 31.4147
5, 6, 65, 11, 13, 195, 108, 0.0893475, 0.151529,35, 12, 23, 10, 11.1077, 6.54861, 5.85634, 0.027694, 27.9352
5, 6, 65, 11, 14, 195, 85, 0.111023, 0.207401,36, 17, 19, 13, 11.2824, 5.33089, 4.64733, 0.027734, 25.6913
5, 6, 65, 12, 1, 198, 52, 0.12021, 0.212288,32, 19, 13, 14, 9.44563, 3.82144, 2.96375, 0.025379, 20.6622
5, 6, 65, 12, 2, 198, 45, 0.0843704, 0.145031,24, 12, 12, 10, 9.36086, 3.34786, 2.56486, 0.023391, 19.8336
5, 6, 65, 12, 3, 198, 45, 0.119262, 0.2345,35, 15, 20, 14, 9.94576, 3.39195, 2.59575, 0.029818, 20.6129
5, 6, 65, 12, 4, 198, 53, 0.113598, 0.280467,42, 22, 20, 13, 9.88854, 3.76611, 3.01647, 0.029603, 21.3476
5, 6, 65, 12, 5, 198, 64, 0.12807, 0.312514,48, 24, 24, 15, 10.0857, 4.70462, 3.6108, 0.035099, 23.1401
5, 6, 65, 12, 6, 198, 64, 0.0987156, 0.190334,38, 14, 24, 11, 9.98963, 4.70663, 3.60192, 0.033034, 22.7271
5, 6, 65, 12, 7, 198, 65, 0.0924842, 0.117516,22, 11, 11, 11, 10.3975, 4.50553, 3.69344, 0.025634, 23.0714
5, 6, 65, 12, 8, 198, 88, 0.116154, 0.174728,35, 17, 18, 14, 11.5974, 5.80744, 4.91861, 0.032689, 26.9787
5, 6, 65, 12, 9, 198, 133, 0.145264, 0.236425,35, 23, 12, 17, 13.2518, 7.86784, 7.31695, 0.027578, 33.1747
5, 6, 65, 12, 10, 198, 47, 0.0854882, 0.178571,26, 15, 11, 10, 9.8146, 3.60122, 2.68667, 0.025074, 20.7916
5, 6, 65, 12, 11, 198, 130, 0.0956017, 0.284954,45, 22, 23, 11, 12.3027, 7.80668, 7.16913, 0.03113, 31.8832
5, 6, 65, 12, 12, 198, 134, 0.17783, 0.377571,52, 33, 19, 21, 11.9713, 8.45153, 7.35501, 0.035845, 32.3911
5, 6, 65, 12, 13, 198, 108, 0.129842, 0.314,47, 26, 21, 15, 11.4155, 6.69866, 5.98406, 0.032854, 28.5904
5, 6, 65, 12, 14, 198, 85, 0.156381, 0.456685,60, 36, 24, 18, 11.364, 5.72684, 4.72499, 0.03619, 26.329
5, 6, 65, 13, 1, 147, 52, 0.0950047, 0.213679,38, 16, 22, 11, 9.67793, 4.04157, 2.20511, 0.028245, 20.4862
5, 6, 65, 13, 2, 147, 45, 0.0710678, 0.155636,25, 13, 12, 8, 9.59699, 3.59685, 1.94184, 0.025244, 19.7977
5, 6, 65, 13, 3, 147, 45, 0.0980661, 0.249082,40, 19, 21, 12, 10.1612, 3.45385, 1.95109, 0.027268, 20.244
5, 6, 65, 13, 4, 147, 53, 0.130883, 0.300861,42, 29, 13, 15, 9.80563, 4.09249, 2.25978, 0.02605, 20.7527
5, 6, 65, 13, 5, 147, 64, 0.110327, 0.29082,44, 27, 17, 13, 9.96791, 4.38068, 2.6898, 0.027519, 21.8235
5, 6, 65, 13, 6, 147, 64, 0.0622695, 0.232928,44, 13, 31, 7, 10.0773, 4.29454, 2.70894, 0.030319, 21.498
5, 6, 65, 13, 7, 147, 65, 0.032406, 0.109194,28, 4, 24, 4, 10.0267, 4.38716, 2.72509, 0.023757, 21.5509
5, 6, 65, 13, 8, 147, 88, 0.0433518, 0.100779,28, 9, 19, 5, 11.4189, 5.61702, 3.66587, 0.023035, 25.3322
5, 6, 65, 13, 9, 147, 133, 0.0594223, 0.188169,39, 8, 31, 7, 12.8247, 7.77784, 5.41694, 0.032504, 30.577
5, 6, 65, 13, 10, 147, 47, 0.0861256, 0.209262,30, 15, 15, 10, 9.73244, 3.49452, 2.01085, 0.02299, 19.8374
5, 6, 65, 13, 11, 147, 130, 0.0988594, 0.269765,47, 18, 29, 12, 12.1936, 7.73221, 5.30021, 0.032919, 29.7441
5, 6, 65, 13, 12, 147, 134, 0.103681, 0.270481,44, 21, 23, 12, 12.0475, 8.53775, 5.4745, 0.031681, 30.6356
5, 6, 65, 13, 13, 147, 108, 0.138851, 0.33914,54, 25, 29, 17, 11.3981, 6.95705, 4.49506, 0.03345, 27.35
5, 6, 65, 13, 14, 147, 85, 0.135309, 0.35615,57, 27, 30, 16, 11.4102, 5.72261, 3.5718, 0.034888, 25.1571
5, 6, 65, 14, 1, 193, 52, 0.0614725, 0.162475,28, 11, 17, 7, 9.84599, 4.12202, 2.87122, 0.028266, 21.4216
5, 6, 65, 14, 2, 193, 45, 0.06687, 0.109855,21, 11, 10, 8, 9.63564, 3.55335, 2.56824, 0.024338, 20.2897
5, 6, 65, 14, 3, 193, 45, 0.109139, 0.255899,41, 17, 24, 13, 10.1706, 3.59818, 2.52247, 0.029954, 20.981
5, 6, 65, 14, 4, 193, 53, 0.113587, 0.293416,47, 27, 20, 13, 9.87548, 4.05352, 2.9424, 0.033876, 21.4813
5, 6, 65, 14, 5, 193, 64, 0.138034, 0.345671,53, 28, 25, 16, 10.3165, 4.3312, 3.53318, 0.034211, 22.9254
5, 6, 65, 14, 6, 193, 64, 0.0967657, 0.187633,39, 15, 24, 12, 9.72726, 4.62054, 3.52353, 0.031056, 22.2457
5, 6, 65, 14, 7, 193, 65, 0.0585161, 0.157997,34, 8, 26, 7, 10.2107, 4.33295, 3.62272, 0.028997, 22.6695
5, 6, 65, 14, 8, 193, 88, 0.117395, 0.24907,49, 21, 28, 14, 11.4138, 5.49355, 4.77713, 0.033139, 26.3177
5, 6, 65, 14, 9, 193, 133, 0.116418, 0.274594,43, 19, 24, 14, 13.3178, 8.31954, 7.16687, 0.033521, 33.4838
5, 6, 65, 14, 10, 193, 47, 0.126649, 0.225498,35, 22, 13, 15, 9.90083, 3.54895, 2.6193, 0.027504, 20.7605
5, 6, 65, 14, 11, 193, 130, 0.0787868, 0.244991,46, 15, 31, 9, 12.3615, 8.11896, 6.98064, 0.036526, 32.0691
5, 6, 65, 14, 12, 193, 134, 0.146881, 0.423318,63, 31, 32, 17, 12.0857, 7.95186, 7.22446, 0.038359, 31.8319
5, 6, 65, 14, 13, 193, 108, 0.150554, 0.349373,58, 26, 32, 18, 11.206, 6.69127, 5.82237, 0.034998, 28.2174
5, 6, 65, 14, 14, 193, 85, 0.197972, 0.527112,75, 47, 28, 23, 11.2671, 5.39973, 4.6721, 0.043419, 25.7767
5, 6, 65, 15, 1, 172, 52, 0.088216, 0.193409,29, 12, 17, 10, 9.43886, 3.70036, 2.56804, 0.024829, 20.1916
5, 6, 65, 15, 2, 172, 45, 0.0535959, 0.142094,21, 7, 14, 6, 9.54177, 3.56872, 2.23522, 0.022759, 19.9171
5, 6, 65, 15, 3, 172, 45, 0.0834168, 0.220014,34, 11, 23, 10, 10.0534, 3.4144, 2.26222, 0.027213, 20.3297
5, 6, 65, 15, 4, 172, 53, 0.106836, 0.291046,43, 17, 26, 12, 10.0798, 3.86083, 2.64459, 0.031306, 21.2687
5, 6, 65, 15, 5, 172, 64, 0.116274, 0.324175,45, 20, 25, 13, 9.83879, 4.32976, 3.16689, 0.031812, 21.9734
5, 6, 65, 15, 6, 172, 64, 0.113723, 0.231694,35, 15, 20, 13, 9.9186, 4.2722, 3.13655, 0.027063, 21.685
5, 6, 65, 15, 7, 172, 65, 0.0623528, 0.210971,34, 12, 22, 7, 10.0436, 4.38626, 3.19197, 0.027203, 22.0281
5, 6, 65, 15, 8, 172, 88, 0.141381, 0.2968,46, 20, 26, 17, 11.4914, 5.83589, 4.25505, 0.032979, 26.2111
5, 6, 65, 15, 9, 172, 133, 0.1501, 0.39814,59, 22, 37, 18, 12.8384, 7.95748, 6.36439, 0.037333, 31.8259
5, 6, 65, 15, 10, 172, 47, 0.0935016, 0.27457,42, 15, 27, 11, 9.76427, 3.46027, 2.36047, 0.029377, 20.3054
5, 6, 65, 15, 11, 172, 130, 0.0995026, 0.213441,34, 17, 17, 12, 12.238, 7.79397, 6.25115, 0.028481, 30.8905
5, 6, 65, 15, 12, 172, 134, 0.100107, 0.29438,50, 21, 29, 12, 11.7846, 7.79607, 6.40521, 0.032303, 30.5657
5, 6, 65, 15, 13, 172, 108, 0.111743, 0.273228,44, 23, 21, 13, 11.2382, 6.82578, 5.18933, 0.029533, 27.7171
5, 6, 65, 15, 14, 172, 85, 0.156371, 0.350531,47, 30, 17, 19, 11.0444, 5.35617, 4.12166, 0.028796, 24.9494
