5, 5, 30, 2, 1, 794, 735, 17.1656, 21.7071,1588, 742, 846, 461, 7.78034, 37.5138, 161.253, 0.433761, 211.487
5, 5, 30, 3, 1, 749, 735, 12.7859, 16.777,1498, 662, 836, 401, 7.41119, 37.4367, 150.597, 0.380973, 200.317
5, 5, 30, 3, 2, 749, 794, 17.547, 22.4775,1498, 822, 676, 493, 7.36645, 40.3065, 168.109, 0.395691, 220.551
5, 5, 30, 4, 1, 756, 735, 10.1182, 13.6027,1512, 572, 940, 346, 7.44566, 37.5131, 152.22, 0.378904, 202.051
5, 5, 30, 4, 2, 756, 794, 12.8686, 16.9694,1512, 680, 832, 416, 7.363, 40.1097, 164.666, 0.409493, 216.928
5, 5, 30, 4, 3, 756, 749, 16.2289, 20.9026,1512, 792, 720, 476, 7.09151, 38.0518, 156.045, 0.411298, 206.005
5, 5, 30, 5, 1, 754, 735, 8.68658, 11.7735,1508, 511, 997, 307, 7.45386, 37.6734, 151.735, 0.375326, 201.717
5, 5, 30, 5, 2, 754, 794, 10.349, 13.8648,1508, 588, 920, 357, 7.36115, 40.311, 163.8, 0.387325, 216.234
5, 5, 30, 5, 3, 754, 749, 13.2971, 17.6747,1508, 739, 769, 440, 7.01208, 37.9364, 154.695, 0.394069, 204.332
5, 5, 30, 5, 4, 754, 756, 17.7721, 22.8466,1508, 895, 613, 506, 7.14582, 38.2815, 156.846, 0.394491, 207.151
5, 5, 30, 6, 1, 683, 735, 12.8056, 16.7072,1366, 618, 748, 380, 7.41897, 37.7275, 137.556, 0.355143, 187.508
5, 5, 30, 6, 2, 683, 794, 10.5046, 13.9474,1366, 565, 801, 345, 7.40146, 40.2545, 148.526, 0.350608, 200.902
5, 5, 30, 6, 3, 683, 749, 8.19639, 11.0832,1366, 480, 886, 295, 7.0165, 38.013, 140.668, 0.351184, 190.343
5, 5, 30, 6, 4, 683, 756, 5.8034, 9.08697,1366, 359, 1007, 223, 7.14239, 38.4591, 142.504, 0.354091, 192.84
5, 5, 30, 6, 5, 683, 754, 1.48838, 6.56682,1366, 130, 1236, 95, 7.12212, 38.1064, 141.244, 0.379134, 191.292
5, 5, 30, 7, 1, 733, 735, 0.847193, 2.17797,1466, 67, 1399, 48, 7.50148, 37.7389, 147.706, 0.351159, 197.795
5, 5, 30, 7, 2, 733, 794, 1.38141, 2.42764,1466, 114, 1352, 76, 7.39588, 40.1514, 159.16, 0.343034, 211.412
5, 5, 30, 7, 3, 733, 749, 1.89083, 2.78351,1466, 162, 1304, 98, 7.11096, 37.9127, 150.967, 0.336521, 200.618
5, 5, 30, 7, 4, 733, 756, 2.52057, 3.75209,1466, 220, 1246, 130, 7.16345, 38.3842, 152.991, 0.341977, 203.356
5, 5, 30, 7, 5, 733, 754, 3.10838, 4.4716,1466, 234, 1232, 145, 7.21179, 38.0267, 151.328, 0.344316, 201.359
5, 5, 30, 7, 6, 733, 683, 0.250065, 1.22589,1466, 26, 1440, 22, 7.14571, 34.7829, 137.906, 0.361793, 184.633
5, 5, 30, 8, 1, 775, 735, 1.75171, 2.90447,1550, 139, 1411, 91, 7.67679, 37.773, 156.251, 0.377651, 206.629
5, 5, 30, 8, 2, 775, 794, 2.23485, 3.30219,1550, 171, 1379, 110, 7.58976, 40.4029, 168.982, 0.357852, 221.731
5, 5, 30, 8, 3, 775, 749, 2.55333, 3.82023,1550, 214, 1336, 133, 7.00874, 38.2666, 159.463, 0.358904, 209.385
5, 5, 30, 8, 4, 775, 756, 3.08694, 4.48028,1550, 232, 1318, 143, 7.11231, 38.1827, 160.327, 0.362968, 210.36
5, 5, 30, 8, 5, 775, 754, 3.2287, 4.66209,1550, 232, 1318, 143, 7.15976, 37.9664, 160.305, 0.372675, 210.257
5, 5, 30, 8, 6, 775, 683, 0.443922, 1.72494,1550, 45, 1505, 40, 7.28731, 34.7729, 145.088, 0.370387, 191.963
5, 5, 30, 8, 7, 775, 733, 17.7922, 22.5404,1550, 831, 719, 486, 6.88846, 36.9929, 155.615, 0.410646, 204.364
5, 5, 30, 9, 1, 805, 735, 2.291, 3.42445,1610, 174, 1436, 110, 7.4091, 37.4411, 162.233, 0.384041, 211.908
5, 5, 30, 9, 2, 805, 794, 2.62496, 3.86554,1610, 202, 1408, 128, 7.4286, 40.1682, 175.376, 0.392685, 227.726
5, 5, 30, 9, 3, 805, 749, 2.9449, 4.30704,1610, 225, 1385, 144, 7.01409, 37.9911, 165.558, 0.383131, 215.272
5, 5, 30, 9, 4, 805, 756, 3.35976, 4.77009,1610, 240, 1370, 151, 7.10355, 38.2391, 166.766, 0.374861, 216.863
5, 5, 30, 9, 5, 805, 754, 3.08803, 4.48552,1610, 230, 1380, 147, 7.16049, 38.0278, 166.396, 0.377385, 216.406
5, 5, 30, 9, 6, 805, 683, 0.609932, 1.75529,1610, 53, 1557, 40, 7.1403, 34.627, 151.313, 0.377817, 197.892
5, 5, 30, 9, 7, 805, 733, 14.6465, 18.9648,1610, 782, 828, 458, 6.86689, 37.0291, 161.951, 0.406733, 210.794
5, 5, 30, 9, 8, 805, 775, 18.4576, 23.3361,1610, 853, 757, 508, 7.13462, 39.2764, 170.986, 0.413911, 222.263
5, 5, 30, 10, 1, 768, 735, 2.87198, 4.11843,1536, 198, 1338, 131, 7.46481, 37.3535, 154.664, 0.360117, 204.311
5, 5, 30, 10, 2, 768, 794, 3.24618, 4.7474,1536, 254, 1282, 158, 7.36132, 40.3121, 167.272, 0.363804, 219.676
5, 5, 30, 10, 3, 768, 749, 2.72542, 4.0001,1536, 216, 1320, 134, 7.03203, 38.1231, 157.59, 0.362737, 207.407
5, 5, 30, 10, 4, 768, 756, 2.02721, 2.99422,1536, 163, 1373, 102, 7.11694, 38.265, 159.133, 0.357842, 209.248
5, 5, 30, 10, 5, 768, 754, 1.88228, 2.83126,1536, 157, 1379, 100, 7.10406, 38.0563, 158.635, 0.353464, 208.59
5, 5, 30, 10, 6, 768, 683, 2.1632, 3.15471,1536, 163, 1373, 110, 7.22673, 34.5479, 144.03, 0.363514, 190.641
5, 5, 30, 10, 7, 768, 733, 8.50131, 11.6389,1536, 539, 997, 318, 6.99853, 36.9475, 154.943, 0.381329, 203.799
5, 5, 30, 10, 8, 768, 775, 9.5558, 13.0322,1536, 597, 939, 354, 7.16682, 39.2453, 163.05, 0.385897, 214.286
5, 5, 30, 10, 9, 768, 805, 12.3365, 16.4494,1536, 699, 837, 423, 7.15867, 40.5552, 169.188, 0.395351, 221.737
5, 5, 30, 11, 1, 825, 735, 3.50911, 5.0117,1650, 246, 1404, 159, 7.59575, 37.6422, 166.345, 0.388772, 216.449
5, 5, 30, 11, 2, 825, 794, 3.23606, 4.68534,1650, 237, 1413, 151, 7.37767, 40.3376, 179.291, 0.391703, 231.791
5, 5, 30, 11, 3, 825, 749, 2.5363, 3.74075,1650, 196, 1454, 128, 7.02327, 37.9527, 169.437, 0.403216, 219.1
5, 5, 30, 11, 4, 825, 756, 1.92839, 2.87423,1650, 148, 1502, 98, 7.21019, 38.3566, 171.612, 0.384354, 222.06
5, 5, 30, 11, 5, 825, 754, 1.75009, 2.65,1650, 134, 1516, 87, 7.08658, 38.04, 170.674, 0.382291, 220.633
5, 5, 30, 11, 6, 825, 683, 2.67702, 3.81619,1650, 176, 1474, 123, 7.40833, 35.3033, 155.437, 0.387154, 203.07
5, 5, 30, 11, 7, 825, 733, 6.97638, 10.1296,1650, 469, 1181, 277, 6.882, 37.0346, 165.822, 0.423005, 214.671
5, 5, 30, 11, 8, 825, 775, 8.42094, 11.597,1650, 529, 1121, 321, 7.14154, 39.3199, 175.159, 0.409774, 226.476
5, 5, 30, 11, 9, 825, 805, 10.2027, 13.8276,1650, 612, 1038, 366, 7.17526, 40.714, 182.703, 0.416296, 235.443
5, 5, 30, 11, 10, 825, 768, 16.65, 21.5384,1650, 837, 813, 494, 7.19166, 39.5138, 174.231, 0.424026, 225.701
5, 5, 30, 12, 1, 824, 735, 3.34945, 4.84032,1648, 233, 1415, 157, 7.4106, 37.3487, 166.874, 0.42836, 216.59
5, 5, 30, 12, 2, 824, 794, 2.89633, 4.30863,1648, 218, 1430, 142, 7.46151, 40.265, 179.322, 0.394449, 231.88
5, 5, 30, 12, 3, 824, 749, 2.4915, 3.72974,1648, 190, 1458, 128, 7.00175, 37.9239, 170.095, 0.394404, 219.711
5, 5, 30, 12, 4, 824, 756, 1.97402, 2.95408,1648, 160, 1488, 102, 7.34031, 38.7141, 170.524, 0.377516, 221.444
5, 5, 30, 12, 5, 824, 754, 1.71524, 2.62813,1648, 142, 1506, 89, 7.18791, 38.4448, 170.884, 0.377776, 221.406
5, 5, 30, 12, 6, 824, 683, 3.01596, 4.27821,1648, 195, 1453, 130, 7.18027, 34.698, 154.461, 0.383453, 201.159
5, 5, 30, 12, 7, 824, 733, 2.97738, 7.94417,1648, 243, 1405, 165, 6.97517, 37.2233, 165.709, 0.436445, 214.858
5, 5, 30, 12, 8, 824, 775, 7.3537, 10.3264,1648, 486, 1162, 291, 7.27599, 39.2486, 175.026, 0.409222, 226.503
5, 5, 30, 12, 9, 824, 805, 8.70022, 11.9706,1648, 542, 1106, 330, 7.18449, 40.7891, 181.718, 0.412855, 234.61
5, 5, 30, 12, 10, 824, 768, 13.7555, 18.0223,1648, 728, 920, 438, 7.20047, 38.9507, 173.206, 0.417845, 224.119
5, 5, 30, 12, 11, 824, 825, 18.8107, 23.8515,1648, 855, 793, 503, 7.78536, 41.8311, 186.359, 0.428576, 240.856
5, 5, 30, 13, 1, 647, 735, 2.25349, 3.31553,1294, 166, 1128, 113, 7.68035, 37.4001, 130.331, 0.30807, 180.275
5, 5, 30, 13, 2, 647, 794, 1.85441, 2.81435,1294, 150, 1144, 100, 7.38416, 40.0948, 140.506, 0.304113, 192.651
5, 5, 30, 13, 3, 647, 749, 1.54354, 2.33074,1294, 141, 1153, 89, 7.00902, 37.8536, 132.465, 0.307055, 181.924
5, 5, 30, 13, 4, 647, 756, 0.839165, 1.61589,1294, 68, 1226, 46, 7.10505, 38.3399, 133.789, 0.306768, 183.956
5, 5, 30, 13, 5, 647, 754, 0.434846, 1.4923,1294, 39, 1255, 30, 7.12953, 38.0796, 134.148, 0.323215, 184.158
5, 5, 30, 13, 6, 647, 683, 3.01126, 4.36675,1294, 226, 1068, 141, 7.41796, 34.5801, 120.945, 0.31052, 167.819
5, 5, 30, 13, 7, 647, 733, 0.507894, 4.17808,1294, 55, 1239, 53, 6.9382, 36.8743, 129.838, 0.347923, 178.648
5, 5, 30, 13, 8, 647, 775, 0.491111, 4.75959,1294, 56, 1238, 55, 7.14662, 39.3824, 137.093, 0.356004, 188.42
5, 5, 30, 13, 9, 647, 805, 1.18866, 5.80159,1294, 119, 1175, 100, 7.16366, 40.6211, 142.285, 0.362322, 194.855
5, 5, 30, 13, 10, 647, 768, 7.18628, 9.83597,1294, 463, 831, 275, 7.18566, 38.8529, 136.361, 0.333791, 187.065
5, 5, 30, 13, 11, 647, 825, 10.0063, 13.3421,1294, 560, 734, 332, 8.03592, 42.0878, 145.829, 0.332959, 200.844
5, 5, 30, 13, 12, 647, 824, 11.4706, 15.3014,1294, 633, 661, 375, 7.84218, 41.669, 145.519, 0.33608, 199.858
5, 5, 30, 14, 1, 747, 735, 2.91351, 4.22292,1494, 201, 1293, 138, 7.43729, 37.3, 150.42, 0.362068, 199.956
5, 5, 30, 14, 2, 747, 794, 2.33933, 3.48955,1494, 172, 1322, 117, 7.35952, 40.1835, 162.339, 0.360814, 214.607
5, 5, 30, 14, 3, 747, 749, 2.0853, 3.10964,1494, 163, 1331, 107, 7.01538, 38.1429, 153.945, 0.347177, 203.761
5, 5, 30, 14, 4, 747, 756, 1.78745, 2.74549,1494, 146, 1348, 93, 7.09722, 38.2117, 154.59, 0.355708, 204.674
5, 5, 30, 14, 5, 747, 754, 1.25688, 2.04687,1494, 92, 1402, 66, 7.18849, 37.9838, 154.229, 0.344823, 204.216
5, 5, 30, 14, 6, 747, 683, 3.57994, 5.08781,1494, 230, 1264, 152, 7.14785, 34.5533, 139.973, 0.355287, 186.506
5, 5, 30, 14, 7, 747, 733, 0.753508, 5.60358,1494, 80, 1414, 78, 6.91442, 37.2498, 150.836, 0.436105, 199.905
5, 5, 30, 14, 8, 747, 775, 1.48164, 6.82377,1494, 150, 1344, 118, 7.29989, 39.7622, 158.93, 0.409598, 210.929
5, 5, 30, 14, 9, 747, 805, 5.34742, 8.99332,1494, 381, 1113, 235, 7.17404, 40.7399, 164.688, 0.386147, 217.406
5, 5, 30, 14, 10, 747, 768, 9.73025, 13.1965,1494, 576, 918, 349, 7.18861, 38.8388, 157.338, 0.378082, 208.097
5, 5, 30, 14, 11, 747, 825, 13.3086, 17.5205,1494, 698, 796, 417, 7.779, 41.8523, 170.467, 0.386383, 224.93
5, 5, 30, 14, 12, 747, 824, 15.0912, 19.7173,1494, 750, 744, 458, 7.97775, 41.7387, 168.629, 0.388808, 223.306
5, 5, 30, 14, 13, 747, 647, 16.0874, 20.4698,1494, 715, 779, 426, 7.12319, 33.3324, 133.099, 0.381554, 178.494
5, 5, 30, 15, 1, 797, 735, 2.6382, 3.80408,1594, 181, 1413, 120, 7.47284, 37.7009, 160.94, 0.3715, 210.982
5, 5, 30, 15, 2, 797, 794, 3.15081, 4.47529,1594, 214, 1380, 134, 7.37396, 40.3679, 173.338, 0.383594, 225.85
5, 5, 30, 15, 3, 797, 749, 3.08678, 4.44295,1594, 227, 1367, 141, 7.02249, 37.8783, 163.826, 0.374104, 213.423
5, 5, 30, 15, 4, 797, 756, 2.79796, 4.0616,1594, 217, 1377, 135, 7.10203, 38.1894, 164.527, 0.369155, 214.596
5, 5, 30, 15, 5, 797, 754, 2.71692, 3.99157,1594, 204, 1390, 132, 7.10062, 38.1887, 164.783, 0.377727, 214.912
5, 5, 30, 15, 6, 797, 683, 1.27751, 2.23905,1594, 107, 1487, 71, 7.1591, 34.6199, 149.314, 0.375953, 195.933
5, 5, 30, 15, 7, 797, 733, 11.5345, 15.2696,1594, 677, 917, 398, 6.88828, 36.8798, 160.043, 0.399499, 208.658
5, 5, 30, 15, 8, 797, 775, 13.8141, 18.2482,1594, 760, 834, 456, 7.14036, 39.1663, 169.037, 0.407921, 220.195
5, 5, 30, 15, 9, 797, 805, 18.848, 24.0595,1594, 897, 697, 533, 7.16675, 40.5799, 176.851, 0.422478, 229.462
5, 5, 30, 15, 10, 797, 768, 15.4617, 20.0769,1594, 798, 796, 485, 7.70857, 39.4251, 169.026, 0.411126, 221.133
5, 5, 30, 15, 11, 797, 825, 12.9555, 17.202,1594, 735, 859, 443, 7.85405, 42.0695, 179.862, 0.409488, 234.664
5, 5, 30, 15, 12, 797, 824, 10.6681, 14.3662,1594, 651, 943, 389, 7.83371, 41.9916, 179.67, 0.405325, 234.408
5, 5, 30, 15, 13, 797, 647, 4.09344, 7.41006,1594, 284, 1310, 187, 7.12341, 32.9151, 141.334, 0.40543, 186.242
5, 5, 30, 15, 14, 797, 747, 7.01634, 9.75253,1594, 471, 1123, 288, 7.40105, 37.8549, 163.158, 0.393807, 213.302
6, 6, 30, 2, 1, 268, 257, 6.01667, 7.90539,536, 275, 261, 171, 4.32011, 13.5693, 19.7743, 0.14361, 42.2641
6, 6, 30, 3, 1, 327, 257, 4.61522, 6.22872,654, 234, 420, 145, 4.29011, 14.0357, 24.0591, 0.165728, 46.8702
6, 6, 30, 3, 2, 327, 268, 5.67219, 7.64568,654, 271, 383, 167, 4.42864, 14.1138, 25.0345, 0.172577, 48.1179
6, 6, 30, 4, 1, 341, 257, 3.62811, 5.01808,682, 206, 476, 127, 4.31006, 13.7155, 25.0537, 0.168453, 47.6001
6, 6, 30, 4, 2, 341, 268, 4.12744, 5.55739,682, 212, 470, 131, 4.5765, 14.4246, 26.0888, 0.169656, 49.6914
6, 6, 30, 4, 3, 341, 327, 6.14208, 8.43772,682, 312, 370, 185, 4.77073, 16.9387, 31.5038, 0.174309, 57.8507
6, 6, 30, 5, 1, 331, 257, 3.32493, 4.6129,662, 182, 480, 115, 4.28329, 13.8318, 24.3367, 0.168213, 46.9232
6, 6, 30, 5, 2, 331, 268, 3.74401, 5.05762,662, 180, 482, 118, 4.45905, 14.1184, 25.3581, 0.165703, 48.5408
6, 6, 30, 5, 3, 331, 327, 6.04482, 8.23589,662, 293, 369, 177, 4.77894, 17.0229, 30.7118, 0.17959, 57.1956
6, 6, 30, 5, 4, 331, 341, 8.53719, 11.0623,662, 338, 324, 206, 4.73659, 17.6865, 31.8732, 0.173067, 59.0356
6, 6, 30, 6, 1, 252, 257, 4.8038, 6.48278,504, 256, 248, 154, 4.28951, 14.0429, 18.5435, 0.132739, 41.3174
6, 6, 30, 6, 2, 252, 268, 3.95052, 5.40184,504, 216, 288, 134, 4.43426, 14.1182, 19.3107, 0.13871, 42.3732
6, 6, 30, 6, 3, 252, 327, 2.6228, 3.72759,504, 154, 350, 97, 4.87336, 16.9544, 23.2901, 0.130965, 49.8095
6, 6, 30, 6, 4, 252, 341, 1.85915, 2.71282,504, 110, 394, 74, 4.70465, 17.9235, 24.4208, 0.131722, 51.6381
6, 6, 30, 6, 5, 252, 331, 0.575238, 1.95756,504, 39, 465, 29, 4.78368, 17.2984, 23.6438, 0.135825, 50.4536
6, 6, 30, 7, 1, 273, 257, 3.19021, 4.48191,546, 203, 343, 123, 4.43126, 13.9411, 20.2139, 0.141972, 43.1032
6, 6, 30, 7, 2, 273, 268, 2.77303, 3.96446,546, 185, 361, 112, 4.43899, 14.4245, 20.9081, 0.155157, 44.2852
6, 6, 30, 7, 3, 273, 327, 1.49297, 2.42883,546, 95, 451, 68, 4.78638, 17.1707, 25.2365, 0.140279, 51.8781
6, 6, 30, 7, 4, 273, 341, 0.128157, 1.38561,546, 12, 534, 10, 4.79532, 17.8395, 26.3968, 0.148094, 53.7939
6, 6, 30, 7, 5, 273, 331, 0.181891, 1.36037,546, 19, 527, 18, 4.70134, 17.1367, 25.5667, 0.14911, 52.087
6, 6, 30, 7, 6, 273, 252, 5.29097, 6.90758,546, 268, 278, 165, 4.27132, 13.5496, 19.6777, 0.144246, 41.9807
6, 6, 30, 8, 1, 310, 257, 2.41749, 3.49037,620, 162, 458, 103, 4.28491, 13.5668, 22.8329, 0.155468, 45.1573
6, 6, 30, 8, 2, 310, 268, 1.37646, 2.61018,620, 88, 532, 59, 4.43369, 14.3056, 23.7285, 0.170787, 47.0026
6, 6, 30, 8, 3, 310, 327, 0.122749, 1.40804,620, 13, 607, 13, 4.76077, 16.9757, 28.6546, 0.181019, 55.102
6, 6, 30, 8, 4, 310, 341, 0.0792088, 0.792237,620, 8, 612, 8, 4.78188, 17.6259, 29.9218, 0.152958, 57.0602
6, 6, 30, 8, 5, 310, 331, 0.116237, 0.859119,620, 12, 608, 12, 4.69393, 17.2571, 29.1542, 0.170527, 55.8342
6, 6, 30, 8, 6, 310, 252, 3.487, 4.89503,620, 233, 387, 139, 4.27777, 13.3083, 22.3904, 0.156715, 44.407
6, 6, 30, 8, 7, 310, 273, 5.57493, 7.35644,620, 320, 300, 185, 4.48863, 14.7483, 24.2659, 0.164837, 47.9483
6, 6, 30, 9, 1, 366, 257, 0.326424, 1.72378,732, 31, 701, 27, 4.34743, 14.0997, 26.9525, 0.194328, 49.9368
6, 6, 30, 9, 2, 366, 268, 0.110165, 1.31439,732, 13, 719, 12, 4.48197, 14.5377, 28.1496, 0.184845, 51.8689
6, 6, 30, 9, 3, 366, 327, 0.0881084, 0.79361,732, 11, 721, 10, 4.85522, 17.1016, 33.9526, 0.176449, 60.6446
6, 6, 30, 9, 4, 366, 341, 0.0284592, 0.507254,732, 4, 728, 3, 4.68597, 17.5304, 35.3578, 0.168339, 62.2103
6, 6, 30, 9, 5, 366, 331, 0.0232152, 0.235492,732, 2, 730, 2, 4.68775, 17.1282, 34.2895, 0.16411, 60.8288
6, 6, 30, 9, 6, 366, 252, 2.68498, 3.76267,732, 192, 540, 111, 4.2508, 13.3553, 26.3456, 0.179295, 48.3529
6, 6, 30, 9, 7, 366, 273, 4.14508, 5.71805,732, 286, 446, 166, 4.61111, 14.5638, 28.5015, 0.190907, 52.2499
6, 6, 30, 9, 8, 366, 310, 6.59771, 8.60684,732, 357, 375, 207, 4.99764, 16.3298, 32.147, 0.188037, 58.1607
6, 6, 30, 10, 1, 335, 257, 3.66072, 5.07981,670, 208, 462, 130, 4.28162, 13.8869, 24.6728, 0.173413, 47.3141
6, 6, 30, 10, 2, 335, 268, 4.92242, 6.66081,670, 235, 435, 150, 4.4164, 14.106, 25.6107, 0.16899, 48.6723
6, 6, 30, 10, 3, 335, 327, 8.40066, 11.1643,670, 366, 304, 221, 4.75799, 17.2193, 30.9861, 0.178979, 57.6119
6, 6, 30, 10, 4, 335, 341, 7.70821, 10.3258,670, 352, 318, 209, 4.71875, 17.657, 32.2038, 0.175142, 59.2776
6, 6, 30, 10, 5, 335, 331, 6.22007, 8.60664,670, 306, 364, 182, 4.72341, 17.556, 31.3241, 0.171199, 58.3016
6, 6, 30, 10, 6, 335, 252, 2.58051, 3.69075,670, 175, 495, 110, 4.25417, 13.3991, 24.3831, 0.178452, 46.5191
6, 6, 30, 10, 7, 335, 273, 1.00487, 2.21634,670, 77, 593, 52, 4.54346, 14.5845, 26.0495, 0.180978, 49.7426
6, 6, 30, 10, 8, 335, 310, 0.143721, 1.20929,670, 18, 652, 15, 4.9833, 16.4587, 29.3711, 0.16913, 55.5115
6, 6, 30, 10, 9, 335, 366, 0.260722, 1.17577,670, 27, 643, 20, 5.47766, 19.5396, 34.5451, 0.186226, 64.2044
6, 6, 30, 11, 1, 407, 257, 0.289026, 0.436169,814, 23, 791, 14, 4.29204, 13.5649, 29.9061, 0.18215, 52.2639
6, 6, 30, 11, 2, 407, 268, 0.237721, 0.370091,814, 20, 794, 14, 4.43004, 14.377, 31.1396, 0.17956, 54.4771
6, 6, 30, 11, 3, 407, 327, 0.0561365, 0.199361,814, 6, 808, 4, 4.7632, 17.1161, 37.5875, 0.185577, 64.1294
6, 6, 30, 11, 4, 407, 341, 0.0346872, 0.142687,814, 5, 809, 4, 4.80351, 17.6067, 39.055, 0.177055, 66.1461
6, 6, 30, 11, 5, 407, 331, 0.0436, 0.194589,814, 5, 809, 4, 4.71989, 17.1181, 38.0136, 0.181088, 64.6519
6, 6, 30, 11, 6, 407, 252, 0.289134, 0.425235,814, 25, 789, 14, 4.25695, 13.2788, 29.3581, 0.181168, 51.3475
6, 6, 30, 11, 7, 407, 273, 0.403784, 0.599969,814, 35, 779, 21, 4.46456, 14.4804, 31.8572, 0.187585, 55.2888
6, 6, 30, 11, 8, 407, 310, 0.67097, 1.0114,814, 56, 758, 36, 4.97993, 16.3879, 35.871, 0.196117, 61.9375
6, 6, 30, 11, 9, 407, 366, 0.609285, 0.931472,814, 55, 759, 33, 5.76951, 19.3465, 42.1638, 0.188673, 72.0426
6, 6, 30, 11, 10, 407, 335, 0.0217087, 0.146843,814, 2, 812, 2, 4.92234, 17.3992, 38.5116, 0.179555, 65.5985
6, 6, 30, 12, 1, 391, 257, 0.327746, 0.535092,782, 30, 752, 20, 4.28552, 13.5199, 28.7702, 0.175372, 51.049
6, 6, 30, 12, 2, 391, 268, 0.232413, 0.379602,782, 20, 762, 14, 4.45089, 14.2792, 29.9501, 0.17948, 53.3019
6, 6, 30, 12, 3, 391, 327, 0.0776754, 0.206034,782, 7, 775, 6, 4.85744, 17.244, 36.0771, 0.188008, 62.905
6, 6, 30, 12, 4, 391, 341, 0.0413898, 0.144579,782, 4, 778, 4, 4.93987, 17.8818, 37.5595, 0.172201, 65.1219
6, 6, 30, 12, 5, 391, 331, 0.028605, 0.151836,782, 3, 779, 2, 4.72386, 17.175, 36.5259, 0.172637, 63.1489
6, 6, 30, 12, 6, 391, 252, 0.31299, 0.497589,782, 32, 750, 18, 4.25166, 13.465, 28.2057, 0.175362, 50.3148
6, 6, 30, 12, 7, 391, 273, 0.451321, 0.718276,782, 46, 736, 28, 4.5252, 14.3528, 30.4025, 0.183618, 53.7393
6, 6, 30, 12, 8, 391, 310, 0.438082, 0.66449,782, 38, 744, 23, 5.08205, 16.3595, 34.5472, 0.176934, 60.683
6, 6, 30, 12, 9, 391, 366, 0.350516, 0.530903,782, 26, 756, 16, 5.47379, 19.2154, 40.3623, 0.177076, 69.717
6, 6, 30, 12, 10, 391, 335, 0.00775194, 0.134504,782, 1, 781, 1, 4.71518, 17.4975, 37.1303, 0.172963, 64.038
6, 6, 30, 12, 11, 391, 407, 10.7049, 13.6924,782, 500, 282, 290, 5.28895, 21.3003, 44.9058, 0.209844, 76.0957
6, 6, 30, 13, 1, 355, 257, 0.448801, 0.715861,710, 34, 676, 24, 4.29193, 13.6359, 26.0443, 0.160809, 48.4752
6, 6, 30, 13, 2, 355, 268, 0.417152, 0.653089,710, 29, 681, 22, 4.46251, 14.3504, 27.0964, 0.161189, 50.437
6, 6, 30, 13, 3, 355, 327, 0.263443, 0.409092,710, 19, 691, 15, 4.76147, 17.0103, 32.7604, 0.160392, 59.1746
6, 6, 30, 13, 4, 355, 341, 0.152707, 0.422419,710, 17, 693, 11, 4.68341, 17.8438, 34.1999, 0.162667, 61.3729
6, 6, 30, 13, 5, 355, 331, 0.0361471, 0.239852,710, 4, 706, 4, 4.70563, 17.1065, 33.1724, 0.159711, 59.6679
6, 6, 30, 13, 6, 355, 252, 0.516904, 0.756091,710, 36, 674, 23, 4.25296, 13.7191, 25.597, 0.164371, 47.9449
6, 6, 30, 13, 7, 355, 273, 0.670634, 0.981764,710, 53, 657, 31, 4.50381, 14.4502, 27.6665, 0.165392, 51.1718
6, 6, 30, 13, 8, 355, 310, 0.522309, 0.75715,710, 39, 671, 23, 4.94816, 16.378, 31.1997, 0.160383, 57.1128
6, 6, 30, 13, 9, 355, 366, 0.421976, 0.651292,710, 38, 672, 23, 5.52631, 19.2534, 36.5297, 0.167196, 65.9586
6, 6, 30, 13, 10, 355, 335, 0.233767, 0.412628,710, 23, 687, 12, 4.83482, 17.2951, 33.6743, 0.163063, 60.5124
6, 6, 30, 13, 11, 355, 407, 6.61293, 8.88441,710, 366, 344, 221, 5.30414, 20.958, 40.7597, 0.190601, 71.6126
6, 6, 30, 13, 12, 355, 391, 7.25697, 9.64839,710, 377, 333, 223, 5.12342, 20.158, 39.259, 0.191704, 69.0872
6, 6, 30, 14, 1, 330, 257, 0.543472, 0.817408,660, 43, 617, 27, 4.4322, 13.9602, 24.2859, 0.149086, 47.2125
6, 6, 30, 14, 2, 330, 268, 0.486356, 0.736597,660, 34, 626, 24, 4.46239, 14.166, 25.1773, 0.149842, 48.3905
6, 6, 30, 14, 3, 330, 327, 0.334185, 0.505541,660, 24, 636, 17, 4.78941, 17.1618, 30.4625, 0.150328, 57.1116
6, 6, 30, 14, 4, 330, 341, 0.262793, 0.412695,660, 20, 640, 15, 4.75121, 17.7684, 31.7831, 0.15092, 59.0366
6, 6, 30, 14, 5, 330, 331, 0.3022, 0.457904,660, 27, 633, 17, 4.70635, 17.0964, 30.8846, 0.152136, 57.3941
6, 6, 30, 14, 6, 330, 252, 0.568776, 0.882311,660, 36, 624, 27, 4.33853, 13.4224, 23.8043, 0.158995, 46.0092
6, 6, 30, 14, 7, 330, 273, 0.446483, 0.630613,660, 26, 634, 15, 4.60897, 14.4076, 25.6454, 0.150163, 49.2009
6, 6, 30, 14, 8, 330, 310, 0.356633, 0.543926,660, 26, 634, 18, 4.96518, 16.457, 28.9325, 0.152141, 54.9628
6, 6, 30, 14, 9, 330, 366, 0.386758, 0.636943,660, 34, 626, 20, 5.47972, 19.8363, 34.1158, 0.156836, 64.0268
6, 6, 30, 14, 10, 330, 335, 0.347417, 0.533037,660, 27, 633, 17, 4.71996, 17.2644, 31.3382, 0.153203, 57.9225
6, 6, 30, 14, 11, 330, 407, 3.62014, 5.19697,660, 252, 408, 146, 5.28739, 20.9276, 37.7723, 0.176419, 68.5789
6, 6, 30, 14, 12, 330, 391, 4.26935, 6.02464,660, 274, 386, 161, 5.1265, 20.5491, 36.3746, 0.172817, 66.6394
6, 6, 30, 14, 13, 330, 355, 5.87471, 7.96092,660, 308, 352, 187, 4.83565, 18.588, 33.2172, 0.17455, 61.16
6, 6, 30, 15, 1, 390, 257, 0.491661, 0.799779,780, 33, 747, 23, 4.29426, 13.5281, 28.6599, 0.18189, 50.9565
6, 6, 30, 15, 2, 390, 268, 0.654919, 1.04783,780, 46, 734, 31, 4.41919, 14.107, 29.7489, 0.179289, 52.8138
6, 6, 30, 15, 3, 390, 327, 1.22575, 1.81977,780, 77, 703, 46, 4.8961, 17.1659, 36.0417, 0.18204, 62.8303
6, 6, 30, 15, 4, 390, 341, 1.30058, 1.94093,780, 81, 699, 48, 4.68957, 17.5728, 37.4934, 0.177636, 64.3911
6, 6, 30, 15, 5, 390, 331, 0.918661, 1.38422,780, 68, 712, 43, 4.82836, 17.2868, 36.4379, 0.17961, 63.292
6, 6, 30, 15, 6, 390, 252, 0.494621, 0.76355,780, 31, 749, 23, 4.3216, 13.3653, 28.0557, 0.178437, 50.2155
6, 6, 30, 15, 7, 390, 273, 0.412237, 0.618699,780, 28, 752, 18, 4.53981, 14.5517, 30.5535, 0.176424, 54.111
6, 6, 30, 15, 8, 390, 310, 0.275175, 0.499846,780, 22, 758, 15, 4.97708, 16.3917, 34.1584, 0.173739, 60.1464
6, 6, 30, 15, 9, 390, 366, 0.0923624, 0.442431,780, 11, 769, 9, 5.49107, 19.3719, 40.0439, 0.176159, 69.5419
6, 6, 30, 15, 10, 390, 335, 1.27202, 1.89414,780, 77, 703, 47, 4.77833, 17.3386, 36.8975, 0.180863, 63.7353
6, 6, 30, 15, 11, 390, 407, 1.85155, 3.34221,780, 142, 638, 86, 5.37989, 21.0022, 44.981, 0.2051, 75.945
6, 6, 30, 15, 12, 390, 391, 2.58948, 4.02229,780, 188, 592, 113, 5.10127, 20.1419, 42.784, 0.194103, 72.6579
6, 6, 30, 15, 13, 390, 355, 3.99556, 5.70702,780, 260, 520, 155, 4.86855, 18.4983, 39.0151, 0.196744, 66.926
6, 6, 30, 15, 14, 390, 330, 6.53079, 8.77289,780, 323, 457, 190, 4.80967, 17.0983, 36.3942, 0.195286, 62.7164
5, 6, 30, 1, 1, 735, 257, 0.0207527, 0.0643496,1470, 2, 1468, 2, 4.64097, 13.598, 53.8251, 0.358254, 76.8327
5, 6, 30, 1, 2, 735, 268, 0.0217631, 0.0436089,1470, 3, 1467, 2, 4.41655, 14.0932, 55.4516, 0.319904, 78.8114
5, 6, 30, 1, 3, 735, 327, 0.0329988, 0.0626514,1470, 5, 1465, 3, 4.80274, 17.0096, 67.8784, 0.322539, 94.6627
5, 6, 30, 1, 4, 735, 341, 0.0190172, 0.0373735,1470, 3, 1467, 2, 4.67167, 17.5902, 70.5902, 0.320109, 97.8407
5, 6, 30, 1, 5, 735, 331, 0.0157413, 0.0391522,1470, 2, 1468, 2, 4.69296, 17.0845, 68.3609, 0.320575, 95.231
5, 6, 30, 1, 6, 735, 252, 0, 0.0248771,1470, 0, 1470, 0, 4.28525, 13.2727, 52.3261, 0.32075, 74.5594
5, 6, 30, 1, 7, 735, 273, 0.011236, 0.0304821,1470, 2, 1468, 1, 4.47308, 14.4051, 56.4359, 0.319889, 80.1208
5, 6, 30, 1, 8, 735, 310, 0, 0,1470, 0, 1470, 0, 4.93612, 16.2876, 64.2578, 0.317774, 90.4031
5, 6, 30, 1, 9, 735, 366, 0.0116279, 0.0523305,1470, 2, 1468, 1, 5.46674, 19.0678, 75.6316, 0.32076, 105.111
5, 6, 30, 1, 10, 735, 335, 0, 0,1470, 0, 1470, 0, 4.89246, 17.693, 69.1688, 0.318075, 96.7913
5, 6, 30, 1, 11, 735, 407, 0.0239106, 0.0606894,1470, 3, 1467, 2, 5.31528, 20.8953, 84.1702, 0.323982, 115.358
5, 6, 30, 1, 12, 735, 391, 0.00970874, 0.0373548,1470, 1, 1469, 1, 5.20959, 20.6526, 80.4308, 0.346957, 111.289
5, 6, 30, 1, 13, 735, 355, 0.0243481, 0.0771848,1470, 3, 1467, 3, 4.81412, 18.3378, 73.2331, 0.321151, 101.165
5, 6, 30, 1, 14, 735, 330, 0, 0.0414303,1470, 0, 1470, 0, 4.80775, 17.2278, 68.1766, 0.321141, 94.9036
5, 6, 30, 2, 1, 794, 257, 0.012987, 0.0560776,1588, 2, 1586, 1, 4.29955, 13.5342, 57.6681, 0.345649, 80.291
5, 6, 30, 2, 2, 794, 268, 0.0134727, 0.0461265,1588, 2, 1586, 2, 4.42815, 14.1058, 59.8671, 0.346711, 83.2939
5, 6, 30, 2, 3, 794, 327, 0.0197173, 0.0408022,1588, 3, 1585, 2, 4.93388, 17.2023, 73.3846, 0.351254, 100.609
5, 6, 30, 2, 4, 794, 341, 0.032999, 0.0653157,1588, 3, 1585, 3, 4.83773, 17.6473, 75.9888, 0.364399, 103.619
5, 6, 30, 2, 5, 794, 331, 0.0511658, 0.101131,1588, 8, 1580, 5, 4.80899, 17.26, 73.6976, 0.349236, 100.917
5, 6, 30, 2, 6, 794, 252, 0, 0.0108696,1588, 0, 1588, 0, 4.24678, 13.2926, 56.4989, 0.354454, 78.7305
5, 6, 30, 2, 7, 794, 273, 0.0116279, 0.0424037,1588, 2, 1586, 1, 4.46514, 14.4205, 61.0764, 0.345844, 84.7666
5, 6, 30, 2, 8, 794, 310, 0, 0.0207393,1588, 0, 1588, 0, 4.92574, 16.3147, 69.371, 0.35205, 95.5604
5, 6, 30, 2, 9, 794, 366, 0.0462578, 0.120442,1588, 5, 1583, 5, 5.45184, 19.0776, 81.3357, 0.350288, 110.843
5, 6, 30, 2, 10, 794, 335, 0.00952381, 0.0160598,1588, 1, 1587, 1, 4.75127, 17.3017, 75.333, 0.353825, 102.448
5, 6, 30, 2, 11, 794, 407, 0.0339238, 0.0752002,1588, 5, 1583, 3, 5.45224, 21.0084, 90.1214, 0.346701, 121.613
5, 6, 30, 2, 12, 794, 391, 0.00724638, 0.0587203,1588, 1, 1587, 1, 5.18918, 20.2101, 86.5366, 0.346215, 116.789
5, 6, 30, 2, 13, 794, 355, 0, 0.0446054,1588, 0, 1588, 0, 4.83871, 18.4531, 78.9871, 0.349837, 107.164
5, 6, 30, 2, 14, 794, 330, 0, 0.0433643,1588, 0, 1588, 0, 4.86703, 17.1657, 73.5878, 0.345824, 100.373
5, 6, 30, 3, 1, 749, 257, 0.015046, 0.0462785,1498, 2, 1496, 2, 4.34929, 13.508, 54.4855, 0.329117, 77.2141
5, 6, 30, 3, 2, 749, 268, 0.0136986, 0.0349871,1498, 2, 1496, 1, 4.59184, 14.4787, 57.2251, 0.328891, 81.2559
5, 6, 30, 3, 3, 749, 327, 0, 0,1498, 0, 1498, 0, 5.00433, 17.3685, 69.254, 0.340442, 96.7583
5, 6, 30, 3, 4, 749, 341, 0.018635, 0.0376066,1498, 3, 1495, 2, 4.81094, 17.8477, 72.2525, 0.326832, 99.9781
5, 6, 30, 3, 5, 749, 331, 0.018315, 0.0366484,1498, 3, 1495, 2, 4.77459, 17.2464, 69.6441, 0.325129, 96.7352
5, 6, 30, 3, 6, 749, 252, 0.00909091, 0.0153021,1498, 1, 1497, 1, 4.35639, 13.4195, 53.2917, 0.341776, 75.9894
5, 6, 30, 3, 7, 749, 273, 0.0116279, 0.0310835,1498, 1, 1497, 1, 4.59148, 14.3558, 57.6196, 0.327959, 81.4171
5, 6, 30, 3, 8, 749, 310, 0, 0.0348887,1498, 0, 1498, 0, 4.99417, 16.5302, 65.7489, 0.327042, 92.302
5, 6, 30, 3, 9, 749, 366, 0.00719424, 0.0405842,1498, 1, 1497, 1, 5.71554, 19.5423, 76.9442, 0.331201, 107.238
5, 6, 30, 3, 10, 749, 335, 0, 0,1498, 0, 1498, 0, 4.80757, 17.4909, 70.9113, 0.324507, 98.2333
5, 6, 30, 3, 11, 749, 407, 0.00628931, 0.017042,1498, 1, 1497, 1, 5.49308, 21.432, 84.9986, 0.325815, 116.967
5, 6, 30, 3, 12, 749, 391, 0.018254, 0.0593751,1498, 3, 1495, 2, 5.07233, 20.1323, 82.3317, 0.326907, 112.38
5, 6, 30, 3, 13, 749, 355, 0.01441, 0.0360757,1498, 2, 1496, 2, 4.94782, 18.5906, 74.8162, 0.329703, 103.19
5, 6, 30, 3, 14, 749, 330, 0, 0,1498, 0, 1498, 0, 4.83241, 17.4422, 69.4873, 0.324773, 96.6308
5, 6, 30, 4, 1, 756, 257, 0, 0.0196248,1512, 0, 1512, 0, 4.27891, 13.6051, 54.9212, 0.330419, 77.5848
5, 6, 30, 4, 2, 756, 268, 0.027027, 0.0455455,1512, 3, 1509, 2, 4.42199, 14.27, 57.3098, 0.336435, 80.9269
5, 6, 30, 4, 3, 756, 327, 0, 0.0209282,1512, 0, 1512, 0, 4.84308, 17.1219, 69.5203, 0.329297, 96.476
5, 6, 30, 4, 4, 756, 341, 0.0125, 0.0302883,1512, 1, 1511, 1, 4.81023, 17.8053, 73.1331, 0.348134, 100.838
5, 6, 30, 4, 5, 756, 331, 0, 0.00952381,1512, 0, 1512, 0, 4.82042, 17.2126, 70.3825, 0.330399, 97.5569
5, 6, 30, 4, 6, 756, 252, 0.00699301, 0.0260839,1512, 1, 1511, 1, 4.39186, 13.4426, 53.9452, 0.329548, 76.5319
5, 6, 30, 4, 7, 756, 273, 0.0190444, 0.0519127,1512, 3, 1509, 2, 4.49183, 14.6327, 59.2216, 0.332594, 83.2229
5, 6, 30, 4, 8, 756, 310, 0.00714286, 0.0427157,1512, 1, 1511, 1, 5.22547, 16.7753, 66.6812, 0.330629, 93.7916
5, 6, 30, 4, 9, 756, 366, 0.0142424, 0.179079,1512, 2, 1510, 2, 5.70909, 19.4739, 78.0267, 0.346559, 108.23
5, 6, 30, 4, 10, 756, 335, 0.012987, 0.021996,1512, 1, 1511, 1, 4.84512, 17.5274, 71.4078, 0.340128, 98.8935
5, 6, 30, 4, 11, 756, 407, 0.0495852, 0.0957689,1512, 7, 1505, 4, 5.35348, 21.5946, 86.2737, 0.330785, 118.262
5, 6, 30, 4, 12, 756, 391, 0.0120482, 0.0711128,1512, 1, 1511, 1, 5.07092, 20.518, 82.5367, 0.331667, 112.96
5, 6, 30, 4, 13, 756, 355, 0.00769231, 0.0427097,1512, 1, 1511, 1, 4.79396, 18.5735, 75.6527, 0.331932, 103.869
5, 6, 30, 4, 14, 756, 330, 0.0144725, 0.0352701,1512, 2, 1510, 2, 4.86963, 17.4124, 70.429, 0.329352, 97.4884
5, 6, 30, 5, 1, 754, 257, 0.0185579, 0.0616733,1508, 2, 1506, 2, 4.28489, 13.5116, 54.8372, 0.337497, 77.4397
5, 6, 30, 5, 2, 754, 268, 0.0212058, 0.067227,1508, 3, 1505, 2, 4.46064, 14.2403, 56.8383, 0.328796, 80.3857
5, 6, 30, 5, 3, 754, 327, 0.01, 0.0371551,1508, 2, 1506, 1, 4.75108, 16.9272, 69.427, 0.331506, 96.0762
5, 6, 30, 5, 4, 754, 341, 0, 0.00952381,1508, 0, 1508, 0, 4.70522, 17.659, 72.5252, 0.328695, 99.9566
5, 6, 30, 5, 5, 754, 331, 0.01, 0.040924,1508, 1, 1507, 1, 4.67719, 17.3818, 70.7163, 0.341861, 97.824
5, 6, 30, 5, 6, 754, 252, 0.0197432, 0.0330336,1508, 4, 1504, 2, 4.40354, 13.444, 53.9372, 0.327974, 76.5306
5, 6, 30, 5, 7, 754, 273, 0.0108696, 0.0415544,1508, 2, 1506, 1, 4.53043, 14.7216, 58.0271, 0.328345, 82.1544
5, 6, 30, 5, 8, 754, 310, 0.00735294, 0.0181056,1508, 1, 1507, 1, 4.95545, 16.3189, 65.8274, 0.327579, 92.1775
5, 6, 30, 5, 9, 754, 366, 0.055764, 0.417922,1508, 7, 1501, 6, 5.47648, 19.3067, 77.2428, 0.33592, 107.019
5, 6, 30, 5, 10, 754, 335, 0.0123457, 0.030553,1508, 1, 1507, 1, 4.7149, 17.243, 71.1323, 0.342412, 98.1346
5, 6, 30, 5, 11, 754, 407, 0, 0.039116,1508, 0, 1508, 0, 5.49683, 21.3884, 86.8635, 0.328249, 118.729
5, 6, 30, 5, 12, 754, 391, 0.0213309, 0.0877022,1508, 3, 1505, 2, 5.1511, 20.306, 82.9131, 0.330249, 113.297
5, 6, 30, 5, 13, 754, 355, 0.00925926, 0.0570213,1508, 1, 1507, 1, 4.78859, 18.3906, 75.3148, 0.333605, 103.251
5, 6, 30, 5, 14, 754, 330, 0.00769231, 0.0348128,1508, 1, 1507, 1, 4.85847, 17.4631, 70.1576, 0.33074, 97.3082
5, 6, 30, 6, 1, 683, 257, 0.0598493, 0.191506,1366, 7, 1359, 6, 4.51912, 14.009, 49.5617, 0.3001, 72.9401
5, 6, 30, 6, 2, 683, 268, 0.0476946, 0.0786577,1366, 8, 1358, 4, 4.53678, 14.4246, 51.7759, 0.299118, 75.7115
5, 6, 30, 6, 3, 683, 327, 0.022149, 0.0555272,1366, 2, 1364, 2, 4.93253, 17.5018, 63.2991, 0.306702, 90.9174
5, 6, 30, 6, 4, 683, 341, 0.00819672, 0.049009,1366, 1, 1365, 1, 4.88507, 18.0026, 65.342, 0.299288, 93.3613
5, 6, 30, 6, 5, 683, 331, 0, 0.0121951,1366, 0, 1366, 0, 4.7463, 17.4716, 63.5312, 0.307715, 90.8274
5, 6, 30, 6, 6, 683, 252, 0, 0,1366, 0, 1366, 0, 4.35136, 13.4078, 48.6833, 0.296343, 71.1941
5, 6, 30, 6, 7, 683, 273, 0.0352953, 0.0691397,1366, 5, 1361, 3, 4.47136, 14.4022, 52.8456, 0.315665, 76.5188
5, 6, 30, 6, 8, 683, 310, 0.0105263, 0.0266782,1366, 1, 1365, 1, 4.94844, 16.51, 60.3911, 0.334021, 86.7946
5, 6, 30, 6, 9, 683, 366, 0.0125, 0.0295381,1366, 1, 1365, 1, 5.69515, 19.6862, 71.0261, 0.324047, 101.447
5, 6, 30, 6, 10, 683, 335, 0, 0,1366, 0, 1366, 0, 4.83829, 17.6611, 65.147, 0.297305, 92.6125
5, 6, 30, 6, 11, 683, 407, 0.0205058, 0.0515035,1366, 2, 1364, 2, 5.34668, 21.3181, 77.7993, 0.302119, 109.422
5, 6, 30, 6, 12, 683, 391, 0.055346, 0.246651,1366, 7, 1359, 6, 5.15726, 20.1786, 74.5587, 0.313361, 104.769
5, 6, 30, 6, 13, 683, 355, 0, 0,1366, 0, 1366, 0, 4.78584, 18.4903, 67.8481, 0.296698, 95.8447
5, 6, 30, 6, 14, 683, 330, 0.0462883, 0.111498,1366, 5, 1361, 5, 4.90561, 17.1411, 63.2545, 0.313176, 90.09
5, 6, 30, 7, 1, 733, 257, 0.0314135, 0.101898,1466, 3, 1463, 3, 4.32827, 13.5178, 53.304, 0.324923, 76.0282
5, 6, 30, 7, 2, 733, 268, 0, 0.00980392,1466, 0, 1466, 0, 4.53859, 14.337, 56.1403, 0.335143, 79.9365
5, 6, 30, 7, 3, 733, 327, 0, 0.010989,1466, 0, 1466, 0, 4.93906, 17.4746, 67.6718, 0.318942, 95.176
5, 6, 30, 7, 4, 733, 341, 0.0128205, 0.032074,1466, 1, 1465, 1, 4.81766, 17.9208, 71.0441, 0.333491, 98.8227
5, 6, 30, 7, 5, 733, 331, 0.0075188, 0.0495513,1466, 1, 1465, 1, 4.96108, 17.5706, 68.3412, 0.320671, 96.0317
5, 6, 30, 7, 6, 733, 252, 0.0102041, 0.0438536,1466, 1, 1465, 1, 4.28573, 13.3782, 52.1509, 0.333986, 74.591
5, 6, 30, 7, 7, 733, 273, 0.0303715, 0.0931301,1466, 4, 1462, 3, 4.48162, 14.8207, 56.4974, 0.329181, 80.6519
5, 6, 30, 7, 8, 733, 310, 0.0318765, 0.199525,1466, 3, 1463, 3, 4.94428, 16.5118, 64.7682, 0.356299, 91.1911
5, 6, 30, 7, 9, 733, 366, 0.0801643, 0.621876,1466, 12, 1454, 8, 5.68718, 19.669, 75.183, 0.337938, 105.665
5, 6, 30, 7, 10, 733, 335, 0, 0.0175439,1466, 0, 1466, 0, 4.73012, 17.4636, 68.9531, 0.318025, 96.1752
5, 6, 30, 7, 11, 733, 407, 0.0593302, 0.201107,1466, 9, 1457, 6, 5.60669, 21.4289, 84.074, 0.335754, 116.215
5, 6, 30, 7, 12, 733, 391, 0.0435806, 0.139958,1466, 6, 1460, 4, 5.23335, 20.1876, 80.2266, 0.326321, 110.604
5, 6, 30, 7, 13, 733, 355, 0.0222469, 0.0364026,1466, 2, 1464, 2, 4.80268, 18.4299, 73.1021, 0.335299, 101.135
5, 6, 30, 7, 14, 733, 330, 0.0349499, 0.0899635,1466, 5, 1461, 4, 4.78382, 17.6749, 68.2722, 0.326076, 95.4424
5, 6, 30, 8, 1, 775, 257, 0.0318125, 0.1065,1550, 3, 1547, 3, 4.43156, 13.6015, 56.2324, 0.340073, 79.1445
5, 6, 30, 8, 2, 775, 268, 0.0120482, 0.0527296,1550, 2, 1548, 1, 4.42037, 14.1727, 58.4439, 0.338745, 81.929
5, 6, 30, 8, 3, 775, 327, 0.00657895, 0.0280108,1550, 1, 1549, 1, 4.75646, 16.9579, 71.3289, 0.336727, 98.0347
5, 6, 30, 8, 4, 775, 341, 0.0204775, 0.0538456,1550, 2, 1548, 2, 4.99136, 17.8939, 74.4345, 0.347147, 102.342
5, 6, 30, 8, 5, 775, 331, 0, 0.032197,1550, 0, 1550, 0, 4.83206, 17.46, 72.5814, 0.34108, 99.9911
5, 6, 30, 8, 6, 775, 252, 0.0292869, 0.0669462,1550, 4, 1546, 3, 4.32882, 13.3161, 55.1721, 0.341927, 77.5777
5, 6, 30, 8, 7, 775, 273, 0.0508916, 0.0956861,1550, 6, 1544, 4, 4.48682, 14.541, 59.503, 0.348081, 83.3728
5, 6, 30, 8, 8, 775, 310, 0.0106383, 0.079729,1550, 1, 1549, 1, 5.05915, 16.3394, 67.8018, 0.34142, 94.2378
5, 6, 30, 8, 9, 775, 366, 0.0652263, 0.344966,1550, 8, 1542, 6, 5.534, 19.2291, 79.2855, 0.351124, 109.15
5, 6, 30, 8, 10, 775, 335, 0.0167084, 0.0851316,1550, 2, 1548, 2, 4.72922, 17.3821, 72.7969, 0.337898, 99.9818
5, 6, 30, 8, 11, 775, 407, 0.0205128, 0.0558258,1550, 4, 1546, 2, 5.50914, 21.1477, 88.2841, 0.339096, 119.935
5, 6, 30, 8, 12, 775, 391, 0.0380482, 0.111738,1550, 5, 1545, 3, 5.24478, 20.61, 85.5606, 0.345052, 116.443
5, 6, 30, 8, 13, 775, 355, 0, 0,1550, 0, 1550, 0, 4.9657, 18.3462, 76.9623, 0.335619, 105.2
5, 6, 30, 8, 14, 775, 330, 0.0217796, 0.0450327,1550, 3, 1547, 2, 4.86992, 17.153, 72.3699, 0.351124, 99.2095
5, 6, 30, 9, 1, 805, 257, 0.0107527, 0.0297096,1610, 1, 1609, 1, 4.41813, 13.8885, 59.0748, 0.387454, 82.3407
5, 6, 30, 9, 2, 805, 268, 0.00826446, 0.0618727,1610, 1, 1609, 1, 4.5916, 14.5861, 61.3328, 0.368243, 85.5277
5, 6, 30, 9, 3, 805, 327, 0.00735294, 0.0191176,1610, 1, 1609, 1, 4.79464, 16.921, 74.4113, 0.350333, 101.211
5, 6, 30, 9, 4, 805, 341, 0, 0.0117647,1610, 0, 1610, 0, 4.77413, 17.8646, 77.5269, 0.352507, 105.361
5, 6, 30, 9, 5, 805, 331, 0.0194248, 0.0328041,1610, 3, 1607, 2, 4.88197, 17.3699, 75.8072, 0.357737, 103.232
5, 6, 30, 9, 6, 805, 252, 0.0248771, 0.0525154,1610, 3, 1607, 2, 4.34294, 13.8849, 57.735, 0.361505, 80.8568
5, 6, 30, 9, 7, 805, 273, 0.0504244, 0.106327,1610, 6, 1604, 4, 4.47999, 14.3664, 61.7786, 0.365209, 85.4791
5, 6, 30, 9, 8, 805, 310, 0.0104167, 0.0290538,1610, 1, 1609, 1, 4.9301, 16.3192, 70.7611, 0.354201, 96.9714
5, 6, 30, 9, 9, 805, 366, 0.0944101, 0.31177,1610, 12, 1598, 8, 5.67485, 19.4241, 82.7334, 0.368651, 112.956
5, 6, 30, 9, 10, 805, 335, 0, 0,1610, 0, 1610, 0, 4.8663, 17.4205, 75.7395, 0.347939, 103.203
5, 6, 30, 9, 11, 805, 407, 0.010989, 0.05485,1610, 1, 1609, 1, 5.38625, 20.9957, 92.1167, 0.374124, 123.52
5, 6, 30, 9, 12, 805, 391, 0.0355825, 0.0820437,1610, 5, 1605, 3, 5.23397, 20.7106, 88.1309, 0.350894, 119.141
5, 6, 30, 9, 13, 805, 355, 0, 0,1610, 0, 1610, 0, 4.81559, 18.4919, 80.1031, 0.351615, 108.294
5, 6, 30, 9, 14, 805, 330, 0.012987, 0.0211171,1610, 1, 1609, 1, 4.83834, 17.1321, 75.549, 0.360052, 102.297
5, 6, 30, 10, 1, 768, 257, 0.0221814, 0.0746556,1536, 2, 1534, 2, 4.45627, 13.9078, 55.6711, 0.334241, 78.8729
5, 6, 30, 10, 2, 768, 268, 0.017556, 0.0373195,1536, 2, 1534, 2, 4.44208, 14.1213, 58.217, 0.336261, 81.6616
5, 6, 30, 10, 3, 768, 327, 0.00714286, 0.0178955,1536, 1, 1535, 1, 4.76519, 17.1293, 71.2082, 0.339792, 98.094
5, 6, 30, 10, 4, 768, 341, 0, 0,1536, 0, 1536, 0, 4.68311, 17.7525, 73.7037, 0.332042, 101.17
5, 6, 30, 10, 5, 768, 331, 0, 0.00952381,1536, 0, 1536, 0, 4.74167, 17.1297, 72.0143, 0.334001, 99.029
5, 6, 30, 10, 6, 768, 252, 0.00847458, 0.02705,1536, 1, 1535, 1, 4.40921, 13.5485, 54.8592, 0.343574, 77.5756
5, 6, 30, 10, 7, 768, 273, 0.0199049, 0.0443855,1536, 4, 1532, 2, 4.64713, 14.4417, 59.0698, 0.334031, 83.0334
5, 6, 30, 10, 8, 768, 310, 0.00854701, 0.021534,1536, 1, 1535, 1, 4.92687, 16.3228, 67.454, 0.33311, 93.6532
5, 6, 30, 10, 9, 768, 366, 0.0142351, 0.0659889,1536, 2, 1534, 2, 5.48393, 19.2826, 78.5423, 0.33883, 108.355
5, 6, 30, 10, 10, 768, 335, 0.0131579, 0.0402683,1536, 1, 1535, 1, 4.73629, 17.5467, 72.1922, 0.359165, 99.55
5, 6, 30, 10, 11, 768, 407, 0, 0.0222469,1536, 0, 1536, 0, 5.33813, 21.0352, 87.4158, 0.335198, 118.778
5, 6, 30, 10, 12, 768, 391, 0.00724638, 0.0477467,1536, 1, 1535, 1, 5.10763, 20.1916, 84.4703, 0.335268, 114.706
5, 6, 30, 10, 13, 768, 355, 0.0113636, 0.0455798,1536, 1, 1535, 1, 4.80172, 18.5736, 76.2346, 0.347838, 104.399
5, 6, 30, 10, 14, 768, 330, 0.0158641, 0.0442516,1536, 2, 1534, 2, 4.83528, 17.433, 71.236, 0.343355, 98.2474
5, 6, 30, 11, 1, 825, 257, 0.0598686, 0.161631,1650, 6, 1644, 6, 4.28595, 13.543, 60.0574, 0.385313, 82.7475
5, 6, 30, 11, 2, 825, 268, 0.00826446, 0.0298935,1650, 1, 1649, 1, 4.42487, 14.1019, 62.104, 0.356936, 85.538
5, 6, 30, 11, 3, 825, 327, 0.011236, 0.0424257,1650, 2, 1648, 1, 4.86878, 17.1016, 75.9475, 0.363239, 102.984
5, 6, 30, 11, 4, 825, 341, 0.0238399, 0.0596376,1650, 4, 1646, 2, 4.73397, 17.5714, 79.4027, 0.363022, 106.846
5, 6, 30, 11, 5, 825, 331, 0.0236472, 0.0387833,1650, 3, 1647, 2, 4.87175, 17.7498, 77.816, 0.372271, 105.659
5, 6, 30, 11, 6, 825, 252, 0.021337, 0.0482606,1650, 2, 1648, 2, 4.39797, 13.6756, 59.0223, 0.378881, 81.9133
5, 6, 30, 11, 7, 825, 273, 0.00854701, 0.0438754,1650, 1, 1649, 1, 4.57544, 14.5538, 63.2343, 0.358073, 87.2211
5, 6, 30, 11, 8, 825, 310, 0, 0,1650, 0, 1650, 0, 4.99746, 16.4124, 72.127, 0.357612, 98.5717
5, 6, 30, 11, 9, 825, 366, 0.00675676, 0.0710505,1650, 1, 1649, 1, 5.67351, 19.5444, 84.7039, 0.3619, 115.035
5, 6, 30, 11, 10, 825, 335, 0.0229178, 0.0515518,1650, 3, 1647, 2, 4.90278, 17.4302, 77.7756, 0.370407, 105.238
5, 6, 30, 11, 11, 825, 407, 0.0170952, 0.0563328,1650, 2, 1648, 2, 5.46426, 21.4998, 94.2343, 0.378087, 126.253
5, 6, 30, 11, 12, 825, 391, 0.0136986, 0.0730844,1650, 1, 1649, 1, 5.10737, 20.4612, 89.9439, 0.369751, 120.451
5, 6, 30, 11, 13, 825, 355, 0.0160281, 0.0558266,1650, 2, 1648, 2, 4.80621, 18.4138, 81.9385, 0.35953, 110.037
5, 6, 30, 11, 14, 825, 330, 0.00900901, 0.0384271,1650, 1, 1649, 1, 4.94405, 17.4712, 76.7775, 0.364751, 104.044
5, 6, 30, 12, 1, 824, 257, 0.0901243, 0.262149,1648, 10, 1638, 9, 4.4255, 13.6045, 59.9889, 0.371669, 82.9275
5, 6, 30, 12, 2, 824, 268, 0.0275916, 0.0524405,1648, 5, 1643, 3, 4.49511, 14.4531, 62.0817, 0.358414, 85.9124
5, 6, 30, 12, 3, 824, 327, 0.0185374, 0.0427152,1648, 3, 1645, 2, 4.82613, 17.0051, 75.9116, 0.370822, 102.846
5, 6, 30, 12, 4, 824, 341, 0.0309044, 0.0710179,1648, 4, 1644, 3, 4.70226, 17.7755, 78.7276, 0.370443, 106.31
5, 6, 30, 12, 5, 824, 331, 0, 0,1648, 0, 1648, 0, 4.70258, 17.2616, 76.7417, 0.35928, 103.806
5, 6, 30, 12, 6, 824, 252, 0.0479432, 0.12187,1648, 6, 1642, 5, 4.26902, 13.4018, 58.7259, 0.375352, 81.1611
5, 6, 30, 12, 7, 824, 273, 0.0489109, 0.0964653,1648, 7, 1641, 5, 4.47853, 14.415, 63.189, 0.362682, 86.9099
5, 6, 30, 12, 8, 824, 310, 0.0331837, 0.0732606,1648, 4, 1644, 3, 4.93647, 16.2722, 71.9385, 0.359907, 98.0891
5, 6, 30, 12, 9, 824, 366, 0.0662539, 0.116142,1648, 10, 1638, 6, 5.5156, 19.207, 84.4302, 0.375862, 114.229
5, 6, 30, 12, 10, 824, 335, 0.0200313, 0.052027,1648, 3, 1645, 2, 4.71374, 17.3145, 77.9574, 0.361675, 105.004
5, 6, 30, 12, 11, 824, 407, 0.0113636, 0.0468543,1648, 2, 1646, 1, 5.38447, 21.4209, 94.744, 0.358945, 126.531
5, 6, 30, 12, 12, 824, 391, 0.00588235, 0.0834984,1648, 1, 1647, 1, 5.15812, 20.2717, 91.34, 0.365352, 121.788
5, 6, 30, 12, 13, 824, 355, 0.0116279, 0.0601635,1648, 1, 1647, 1, 5.02888, 18.9065, 82.3768, 0.372766, 111.211
5, 6, 30, 12, 14, 824, 330, 0.0207543, 0.0351916,1648, 3, 1645, 2, 4.87323, 17.2749, 76.4789, 0.380422, 103.452
5, 6, 30, 13, 1, 647, 257, 0.0306383, 0.14628,1294, 3, 1291, 3, 4.41024, 13.7461, 47.0786, 0.286393, 70.0815
5, 6, 30, 13, 2, 647, 268, 0.0161086, 0.0322989,1294, 2, 1292, 2, 4.45239, 14.0989, 48.8959, 0.291408, 72.2807
5, 6, 30, 13, 3, 647, 327, 0.0204273, 0.0456692,1294, 4, 1290, 2, 4.79629, 17.2179, 59.5932, 0.285386, 86.5639
5, 6, 30, 13, 4, 647, 341, 0.0119048, 0.0195384,1294, 2, 1292, 1, 4.90709, 17.9916, 62.4177, 0.284314, 90.376
5, 6, 30, 13, 5, 647, 331, 0, 0,1294, 0, 1294, 0, 4.8508, 17.5755, 60.9384, 0.29492, 88.4888
5, 6, 30, 13, 6, 647, 252, 0, 0,1294, 0, 1294, 0, 4.39688, 13.8963, 46.8814, 0.283402, 69.9588
5, 6, 30, 13, 7, 647, 273, 0.0221001, 0.0476671,1294, 3, 1291, 2, 4.69268, 14.794, 49.7371, 0.287134, 74.1678
5, 6, 30, 13, 8, 647, 310, 0.00641026, 0.0268205,1294, 1, 1293, 1, 4.99625, 16.358, 56.6287, 0.282366, 82.8451
5, 6, 30, 13, 9, 647, 366, 0.0441577, 0.087899,1294, 5, 1289, 4, 5.46455, 19.1378, 66.5224, 0.300766, 96.0495
5, 6, 30, 13, 10, 647, 335, 0, 0.0783622,1294, 0, 1294, 0, 4.78316, 17.3669, 61.0881, 0.284845, 88.2396
5, 6, 30, 13, 11, 647, 407, 0.00961538, 0.0384031,1294, 2, 1292, 1, 5.28156, 21.0375, 73.7662, 0.28258, 104.912
5, 6, 30, 13, 12, 647, 391, 0, 0.0276611,1294, 0, 1294, 0, 5.09029, 20.1639, 71.4309, 0.285983, 101.478
5, 6, 30, 13, 13, 647, 355, 0.0188696, 0.0544099,1294, 3, 1291, 2, 4.9758, 18.7819, 64.6173, 0.305791, 93.2816
5, 6, 30, 13, 14, 647, 330, 0.0223423, 0.0593733,1294, 3, 1291, 2, 4.85722, 17.282, 60.0719, 0.290666, 87.0193
5, 6, 30, 14, 1, 747, 257, 0.0609407, 0.186779,1494, 7, 1487, 6, 4.27724, 13.5747, 54.273, 0.33586, 76.9681
5, 6, 30, 14, 2, 747, 268, 0.0405296, 0.0989974,1494, 6, 1488, 4, 4.54363, 14.261, 56.7192, 0.334082, 80.498
5, 6, 30, 14, 3, 747, 327, 0.020101, 0.0554234,1494, 3, 1491, 2, 5.01916, 17.3493, 68.8359, 0.348378, 96.2659
5, 6, 30, 14, 4, 747, 341, 0, 0.012987,1494, 0, 1494, 0, 4.77902, 17.7288, 74.8122, 0.329692, 102.391
5, 6, 30, 14, 5, 747, 331, 0, 0,1494, 0, 1494, 0, 4.81314, 17.71, 70.537, 0.327052, 98.1535
5, 6, 30, 14, 6, 747, 252, 0, 0,1494, 0, 1494, 0, 4.29828, 13.5872, 53.1661, 0.323886, 75.7899
5, 6, 30, 14, 7, 747, 273, 0.0078125, 0.0424133,1494, 1, 1493, 1, 4.67394, 14.76, 57.6753, 0.326807, 82.0127
5, 6, 30, 14, 8, 747, 310, 0, 0.0140845,1494, 0, 1494, 0, 5.01037, 16.4167, 65.4377, 0.325369, 91.8754
5, 6, 30, 14, 9, 747, 366, 0.0547931, 0.119202,1494, 7, 1487, 5, 5.57829, 19.491, 76.4643, 0.3466, 106.571
5, 6, 30, 14, 10, 747, 335, 0.00598802, 0.0146837,1494, 1, 1493, 1, 4.71591, 17.413, 70.2549, 0.324743, 97.3262
5, 6, 30, 14, 11, 747, 407, 0, 0,1494, 0, 1494, 0, 5.27211, 21.0556, 84.8403, 0.322474, 116.046
5, 6, 30, 14, 12, 747, 391, 0.0174004, 0.205878,1494, 3, 1491, 2, 5.10111, 20.4925, 82.1465, 0.331006, 112.6
5, 6, 30, 14, 13, 747, 355, 0.0108696, 0.0318458,1494, 1, 1493, 1, 4.85784, 18.5495, 74.2523, 0.345414, 102.519
5, 6, 30, 14, 14, 747, 330, 0.0078125, 0.0542522,1494, 1, 1493, 1, 4.83096, 17.1422, 69.1798, 0.325875, 95.9094
5, 6, 30, 15, 1, 797, 257, 0.019156, 0.0322453,1594, 3, 1591, 2, 4.28406, 13.6173, 57.7544, 0.361304, 80.4799
5, 6, 30, 15, 2, 797, 268, 0.00900901, 0.0221669,1594, 1, 1593, 1, 4.41441, 14.1712, 60.6985, 0.355137, 84.1988
5, 6, 30, 15, 3, 797, 327, 0.0284908, 0.0876413,1594, 4, 1590, 3, 4.96214, 17.5622, 73.9891, 0.373503, 101.712
5, 6, 30, 15, 4, 797, 341, 0.0125, 0.021047,1594, 1, 1593, 1, 4.70306, 17.5373, 76.2952, 0.35653, 103.552
5, 6, 30, 15, 5, 797, 331, 0, 0.012987,1594, 0, 1594, 0, 4.72251, 17.1412, 73.9248, 0.346405, 100.957
5, 6, 30, 15, 6, 797, 252, 0, 0,1594, 0, 1594, 0, 4.23753, 13.2994, 57.2406, 0.347553, 79.4732
5, 6, 30, 15, 7, 797, 273, 0.0424561, 0.0886026,1594, 6, 1588, 4, 4.50432, 14.3754, 61.0957, 0.353233, 84.7995
5, 6, 30, 15, 8, 797, 310, 0.0117647, 0.051547,1594, 1, 1593, 1, 4.96379, 16.3501, 69.5977, 0.357858, 95.9533
5, 6, 30, 15, 9, 797, 366, 0.0336206, 0.178188,1594, 4, 1590, 3, 5.61762, 19.1512, 81.44, 0.356776, 111.233
5, 6, 30, 15, 10, 797, 335, 0.00763359, 0.0186226,1594, 1, 1593, 1, 4.69709, 17.2459, 74.9509, 0.346976, 101.906
5, 6, 30, 15, 11, 797, 407, 0.0228334, 0.0547643,1594, 2, 1592, 2, 5.38978, 21.0651, 90.4606, 0.358614, 121.914
5, 6, 30, 15, 12, 797, 391, 0.0462838, 0.0827232,1594, 7, 1587, 4, 5.08769, 20.2516, 87.0643, 0.347317, 117.381
5, 6, 30, 15, 13, 797, 355, 0.010989, 0.0355926,1594, 1, 1593, 1, 4.79282, 18.3724, 79.1741, 0.355272, 107.148
5, 6, 30, 15, 14, 797, 330, 0.0686483, 0.114684,1594, 10, 1584, 6, 4.87486, 17.2075, 73.858, 0.349471, 100.78
