5, 5, 75, 2, 1, 131, 122, 4.35943, 5.16798,193, 174, 19, 112, 3.98002, 3.44932, 4.66014, 0.080481, 16.6782
5, 5, 75, 3, 1, 127, 122, 2.39147, 3.21497,182, 159, 23, 97, 3.66242, 3.38739, 4.42249, 0.055378, 16.0165
5, 5, 75, 3, 2, 127, 131, 4.12118, 5.12007,204, 175, 29, 101, 3.67553, 3.57582, 4.76576, 0.060448, 16.4551
5, 5, 75, 4, 1, 141, 122, 1.61859, 2.20279,160, 138, 22, 90, 3.63982, 3.40602, 4.89408, 0.072431, 16.4482
5, 5, 75, 4, 2, 141, 131, 2.4863, 3.31859,196, 167, 29, 105, 3.68407, 3.54544, 5.27663, 0.060988, 16.9435
5, 5, 75, 4, 3, 141, 127, 3.66157, 4.77767,222, 194, 28, 112, 3.57598, 3.49034, 5.12827, 0.066544, 16.5748
5, 5, 75, 5, 1, 150, 122, 1.40875, 1.87772,148, 133, 15, 95, 3.6583, 3.38373, 5.17902, 0.046727, 16.7138
5, 5, 75, 5, 2, 150, 131, 1.99577, 2.66492,179, 158, 21, 108, 3.73431, 3.8203, 5.5695, 0.058444, 17.5676
5, 5, 75, 5, 3, 150, 127, 2.65554, 3.52503,200, 173, 27, 112, 3.59043, 3.47573, 5.4371, 0.065558, 16.8858
5, 5, 75, 5, 4, 150, 141, 4.90083, 6.04587,235, 201, 34, 125, 3.59389, 3.82959, 6.00642, 0.074881, 17.8646
5, 5, 75, 6, 1, 111, 122, 2.19863, 2.73397,145, 131, 14, 91, 3.65372, 3.40499, 3.87674, 0.044637, 15.428
5, 5, 75, 6, 2, 111, 131, 1.67415, 2.20741,145, 128, 17, 86, 3.66163, 3.57903, 4.13768, 0.049317, 15.7951
5, 5, 75, 6, 3, 111, 127, 1.18428, 1.62805,123, 109, 14, 75, 3.59198, 3.76819, 4.00763, 0.042418, 15.7377
5, 5, 75, 6, 4, 111, 141, 0.728295, 1.14662,114, 77, 37, 57, 3.64926, 3.73234, 4.42023, 0.042879, 16.2527
5, 5, 75, 6, 5, 111, 150, 0.193509, 0.625933,111, 24, 87, 20, 3.64762, 3.92353, 4.69892, 0.048104, 16.7576
5, 5, 75, 7, 1, 141, 122, 0.277329, 0.394566,55, 34, 21, 27, 3.65625, 3.3795, 4.81354, 0.040059, 16.3295
5, 5, 75, 7, 2, 141, 131, 0.579313, 0.785788,80, 62, 18, 50, 3.73048, 3.82912, 5.2035, 0.036441, 17.1896
5, 5, 75, 7, 3, 141, 127, 0.904753, 1.22325,109, 103, 6, 73, 3.59597, 3.47035, 5.05336, 0.038646, 16.4436
5, 5, 75, 7, 4, 141, 141, 1.44621, 2.06489,153, 141, 12, 90, 3.60993, 3.75982, 5.58696, 0.052968, 17.3593
5, 5, 75, 7, 5, 141, 150, 1.69322, 2.34206,166, 154, 12, 98, 3.71894, 3.94246, 5.9675, 0.052898, 18.2329
5, 5, 75, 7, 6, 141, 111, 0.103103, 0.178152,37, 14, 23, 11, 3.6575, 3.16528, 4.38966, 0.026502, 15.7462
5, 5, 75, 8, 1, 148, 122, 0.601437, 0.775437,71, 63, 8, 51, 3.66339, 3.39177, 5.06158, 0.03063, 16.688
5, 5, 75, 8, 2, 148, 131, 0.878161, 1.22353,106, 94, 12, 67, 3.73344, 3.81594, 5.42565, 0.042513, 17.4022
5, 5, 75, 8, 3, 148, 127, 1.15733, 1.66676,137, 120, 17, 82, 3.58943, 3.51419, 5.29851, 0.047668, 16.7927
5, 5, 75, 8, 4, 148, 141, 1.72757, 2.56909,182, 158, 24, 95, 3.61335, 3.75919, 5.8811, 0.05669, 17.6724
5, 5, 75, 8, 5, 148, 150, 1.83583, 2.63543,183, 162, 21, 101, 3.64362, 3.8849, 6.25588, 0.056761, 18.3064
5, 5, 75, 8, 6, 148, 111, 0.185329, 0.354131,56, 25, 31, 20, 3.73181, 3.51428, 4.60678, 0.03375, 16.3801
5, 5, 75, 8, 7, 148, 141, 4.88129, 6.02922,252, 235, 17, 135, 3.62543, 3.73127, 5.94918, 0.069615, 17.8451
5, 5, 75, 9, 1, 175, 122, 0.916455, 1.24404,108, 96, 12, 71, 3.66909, 3.374, 5.9863, 0.041937, 17.5123
5, 5, 75, 9, 2, 175, 131, 1.24327, 1.77798,148, 126, 22, 87, 3.67691, 3.56774, 6.41982, 0.056189, 18.0695
5, 5, 75, 9, 3, 175, 127, 1.59049, 2.29526,175, 154, 21, 104, 3.58913, 3.52849, 6.26461, 0.058539, 17.7555
5, 5, 75, 9, 4, 175, 141, 2.106, 3.09883,218, 198, 20, 120, 3.6004, 3.76562, 6.95051, 0.065182, 18.7657
5, 5, 75, 9, 5, 175, 150, 1.89332, 2.78733,215, 191, 24, 124, 3.65636, 3.91363, 7.37431, 0.067462, 19.4557
5, 5, 75, 9, 6, 175, 111, 0.365362, 0.614648,73, 43, 30, 37, 3.74828, 3.21597, 5.43443, 0.037864, 16.9503
5, 5, 75, 9, 7, 175, 141, 3.72695, 4.81183,267, 251, 16, 152, 3.63136, 3.74899, 7.03023, 0.074635, 18.9283
5, 5, 75, 9, 8, 175, 148, 5.37724, 6.87114,303, 278, 25, 153, 3.63071, 3.87319, 7.3365, 0.084334, 19.3678
5, 5, 75, 10, 1, 130, 122, 1.29881, 1.68005,104, 91, 13, 65, 3.76341, 3.71025, 4.47517, 0.040744, 16.515
5, 5, 75, 10, 2, 130, 131, 1.43917, 1.79894,114, 103, 11, 78, 3.71332, 3.97547, 4.80642, 0.043305, 16.9794
5, 5, 75, 10, 3, 130, 127, 1.12581, 1.54759,120, 99, 21, 72, 3.59494, 3.60138, 4.65915, 0.044196, 16.207
5, 5, 75, 10, 4, 130, 141, 0.846196, 1.22338,105, 84, 21, 64, 3.60062, 3.75407, 5.12884, 0.045208, 16.8909
5, 5, 75, 10, 5, 130, 150, 0.740126, 1.08414,100, 77, 23, 59, 3.74089, 4.14489, 5.44842, 0.042122, 17.9249
5, 5, 75, 10, 6, 130, 111, 0.854471, 1.14109,94, 86, 8, 63, 3.81639, 3.39615, 4.08403, 0.035895, 15.8913
5, 5, 75, 10, 7, 130, 141, 1.3533, 1.71218,133, 121, 12, 91, 3.68795, 3.86477, 5.17745, 0.043865, 17.3213
5, 5, 75, 10, 8, 130, 148, 1.63684, 2.1877,153, 137, 16, 92, 3.63088, 3.91136, 5.4121, 0.050769, 17.4804
5, 5, 75, 10, 9, 130, 175, 2.44621, 3.42848,210, 186, 24, 111, 3.77466, 4.41709, 6.41909, 0.063754, 19.1168
5, 5, 75, 11, 1, 135, 122, 1.59494, 1.94144,109, 96, 13, 72, 3.68501, 3.65822, 4.64164, 0.0414, 16.4522
5, 5, 75, 11, 2, 135, 131, 1.35037, 1.73854,118, 106, 12, 77, 3.72396, 3.6239, 4.98033, 0.04353, 16.823
5, 5, 75, 11, 3, 135, 127, 0.989803, 1.32824,105, 80, 25, 67, 3.57979, 3.49049, 4.82798, 0.042332, 16.2414
5, 5, 75, 11, 4, 135, 141, 0.788278, 1.18216,104, 81, 23, 61, 3.60908, 3.76344, 5.32972, 0.040904, 17.126
5, 5, 75, 11, 5, 135, 150, 0.661591, 0.952176,92, 70, 22, 56, 3.64188, 4.02611, 5.63188, 0.042368, 17.8009
5, 5, 75, 11, 6, 135, 111, 1.0745, 1.46607,115, 94, 21, 67, 3.65271, 3.31418, 4.25372, 0.041882, 15.7552
5, 5, 75, 11, 7, 135, 141, 1.04008, 1.29582,116, 102, 14, 84, 3.62149, 3.77265, 5.36473, 0.040675, 17.2563
5, 5, 75, 11, 8, 135, 148, 1.22127, 1.5691,126, 109, 17, 85, 3.63751, 3.87556, 5.61446, 0.043054, 17.6209
5, 5, 75, 11, 9, 135, 175, 1.74241, 2.40779,167, 146, 21, 97, 3.80246, 4.68527, 6.62292, 0.054737, 19.6042
5, 5, 75, 11, 10, 135, 130, 3.8509, 4.53469,177, 158, 19, 108, 3.65241, 3.61963, 4.99178, 0.054261, 16.6654
5, 5, 75, 12, 1, 146, 122, 1.44041, 1.85766,123, 106, 17, 76, 3.75067, 3.3821, 5.02388, 0.045354, 16.7546
5, 5, 75, 12, 2, 146, 131, 1.26577, 1.66772,130, 109, 21, 84, 3.67571, 3.57524, 5.39631, 0.046095, 17.0607
5, 5, 75, 12, 3, 146, 127, 0.898106, 1.27596,119, 92, 27, 71, 3.60931, 3.48169, 5.21999, 0.046751, 16.7588
5, 5, 75, 12, 4, 146, 141, 0.737912, 1.08246,107, 82, 25, 63, 3.59013, 3.75009, 5.76146, 0.041591, 17.5548
5, 5, 75, 12, 5, 146, 150, 0.591968, 0.852417,89, 70, 19, 54, 3.70424, 4.17564, 6.10257, 0.039186, 18.4755
5, 5, 75, 12, 6, 146, 111, 1.49967, 1.91044,128, 114, 14, 80, 3.62974, 3.17966, 4.58958, 0.045183, 15.8835
5, 5, 75, 12, 7, 146, 141, 0.402133, 0.631602,116, 46, 70, 38, 3.60391, 3.77093, 5.79202, 0.047783, 17.6814
5, 5, 75, 12, 8, 146, 148, 1.16308, 1.46954,129, 114, 15, 90, 3.63797, 3.88353, 6.04573, 0.04879, 18.0489
5, 5, 75, 12, 9, 146, 175, 1.56866, 2.2127,175, 149, 26, 104, 3.8162, 4.49309, 7.15888, 0.057853, 20.0637
5, 5, 75, 12, 10, 146, 130, 2.92779, 3.52765,172, 155, 17, 109, 3.63351, 3.54461, 5.36072, 0.053665, 16.9231
5, 5, 75, 12, 11, 146, 135, 5.65498, 6.44198,207, 185, 22, 126, 3.87527, 3.83469, 5.62288, 0.062126, 17.9579
5, 5, 75, 13, 1, 101, 122, 0.819012, 1.10317,91, 73, 18, 58, 3.65598, 3.39715, 3.5105, 0.033486, 15.0457
5, 5, 75, 13, 2, 101, 131, 0.655684, 0.900588,81, 67, 14, 54, 3.68128, 3.61684, 3.7483, 0.031727, 15.4274
5, 5, 75, 13, 3, 101, 127, 0.491399, 0.695644,70, 56, 14, 44, 3.58899, 3.52119, 3.62204, 0.028686, 15.0452
5, 5, 75, 13, 4, 101, 141, 0.252603, 0.419661,63, 31, 32, 24, 3.71771, 4.00684, 4.00584, 0.034247, 16.197
5, 5, 75, 13, 5, 101, 150, 0.100135, 0.207175,45, 10, 35, 10, 3.63503, 3.90937, 4.22867, 0.02557, 16.2693
5, 5, 75, 13, 6, 101, 111, 1.23359, 1.63556,109, 97, 12, 67, 3.72238, 3.36046, 3.20482, 0.041732, 14.795
5, 5, 75, 13, 7, 101, 141, 0.111132, 0.177259,54, 13, 41, 12, 3.64536, 3.74988, 4.0165, 0.03038, 15.9512
5, 5, 75, 13, 8, 101, 148, 0.113877, 0.233514,67, 14, 53, 12, 3.64209, 3.88257, 4.19618, 0.033079, 16.2173
5, 5, 75, 13, 9, 101, 175, 0.129764, 0.371889,83, 19, 64, 13, 3.71939, 4.48422, 4.94368, 0.044056, 17.6181
5, 5, 75, 13, 10, 101, 130, 1.04116, 1.34964,102, 88, 14, 66, 3.72884, 3.77473, 3.72005, 0.04106, 15.6768
5, 5, 75, 13, 11, 101, 135, 1.53387, 1.94467,123, 107, 16, 77, 3.83482, 3.87404, 3.88143, 0.050234, 16.1684
5, 5, 75, 13, 12, 101, 146, 2.09344, 2.62682,144, 128, 16, 87, 3.78525, 3.8219, 4.20083, 0.044807, 16.4134
5, 5, 75, 14, 1, 131, 122, 1.07839, 1.42588,112, 91, 21, 71, 3.657, 3.48842, 4.50506, 0.047307, 16.1371
5, 5, 75, 14, 2, 131, 131, 0.902545, 1.23907,109, 85, 24, 68, 3.68752, 3.57518, 4.85917, 0.042237, 16.5806
5, 5, 75, 14, 3, 131, 127, 0.6542, 0.89549,86, 70, 16, 55, 3.59107, 3.46964, 4.6695, 0.034407, 16.0758
5, 5, 75, 14, 4, 131, 141, 0.546104, 0.759235,81, 63, 18, 50, 3.67624, 4.09125, 5.19522, 0.037037, 17.3489
5, 5, 75, 14, 5, 131, 150, 0.329095, 0.473886,66, 40, 26, 33, 3.65397, 3.99291, 5.46487, 0.031707, 17.6313
5, 5, 75, 14, 6, 131, 111, 1.60667, 2.16047,133, 115, 18, 76, 3.6535, 3.19508, 4.14173, 0.045408, 15.4516
5, 5, 75, 14, 7, 131, 141, 0.0995445, 0.18704,72, 11, 61, 11, 3.61688, 3.74549, 5.17673, 0.035369, 17.0017
5, 5, 75, 14, 8, 131, 148, 0.22482, 0.370607,93, 24, 69, 23, 3.74728, 4.15568, 5.41577, 0.042653, 17.8616
5, 5, 75, 14, 9, 131, 175, 0.834125, 1.22051,133, 94, 39, 71, 3.71459, 4.39583, 6.40711, 0.047638, 19.0141
5, 5, 75, 14, 10, 131, 130, 1.7358, 2.2137,152, 136, 16, 99, 3.66555, 3.54847, 4.82143, 0.0487, 16.4174
5, 5, 75, 14, 11, 131, 135, 2.51647, 3.16841,181, 157, 24, 108, 3.72239, 3.63681, 5.03244, 0.060228, 16.896
5, 5, 75, 14, 12, 131, 146, 3.58394, 4.40448,199, 178, 21, 114, 3.79048, 3.89756, 5.41527, 0.059807, 17.6909
5, 5, 75, 14, 13, 131, 101, 3.74266, 4.33362,159, 150, 9, 99, 3.62522, 3.12232, 3.79702, 0.049646, 15.085
5, 5, 75, 15, 1, 153, 122, 1.07146, 1.43411,110, 99, 11, 69, 3.71853, 3.69124, 5.24733, 0.041726, 17.1329
5, 5, 75, 15, 2, 153, 131, 1.42344, 1.87755,133, 118, 15, 84, 3.68238, 3.68369, 5.64885, 0.047022, 17.4275
5, 5, 75, 15, 3, 153, 127, 1.58402, 2.1676,150, 133, 17, 92, 3.58419, 3.57638, 5.48698, 0.050779, 16.9709
5, 5, 75, 15, 4, 153, 141, 1.55777, 2.27045,170, 145, 25, 96, 3.60314, 3.72208, 6.08165, 0.054206, 17.8226
5, 5, 75, 15, 5, 153, 150, 1.31001, 1.95515,164, 127, 37, 91, 3.72553, 3.87219, 6.4501, 0.058895, 18.6592
5, 5, 75, 15, 6, 153, 111, 0.63235, 1.03559,101, 69, 32, 58, 3.64299, 3.16438, 4.80633, 0.044171, 16.1114
5, 5, 75, 15, 7, 153, 141, 2.39774, 3.07336,197, 181, 16, 124, 3.64238, 3.68171, 6.11752, 0.0612, 17.9403
5, 5, 75, 15, 8, 153, 148, 3.15538, 4.21063,231, 205, 26, 123, 3.62448, 4.14706, 6.40744, 0.070672, 18.6786
5, 5, 75, 15, 9, 153, 175, 4.89089, 6.40994,276, 247, 29, 130, 3.73206, 4.4975, 7.55718, 0.077741, 20.3429
5, 5, 75, 15, 10, 153, 130, 3.66074, 4.28514,186, 168, 18, 119, 3.62876, 3.59226, 5.61659, 0.056114, 17.2285
5, 5, 75, 15, 11, 153, 135, 2.48214, 3.02279,167, 147, 20, 108, 3.83528, 3.89827, 5.83915, 0.054822, 18.1413
5, 5, 75, 15, 12, 153, 146, 1.9936, 2.5571,165, 149, 16, 104, 3.78031, 3.84247, 6.27215, 0.054636, 18.4633
5, 5, 75, 15, 13, 153, 101, 0.607853, 0.829566,96, 63, 33, 52, 3.62874, 3.01461, 4.3652, 0.041085, 15.5113
5, 5, 75, 15, 14, 153, 131, 1.29683, 1.68823,134, 119, 15, 90, 3.69908, 3.58136, 5.62463, 0.049041, 17.4411
6, 6, 75, 2, 1, 42, 37, 1.45922, 1.55435,47, 44, 3, 37, 3.00924, 1.79706, 0.534802, 0.017559, 9.68861
6, 6, 75, 3, 1, 39, 37, 0.60688, 0.710738,42, 31, 11, 27, 2.97017, 1.78961, 0.500936, 0.017885, 9.57483
6, 6, 75, 3, 2, 39, 42, 0.707024, 0.941925,47, 38, 9, 25, 2.99287, 1.86609, 0.560432, 0.019809, 9.79165
6, 6, 75, 4, 1, 39, 37, 0.408108, 0.502135,36, 28, 8, 23, 2.98567, 1.79288, 0.498567, 0.016377, 9.59764
6, 6, 75, 4, 2, 39, 42, 0.456239, 0.66728,47, 37, 10, 22, 2.98173, 1.88508, 0.55646, 0.018671, 9.79056
6, 6, 75, 4, 3, 39, 39, 0.862834, 1.28122,72, 52, 20, 29, 3.06178, 1.97761, 0.547537, 0.026777, 10.0848
6, 6, 75, 5, 1, 43, 37, 0.305217, 0.4107,40, 23, 17, 20, 3.01146, 1.86611, 0.543659, 0.018777, 9.8065
6, 6, 75, 5, 2, 43, 42, 0.367445, 0.630475,54, 40, 14, 23, 3.00902, 1.91091, 0.61561, 0.022298, 9.9357
6, 6, 75, 5, 3, 43, 39, 0.637444, 1.15649,86, 46, 40, 27, 3.10062, 1.83054, 0.601467, 0.033165, 10.1409
6, 6, 75, 5, 4, 43, 39, 1.09601, 1.84021,111, 64, 47, 36, 2.99235, 1.88878, 0.636235, 0.044852, 10.0626
6, 6, 75, 6, 1, 44, 37, 0.926858, 1.0808,44, 41, 3, 32, 3.07133, 1.93446, 0.565432, 0.01757, 10.0887
6, 6, 75, 6, 2, 44, 42, 0.677092, 0.862597,48, 45, 3, 30, 3.08164, 1.95754, 0.621326, 0.018807, 10.1609
6, 6, 75, 6, 3, 44, 39, 0.30044, 0.427982,36, 27, 9, 18, 3.24955, 1.9852, 0.595656, 0.018772, 10.4861
6, 6, 75, 6, 4, 44, 39, 0.186061, 0.252361,24, 19, 5, 13, 3.09359, 1.82508, 0.567331, 0.01305, 10.0918
6, 6, 75, 6, 5, 44, 43, 0.0264933, 0.179397,33, 5, 28, 3, 3.06564, 1.99639, 0.629558, 0.020956, 10.2665
6, 6, 75, 7, 1, 51, 37, 0.608091, 0.743507,44, 37, 7, 30, 2.98397, 1.77368, 0.631471, 0.018631, 9.76244
6, 6, 75, 7, 2, 51, 42, 0.468552, 0.611751,41, 37, 4, 26, 3.11802, 1.94769, 0.716912, 0.020831, 10.3018
6, 6, 75, 7, 3, 51, 39, 0.128329, 0.261822,29, 14, 15, 9, 3.12141, 1.95806, 0.651515, 0.01773, 10.3532
6, 6, 75, 7, 4, 51, 39, 0.0186373, 0.0568019,15, 2, 13, 2, 2.99968, 1.89598, 0.65205, 0.013186, 10.0584
6, 6, 75, 7, 5, 51, 43, 0.0175926, 0.113294,22, 3, 19, 2, 3.00536, 2.08022, 0.69533, 0.015901, 10.3183
6, 6, 75, 7, 6, 51, 44, 1.18605, 1.47773,64, 56, 8, 38, 3.10051, 1.94124, 0.735814, 0.022524, 10.0208
6, 6, 75, 8, 1, 65, 37, 0.406482, 0.5218,41, 36, 5, 27, 3.01849, 1.88511, 0.775296, 0.018957, 9.98968
6, 6, 75, 8, 2, 65, 42, 0.148355, 0.290902,40, 20, 20, 13, 3.02193, 1.84636, 0.863553, 0.02066, 10.1702
6, 6, 75, 8, 3, 65, 39, 0.0358994, 0.124519,19, 6, 13, 4, 3.0108, 1.81853, 0.790662, 0.01559, 10.1247
6, 6, 75, 8, 4, 65, 39, 0.0180547, 0.0390503,9, 2, 7, 2, 2.98218, 1.81107, 0.783523, 0.012324, 10.0624
6, 6, 75, 8, 5, 65, 43, 0.00961538, 0.0382533,8, 2, 6, 1, 3.052, 1.86781, 0.854892, 0.012349, 10.3799
6, 6, 75, 8, 6, 65, 44, 0.755534, 1.12643,79, 70, 9, 41, 2.99254, 1.88777, 0.937176, 0.028435, 10.1188
6, 6, 75, 8, 7, 65, 51, 1.25773, 1.76265,107, 98, 9, 54, 3.09844, 1.99665, 1.06844, 0.035434, 10.6113
6, 6, 75, 9, 1, 94, 37, 0.0832381, 0.163433,33, 9, 24, 8, 2.97516, 1.77876, 1.15196, 0.023751, 10.332
6, 6, 75, 9, 2, 94, 42, 0.0379659, 0.140228,32, 6, 26, 4, 3.03419, 2.05456, 1.19875, 0.024518, 10.7444
6, 6, 75, 9, 3, 94, 39, 0, 0.00909091,7, 0, 7, 0, 3.16182, 1.79798, 1.09804, 0.013422, 10.6505
6, 6, 75, 9, 4, 94, 39, 0, 0,4, 0, 4, 0, 2.9637, 1.83181, 1.10694, 0.010646, 10.4179
6, 6, 75, 9, 5, 94, 43, 0.0181818, 0.0266564,5, 2, 3, 2, 3.00229, 2.04281, 1.19465, 0.01283, 10.7862
6, 6, 75, 9, 6, 94, 44, 0.554235, 0.824534,70, 57, 13, 38, 2.99008, 1.8697, 1.2685, 0.027669, 10.3886
6, 6, 75, 9, 7, 94, 51, 0.894251, 1.25397,94, 85, 9, 53, 3.03313, 2.03265, 1.4718, 0.031857, 10.8789
6, 6, 75, 9, 8, 94, 65, 1.8509, 2.91428,173, 153, 20, 66, 3.16064, 2.30554, 1.87495, 0.05123, 11.8177
6, 6, 75, 10, 1, 37, 37, 0.489299, 0.589504,36, 28, 8, 22, 3.04707, 1.75472, 0.485667, 0.016572, 9.59654
6, 6, 75, 10, 2, 37, 42, 0.577013, 0.803163,47, 36, 11, 22, 3.01005, 1.9659, 0.559899, 0.021061, 9.97996
6, 6, 75, 10, 3, 37, 39, 1.45215, 1.91796,77, 51, 26, 32, 3.21783, 1.79525, 0.608733, 0.029467, 10.2278
6, 6, 75, 10, 4, 37, 39, 1.11526, 1.48876,69, 50, 19, 33, 2.99961, 2.00733, 0.522283, 0.025359, 10.1471
6, 6, 75, 10, 5, 37, 43, 0.767888, 1.28423,79, 48, 31, 28, 2.98417, 1.90188, 0.571464, 0.031767, 10.0393
6, 6, 75, 10, 6, 37, 44, 0.268509, 0.381645,31, 24, 7, 17, 3.05593, 1.88449, 0.547022, 0.01527, 9.72508
6, 6, 75, 10, 7, 37, 51, 0.0751764, 0.193074,25, 10, 15, 7, 3.04293, 2.08685, 0.62545, 0.01541, 10.1361
6, 6, 75, 10, 8, 37, 65, 0.0185249, 0.0374161,12, 2, 10, 2, 3.28904, 2.49056, 0.742127, 0.012349, 11.0371
6, 6, 75, 10, 9, 37, 94, 0, 0,6, 0, 6, 0, 3.42623, 2.85354, 1.0208, 0.008266, 11.813
6, 6, 75, 11, 1, 84, 37, 0.311343, 0.488164,51, 40, 11, 28, 2.98115, 1.79648, 0.975467, 0.022403, 10.0622
6, 6, 75, 11, 2, 84, 42, 0.185565, 0.228802,27, 21, 6, 17, 3.00953, 1.86918, 1.06861, 0.016723, 10.3267
6, 6, 75, 11, 3, 84, 39, 0.025796, 0.0610759,20, 3, 17, 3, 3.01308, 1.8189, 1.00278, 0.017138, 10.3169
6, 6, 75, 11, 4, 84, 39, 0.017981, 0.0293446,7, 2, 5, 2, 2.97213, 1.91218, 1.01188, 0.012514, 10.4973
6, 6, 75, 11, 5, 84, 43, 0.0191427, 0.0456587,11, 2, 9, 2, 3.0212, 1.88633, 1.09557, 0.013246, 10.5456
6, 6, 75, 11, 6, 84, 44, 0.465355, 0.956678,90, 79, 11, 40, 2.9879, 1.92212, 1.17812, 0.030855, 10.354
6, 6, 75, 11, 7, 84, 51, 0.651989, 1.21824,112, 104, 8, 52, 3.0773, 2.08931, 1.31494, 0.036832, 10.8087
6, 6, 75, 11, 8, 84, 65, 0.635762, 1.51865,145, 133, 12, 52, 3.258, 2.44345, 1.70558, 0.047071, 11.9947
6, 6, 75, 11, 9, 84, 94, 0.645006, 1.41675,141, 127, 14, 53, 3.48529, 2.99547, 2.36259, 0.045904, 13.4117
6, 6, 75, 11, 10, 84, 37, 0.0177809, 0.0306015,11, 2, 9, 2, 3.12801, 1.95742, 0.958639, 0.014914, 10.6656
6, 6, 75, 12, 1, 79, 37, 0.318181, 0.539511,55, 41, 14, 29, 3.04464, 1.85121, 0.935439, 0.025459, 10.3196
6, 6, 75, 12, 2, 79, 42, 0.242272, 0.299292,34, 26, 8, 23, 3.05562, 1.87233, 1.03733, 0.021507, 10.4578
6, 6, 75, 12, 3, 79, 39, 0.0855052, 0.156125,29, 9, 20, 7, 3.11088, 2.01019, 0.955157, 0.021632, 10.705
6, 6, 75, 12, 4, 79, 39, 0.0253537, 0.0551523,14, 3, 11, 3, 3.14098, 1.97945, 0.933811, 0.016467, 10.6592
6, 6, 75, 12, 5, 79, 43, 0.00934579, 0.0720379,18, 2, 16, 1, 3.0641, 2.08855, 1.04481, 0.01793, 10.875
6, 6, 75, 12, 6, 79, 44, 0.445682, 0.899729,85, 74, 11, 37, 3.05414, 1.9001, 1.09801, 0.031266, 10.3942
6, 6, 75, 12, 7, 79, 51, 0.638944, 1.17846,110, 99, 11, 51, 3.11245, 2.00521, 1.26592, 0.036061, 10.8493
6, 6, 75, 12, 8, 79, 65, 0.537392, 1.29363,126, 114, 12, 44, 3.17192, 2.34601, 1.5744, 0.039101, 11.6066
6, 6, 75, 12, 9, 79, 94, 0.545034, 1.21816,122, 113, 9, 46, 3.50646, 3.01463, 2.19303, 0.039131, 13.2575
6, 6, 75, 12, 10, 79, 37, 0.0182835, 0.0269042,16, 2, 14, 2, 2.97381, 1.95884, 0.931672, 0.016226, 10.3711
6, 6, 75, 12, 11, 79, 84, 3.25271, 5.1526,253, 238, 15, 74, 3.28558, 2.75508, 2.05432, 0.065903, 12.6549
6, 6, 75, 13, 1, 62, 37, 0.322848, 0.544833,54, 44, 10, 28, 2.98174, 1.76554, 0.756705, 0.024027, 9.82714
6, 6, 75, 13, 2, 62, 42, 0.217373, 0.327697,34, 27, 7, 19, 2.99794, 1.8678, 0.819017, 0.016817, 10.0654
6, 6, 75, 13, 3, 62, 39, 0.138103, 0.285419,37, 19, 18, 12, 3.08444, 2.03669, 0.775216, 0.021582, 10.4065
6, 6, 75, 13, 4, 62, 39, 0.0954505, 0.164431,23, 9, 14, 9, 3.01125, 1.78497, 0.765042, 0.016818, 10.2344
6, 6, 75, 13, 5, 62, 43, 0.0111111, 0.125105,25, 2, 23, 1, 2.9989, 1.88791, 0.844323, 0.017078, 10.2702
6, 6, 75, 13, 6, 62, 44, 0.3591, 0.756395,73, 65, 8, 31, 3.00663, 1.92449, 0.893755, 0.025925, 10.0496
6, 6, 75, 13, 7, 62, 51, 0.426889, 0.839187,82, 72, 10, 35, 3.01665, 2.0414, 1.00171, 0.028095, 10.3974
6, 6, 75, 13, 8, 62, 65, 0.361645, 0.819546,82, 75, 7, 32, 3.15905, 2.42751, 1.25584, 0.029958, 11.3109
6, 6, 75, 13, 9, 62, 94, 0.330241, 0.70281,75, 62, 13, 31, 3.43652, 2.89477, 1.71565, 0.029458, 12.5963
6, 6, 75, 13, 10, 62, 37, 0.120725, 0.195007,26, 13, 13, 11, 2.99019, 1.8188, 0.727723, 0.015861, 10.043
6, 6, 75, 13, 11, 62, 84, 1.29457, 2.65536,184, 165, 19, 51, 3.26114, 2.6816, 1.64107, 0.052888, 12.0563
6, 6, 75, 13, 12, 62, 79, 1.55263, 2.89151,181, 158, 23, 54, 3.25143, 2.55387, 1.53273, 0.051766, 11.847
6, 6, 75, 14, 1, 54, 37, 0.347649, 0.536182,49, 41, 8, 28, 2.98011, 1.77117, 0.665873, 0.020821, 9.75959
6, 6, 75, 14, 2, 54, 42, 0.281472, 0.425056,40, 37, 3, 22, 2.9943, 1.87612, 0.812774, 0.018831, 10.1049
6, 6, 75, 14, 3, 54, 39, 0.220636, 0.517287,60, 38, 22, 18, 3.10404, 1.96604, 0.731022, 0.027644, 10.4289
6, 6, 75, 14, 4, 54, 39, 0.19469, 0.377055,42, 29, 13, 15, 3.01903, 2.00945, 0.709963, 0.020395, 10.2807
6, 6, 75, 14, 5, 54, 43, 0.135397, 0.444303,53, 26, 27, 12, 3.01146, 1.88338, 0.775329, 0.025114, 10.2929
6, 6, 75, 14, 6, 54, 44, 0.265185, 0.414286,43, 34, 9, 23, 3.05175, 2.10316, 0.790051, 0.021091, 10.2015
6, 6, 75, 14, 7, 54, 51, 0.243341, 0.423594,46, 35, 11, 22, 3.04481, 2.04269, 0.873027, 0.020976, 10.3993
6, 6, 75, 14, 8, 54, 65, 0.178058, 0.314847,40, 27, 13, 18, 3.2721, 2.45048, 1.0895, 0.019973, 11.3367
6, 6, 75, 14, 9, 54, 94, 0.114644, 0.205448,31, 14, 17, 12, 3.42948, 2.99342, 1.47677, 0.018616, 12.3633
6, 6, 75, 14, 10, 54, 37, 0.188815, 0.389061,47, 23, 24, 14, 2.99806, 1.78094, 0.66662, 0.021502, 9.97769
6, 6, 75, 14, 11, 54, 84, 0.624949, 1.38717,119, 97, 22, 38, 3.26428, 2.66039, 1.39612, 0.03833, 11.7577
6, 6, 75, 14, 12, 54, 79, 0.690689, 1.48769,121, 96, 25, 39, 3.19054, 2.56234, 1.30589, 0.039176, 11.501
6, 6, 75, 14, 13, 54, 62, 1.11027, 1.97289,129, 108, 21, 44, 3.14808, 2.43005, 1.08289, 0.041571, 10.9624
6, 6, 75, 15, 1, 43, 37, 0.196041, 0.299986,33, 24, 9, 18, 3.03376, 1.78377, 0.537999, 0.016337, 9.70167
6, 6, 75, 15, 2, 43, 42, 0.22383, 0.417235,46, 36, 10, 20, 3.01299, 1.94659, 0.625274, 0.024332, 9.99736
6, 6, 75, 15, 3, 43, 39, 0.38645, 0.880039,75, 57, 18, 25, 3.07939, 1.94335, 0.592585, 0.027178, 10.2231
6, 6, 75, 15, 4, 43, 39, 0.404428, 0.796545,62, 48, 14, 23, 2.99768, 1.86398, 0.582846, 0.023707, 9.96221
6, 6, 75, 15, 5, 43, 43, 0.320355, 0.924105,80, 47, 33, 20, 3.00461, 1.90188, 0.643584, 0.031902, 10.102
6, 6, 75, 15, 6, 43, 44, 0.138797, 0.195987,23, 15, 8, 14, 3.19965, 2.13879, 0.61566, 0.015209, 10.3327
6, 6, 75, 15, 7, 43, 51, 0.0761386, 0.104705,14, 9, 5, 8, 3.03111, 2.08118, 0.686162, 0.011968, 10.1402
6, 6, 75, 15, 8, 43, 65, 0.0818075, 0.090657,14, 10, 4, 9, 3.17263, 2.39905, 0.848769, 0.01037, 10.9675
6, 6, 75, 15, 9, 43, 94, 0.0248623, 0.033483,14, 3, 11, 3, 3.45795, 2.87239, 1.24132, 0.013321, 12.0717
6, 6, 75, 15, 10, 43, 37, 0.406962, 0.791488,62, 42, 20, 23, 3.00456, 1.952, 0.574383, 0.024759, 10.0906
6, 6, 75, 15, 11, 43, 84, 0.178438, 0.439825,45, 32, 13, 16, 3.34307, 2.7892, 1.07641, 0.021963, 11.6684
6, 6, 75, 15, 12, 43, 79, 0.215619, 0.506054,51, 38, 13, 17, 3.30554, 2.69934, 1.03266, 0.024953, 11.5491
6, 6, 75, 15, 13, 43, 62, 0.426918, 0.826093,69, 57, 12, 26, 3.29045, 2.31421, 0.855177, 0.026216, 10.8662
6, 6, 75, 15, 14, 43, 54, 0.869757, 1.57373,102, 86, 16, 30, 3.08602, 2.2553, 0.785527, 0.03363, 10.4961
5, 6, 75, 1, 1, 122, 37, 0.0454264, 0.0715225,10, 5, 5, 5, 3.3192, 1.85549, 1.42793, 0.038996, 11.022
5, 6, 75, 1, 2, 122, 42, 0.046917, 0.0736699,10, 5, 5, 5, 2.99522, 1.86147, 1.51565, 0.013967, 10.8142
5, 6, 75, 1, 3, 122, 39, 0.0374301, 0.065652,10, 4, 6, 4, 3.02299, 1.80842, 1.40245, 0.014479, 10.7014
5, 6, 75, 1, 4, 122, 39, 0.0455673, 0.074162,10, 6, 4, 5, 2.98422, 1.78905, 1.39748, 0.013922, 10.6442
5, 6, 75, 1, 5, 122, 43, 0.036091, 0.073699,11, 4, 7, 4, 2.98103, 2.10595, 1.55201, 0.016753, 11.1732
5, 6, 75, 1, 6, 122, 44, 0.0181954, 0.0278107,6, 2, 4, 2, 2.997, 2.09168, 1.57844, 0.014499, 10.8862
5, 6, 75, 1, 7, 122, 51, 0, 0.00917431,5, 0, 5, 0, 3.04971, 2.0258, 1.7995, 0.013115, 11.1748
5, 6, 75, 1, 8, 122, 65, 0, 0,1, 0, 1, 0, 3.15628, 2.29152, 2.26462, 0.010616, 12.1465
5, 6, 75, 1, 9, 122, 94, 0.0345571, 0.0345571,7, 4, 3, 4, 3.40674, 2.83751, 3.21147, 0.013812, 13.893
5, 6, 75, 1, 10, 122, 37, 0.0371797, 0.0633456,10, 7, 3, 4, 3.0306, 1.75313, 1.34089, 0.014178, 10.7086
5, 6, 75, 1, 11, 122, 84, 0, 0,4, 0, 4, 0, 3.26181, 2.64894, 2.8845, 0.011547, 13.1975
5, 6, 75, 1, 12, 122, 79, 0, 0,6, 0, 6, 0, 3.20145, 2.67354, 2.72235, 0.014709, 12.9563
5, 6, 75, 1, 13, 122, 62, 0.0108696, 0.0108696,4, 1, 3, 1, 3.11293, 2.2401, 2.17016, 0.013205, 11.8408
5, 6, 75, 1, 14, 122, 54, 0.0166678, 0.0166678,4, 2, 2, 2, 3.09731, 2.07003, 1.89438, 0.011287, 11.2921
5, 6, 75, 2, 1, 131, 37, 0.0546241, 0.0634737,7, 6, 1, 6, 2.98859, 1.78002, 1.42673, 0.014083, 10.5214
5, 6, 75, 2, 2, 131, 42, 0.0554416, 0.0821611,10, 6, 4, 6, 3.03539, 1.90108, 1.61699, 0.014909, 11.0176
5, 6, 75, 2, 3, 131, 39, 0.0547815, 0.108566,14, 6, 8, 6, 3.12495, 1.89862, 1.52345, 0.021532, 11.1339
5, 6, 75, 2, 4, 131, 39, 0.0371341, 0.0555821,10, 4, 6, 4, 2.99408, 1.79557, 1.50492, 0.016091, 10.8178
5, 6, 75, 2, 5, 131, 43, 0.0451491, 0.0638996,10, 5, 5, 5, 2.99076, 1.98426, 1.65922, 0.016262, 11.1864
5, 6, 75, 2, 6, 131, 44, 0.00943396, 0.00943396,6, 1, 5, 1, 2.99292, 1.89759, 1.67021, 0.012911, 10.7571
5, 6, 75, 2, 7, 131, 51, 0, 0.00952381,4, 0, 4, 0, 3.02848, 2.03034, 1.93966, 0.013106, 11.2933
5, 6, 75, 2, 8, 131, 65, 0, 0,1, 0, 1, 0, 3.20654, 2.2956, 2.44033, 0.012409, 12.4496
5, 6, 75, 2, 9, 131, 94, 0.0174031, 0.0174031,5, 2, 3, 2, 3.43784, 2.82603, 3.45631, 0.015661, 14.1647
5, 6, 75, 2, 10, 131, 37, 0.0538251, 0.0800862,14, 8, 6, 6, 2.97978, 1.98802, 1.45399, 0.018781, 10.8804
5, 6, 75, 2, 11, 131, 84, 0.0363685, 0.0363685,6, 4, 2, 4, 3.32429, 2.62055, 3.09798, 0.012765, 13.5223
5, 6, 75, 2, 12, 131, 79, 0.00862069, 0.00862069,8, 1, 7, 1, 3.19784, 2.55098, 2.93708, 0.015009, 13.0632
5, 6, 75, 2, 13, 131, 62, 0.00826446, 0.00826446,4, 1, 3, 1, 3.09348, 2.23382, 2.3131, 0.012154, 11.916
5, 6, 75, 2, 14, 131, 54, 0.00854701, 0.0170216,8, 1, 7, 1, 3.09238, 2.07729, 2.03856, 0.013571, 11.4687
5, 6, 75, 3, 1, 127, 37, 0.0548494, 0.0644647,7, 6, 1, 6, 3.04394, 1.77049, 1.39278, 0.014183, 10.5677
5, 6, 75, 3, 2, 127, 42, 0.0558083, 0.083346,10, 6, 4, 6, 2.98668, 1.85847, 1.57468, 0.015491, 10.8142
5, 6, 75, 3, 3, 127, 39, 0.0556452, 0.0737451,10, 6, 4, 6, 3.02318, 1.81591, 1.45519, 0.014949, 10.7819
5, 6, 75, 3, 4, 127, 39, 0.0554423, 0.0647016,9, 6, 3, 6, 2.97862, 1.83254, 1.45574, 0.014909, 10.7311
5, 6, 75, 3, 5, 127, 43, 0.0371324, 0.0462233,7, 4, 3, 4, 2.98449, 1.87698, 1.59652, 0.015285, 10.9874
5, 6, 75, 3, 6, 127, 44, 0.010101, 0.010101,4, 1, 3, 1, 3.16157, 1.86319, 1.63862, 0.012435, 10.9484
5, 6, 75, 3, 7, 127, 51, 0, 0,4, 0, 4, 0, 3.02719, 2.0245, 1.87938, 0.013316, 11.2469
5, 6, 75, 3, 8, 127, 65, 0, 0,1, 0, 1, 0, 3.16107, 2.29751, 2.35916, 0.012184, 12.2674
5, 6, 75, 3, 9, 127, 94, 0.0176103, 0.0176103,5, 2, 3, 2, 3.5067, 2.90777, 3.35851, 0.014914, 14.3193
5, 6, 75, 3, 10, 127, 37, 0.0465156, 0.0564166,7, 6, 1, 5, 2.97591, 1.79129, 1.38625, 0.012469, 10.6312
5, 6, 75, 3, 11, 127, 84, 0.037398, 0.037398,6, 4, 2, 4, 3.27266, 2.63149, 2.99761, 0.012294, 13.3297
5, 6, 75, 3, 12, 127, 79, 0.0277116, 0.0277116,6, 3, 3, 3, 3.18776, 2.52293, 2.82574, 0.011873, 12.913
5, 6, 75, 3, 13, 127, 62, 0, 0,3, 0, 3, 0, 3.18392, 2.41174, 2.2517, 0.013246, 12.1583
5, 6, 75, 3, 14, 127, 54, 0.0165978, 0.0252934,8, 2, 6, 2, 3.09469, 2.08159, 1.97736, 0.013922, 11.4243
5, 6, 75, 4, 1, 141, 37, 0.0458256, 0.0551714,7, 5, 2, 5, 2.97914, 1.77906, 1.53411, 0.015134, 10.7074
5, 6, 75, 4, 2, 141, 42, 0.046723, 0.0736592,9, 6, 3, 5, 3.01033, 1.84619, 1.74465, 0.015736, 10.9897
5, 6, 75, 4, 3, 141, 39, 0.0456395, 0.0809726,11, 5, 6, 5, 3.02599, 1.79474, 1.60845, 0.017268, 10.9171
5, 6, 75, 4, 4, 141, 39, 0.0474919, 0.0922012,15, 5, 10, 5, 3.08446, 1.93681, 1.61566, 0.019438, 11.2004
5, 6, 75, 4, 5, 141, 43, 0.0398864, 0.0680288,10, 4, 6, 4, 3.03165, 2.01242, 1.85757, 0.024563, 11.5407
5, 6, 75, 4, 6, 141, 44, 0, 0,6, 0, 6, 0, 3.01197, 1.89765, 1.79965, 0.014493, 10.9892
5, 6, 75, 4, 7, 141, 51, 0.00900901, 0.00900901,3, 1, 2, 1, 3.02066, 2.01563, 2.07217, 0.012274, 11.3918
5, 6, 75, 4, 8, 141, 65, 0, 0,2, 0, 2, 0, 3.16615, 2.28437, 2.5933, 0.014143, 12.5073
5, 6, 75, 4, 9, 141, 94, 0.0255834, 0.0255834,6, 3, 3, 3, 3.50378, 2.96344, 3.76082, 0.016523, 14.7938
5, 6, 75, 4, 10, 141, 37, 0.0464667, 0.0735031,11, 6, 5, 5, 3.07194, 1.94377, 1.53656, 0.017399, 11.1169
5, 6, 75, 4, 11, 141, 84, 0.0453428, 0.0453428,6, 5, 1, 5, 3.292, 2.66636, 3.32674, 0.013461, 13.7805
5, 6, 75, 4, 12, 141, 79, 0.0361757, 0.0361757,8, 4, 4, 4, 3.18784, 2.55765, 3.14207, 0.013977, 13.2738
5, 6, 75, 4, 13, 141, 62, 0.00900901, 0.00900901,5, 1, 4, 1, 3.11318, 2.40178, 2.49775, 0.01515, 12.2754
5, 6, 75, 4, 14, 141, 54, 0.0167367, 0.0167367,5, 2, 3, 2, 3.12978, 2.05361, 2.19301, 0.013386, 11.6429
5, 6, 75, 5, 1, 150, 37, 0.00862069, 0.0260133,7, 1, 6, 1, 2.97494, 1.77243, 1.62353, 0.01507, 10.7074
5, 6, 75, 5, 2, 150, 42, 0.0541519, 0.0900991,11, 7, 4, 6, 3.02887, 1.86782, 1.84158, 0.016266, 11.1148
5, 6, 75, 5, 3, 150, 39, 0.0380515, 0.0561061,8, 5, 3, 4, 3.01925, 1.79741, 1.71959, 0.01517, 11.1139
5, 6, 75, 5, 4, 150, 39, 0.0485131, 0.0682423,11, 5, 6, 5, 3.03743, 1.90602, 1.71454, 0.018285, 11.206
5, 6, 75, 5, 5, 150, 43, 0.0586106, 0.096146,14, 6, 8, 6, 2.9873, 1.89928, 1.87421, 0.018226, 11.3181
5, 6, 75, 5, 6, 150, 44, 0, 0,7, 0, 7, 0, 2.99151, 1.93587, 1.91863, 0.014689, 11.0527
5, 6, 75, 5, 7, 150, 51, 0.017029, 0.017029,3, 2, 1, 2, 3.03756, 2.04833, 2.20904, 0.014954, 11.62
5, 6, 75, 5, 8, 150, 65, 0, 0,2, 0, 2, 0, 3.18326, 2.26802, 2.80879, 0.01285, 12.763
5, 6, 75, 5, 9, 150, 94, 0.00833333, 0.00833333,4, 1, 3, 1, 3.41124, 2.8587, 3.9368, 0.014373, 14.7019
5, 6, 75, 5, 10, 150, 37, 0.0391378, 0.067041,9, 6, 3, 4, 2.99916, 1.77369, 1.62838, 0.016252, 10.853
5, 6, 75, 5, 11, 150, 84, 0.0354678, 0.0354678,4, 4, 0, 4, 3.26224, 2.66812, 3.5239, 0.012088, 13.8776
5, 6, 75, 5, 12, 150, 79, 0.0436483, 0.0436483,5, 5, 0, 5, 3.36175, 2.65526, 3.33509, 0.013677, 13.7925
5, 6, 75, 5, 13, 150, 62, 0.0264214, 0.0264214,4, 3, 1, 3, 3.10082, 2.2771, 2.62955, 0.013577, 12.3347
5, 6, 75, 5, 14, 150, 54, 0.0269792, 0.0610986,9, 4, 5, 3, 3.10574, 2.18595, 2.31585, 0.017254, 11.8335
5, 6, 75, 6, 1, 111, 37, 0.0456857, 0.0633345,7, 5, 2, 5, 2.97518, 1.76025, 1.22369, 0.012609, 10.2584
5, 6, 75, 6, 2, 111, 42, 0.0384851, 0.056466,6, 4, 2, 4, 3.08612, 2.05367, 1.37203, 0.01527, 10.885
5, 6, 75, 6, 3, 111, 39, 0.0487599, 0.0770338,10, 6, 4, 5, 3.11215, 1.78112, 1.28327, 0.013982, 10.6757
5, 6, 75, 6, 4, 111, 39, 0.0463061, 0.0463061,7, 5, 2, 5, 2.96651, 1.8055, 1.277, 0.010952, 10.5399
5, 6, 75, 6, 5, 111, 43, 0.0450459, 0.0788966,12, 6, 6, 5, 3.02458, 1.8776, 1.40908, 0.016402, 10.8249
5, 6, 75, 6, 6, 111, 44, 0.0453017, 0.0545609,9, 5, 4, 5, 3.02945, 1.93704, 1.44787, 0.013817, 10.7308
5, 6, 75, 6, 7, 111, 51, 0.0256447, 0.0343404,6, 3, 3, 3, 3.10229, 2.0092, 1.64475, 0.01298, 11.0662
5, 6, 75, 6, 8, 111, 65, 0, 0,2, 0, 2, 0, 3.14908, 2.34051, 2.05318, 0.012008, 12.0204
5, 6, 75, 6, 9, 111, 94, 0.00943396, 0.0356025,11, 1, 10, 1, 3.43452, 2.83887, 2.92914, 0.016222, 13.7325
5, 6, 75, 6, 10, 111, 37, 0.0462616, 0.0630695,8, 6, 2, 5, 2.97665, 1.77214, 1.23513, 0.011944, 10.4785
5, 6, 75, 6, 11, 111, 84, 0, 0,4, 0, 4, 0, 3.25764, 2.6426, 2.62871, 0.010876, 12.9179
5, 6, 75, 6, 12, 111, 79, 0, 0,6, 0, 6, 0, 3.20141, 2.58707, 2.47727, 0.010801, 12.63
5, 6, 75, 6, 13, 111, 62, 0.0350377, 0.0350377,4, 4, 0, 4, 3.21842, 2.43541, 1.97964, 0.01296, 11.9462
5, 6, 75, 6, 14, 111, 54, 0.00854701, 0.00854701,3, 1, 2, 1, 3.07636, 2.12019, 1.74262, 0.011262, 11.2173
5, 6, 75, 7, 1, 141, 37, 0.0267489, 0.0352235,9, 3, 6, 3, 2.97994, 1.75305, 1.53328, 0.014759, 10.584
5, 6, 75, 7, 2, 141, 42, 0.0373811, 0.0716581,11, 8, 3, 4, 2.97888, 1.86811, 1.71866, 0.013952, 10.924
5, 6, 75, 7, 3, 141, 39, 0.0361335, 0.0630678,9, 7, 2, 4, 3.01811, 1.8144, 1.61586, 0.014549, 10.9223
5, 6, 75, 7, 4, 141, 39, 0.0294907, 0.0475102,7, 5, 2, 3, 3.09329, 1.95565, 1.62556, 0.016047, 11.2517
5, 6, 75, 7, 5, 141, 43, 0.0272772, 0.0636344,15, 6, 9, 3, 2.98538, 1.98561, 1.74694, 0.018456, 11.2675
5, 6, 75, 7, 6, 141, 44, 0.0270156, 0.0270156,8, 3, 5, 3, 3.03844, 1.89826, 1.80005, 0.015194, 11.0023
5, 6, 75, 7, 7, 141, 51, 0.0175926, 0.0175926,6, 2, 4, 2, 3.03334, 2.03749, 2.08647, 0.013682, 11.4744
5, 6, 75, 7, 8, 141, 65, 0, 0,2, 0, 2, 0, 3.16269, 2.29263, 2.6015, 0.013586, 12.4806
5, 6, 75, 7, 9, 141, 94, 0, 0.0185328,6, 0, 6, 0, 3.48649, 2.78424, 3.71127, 0.015069, 14.515
5, 6, 75, 7, 10, 141, 37, 0.0354251, 0.0532201,7, 6, 1, 4, 3.05926, 1.9766, 1.523, 0.015816, 11.1174
5, 6, 75, 7, 11, 141, 84, 0.0274886, 0.035892,5, 4, 1, 3, 3.36317, 2.90156, 3.31875, 0.014192, 14.1201
5, 6, 75, 7, 12, 141, 79, 0.0352351, 0.0440847,6, 5, 1, 4, 3.27331, 2.78887, 3.12397, 0.014533, 13.6594
5, 6, 75, 7, 13, 141, 62, 0.00952381, 0.00952381,2, 1, 1, 1, 3.16834, 2.21338, 2.47527, 0.012449, 12.1658
5, 6, 75, 7, 14, 141, 54, 0.0184746, 0.0458338,8, 2, 6, 2, 3.08276, 2.09738, 2.18977, 0.01536, 11.6183
5, 6, 75, 8, 1, 148, 37, 0.0262084, 0.0344729,7, 4, 3, 3, 2.98465, 1.75552, 1.61511, 0.014342, 10.6562
5, 6, 75, 8, 2, 148, 42, 0.0261573, 0.0353316,8, 3, 5, 3, 2.99558, 1.86696, 1.81642, 0.016692, 11.0794
5, 6, 75, 8, 3, 148, 39, 0.0367958, 0.0496163,9, 4, 5, 4, 2.99472, 1.89561, 1.68676, 0.016788, 11.0986
5, 6, 75, 8, 4, 148, 39, 0.0385692, 0.0576186,11, 5, 6, 4, 2.99617, 1.79735, 1.70968, 0.019859, 11.131
5, 6, 75, 8, 5, 148, 43, 0.036528, 0.0834985,18, 5, 13, 4, 2.98217, 2.03599, 1.87264, 0.0207, 11.409
5, 6, 75, 8, 6, 148, 44, 0.0253574, 0.0253574,8, 3, 5, 3, 3.10596, 1.89168, 1.88704, 0.01553, 11.1625
5, 6, 75, 8, 7, 148, 51, 0.0254986, 0.0337631,10, 4, 6, 3, 3.08928, 2.09809, 2.18199, 0.015901, 11.8023
5, 6, 75, 8, 8, 148, 65, 0, 0,2, 0, 2, 0, 3.15027, 2.32377, 2.73782, 0.013486, 12.6795
5, 6, 75, 8, 9, 148, 94, 0.0165289, 0.0165289,4, 2, 2, 2, 3.41732, 2.86009, 3.88154, 0.013045, 14.5971
5, 6, 75, 8, 10, 148, 37, 0.0360461, 0.0360461,8, 4, 4, 4, 2.98658, 1.81025, 1.61724, 0.014925, 10.8946
5, 6, 75, 8, 11, 148, 84, 0.0280961, 0.044625,8, 5, 3, 3, 3.27058, 2.75256, 3.49229, 0.016156, 13.9276
5, 6, 75, 8, 12, 148, 79, 0.0365455, 0.0534995,9, 5, 4, 4, 3.21511, 2.54896, 3.28911, 0.015896, 13.4695
5, 6, 75, 8, 13, 148, 62, 0.00892857, 0.00892857,5, 1, 4, 1, 3.1089, 2.23803, 2.59843, 0.013481, 12.2052
5, 6, 75, 8, 14, 148, 54, 0.0365583, 0.0449616,10, 5, 5, 4, 3.09417, 2.09868, 2.28392, 0.015265, 11.7283
5, 6, 75, 9, 1, 175, 37, 0.0179462, 0.0264932,7, 3, 4, 2, 2.96693, 1.77759, 1.88354, 0.016056, 10.9354
5, 6, 75, 9, 2, 175, 42, 0.0352024, 0.0528321,11, 5, 6, 4, 3.0065, 1.86046, 2.1532, 0.019694, 11.506
5, 6, 75, 9, 3, 175, 39, 0.0252837, 0.0252837,11, 3, 8, 3, 3.02508, 1.82201, 1.97902, 0.017068, 11.3089
5, 6, 75, 9, 4, 175, 39, 0.0395333, 0.0580803,10, 5, 5, 4, 2.99194, 1.78694, 1.97526, 0.016552, 11.2552
5, 6, 75, 9, 5, 175, 43, 0.0361848, 0.074819,16, 4, 12, 4, 2.98824, 1.99928, 2.16919, 0.022448, 11.7388
5, 6, 75, 9, 6, 175, 44, 0, 0,7, 0, 7, 0, 3.00203, 1.87883, 2.2227, 0.015881, 11.3564
5, 6, 75, 9, 7, 175, 51, 0.0424638, 0.0424638,9, 5, 4, 5, 3.03178, 2.0368, 2.57516, 0.016357, 11.9494
5, 6, 75, 9, 8, 175, 65, 0, 0,2, 0, 2, 0, 3.16171, 2.30898, 3.20987, 0.014313, 13.1256
5, 6, 75, 9, 9, 175, 94, 0, 0.00869565,4, 0, 4, 0, 3.45307, 2.84345, 4.56218, 0.017924, 15.3455
5, 6, 75, 9, 10, 175, 37, 0.0257365, 0.0257365,8, 3, 5, 3, 3.12462, 1.76848, 1.88353, 0.017099, 11.3137
5, 6, 75, 9, 11, 175, 84, 0.0288007, 0.0458297,8, 3, 5, 3, 3.24761, 2.64478, 4.10834, 0.017139, 14.4389
5, 6, 75, 9, 12, 175, 79, 0.0283662, 0.037712,8, 3, 5, 3, 3.31509, 2.52821, 3.87336, 0.016898, 14.1849
5, 6, 75, 9, 13, 175, 62, 0.0194248, 0.0276893,10, 3, 7, 2, 3.10118, 2.23419, 3.08175, 0.019838, 12.7445
5, 6, 75, 9, 14, 175, 54, 0.0361199, 0.0621794,10, 4, 6, 4, 3.2089, 2.06043, 2.70991, 0.018962, 12.3306
5, 6, 75, 10, 1, 130, 37, 0.0366313, 0.0366313,4, 4, 0, 4, 2.96872, 1.76812, 1.42552, 0.011427, 10.4881
5, 6, 75, 10, 2, 130, 42, 0.0530157, 0.0696824,9, 7, 2, 6, 2.99352, 1.87218, 1.59113, 0.013512, 10.8186
5, 6, 75, 10, 3, 130, 39, 0.0181833, 0.0361296,8, 2, 6, 2, 3.12997, 2.03148, 1.51348, 0.015285, 11.2681
5, 6, 75, 10, 4, 130, 39, 0.0381152, 0.058813,9, 4, 5, 4, 2.97844, 1.81596, 1.49106, 0.014644, 10.8309
5, 6, 75, 10, 5, 130, 43, 0.0186957, 0.0792079,12, 2, 10, 2, 2.975, 1.91821, 1.64403, 0.016938, 11.0786
5, 6, 75, 10, 6, 130, 44, 0.0282249, 0.0282249,6, 3, 3, 3, 3.09985, 1.9894, 1.68518, 0.013756, 11.0703
5, 6, 75, 10, 7, 130, 51, 0.017193, 0.0258137,7, 3, 4, 2, 3.0521, 2.03528, 1.90721, 0.014057, 11.3328
5, 6, 75, 10, 8, 130, 65, 0.0178204, 0.0178204,2, 2, 0, 2, 3.25044, 2.28661, 2.40667, 0.011818, 12.5782
5, 6, 75, 10, 9, 130, 94, 0.0172735, 0.0256068,6, 3, 3, 2, 3.40247, 2.84909, 3.43165, 0.013331, 14.1999
5, 6, 75, 10, 10, 130, 37, 0.0351703, 0.061736,10, 5, 5, 4, 2.98504, 1.91967, 1.42015, 0.016467, 10.8129
5, 6, 75, 10, 11, 130, 84, 0.0565469, 0.0825775,13, 9, 4, 6, 3.35599, 2.80834, 3.0828, 0.016237, 13.7475
5, 6, 75, 10, 12, 130, 79, 0.0282119, 0.0555497,11, 5, 6, 3, 3.32401, 2.66193, 2.91871, 0.019613, 13.3679
5, 6, 75, 10, 13, 130, 62, 0.0272427, 0.035576,5, 4, 1, 3, 3.16884, 2.42666, 2.30608, 0.013045, 12.3189
5, 6, 75, 10, 14, 130, 54, 0, 0,3, 0, 3, 0, 3.19847, 2.26233, 2.02907, 0.014508, 11.8351
5, 6, 75, 11, 1, 135, 37, 0.0258869, 0.0258869,4, 3, 1, 3, 2.99548, 1.7591, 1.47, 0.013907, 10.5489
5, 6, 75, 11, 2, 135, 42, 0.0264766, 0.0350236,5, 3, 2, 3, 3.00148, 1.92873, 1.66398, 0.015595, 10.9897
5, 6, 75, 11, 3, 135, 39, 0.0179665, 0.0355591,7, 2, 5, 2, 3.07023, 1.98765, 1.54516, 0.01519, 11.1664
5, 6, 75, 11, 4, 135, 39, 0.0368826, 0.0765664,11, 4, 7, 4, 2.99283, 1.82026, 1.56891, 0.017754, 10.8908
5, 6, 75, 11, 5, 135, 43, 0.0434362, 0.130359,16, 5, 11, 5, 2.98484, 2.01663, 1.71646, 0.021161, 11.2604
5, 6, 75, 11, 6, 135, 44, 0.0182785, 0.0182785,3, 2, 1, 2, 3.06665, 1.88002, 1.72181, 0.012149, 10.9653
5, 6, 75, 11, 7, 135, 51, 0.0263748, 0.0436277,7, 5, 2, 3, 3.06205, 2.05361, 1.99095, 0.013296, 11.4712
5, 6, 75, 11, 8, 135, 65, 0.0350087, 0.0603624,8, 7, 1, 4, 3.16245, 2.30812, 2.50752, 0.012349, 12.4075
5, 6, 75, 11, 9, 135, 94, 0.0439324, 0.0894823,14, 9, 5, 5, 3.42543, 2.84303, 3.54765, 0.015961, 14.2604
5, 6, 75, 11, 10, 135, 37, 0.0263528, 0.0440533,9, 4, 5, 3, 3.11048, 1.95815, 1.47312, 0.015731, 11.1112
5, 6, 75, 11, 11, 135, 84, 0.026051, 0.0527101,13, 5, 8, 3, 3.33312, 2.65625, 3.18711, 0.017059, 13.5878
5, 6, 75, 11, 12, 135, 79, 0.0171053, 0.0255798,8, 3, 5, 2, 3.22963, 2.75473, 3.03099, 0.017549, 13.3998
5, 6, 75, 11, 13, 135, 62, 0.0435492, 0.0525582,11, 5, 6, 5, 3.11919, 2.21105, 2.41166, 0.018776, 12.0586
5, 6, 75, 11, 14, 135, 54, 0.00826446, 0.00826446,4, 1, 3, 1, 3.09239, 2.07606, 2.10181, 0.012665, 11.5238
5, 6, 75, 12, 1, 146, 37, 0.0266558, 0.0266558,5, 3, 2, 3, 2.97419, 1.82828, 1.57795, 0.014188, 10.6963
5, 6, 75, 12, 2, 146, 42, 0.0277331, 0.036505,5, 3, 2, 3, 3.00296, 1.8825, 1.7882, 0.012419, 11.0482
5, 6, 75, 12, 3, 146, 39, 0.0273116, 0.0531199,11, 3, 8, 3, 3.15771, 1.87016, 1.6794, 0.016712, 11.2108
5, 6, 75, 12, 4, 146, 39, 0.0467047, 0.0867332,13, 5, 8, 5, 2.97626, 1.80314, 1.67007, 0.017359, 10.9619
5, 6, 75, 12, 5, 146, 43, 0.0537145, 0.122049,15, 7, 8, 6, 3.05301, 1.89546, 1.81923, 0.019823, 11.3078
5, 6, 75, 12, 6, 146, 44, 0.0267813, 0.0267813,6, 3, 3, 3, 2.98814, 1.90224, 1.86557, 0.013266, 10.9829
5, 6, 75, 12, 7, 146, 51, 0.0181088, 0.0181088,4, 2, 2, 2, 3.02501, 2.009, 2.15546, 0.014644, 11.4953
5, 6, 75, 12, 8, 146, 65, 0.0262237, 0.0437073,6, 4, 2, 3, 3.17339, 2.30396, 2.71472, 0.01583, 12.7007
5, 6, 75, 12, 9, 146, 94, 0.0374229, 0.0808727,12, 8, 4, 4, 3.41718, 2.84738, 3.83591, 0.017594, 14.5576
5, 6, 75, 12, 10, 146, 37, 0.0275222, 0.0632028,11, 4, 7, 3, 3.14956, 1.98047, 1.58916, 0.018881, 11.2542
5, 6, 75, 12, 11, 146, 84, 0.0252148, 0.0335482,10, 4, 6, 3, 3.27432, 2.65496, 3.43558, 0.015501, 13.7904
5, 6, 75, 12, 12, 146, 79, 0.00840336, 0.0166678,7, 2, 5, 1, 3.191, 2.56157, 3.2579, 0.015601, 13.3765
5, 6, 75, 12, 13, 146, 62, 0.017094, 0.017094,6, 2, 4, 2, 3.10711, 2.2251, 2.57149, 0.013631, 12.1685
5, 6, 75, 12, 14, 146, 54, 0, 0,2, 0, 2, 0, 3.16682, 2.08032, 2.2664, 0.013842, 11.7525
5, 6, 75, 13, 1, 101, 37, 0.0269947, 0.0269947,4, 3, 1, 3, 3.06085, 1.74477, 1.11456, 0.011232, 10.3383
5, 6, 75, 13, 2, 101, 42, 0.0270108, 0.0270108,6, 3, 3, 3, 3.06832, 1.84132, 1.25303, 0.011708, 10.5445
5, 6, 75, 13, 3, 101, 39, 0.0355047, 0.0541527,7, 4, 3, 4, 3.01801, 1.9678, 1.18113, 0.013712, 10.649
5, 6, 75, 13, 4, 101, 39, 0.0286602, 0.0807472,9, 5, 4, 3, 3.00279, 1.85986, 1.17409, 0.013973, 10.5411
5, 6, 75, 13, 5, 101, 43, 0.0329623, 0.120672,14, 8, 6, 3, 3.00458, 1.91233, 1.29926, 0.014017, 10.7468
5, 6, 75, 13, 6, 101, 44, 0.0181088, 0.0181088,4, 2, 2, 2, 2.98869, 1.96596, 1.30547, 0.011478, 10.4647
5, 6, 75, 13, 7, 101, 51, 0.0168803, 0.0251448,6, 3, 3, 2, 3.09318, 2.11885, 1.60207, 0.019382, 11.2848
5, 6, 75, 13, 8, 101, 65, 0.0251424, 0.0348511,6, 3, 3, 3, 3.25553, 2.27728, 1.89596, 0.013281, 11.9362
5, 6, 75, 13, 9, 101, 94, 0.0346545, 0.0533672,11, 4, 7, 4, 3.40566, 2.85128, 2.68089, 0.015134, 13.383
5, 6, 75, 13, 10, 101, 37, 0.0180708, 0.0466085,7, 3, 4, 2, 2.98695, 1.75068, 1.11836, 0.013306, 10.3186
5, 6, 75, 13, 11, 101, 84, 0, 0,1, 0, 1, 0, 3.29973, 2.85094, 2.37474, 0.010921, 13.0904
5, 6, 75, 13, 12, 101, 79, 0, 0,3, 0, 3, 0, 3.30272, 2.71193, 2.28601, 0.011943, 12.7704
5, 6, 75, 13, 13, 101, 62, 0.0273039, 0.0273039,4, 3, 1, 3, 3.19312, 2.34241, 1.80876, 0.012544, 11.7714
5, 6, 75, 13, 14, 101, 54, 0, 0,2, 0, 2, 0, 3.1086, 2.05782, 1.57666, 0.01051, 11.0347
5, 6, 75, 14, 1, 131, 37, 0.0376764, 0.0376764,6, 4, 2, 4, 2.97335, 1.74408, 1.43576, 0.012629, 10.4497
5, 6, 75, 14, 2, 131, 42, 0.0457611, 0.0623589,9, 5, 4, 5, 2.99631, 1.83472, 1.60556, 0.013026, 10.8023
5, 6, 75, 14, 3, 131, 39, 0.0531724, 0.07068,11, 6, 5, 6, 3.03149, 1.83082, 1.51791, 0.015861, 10.8708
5, 6, 75, 14, 4, 131, 39, 0.0644263, 0.115909,13, 8, 5, 7, 2.99128, 1.88454, 1.5274, 0.036785, 10.9487
5, 6, 75, 14, 5, 131, 43, 0.0491668, 0.125726,15, 9, 6, 5, 3.04335, 1.91012, 1.6503, 0.017464, 11.1115
5, 6, 75, 14, 6, 131, 44, 0.0288124, 0.0288124,4, 3, 1, 3, 2.98252, 1.86849, 1.68151, 0.011457, 10.7325
5, 6, 75, 14, 7, 131, 51, 0.0252885, 0.0252885,4, 3, 1, 3, 3.02978, 2.03896, 1.92021, 0.012249, 11.2828
5, 6, 75, 14, 8, 131, 65, 0.0259688, 0.0350598,7, 3, 4, 3, 3.15625, 2.2974, 2.42399, 0.013827, 12.2971
5, 6, 75, 14, 9, 131, 94, 0.0334781, 0.0433791,10, 4, 6, 4, 3.51189, 2.9136, 3.44895, 0.016587, 14.4245
5, 6, 75, 14, 10, 131, 37, 0.0530052, 0.0811307,11, 7, 4, 6, 2.98622, 1.75394, 1.43096, 0.015029, 10.6364
5, 6, 75, 14, 11, 131, 84, 0.00917431, 0.0184336,6, 1, 5, 1, 3.24428, 2.64831, 3.08958, 0.014864, 13.3784
5, 6, 75, 14, 12, 131, 79, 0.00877193, 0.00877193,6, 1, 5, 1, 3.18835, 2.54022, 2.91915, 0.013802, 13.0095
5, 6, 75, 14, 13, 131, 62, 0.0347141, 0.0431887,9, 4, 5, 4, 3.13196, 2.40464, 2.32423, 0.016708, 12.12
5, 6, 75, 14, 14, 131, 54, 0.0255264, 0.0255264,6, 3, 3, 3, 3.1107, 2.07717, 2.02678, 0.013467, 11.4896
5, 6, 75, 15, 1, 153, 37, 0.0271392, 0.0271392,5, 3, 2, 3, 2.95897, 1.77285, 1.65504, 0.014307, 10.6898
5, 6, 75, 15, 2, 153, 42, 0.0435142, 0.0525232,9, 5, 4, 5, 2.98735, 1.93351, 1.88289, 0.017665, 11.2106
5, 6, 75, 15, 3, 153, 39, 0.0176297, 0.0391637,8, 2, 6, 2, 3.0964, 1.78582, 1.75388, 0.016999, 11.1448
5, 6, 75, 15, 4, 153, 39, 0.0467526, 0.0757081,12, 6, 6, 5, 2.97494, 1.83184, 1.74324, 0.017173, 11.0318
5, 6, 75, 15, 5, 153, 43, 0.0274506, 0.104973,18, 4, 14, 3, 3.02318, 2.04241, 1.93112, 0.022899, 11.5373
5, 6, 75, 15, 6, 153, 44, 0.00892857, 0.00892857,4, 1, 3, 1, 2.99911, 1.86773, 1.96091, 0.014739, 11.0655
5, 6, 75, 15, 7, 153, 51, 0.0433854, 0.0516498,6, 6, 0, 5, 3.02265, 2.04137, 2.26285, 0.01292, 11.6218
5, 6, 75, 15, 8, 153, 65, 0.00826446, 0.00826446,3, 1, 2, 1, 3.16536, 2.26211, 2.8449, 0.013922, 12.6902
5, 6, 75, 15, 9, 153, 94, 0.00917431, 0.0271982,5, 1, 4, 1, 3.41009, 2.8175, 4.01389, 0.0179, 14.6846
5, 6, 75, 15, 10, 153, 37, 0.0266394, 0.0436758,11, 4, 7, 3, 3.11302, 1.91387, 1.67434, 0.02048, 11.2764
5, 6, 75, 15, 11, 153, 84, 0.0471464, 0.055842,9, 6, 3, 5, 3.24946, 2.63909, 3.60172, 0.015209, 13.9209
5, 6, 75, 15, 12, 153, 79, 0.0369493, 0.0622367,10, 7, 3, 4, 3.26521, 2.6375, 3.41123, 0.017784, 13.7455
5, 6, 75, 15, 13, 153, 62, 0.0261537, 0.0345571,7, 4, 3, 3, 3.09271, 2.34802, 2.68368, 0.014628, 12.388
5, 6, 75, 15, 14, 153, 54, 0.0435356, 0.0710379,12, 6, 6, 5, 3.09489, 2.09852, 2.39371, 0.017564, 11.8229
