5, 5, 30, 2, 1, 756, 713, 10.0111, 13.2716,1512, 575, 937, 337, 41.4629, 38.0981, 149.612, 0.418108, 234.154
5, 5, 30, 3, 1, 724, 713, 8.00756, 10.9369,1448, 505, 943, 295, 41.1772, 38.0811, 142.848, 0.359927, 226.932
5, 5, 30, 3, 2, 724, 756, 11.2542, 14.7218,1448, 603, 845, 350, 39.8437, 40.1608, 151.392, 0.365227, 236.158
5, 5, 30, 4, 1, 764, 713, 6.53147, 9.03014,1528, 432, 1096, 259, 41.082, 37.9183, 150.791, 0.374691, 234.664
5, 5, 30, 4, 2, 764, 756, 8.82745, 12.084,1528, 569, 959, 335, 40.0472, 40.3584, 160.135, 0.384865, 245.319
5, 5, 30, 4, 3, 764, 724, 9.6026, 12.8766,1528, 569, 959, 329, 37.2703, 38.2471, 153.153, 0.379736, 233.373
5, 5, 30, 5, 1, 793, 713, 5.8527, 8.09143,1586, 392, 1194, 235, 41.2367, 38.0797, 156.44, 0.388017, 240.626
5, 5, 30, 5, 2, 793, 756, 7.43318, 10.2533,1586, 488, 1098, 287, 39.8109, 39.8831, 165.999, 0.390877, 250.483
5, 5, 30, 5, 3, 793, 724, 8.88026, 11.9397,1586, 522, 1064, 307, 37.343, 38.2939, 158.937, 0.391734, 239.283
5, 5, 30, 5, 4, 793, 764, 11.2804, 15.064,1586, 646, 940, 362, 37.7795, 40.0061, 167.521, 0.399793, 250.118
5, 5, 30, 6, 1, 683, 713, 8.54189, 11.4288,1366, 494, 872, 291, 41.1771, 38.2733, 132.549, 0.344777, 216.837
5, 5, 30, 6, 2, 683, 756, 7.42595, 10.0552,1366, 454, 912, 267, 39.8148, 39.824, 140.997, 0.341977, 225.372
5, 5, 30, 6, 3, 683, 724, 5.61359, 7.79704,1366, 370, 996, 216, 37.3659, 38.2632, 134.525, 0.336902, 214.809
5, 5, 30, 6, 4, 683, 764, 3.88054, 6.30629,1366, 278, 1088, 168, 37.7967, 39.9258, 141.878, 0.343314, 224.362
5, 5, 30, 6, 5, 683, 793, 1.15842, 4.86127,1366, 102, 1264, 83, 39.1459, 41.5137, 147.282, 0.36912, 232.89
5, 5, 30, 7, 1, 752, 713, 0.431454, 1.29109,1504, 45, 1459, 33, 41.2424, 39.382, 145.823, 0.365092, 231.295
5, 5, 30, 7, 2, 752, 756, 0.828128, 1.45966,1504, 91, 1413, 56, 39.7579, 39.9929, 154.6, 0.346956, 239.09
5, 5, 30, 7, 3, 752, 724, 1.2503, 1.95008,1504, 129, 1375, 78, 37.2664, 38.2805, 148.011, 0.34594, 228.212
5, 5, 30, 7, 4, 752, 764, 1.72845, 2.61282,1504, 157, 1347, 93, 37.743, 40.1239, 156.89, 0.347597, 239.493
5, 5, 30, 7, 5, 752, 793, 2.12766, 3.1257,1504, 174, 1330, 103, 39.0805, 41.713, 162.674, 0.359921, 248.302
5, 5, 30, 7, 6, 752, 683, 0.219086, 1.00782,1504, 26, 1478, 19, 42.0308, 37, 140.185, 0.366505, 224.182
5, 5, 30, 8, 1, 714, 713, 1.10773, 1.76494,1428, 104, 1324, 62, 41.4029, 38.6165, 141.35, 0.330204, 226.196
5, 5, 30, 8, 2, 714, 756, 1.21063, 1.82557,1428, 111, 1317, 65, 40.9007, 40.1291, 149.801, 0.339546, 235.624
5, 5, 30, 8, 3, 714, 724, 1.10498, 1.71919,1428, 109, 1319, 69, 37.5831, 38.716, 143.376, 0.344598, 224.399
5, 5, 30, 8, 4, 714, 764, 1.9657, 2.91809,1428, 175, 1253, 104, 38.0275, 40.9703, 151.407, 0.335359, 235.18
5, 5, 30, 8, 5, 714, 793, 2.22868, 3.36559,1428, 170, 1258, 106, 39.5614, 42.0449, 157.138, 0.337457, 243.585
5, 5, 30, 8, 6, 714, 683, 0.210294, 0.888737,1428, 26, 1402, 20, 41.4048, 36.6494, 135.228, 0.33314, 218.115
5, 5, 30, 8, 7, 714, 752, 10.5221, 13.9825,1428, 598, 830, 341, 37.8214, 39.5718, 148.856, 0.357297, 231.117
5, 5, 30, 9, 1, 774, 713, 1.24955, 1.89318,1548, 110, 1438, 69, 41.4713, 38.1141, 150.263, 0.357778, 234.793
5, 5, 30, 9, 2, 774, 756, 1.50956, 2.26969,1548, 135, 1413, 84, 39.9835, 41.0869, 159.17, 0.359325, 245.116
5, 5, 30, 9, 3, 774, 724, 1.72487, 2.60128,1548, 158, 1390, 95, 37.3743, 38.3646, 154.7, 0.362932, 235.101
5, 5, 30, 9, 4, 774, 764, 2.26521, 3.31737,1548, 187, 1361, 108, 39.7721, 42.4569, 167.719, 0.36409, 254.75
5, 5, 30, 9, 5, 774, 793, 2.20476, 3.30015,1548, 189, 1359, 113, 41.4977, 42.5992, 170.96, 0.362211, 260.1
5, 5, 30, 9, 6, 774, 683, 0.363465, 1.20766,1548, 38, 1510, 27, 42.1855, 36.4913, 144.837, 0.370046, 228.428
5, 5, 30, 9, 7, 774, 752, 9.70257, 13.0303,1548, 575, 973, 331, 38.4847, 39.8886, 158.548, 0.394915, 241.858
5, 5, 30, 9, 8, 774, 714, 11.2024, 14.715,1548, 628, 920, 363, 38.5783, 38.329, 150.591, 0.386418, 232.381
5, 5, 30, 10, 1, 791, 713, 2.14766, 3.29436,1582, 203, 1379, 119, 41.4253, 38.3625, 156.334, 0.368999, 241
5, 5, 30, 10, 2, 791, 756, 2.33068, 3.46186,1582, 196, 1386, 122, 39.9132, 40.1621, 165.908, 0.374084, 250.795
5, 5, 30, 10, 3, 791, 724, 2.11938, 3.16756,1582, 184, 1398, 115, 37.7512, 39.229, 159.112, 0.37995, 240.79
5, 5, 30, 10, 4, 791, 764, 1.42729, 2.16721,1582, 117, 1465, 78, 38.1803, 40.6198, 168.4, 0.375457, 252.177
5, 5, 30, 10, 5, 791, 793, 1.65908, 2.59193,1582, 142, 1440, 95, 40.1653, 42.6635, 174.617, 0.375872, 262.436
5, 5, 30, 10, 6, 791, 683, 1.68513, 2.55159,1582, 157, 1425, 92, 41.8587, 37.3503, 150.697, 0.366084, 234.775
5, 5, 30, 10, 7, 791, 752, 6.28088, 8.75214,1582, 441, 1141, 255, 38.328, 40.2383, 165.231, 0.389685, 248.675
5, 5, 30, 10, 8, 791, 714, 7.03186, 9.60033,1582, 473, 1109, 281, 38.3711, 38.0292, 156.595, 0.403026, 237.917
5, 5, 30, 10, 9, 791, 774, 9.09436, 12.3236,1582, 546, 1036, 333, 38.2061, 40.631, 169.479, 0.405461, 253.185
5, 5, 30, 11, 1, 815, 713, 2.48432, 3.72021,1630, 206, 1424, 124, 42.089, 38.9468, 161.036, 0.384665, 247.082
5, 5, 30, 11, 2, 815, 756, 2.38996, 3.51945,1630, 202, 1428, 118, 40.4625, 41.0845, 171.078, 0.383177, 257.485
5, 5, 30, 11, 3, 815, 724, 1.78801, 2.64508,1630, 148, 1482, 90, 37.5683, 38.8567, 163.419, 0.376579, 244.533
5, 5, 30, 11, 4, 815, 764, 1.55032, 2.35184,1630, 138, 1492, 86, 37.7953, 39.9417, 172.259, 0.377296, 254.8
5, 5, 30, 11, 5, 815, 793, 1.27452, 1.96733,1630, 121, 1509, 75, 39.1027, 41.339, 178.798, 0.383207, 264.118
5, 5, 30, 11, 6, 815, 683, 2.28846, 3.38724,1630, 187, 1443, 115, 41.3398, 37.2627, 154.119, 0.382881, 237.6
5, 5, 30, 11, 7, 815, 752, 4.79602, 6.92656,1630, 353, 1277, 202, 37.8832, 40.1794, 169.832, 0.407058, 252.796
5, 5, 30, 11, 8, 815, 714, 5.9184, 8.21053,1630, 433, 1197, 243, 38.595, 37.5283, 161.623, 0.394063, 242.705
5, 5, 30, 11, 9, 815, 774, 7.58012, 10.3822,1630, 511, 1119, 296, 38.9781, 40.5657, 174.753, 0.402504, 259.197
5, 5, 30, 11, 10, 815, 791, 10.6745, 14.2591,1630, 614, 1016, 361, 39.5961, 41.9642, 179.296, 0.432203, 265.681
5, 5, 30, 12, 1, 795, 713, 2.56468, 3.7799,1590, 212, 1378, 129, 42.2231, 39.0598, 155.175, 0.417112, 241.552
5, 5, 30, 12, 2, 795, 756, 2.05462, 3.06197,1590, 165, 1425, 105, 40.6668, 40.0837, 164.679, 0.371409, 250.354
5, 5, 30, 12, 3, 795, 724, 1.99223, 3.04595,1590, 177, 1413, 110, 37.5987, 39.4995, 159.529, 0.380697, 241.38
5, 5, 30, 12, 4, 795, 764, 1.26521, 1.92817,1590, 104, 1486, 69, 38.9169, 41.4651, 166.423, 0.37199, 251.741
5, 5, 30, 12, 5, 795, 793, 1.04084, 1.63564,1590, 93, 1497, 59, 40.0344, 42.7887, 173.418, 0.365929, 261.217
5, 5, 30, 12, 6, 795, 683, 2.13388, 3.19521,1590, 181, 1409, 109, 42.0499, 38.0507, 150.809, 0.372722, 235.941
5, 5, 30, 12, 7, 795, 752, 2.08803, 5.79679,1590, 175, 1415, 124, 38.2802, 40.3041, 163.015, 0.423195, 246.529
5, 5, 30, 12, 8, 795, 714, 5.57215, 7.81116,1590, 405, 1185, 232, 38.4807, 38.5299, 157.379, 0.400686, 239.321
5, 5, 30, 12, 9, 795, 774, 6.38844, 9.00337,1590, 440, 1150, 263, 39.0497, 41.4792, 169.942, 0.395642, 255.433
5, 5, 30, 12, 10, 795, 791, 9.82517, 13.2411,1590, 572, 1018, 337, 40.5645, 42.2189, 175.347, 0.407294, 263.063
5, 5, 30, 12, 11, 795, 815, 13.1426, 17.2219,1590, 683, 907, 398, 45.0206, 44.3082, 178.756, 0.410776, 273.154
5, 5, 30, 13, 1, 628, 713, 1.55863, 2.40337,1256, 146, 1110, 91, 41.9288, 39.3656, 124.696, 0.306357, 210.832
5, 5, 30, 13, 2, 628, 756, 1.29966, 1.99869,1256, 109, 1147, 72, 40.7665, 41.3222, 131.572, 0.296463, 218.466
5, 5, 30, 13, 3, 628, 724, 1.11266, 1.75598,1256, 103, 1153, 66, 38.128, 40.034, 127.29, 0.299398, 210.087
5, 5, 30, 13, 4, 628, 764, 0.597685, 1.16361,1256, 62, 1194, 38, 38.6764, 41.4519, 133.644, 0.308957, 218.744
5, 5, 30, 13, 5, 628, 793, 0.259141, 0.924559,1256, 29, 1227, 21, 40.3968, 42.9222, 137.795, 0.305306, 226.104
5, 5, 30, 13, 6, 628, 683, 2.34106, 3.5054,1256, 202, 1054, 117, 41.8382, 37.7222, 119.336, 0.300596, 203.751
5, 5, 30, 13, 7, 628, 752, 0.209945, 2.7754,1256, 25, 1231, 25, 38.6346, 40.3466, 131.141, 0.332639, 214.946
5, 5, 30, 13, 8, 628, 714, 0.354264, 3.06401,1256, 43, 1213, 43, 38.4717, 37.8683, 124.507, 0.347165, 205.735
5, 5, 30, 13, 9, 628, 774, 0.711855, 3.94729,1256, 73, 1183, 59, 38.6377, 40.5899, 135.082, 0.344993, 219.156
5, 5, 30, 13, 10, 628, 791, 5.3672, 7.43884,1256, 379, 877, 216, 40.694, 42.949, 138.324, 0.32305, 226.865
5, 5, 30, 13, 11, 628, 815, 6.22198, 8.54873,1256, 420, 836, 243, 44.8015, 44.9846, 142.408, 0.324658, 237.163
5, 5, 30, 13, 12, 628, 795, 7.71593, 10.575,1256, 476, 780, 280, 46.1712, 41.8521, 139.041, 0.319638, 232.025
5, 5, 30, 14, 1, 719, 713, 1.96297, 2.92383,1438, 165, 1273, 102, 41.6634, 38.9221, 142.789, 0.348564, 228.224
5, 5, 30, 14, 2, 719, 756, 1.3671, 2.05794,1438, 124, 1314, 77, 40.9547, 41.0303, 150.799, 0.335754, 237.666
5, 5, 30, 14, 3, 719, 724, 1.44663, 2.22686,1438, 130, 1308, 81, 37.5561, 38.3179, 144.433, 0.339066, 224.972
5, 5, 30, 14, 4, 719, 764, 1.17254, 1.78939,1438, 106, 1332, 66, 38.1572, 40.0384, 152.343, 0.33597, 235.291
5, 5, 30, 14, 5, 719, 793, 0.830667, 1.48729,1438, 83, 1355, 55, 39.2875, 41.5455, 158.079, 0.344061, 243.768
5, 5, 30, 14, 6, 719, 683, 2.14583, 3.18449,1438, 177, 1261, 103, 41.443, 36.848, 136.325, 0.335383, 219.407
5, 5, 30, 14, 7, 719, 752, 0.448938, 3.98699,1438, 52, 1386, 51, 38.3341, 39.7016, 150.163, 0.393822, 233.078
5, 5, 30, 14, 8, 719, 714, 0.803991, 4.39823,1438, 86, 1352, 75, 38.5596, 38.0709, 142.47, 0.390817, 224.084
5, 5, 30, 14, 9, 719, 774, 3.5489, 5.93111,1438, 257, 1181, 157, 38.2836, 41.5339, 154.914, 0.377862, 239.577
5, 5, 30, 14, 10, 719, 791, 6.98438, 9.56859,1438, 450, 988, 258, 40.565, 42.9829, 158.031, 0.357767, 246.592
5, 5, 30, 14, 11, 719, 815, 8.03539, 10.9078,1438, 507, 931, 298, 44.4616, 43.1403, 162.019, 0.363494, 254.634
5, 5, 30, 14, 12, 719, 795, 10.4853, 13.8784,1438, 578, 860, 338, 45.7032, 43.4493, 158.092, 0.371904, 252.265
5, 5, 30, 14, 13, 719, 628, 9.6579, 12.8402,1438, 570, 868, 325, 38.4701, 34.1323, 125.347, 0.360648, 202.826
5, 5, 30, 15, 1, 763, 713, 1.4816, 2.24957,1526, 143, 1383, 88, 41.585, 37.9082, 148.013, 0.356109, 232.345
5, 5, 30, 15, 2, 763, 756, 1.8126, 2.74698,1526, 173, 1353, 101, 40.1756, 40.2173, 157.548, 0.359225, 242.728
5, 5, 30, 15, 3, 763, 724, 1.91343, 2.85334,1526, 165, 1361, 100, 37.3281, 38.1929, 151.135, 0.353038, 231.345
5, 5, 30, 15, 4, 763, 764, 2.32018, 3.38611,1526, 201, 1325, 118, 37.9015, 40.2559, 159.058, 0.371246, 241.993
5, 5, 30, 15, 5, 763, 793, 1.91274, 2.91083,1526, 161, 1365, 100, 39.1447, 41.5702, 165.587, 0.35922, 251.145
5, 5, 30, 15, 6, 763, 683, 0.92356, 1.74074,1526, 80, 1446, 53, 41.4815, 36.3314, 142.124, 0.359996, 224.784
5, 5, 30, 15, 7, 763, 752, 8.59378, 11.6469,1526, 541, 985, 306, 38.6144, 39.5396, 156.567, 0.377686, 239.716
5, 5, 30, 15, 8, 763, 714, 9.22643, 12.4318,1526, 577, 949, 334, 38.7328, 37.794, 149.253, 0.386526, 230.78
5, 5, 30, 15, 9, 763, 774, 11.157, 14.803,1526, 631, 895, 370, 38.3298, 41.068, 161.794, 0.383222, 246.067
5, 5, 30, 15, 10, 763, 791, 10.2588, 13.7797,1526, 624, 902, 364, 39.7536, 42.2348, 164.679, 0.384319, 251.443
5, 5, 30, 15, 11, 763, 815, 8.2613, 11.1772,1526, 509, 1017, 301, 44.2456, 43.9497, 169.47, 0.382671, 262.565
5, 5, 30, 15, 12, 763, 795, 7.69504, 10.5371,1526, 504, 1022, 301, 45.3483, 41.9959, 166.095, 0.41346, 258.447
5, 5, 30, 15, 13, 763, 628, 3.27643, 5.83333,1526, 261, 1265, 162, 39.2524, 34.8941, 130.838, 0.386593, 209.99
5, 5, 30, 15, 14, 763, 719, 4.86907, 6.76032,1526, 331, 1195, 201, 41.839, 38.3935, 149.615, 0.375312, 234.772
6, 6, 30, 2, 1, 259, 266, 4.01613, 5.35214,518, 197, 321, 117, 21.9349, 14.7637, 19.6371, 0.133089, 60.8331
6, 6, 30, 3, 1, 313, 266, 3.34013, 4.63183,626, 183, 443, 106, 22.0958, 14.6339, 23.3264, 0.162041, 64.6626
6, 6, 30, 3, 2, 313, 259, 4.03789, 5.60867,626, 250, 376, 139, 23.0247, 14.2989, 22.7651, 0.176635, 64.8387
6, 6, 30, 4, 1, 349, 266, 2.21071, 3.14551,698, 146, 552, 85, 21.9891, 14.5517, 26.2499, 0.171108, 67.2935
6, 6, 30, 4, 2, 349, 259, 2.9831, 4.15826,698, 192, 506, 109, 22.5122, 15.2243, 25.7088, 0.183338, 68.0726
6, 6, 30, 4, 3, 349, 313, 3.91084, 5.49693,698, 232, 466, 130, 25.4763, 17.0545, 30.4904, 0.173484, 77.817
6, 6, 30, 5, 1, 321, 266, 2.16264, 2.98013,642, 128, 514, 75, 21.9327, 14.4299, 24.0612, 0.15647, 64.9588
6, 6, 30, 5, 2, 321, 259, 2.10123, 2.88952,642, 132, 510, 75, 22.524, 14.5308, 23.2808, 0.168589, 64.9471
6, 6, 30, 5, 3, 321, 313, 2.80907, 4.03399,642, 178, 464, 101, 24.7986, 17.2113, 27.9421, 0.165442, 74.6832
6, 6, 30, 5, 4, 321, 349, 5.91373, 7.97179,642, 291, 351, 165, 24.4342, 18.9246, 31.1131, 0.164826, 79.246
6, 6, 30, 6, 1, 261, 266, 3.00077, 4.1345,522, 175, 347, 103, 22.0979, 14.5833, 19.6502, 0.134507, 60.857
6, 6, 30, 6, 2, 261, 259, 2.96926, 4.01129,522, 166, 356, 95, 22.5358, 14.4305, 18.8887, 0.131236, 60.4041
6, 6, 30, 6, 3, 261, 313, 1.86458, 2.64613,522, 116, 406, 67, 24.733, 17.459, 22.8481, 0.135243, 69.7803
6, 6, 30, 6, 4, 261, 349, 1.5926, 2.33695,522, 111, 411, 63, 24.336, 19.5046, 25.5647, 0.135739, 74.1516
6, 6, 30, 6, 5, 261, 321, 0.336969, 1.23079,522, 24, 498, 18, 24.8946, 17.1053, 23.3774, 0.13802, 70.1636
6, 6, 30, 7, 1, 315, 266, 2.58671, 3.7143,630, 154, 476, 89, 21.983, 14.4361, 23.5812, 0.155262, 64.5138
6, 6, 30, 7, 2, 315, 259, 2.13491, 2.98603,630, 138, 492, 77, 22.604, 14.1191, 23.0368, 0.154962, 64.3555
6, 6, 30, 7, 3, 315, 313, 1.31994, 2.02566,630, 77, 553, 50, 25.1948, 17.4315, 27.687, 0.156099, 75.1262
6, 6, 30, 7, 4, 315, 349, 0.109704, 1.17816,630, 9, 621, 9, 24.1718, 19.1432, 30.5118, 0.170959, 78.5679
6, 6, 30, 7, 5, 315, 321, 0.128911, 1.09547,630, 12, 618, 12, 24.0442, 17.072, 28.1237, 0.160447, 73.9881
6, 6, 30, 7, 6, 315, 261, 4.07629, 5.49445,630, 229, 401, 137, 20.5365, 14.3656, 23.0972, 0.161019, 62.4014
6, 6, 30, 8, 1, 392, 266, 1.87945, 2.69451,784, 131, 653, 74, 21.8882, 14.9571, 29.2551, 0.187451, 70.6117
6, 6, 30, 8, 2, 392, 259, 0.960823, 1.9117,784, 70, 714, 41, 22.7178, 13.9884, 29.0782, 0.195942, 70.4874
6, 6, 30, 8, 3, 392, 313, 0.0932993, 1.15292,784, 10, 774, 10, 25.2734, 16.8641, 34.0955, 0.197054, 81.1127
6, 6, 30, 8, 4, 392, 349, 0.0764768, 0.859507,784, 8, 776, 8, 24.4441, 18.4804, 38.0557, 0.191383, 85.7921
6, 6, 30, 8, 5, 392, 321, 0.037763, 0.56361,784, 4, 780, 4, 23.9773, 17.9577, 34.9294, 0.186539, 81.61
6, 6, 30, 8, 6, 392, 261, 2.90421, 4.00821,784, 188, 596, 108, 20.8163, 14.582, 32.0562, 0.1924, 71.8914
6, 6, 30, 8, 7, 392, 315, 4.62058, 6.23082,784, 279, 505, 161, 23.3907, 17.3797, 34.4803, 0.201814, 80.1661
6, 6, 30, 9, 1, 468, 266, 0.290794, 1.37529,936, 32, 904, 26, 21.9025, 14.8799, 34.7029, 0.229417, 76.0424
6, 6, 30, 9, 2, 468, 259, 0.150595, 1.31994,936, 17, 919, 16, 22.5221, 14.139, 34.0552, 0.229803, 75.3678
6, 6, 30, 9, 3, 468, 313, 0.0650264, 0.723553,936, 8, 928, 7, 24.6538, 17.4963, 41.1741, 0.222519, 88.1205
6, 6, 30, 9, 4, 468, 349, 0.0691293, 0.527695,936, 7, 929, 7, 24.1692, 18.7645, 45.1861, 0.216567, 92.8606
6, 6, 30, 9, 5, 468, 321, 0.0434245, 0.222399,936, 4, 932, 4, 24.0515, 17.5404, 41.6077, 0.215516, 87.9781
6, 6, 30, 9, 6, 468, 261, 2.14537, 3.00679,936, 170, 766, 96, 20.5387, 14.1096, 34.2365, 0.224136, 73.3746
6, 6, 30, 9, 7, 468, 315, 2.92576, 4.11268,936, 221, 715, 122, 22.2514, 17.2281, 40.7775, 0.225936, 84.8201
6, 6, 30, 9, 8, 468, 392, 5.16547, 7.04663,936, 337, 599, 186, 25.093, 21.0417, 50.5598, 0.235594, 101.552
6, 6, 30, 10, 1, 310, 266, 2.52811, 3.5303,620, 158, 462, 89, 22.1244, 14.4039, 23.0791, 0.154877, 64.1604
6, 6, 30, 10, 2, 310, 259, 3.48611, 4.79526,620, 211, 409, 121, 22.6908, 14.1006, 22.6602, 0.159035, 64.0271
6, 6, 30, 10, 3, 310, 313, 4.48291, 6.06614,620, 233, 387, 136, 25.1016, 16.998, 27.136, 0.158885, 73.8987
6, 6, 30, 10, 4, 310, 349, 4.81658, 6.49385,620, 251, 369, 146, 24.1698, 18.6081, 29.9885, 0.1588, 77.4582
6, 6, 30, 10, 5, 310, 321, 3.8375, 5.31294,620, 233, 387, 134, 23.9828, 17.7129, 27.6528, 0.158649, 74.0851
6, 6, 30, 10, 6, 310, 261, 1.79702, 2.62897,620, 127, 493, 75, 20.6336, 14.1452, 22.9513, 0.156671, 62.1913
6, 6, 30, 10, 7, 310, 315, 1.07022, 2.01277,620, 64, 556, 39, 22.2094, 16.791, 27.2849, 0.161515, 70.8136
6, 6, 30, 10, 8, 310, 392, 0.0522951, 1.10107,620, 7, 613, 6, 25.0038, 21.4287, 33.4699, 0.161299, 84.5403
6, 6, 30, 10, 9, 310, 468, 0.0492598, 0.699961,620, 6, 614, 5, 28.8721, 24.8705, 39.8905, 0.154621, 98.3536
6, 6, 30, 11, 1, 448, 266, 0.202877, 0.334275,896, 22, 874, 14, 21.8303, 15.2767, 33.4912, 0.211953, 75.1769
6, 6, 30, 11, 2, 448, 259, 0.180816, 0.291626,896, 17, 879, 11, 22.7435, 14.0729, 32.6156, 0.202244, 74.0677
6, 6, 30, 11, 3, 448, 313, 0.0603865, 0.204437,896, 7, 889, 5, 25.259, 17.309, 39.0065, 0.20499, 86.4087
6, 6, 30, 11, 4, 448, 349, 0, 0.0629149,896, 0, 896, 0, 24.4581, 18.9151, 43.9738, 0.200972, 92.1808
6, 6, 30, 11, 5, 448, 321, 0.0206686, 0.0958058,896, 2, 894, 2, 24.5017, 17.5007, 40.2793, 0.20287, 87.1348
6, 6, 30, 11, 6, 448, 261, 0.273015, 0.430945,896, 28, 868, 16, 21.1035, 14.7118, 32.6728, 0.205345, 72.9695
6, 6, 30, 11, 7, 448, 315, 0.289078, 0.447337,896, 32, 864, 18, 22.7795, 17.3353, 39.2358, 0.202389, 84.0076
6, 6, 30, 11, 8, 448, 392, 0.485525, 0.767262,896, 56, 840, 31, 25.3508, 20.9194, 48.7677, 0.213296, 99.8259
6, 6, 30, 11, 9, 448, 468, 0.528731, 0.784408,896, 52, 844, 29, 29.1896, 24.8816, 57.5092, 0.20509, 116.309
6, 6, 30, 11, 10, 448, 310, 0.014464, 0.132299,896, 2, 894, 2, 24.3109, 16.7308, 39.4033, 0.202549, 85.2673
6, 6, 30, 12, 1, 442, 266, 0.196316, 0.339766,884, 22, 862, 14, 22.6526, 15.4168, 32.7665, 0.204694, 75.4642
6, 6, 30, 12, 2, 442, 259, 0.235442, 0.387496,884, 23, 861, 15, 22.7653, 14.7595, 32.1836, 0.201433, 74.3391
6, 6, 30, 12, 3, 442, 313, 0.0971249, 0.300415,884, 11, 873, 8, 24.6563, 17.3057, 38.5304, 0.212444, 85.2074
6, 6, 30, 12, 4, 442, 349, 0.00628931, 0.244608,884, 1, 883, 1, 24.4657, 18.6974, 42.7666, 0.201282, 90.6703
6, 6, 30, 12, 5, 442, 321, 0.0117647, 0.159279,884, 1, 883, 1, 24.2738, 17.9624, 39.5784, 0.200225, 86.6408
6, 6, 30, 12, 6, 442, 261, 0.21675, 0.335149,884, 22, 862, 13, 21.0129, 14.1515, 32.3783, 0.204138, 72.1474
6, 6, 30, 12, 7, 442, 315, 0.368529, 0.575113,884, 44, 840, 24, 22.4942, 18.1478, 38.5999, 0.208261, 83.9209
6, 6, 30, 12, 8, 442, 392, 0.433832, 0.675747,884, 52, 832, 28, 25.7218, 22.207, 48.1468, 0.204448, 100.751
6, 6, 30, 12, 9, 442, 468, 0.348356, 0.523127,884, 36, 848, 20, 29.3113, 27.454, 57.1937, 0.204869, 118.787
6, 6, 30, 12, 10, 442, 310, 0.0808528, 0.350714,884, 9, 875, 8, 24.1481, 16.6746, 38.504, 0.203567, 84.0394
6, 6, 30, 12, 11, 442, 448, 7.15585, 9.51925,884, 400, 484, 230, 28.3445, 24.3625, 54.6337, 0.224112, 112
6, 6, 30, 13, 1, 379, 266, 0.232817, 0.371228,758, 20, 738, 13, 22.0947, 14.7365, 28.2775, 0.175257, 69.7188
6, 6, 30, 13, 2, 379, 259, 0.334657, 0.556069,758, 30, 728, 17, 23.0263, 14.3799, 27.7276, 0.174455, 69.8143
6, 6, 30, 13, 3, 379, 313, 0.223253, 0.358287,758, 22, 736, 12, 24.7182, 17.3024, 32.8893, 0.170648, 79.6963
6, 6, 30, 13, 4, 379, 349, 0.0813779, 0.295267,758, 9, 749, 5, 24.7514, 18.9817, 37.0535, 0.17964, 85.5772
6, 6, 30, 13, 5, 379, 321, 0.0181818, 0.11443,758, 1, 757, 1, 24.9868, 17.9833, 33.9366, 0.172391, 81.7421
6, 6, 30, 13, 6, 379, 261, 0.440459, 0.6858,758, 43, 715, 26, 20.8313, 14.247, 28.0807, 0.176414, 67.5874
6, 6, 30, 13, 7, 379, 315, 0.33777, 0.515454,758, 35, 723, 20, 22.8869, 17.6361, 33.7108, 0.178533, 78.8006
6, 6, 30, 13, 8, 379, 392, 0.502389, 0.77138,758, 56, 702, 30, 25.88, 21.3073, 41.1521, 0.178829, 93.0925
6, 6, 30, 13, 9, 379, 468, 0.488257, 0.756769,758, 49, 709, 27, 29.658, 25.061, 49.1469, 0.18175, 108.542
6, 6, 30, 13, 10, 379, 310, 0.261683, 0.442477,758, 26, 732, 15, 24.1715, 16.8155, 32.842, 0.178237, 78.5966
6, 6, 30, 13, 11, 379, 448, 5.38102, 7.33971,758, 319, 439, 185, 28.7339, 25.0359, 47.2527, 0.225831, 105.722
6, 6, 30, 13, 12, 379, 442, 5.42819, 7.35915,758, 313, 445, 179, 27.6615, 24.7307, 46.405, 0.194459, 103.508
6, 6, 30, 14, 1, 358, 266, 0.399885, 0.654945,716, 41, 675, 25, 22.3008, 14.5356, 26.6758, 0.169826, 68.1221
6, 6, 30, 14, 2, 358, 259, 0.390887, 0.607611,716, 29, 687, 19, 22.5838, 14.5612, 26.1184, 0.16697, 67.8785
6, 6, 30, 14, 3, 358, 313, 0.301834, 0.463783,716, 26, 690, 16, 25.0594, 17.6273, 31.144, 0.163699, 78.5654
6, 6, 30, 14, 4, 358, 349, 0.319975, 0.501857,716, 31, 685, 19, 24.7403, 18.7151, 34.6281, 0.165688, 82.8705
6, 6, 30, 14, 5, 358, 321, 0.226147, 0.353802,716, 19, 697, 12, 24.1389, 17.4862, 32.0868, 0.162371, 78.5313
6, 6, 30, 14, 6, 358, 261, 0.375143, 0.572377,716, 30, 686, 19, 20.922, 14.1338, 26.1097, 0.166569, 65.6245
6, 6, 30, 14, 7, 358, 315, 0.375602, 0.585155,716, 39, 677, 22, 22.6415, 17.7002, 31.7401, 0.168784, 76.6016
6, 6, 30, 14, 8, 358, 392, 0.431947, 0.651358,716, 38, 678, 22, 25.5703, 21.5374, 39.3995, 0.172331, 91.2328
6, 6, 30, 14, 9, 358, 468, 0.365301, 0.629686,716, 41, 675, 22, 29.1702, 24.868, 46.1036, 0.165728, 104.877
6, 6, 30, 14, 10, 358, 310, 0.501304, 0.752023,716, 42, 674, 26, 24.0501, 16.7392, 31.0301, 0.166114, 76.5656
6, 6, 30, 14, 11, 358, 448, 3.30944, 4.61195,716, 220, 496, 126, 28.3974, 24.4323, 44.0322, 0.180602, 101.471
6, 6, 30, 14, 12, 358, 442, 3.31714, 4.68305,716, 216, 500, 125, 27.1886, 23.2461, 43.7464, 0.181194, 98.7637
6, 6, 30, 14, 13, 358, 379, 4.63342, 6.30205,716, 249, 467, 143, 24.8708, 20.5209, 37.4147, 0.181659, 87.3043
6, 6, 30, 15, 1, 350, 266, 0.256131, 0.43272,700, 23, 677, 13, 21.8582, 14.5324, 26.0597, 0.161971, 66.9596
6, 6, 30, 15, 2, 350, 259, 0.459054, 0.776594,700, 44, 656, 24, 22.4969, 14.6578, 25.6367, 0.165998, 67.415
6, 6, 30, 15, 3, 350, 313, 0.711925, 1.07497,700, 55, 645, 34, 24.7762, 17.8605, 30.5718, 0.167622, 77.9337
6, 6, 30, 15, 4, 350, 349, 0.712027, 1.08051,700, 56, 644, 32, 24.1407, 19.5639, 33.8846, 0.164746, 82.2944
6, 6, 30, 15, 5, 350, 321, 0.567144, 0.871547,700, 39, 661, 24, 24.1331, 17.1704, 31.2498, 0.172832, 77.3626
6, 6, 30, 15, 6, 350, 261, 0.330912, 0.533355,700, 27, 673, 17, 20.642, 14.1909, 25.5777, 0.167848, 64.8088
6, 6, 30, 15, 7, 350, 315, 0.276471, 0.426359,700, 28, 672, 17, 22.5265, 17.2781, 30.5363, 0.161049, 74.9367
6, 6, 30, 15, 8, 350, 392, 0.20901, 0.381982,700, 16, 684, 12, 25.1203, 21.1217, 37.8238, 0.167897, 88.8311
6, 6, 30, 15, 9, 350, 468, 0.0873041, 0.402709,700, 11, 689, 8, 28.9309, 24.8698, 44.9476, 0.16436, 103.47
6, 6, 30, 15, 10, 350, 310, 0.796281, 1.1886,700, 58, 642, 33, 24.0483, 17.1608, 30.2594, 0.163689, 76.2263
6, 6, 30, 15, 11, 350, 448, 1.66538, 2.72711,700, 120, 580, 72, 28.3398, 25.1114, 43.0537, 0.179064, 101.141
6, 6, 30, 15, 12, 350, 442, 1.75848, 2.75025,700, 133, 567, 76, 27.1481, 23.2366, 42.5988, 0.173328, 97.5639
6, 6, 30, 15, 13, 350, 379, 2.85524, 4.07873,700, 184, 516, 105, 24.8597, 20.0989, 36.6891, 0.175788, 86.1556
6, 6, 30, 15, 14, 350, 358, 4.51676, 6.31647,700, 272, 428, 151, 25.3894, 19.8103, 34.6129, 0.177521, 84.2458
5, 6, 30, 1, 1, 713, 266, 0, 0.0213636,1426, 0, 1426, 0, 22.1626, 14.4909, 53.5253, 0.327598, 94.8756
5, 6, 30, 1, 2, 713, 259, 0.01911, 0.0617142,1426, 3, 1423, 2, 22.4279, 13.9756, 52.4529, 0.303276, 93.5618
5, 6, 30, 1, 3, 713, 313, 0.00900901, 0.0350616,1426, 2, 1424, 1, 24.533, 16.828, 62.9584, 0.3027, 109.123
5, 6, 30, 1, 4, 713, 349, 0.0307887, 0.0715707,1426, 5, 1421, 3, 24.1158, 18.3619, 69.8937, 0.302811, 117.209
5, 6, 30, 1, 5, 713, 321, 0.00826446, 0.0204596,1426, 1, 1425, 1, 24.0108, 17.0064, 64.9658, 0.302865, 110.822
5, 6, 30, 1, 6, 713, 261, 0.033377, 0.0625979,1426, 3, 1423, 3, 20.5876, 14.2999, 52.9538, 0.312078, 92.4189
5, 6, 30, 1, 7, 713, 315, 0.0244305, 0.0541527,1426, 4, 1422, 3, 22.1556, 17.6482, 63.589, 0.309734, 108.03
5, 6, 30, 1, 8, 713, 392, 0.0238358, 0.061244,1426, 3, 1423, 3, 25.9742, 20.9043, 78.351, 0.313016, 130.108
5, 6, 30, 1, 9, 713, 468, 0.0239106, 0.0641206,1426, 3, 1423, 2, 28.9465, 24.6459, 93.1404, 0.313651, 151.573
5, 6, 30, 1, 10, 713, 310, 0.0242504, 0.0651721,1426, 2, 1424, 2, 23.8576, 16.6522, 62.5764, 0.311547, 107.921
5, 6, 30, 1, 11, 713, 448, 0, 0.0232558,1426, 0, 1426, 0, 28.4637, 24.0032, 89.3745, 0.304559, 146.689
5, 6, 30, 1, 12, 713, 442, 0.0242662, 0.0407645,1426, 4, 1422, 2, 27.2935, 23.446, 88.2296, 0.308712, 143.718
5, 6, 30, 1, 13, 713, 379, 0.0430769, 0.0988007,1426, 5, 1421, 4, 25.0386, 20.8903, 75.8543, 0.310816, 126.44
5, 6, 30, 1, 14, 713, 358, 0.00735294, 0.0303901,1426, 1, 1425, 1, 25.3715, 19.3392, 72.0304, 0.303096, 121.321
5, 6, 30, 2, 1, 756, 266, 0.00724638, 0.0395337,1512, 1, 1511, 1, 21.847, 14.6061, 57.1939, 0.321081, 98.3159
5, 6, 30, 2, 2, 756, 259, 0.010101, 0.0281087,1512, 2, 1510, 1, 22.8236, 14.4088, 55.8039, 0.32062, 97.8491
5, 6, 30, 2, 3, 756, 313, 0, 0.0108696,1512, 0, 1512, 0, 24.7762, 17.0393, 66.8032, 0.322795, 113.47
5, 6, 30, 2, 4, 756, 349, 0, 0.0102041,1512, 0, 1512, 0, 24.9859, 18.8837, 75.1485, 0.326381, 123.937
5, 6, 30, 2, 5, 756, 321, 0, 0,1512, 0, 1512, 0, 24.9073, 18.39, 69.1424, 0.328826, 117.468
5, 6, 30, 2, 6, 756, 261, 0.0103093, 0.0277614,1512, 2, 1510, 1, 20.8239, 14.7049, 56.0951, 0.321025, 96.2931
5, 6, 30, 2, 7, 756, 315, 0.0271078, 0.0590076,1512, 4, 1508, 3, 22.1435, 17.0609, 67.2917, 0.325605, 111.188
5, 6, 30, 2, 8, 756, 392, 0.0131859, 0.0435349,1512, 2, 1510, 2, 25.17, 20.917, 83.2327, 0.322564, 134.212
5, 6, 30, 2, 9, 756, 468, 0.0204088, 0.0756693,1512, 3, 1509, 3, 29.1169, 24.8095, 98.875, 0.321963, 157.66
5, 6, 30, 2, 10, 756, 310, 0, 0.0119048,1512, 0, 1512, 0, 24.2692, 16.5791, 66.7863, 0.332588, 112.48
5, 6, 30, 2, 11, 756, 448, 0, 0,1512, 0, 1512, 0, 29.126, 25.3331, 94.7837, 0.321947, 154.094
5, 6, 30, 2, 12, 756, 442, 0.0257086, 0.0433575,1512, 2, 1510, 2, 27.3285, 23.4587, 93.3346, 0.326306, 148.896
5, 6, 30, 2, 13, 756, 379, 0.013951, 0.0632366,1512, 2, 1510, 2, 25.2952, 20.3955, 81.2695, 0.357457, 131.824
5, 6, 30, 2, 14, 756, 358, 0.00763359, 0.0272729,1512, 1, 1511, 1, 26.0208, 20.3699, 77.0997, 0.33108, 128.305
5, 6, 30, 3, 1, 724, 266, 0.0105263, 0.0178256,1448, 2, 1446, 1, 22.4445, 15.4965, 55.3947, 0.312615, 98.0756
5, 6, 30, 3, 2, 724, 259, 0, 0,1448, 0, 1448, 0, 22.736, 14.625, 53.3102, 0.304754, 95.4438
5, 6, 30, 3, 3, 724, 313, 0, 0.0108696,1448, 0, 1448, 0, 25.175, 16.7142, 64.3278, 0.312624, 111.049
5, 6, 30, 3, 4, 724, 349, 0, 0,1448, 0, 1448, 0, 24.3144, 18.547, 71.5211, 0.30492, 119.322
5, 6, 30, 3, 5, 724, 321, 0.0220588, 0.0426937,1448, 3, 1445, 2, 24.264, 17.2946, 65.6868, 0.307905, 112.191
5, 6, 30, 3, 6, 724, 261, 0.021279, 0.0352712,1448, 4, 1444, 2, 20.639, 14.0969, 53.7325, 0.306673, 93.0102
5, 6, 30, 3, 7, 724, 315, 0.01, 0.0168966,1448, 2, 1446, 1, 22.098, 17.4741, 64.7516, 0.315069, 109.188
5, 6, 30, 3, 8, 724, 392, 0.0142276, 0.028759,1448, 3, 1445, 2, 25.6369, 21.1286, 79.5721, 0.307204, 131.225
5, 6, 30, 3, 9, 724, 468, 0.00641026, 0.016119,1448, 1, 1447, 1, 29.0522, 24.8948, 94.6057, 0.307039, 153.412
5, 6, 30, 3, 10, 724, 310, 0, 0.0119048,1448, 0, 1448, 0, 23.8146, 16.6182, 63.3819, 0.306578, 108.616
5, 6, 30, 3, 11, 724, 448, 0, 0,1448, 0, 1448, 0, 28.4067, 23.5966, 90.6768, 0.306237, 147.516
5, 6, 30, 3, 12, 724, 442, 0, 0,1448, 0, 1448, 0, 27.1382, 23.3132, 89.3702, 0.305516, 144.524
5, 6, 30, 3, 13, 724, 379, 0, 0,1448, 0, 1448, 0, 24.8917, 21.246, 76.8923, 0.306267, 127.684
5, 6, 30, 3, 14, 724, 358, 0, 0.00847458,1448, 0, 1448, 0, 25.7037, 20.498, 73.7279, 0.307695, 124.598
5, 6, 30, 4, 1, 764, 266, 0.00657895, 0.0163829,1528, 1, 1527, 1, 22.3742, 15.6349, 57.9382, 0.323796, 100.649
5, 6, 30, 4, 2, 764, 259, 0.010101, 0.027669,1528, 2, 1526, 1, 22.4863, 14.1519, 56.5041, 0.323505, 97.8984
5, 6, 30, 4, 3, 764, 313, 0, 0,1528, 0, 1528, 0, 24.6982, 16.8054, 67.4816, 0.321617, 113.906
5, 6, 30, 4, 4, 764, 349, 0, 0,1528, 0, 1528, 0, 24.1492, 18.7865, 75.4171, 0.321903, 123.215
5, 6, 30, 4, 5, 764, 321, 0.00806452, 0.0199693,1528, 1, 1527, 1, 24.0372, 17.0759, 69.7293, 0.331827, 115.734
5, 6, 30, 4, 6, 764, 261, 0.00641026, 0.0164103,1528, 1, 1527, 1, 20.8567, 14.4356, 56.8868, 0.324468, 96.7868
5, 6, 30, 4, 7, 764, 315, 0.00617284, 0.0150224,1528, 1, 1527, 1, 22.549, 17.5698, 68.1236, 0.324107, 113.023
5, 6, 30, 4, 8, 764, 392, 0.0106383, 0.0272467,1528, 1, 1527, 1, 24.9863, 21.8505, 84.737, 0.34878, 136.383
5, 6, 30, 4, 9, 764, 468, 0, 0.0784576,1528, 0, 1528, 0, 29.8172, 26.6259, 100.13, 0.324848, 161.553
5, 6, 30, 4, 10, 764, 310, 0, 0,1528, 0, 1528, 0, 24.1109, 17.9229, 67.0859, 0.3232, 113.961
5, 6, 30, 4, 11, 764, 448, 0, 0,1528, 0, 1528, 0, 28.4691, 24.0182, 95.7995, 0.322273, 153.125
5, 6, 30, 4, 12, 764, 442, 0.0216291, 0.0365259,1528, 4, 1524, 2, 27.0926, 24.8802, 95.0565, 0.32293, 151.848
5, 6, 30, 4, 13, 764, 379, 0.0128205, 0.0421832,1528, 2, 1526, 1, 25.1115, 20.042, 81.2784, 0.332218, 131.203
5, 6, 30, 4, 14, 764, 358, 0, 0,1528, 0, 1528, 0, 25.375, 20.1104, 77.6173, 0.333591, 127.706
5, 6, 30, 5, 1, 793, 266, 0, 0,1586, 0, 1586, 0, 22.2963, 15.1979, 60.3042, 0.344727, 102.569
5, 6, 30, 5, 2, 793, 259, 0.0176928, 0.0347645,1586, 3, 1583, 2, 22.694, 15.3733, 58.7732, 0.338054, 101.643
5, 6, 30, 5, 3, 793, 313, 0, 0,1586, 0, 1586, 0, 25.3333, 17.4268, 70.2576, 0.33344, 118.036
5, 6, 30, 5, 4, 793, 349, 0.00943396, 0.0272492,1586, 1, 1585, 1, 24.2317, 18.6024, 77.8938, 0.354672, 125.61
5, 6, 30, 5, 5, 793, 321, 0, 0,1586, 0, 1586, 0, 24.0896, 17.165, 72.1732, 0.34147, 118.359
5, 6, 30, 5, 6, 793, 261, 0.0121951, 0.0196578,1586, 2, 1584, 1, 20.5441, 15.2765, 59.0447, 0.336661, 99.4475
5, 6, 30, 5, 7, 793, 315, 0.0235816, 0.037711,1586, 3, 1583, 2, 22.3147, 17.4487, 70.737, 0.352117, 115.215
5, 6, 30, 5, 8, 793, 392, 0.0113636, 0.0284062,1586, 2, 1584, 1, 25.1995, 21.153, 87.0981, 0.333756, 138.321
5, 6, 30, 5, 9, 793, 468, 0.0192577, 0.211933,1586, 3, 1583, 2, 28.7978, 25.2342, 105.027, 0.351886, 163.952
5, 6, 30, 5, 10, 793, 310, 0.0262633, 0.0569234,1586, 4, 1582, 2, 24.3817, 18.0849, 70.3507, 0.349251, 117.764
5, 6, 30, 5, 11, 793, 448, 0.0125, 0.0201336,1586, 1, 1585, 1, 29.5001, 24.6921, 100.218, 0.349772, 159.343
5, 6, 30, 5, 12, 793, 442, 0, 0,1586, 0, 1586, 0, 27.3187, 23.6516, 97.8409, 0.335174, 153.642
5, 6, 30, 5, 13, 793, 379, 0, 0.0144928,1586, 0, 1586, 0, 25.2257, 20.0669, 84.4626, 0.334933, 134.535
5, 6, 30, 5, 14, 793, 358, 0.0243223, 0.0390988,1586, 3, 1583, 2, 25.6123, 19.4959, 79.9632, 0.35005, 129.718
5, 6, 30, 6, 1, 683, 266, 0, 0,1366, 0, 1366, 0, 22.0289, 14.5267, 51.9737, 0.301367, 93.2012
5, 6, 30, 6, 2, 683, 259, 0.0276734, 0.0591305,1366, 4, 1362, 3, 23.1651, 14.9127, 50.6357, 0.315513, 93.5992
5, 6, 30, 6, 3, 683, 313, 0.0350153, 0.0654858,1366, 5, 1361, 4, 24.9822, 17.3257, 60.389, 0.294835, 107.683
5, 6, 30, 6, 4, 683, 349, 0, 0.0269198,1366, 0, 1366, 0, 24.3084, 18.6503, 67.1482, 0.290696, 115.029
5, 6, 30, 6, 5, 683, 321, 0, 0.0196078,1366, 0, 1366, 0, 24.1201, 17.1172, 61.8868, 0.290351, 108.027
5, 6, 30, 6, 6, 683, 261, 0, 0.0408311,1366, 0, 1366, 0, 20.5231, 14.1745, 50.6302, 0.28999, 89.8501
5, 6, 30, 6, 7, 683, 315, 0.0189494, 0.0385164,1366, 3, 1363, 2, 22.5869, 17.0638, 60.6825, 0.29774, 105.05
5, 6, 30, 6, 8, 683, 392, 0.00943396, 0.0156451,1366, 2, 1364, 1, 24.9343, 21.0537, 75.1523, 0.296618, 125.973
5, 6, 30, 6, 9, 683, 468, 0.0207792, 0.039737,1366, 3, 1363, 2, 28.8119, 24.9275, 89.094, 0.290897, 147.732
5, 6, 30, 6, 10, 683, 310, 0, 0.0185185,1366, 0, 1366, 0, 23.8223, 16.7169, 59.7063, 0.288713, 105.019
5, 6, 30, 6, 11, 683, 448, 0.01, 0.016993,1366, 2, 1364, 1, 28.3643, 23.9201, 86.1868, 0.298231, 143.315
5, 6, 30, 6, 12, 683, 442, 0.0107527, 0.0297657,1366, 2, 1364, 1, 27.8791, 24.1084, 84.616, 0.291032, 141.411
5, 6, 30, 6, 13, 683, 379, 0.0385128, 0.0739346,1366, 6, 1360, 4, 25.3991, 20.5169, 72.6608, 0.311658, 123.2
5, 6, 30, 6, 14, 683, 358, 0, 0.0232963,1366, 0, 1366, 0, 25.4425, 19.5953, 68.8134, 0.290512, 118.482
5, 6, 30, 7, 1, 752, 266, 0, 0,1504, 0, 1504, 0, 21.9322, 14.657, 56.7869, 0.31785, 98.0681
5, 6, 30, 7, 2, 752, 259, 0.00884956, 0.0237305,1504, 2, 1502, 1, 22.4618, 14.8634, 55.6126, 0.318486, 97.6935
5, 6, 30, 7, 3, 752, 313, 0, 0.0107527,1504, 0, 1504, 0, 24.9032, 17.158, 67.0667, 0.319072, 113.949
5, 6, 30, 7, 4, 752, 349, 0.00854701, 0.0138946,1504, 1, 1503, 1, 24.4821, 19.1934, 74.7157, 0.332013, 123.261
5, 6, 30, 7, 5, 752, 321, 0, 0,1504, 0, 1504, 0, 24.1249, 17.5321, 68.3349, 0.317719, 114.91
5, 6, 30, 7, 6, 752, 261, 0.0123457, 0.0387868,1504, 1, 1503, 1, 20.6809, 14.2797, 55.8507, 0.3436, 95.4701
5, 6, 30, 7, 7, 752, 315, 0, 0,1504, 0, 1504, 0, 22.3917, 17.1935, 66.9251, 0.316803, 111.264
5, 6, 30, 7, 8, 752, 392, 0.0162612, 0.113249,1504, 2, 1502, 2, 25.1244, 21.1098, 83.8994, 0.337691, 134.933
5, 6, 30, 7, 9, 752, 468, 0.0370986, 0.325097,1504, 5, 1499, 4, 29.822, 24.9123, 98.6446, 0.336721, 158.608
5, 6, 30, 7, 10, 752, 310, 0.0105263, 0.0173756,1504, 1, 1503, 1, 24.1994, 17.8963, 65.9671, 0.327493, 112.921
5, 6, 30, 7, 11, 752, 448, 0.00574713, 0.0827084,1504, 1, 1503, 1, 28.4899, 24.427, 94.264, 0.321657, 152.056
5, 6, 30, 7, 12, 752, 442, 0.0567253, 0.10796,1504, 8, 1496, 5, 27.2016, 23.3529, 93.3795, 0.324317, 148.678
5, 6, 30, 7, 13, 752, 379, 0, 0,1504, 0, 1504, 0, 24.9304, 20.1608, 80.1567, 0.316973, 129.861
5, 6, 30, 7, 14, 752, 358, 0.0108696, 0.0440783,1504, 1, 1503, 1, 25.8688, 19.2604, 75.9586, 0.319844, 125.808
5, 6, 30, 8, 1, 714, 266, 0.0205379, 0.0348847,1428, 3, 1425, 2, 21.9728, 14.8892, 54.0437, 0.311362, 95.6328
5, 6, 30, 8, 2, 714, 259, 0.0163934, 0.0263934,1428, 2, 1426, 1, 22.5124, 14.0855, 52.6631, 0.301483, 94.0863
5, 6, 30, 8, 3, 714, 313, 0, 0.0120482,1428, 0, 1428, 0, 24.5929, 16.8314, 63.4606, 0.302504, 109.746
5, 6, 30, 8, 4, 714, 349, 0.00632911, 0.0285112,1428, 1, 1427, 1, 24.1078, 19.3243, 70.2413, 0.303326, 118.496
5, 6, 30, 8, 5, 714, 321, 0, 0,1428, 0, 1428, 0, 24.1579, 17.0903, 64.7223, 0.300365, 110.921
5, 6, 30, 8, 6, 714, 261, 0.00909091, 0.0283672,1428, 1, 1427, 1, 20.5473, 14.6087, 53.0803, 0.309247, 92.8176
5, 6, 30, 8, 7, 714, 315, 0.0116279, 0.0196924,1428, 2, 1426, 1, 22.8079, 17.0173, 63.475, 0.30251, 108.044
5, 6, 30, 8, 8, 714, 392, 0, 0,1428, 0, 1428, 0, 25.1378, 20.8711, 78.5741, 0.303907, 129.37
5, 6, 30, 8, 9, 714, 468, 0.0078125, 0.108229,1428, 1, 1427, 1, 28.8008, 25.563, 93.2476, 0.304578, 152.442
5, 6, 30, 8, 10, 714, 310, 0.00826446, 0.0304596,1428, 1, 1427, 1, 24.0094, 16.6187, 62.7959, 0.313721, 108.26
5, 6, 30, 8, 11, 714, 448, 0.0121951, 0.0205985,1428, 2, 1426, 1, 29.4115, 25.5507, 90.3641, 0.303727, 150.209
5, 6, 30, 8, 12, 714, 442, 0.0140845, 0.0229341,1428, 1, 1427, 1, 27.2032, 23.8717, 89.0405, 0.324723, 144.852
5, 6, 30, 8, 13, 714, 379, 0, 0,1428, 0, 1428, 0, 25.2184, 20.1571, 76.393, 0.304103, 126.363
5, 6, 30, 8, 14, 714, 358, 0.0113636, 0.0374219,1428, 1, 1427, 1, 25.5903, 20.0791, 72.3833, 0.309479, 122.703
5, 6, 30, 9, 1, 774, 266, 0, 0,1548, 0, 1548, 0, 21.8917, 14.549, 58.5967, 0.326962, 99.7365
5, 6, 30, 9, 2, 774, 259, 0.0173132, 0.0367742,1548, 2, 1546, 2, 22.5798, 14.2066, 57.2402, 0.339201, 98.7611
5, 6, 30, 9, 3, 774, 313, 0, 0,1548, 0, 1548, 0, 24.8018, 17.873, 68.7509, 0.32607, 116.343
5, 6, 30, 9, 4, 774, 349, 0.0117647, 0.0288028,1548, 2, 1546, 1, 24.4984, 18.9349, 76.4328, 0.328284, 124.89
5, 6, 30, 9, 5, 774, 321, 0.00862069, 0.0143678,1548, 2, 1546, 1, 23.9793, 17.1726, 69.9414, 0.326947, 116.076
5, 6, 30, 9, 6, 774, 261, 0.00990099, 0.0243937,1548, 1, 1547, 1, 20.6333, 14.2957, 57.4164, 0.329938, 96.9967
5, 6, 30, 9, 7, 774, 315, 0.0117647, 0.0313926,1548, 2, 1546, 1, 22.2958, 17.3547, 68.8235, 0.327423, 113.143
5, 6, 30, 9, 8, 774, 392, 0, 0,1548, 0, 1548, 0, 25.2441, 21.2686, 85.702, 0.327147, 137.11
5, 6, 30, 9, 9, 774, 468, 0.011236, 0.0671306,1548, 2, 1546, 1, 29.1198, 25.3855, 100.99, 0.33744, 160.361
5, 6, 30, 9, 10, 774, 310, 0.00892857, 0.0149166,1548, 1, 1547, 1, 23.8396, 16.6652, 67.7, 0.339197, 113.066
5, 6, 30, 9, 11, 774, 448, 0.0235967, 0.0506567,1548, 4, 1544, 3, 28.2649, 23.591, 96.9416, 0.336869, 153.559
5, 6, 30, 9, 12, 774, 442, 0.0352848, 0.0744668,1548, 6, 1542, 3, 27.3199, 24.2575, 95.5632, 0.328911, 151.902
5, 6, 30, 9, 13, 774, 379, 0.0114943, 0.0301763,1548, 1, 1547, 1, 24.8913, 20.7286, 82.6879, 0.354882, 132.973
5, 6, 30, 9, 14, 774, 358, 0, 0.0287798,1548, 0, 1548, 0, 25.2833, 18.9416, 77.8191, 0.339948, 126.646
5, 6, 30, 10, 1, 791, 266, 0, 0.0105263,1582, 0, 1582, 0, 21.9481, 14.5324, 59.7472, 0.334417, 100.948
5, 6, 30, 10, 2, 791, 259, 0.00909091, 0.0356061,1582, 1, 1581, 1, 22.4034, 14.0238, 58.3023, 0.33876, 99.4632
5, 6, 30, 10, 3, 791, 313, 0, 0.0235732,1582, 0, 1582, 0, 24.493, 16.8465, 69.9518, 0.334642, 116.168
5, 6, 30, 10, 4, 791, 349, 0.00877193, 0.0255545,1582, 2, 1580, 1, 24.136, 19.3479, 78.1405, 0.340654, 126.485
5, 6, 30, 10, 5, 791, 321, 0.00813008, 0.0135946,1582, 2, 1580, 1, 23.9372, 17.0644, 71.7979, 0.335364, 117.785
5, 6, 30, 10, 6, 791, 261, 0.0254798, 0.0552011,1582, 3, 1579, 3, 20.7555, 14.2156, 58.711, 0.343945, 98.3486
5, 6, 30, 10, 7, 791, 315, 0, 0.0234343,1582, 0, 1582, 0, 22.4759, 16.7825, 70.2536, 0.348254, 114.276
5, 6, 30, 10, 8, 791, 392, 0.011236, 0.0311004,1582, 2, 1580, 1, 25.2649, 20.8093, 86.8434, 0.334352, 137.805
5, 6, 30, 10, 9, 791, 468, 0, 0,1582, 0, 1582, 0, 28.8704, 24.6716, 103.293, 0.333646, 161.655
5, 6, 30, 10, 10, 791, 310, 0.00787402, 0.0369783,1582, 2, 1580, 1, 23.8191, 17.7765, 69.4242, 0.335419, 115.847
5, 6, 30, 10, 11, 791, 448, 0.00529101, 0.0139867,1582, 1, 1581, 1, 28.2465, 23.9131, 98.8357, 0.342873, 155.783
5, 6, 30, 10, 12, 791, 442, 0.012987, 0.0568848,1582, 1, 1581, 1, 27.2367, 23.3141, 97.5949, 0.359475, 152.906
5, 6, 30, 10, 13, 791, 379, 0.0267862, 0.0668043,1582, 3, 1579, 3, 24.93, 19.9973, 83.9762, 0.339467, 133.539
5, 6, 30, 10, 14, 791, 358, 0.0075188, 0.0413998,1582, 1, 1581, 1, 25.2671, 18.9993, 79.6096, 0.349528, 128.507
5, 6, 30, 11, 1, 815, 266, 0.0125, 0.0307073,1630, 1, 1629, 1, 22.4064, 14.4363, 61.8851, 0.362081, 103.543
5, 6, 30, 11, 2, 815, 259, 0.0117647, 0.0198948,1630, 1, 1629, 1, 22.9978, 15.1094, 60.4037, 0.364215, 103.38
5, 6, 30, 11, 3, 815, 313, 0.0212646, 0.055212,1630, 4, 1626, 2, 25.1963, 17.0489, 72.3645, 0.346741, 119.547
5, 6, 30, 11, 4, 815, 349, 0.01441, 0.0504163,1630, 3, 1627, 2, 24.1134, 18.5025, 80.129, 0.347001, 127.626
5, 6, 30, 11, 5, 815, 321, 0.00819672, 0.0136315,1630, 2, 1628, 1, 24.0953, 17.3654, 73.9834, 0.352548, 120.389
5, 6, 30, 11, 6, 815, 261, 0.0261026, 0.0934485,1630, 3, 1627, 3, 21.2821, 14.084, 60.842, 0.372747, 100.905
5, 6, 30, 11, 7, 815, 315, 0.008, 0.0576489,1630, 1, 1629, 1, 22.2894, 17.0486, 72.6235, 0.362306, 116.69
5, 6, 30, 11, 8, 815, 392, 0, 0.0113636,1630, 0, 1630, 0, 25.4955, 20.9316, 89.497, 0.345393, 140.874
5, 6, 30, 11, 9, 815, 468, 0.0200723, 0.0452231,1630, 3, 1627, 2, 28.7742, 25.2191, 106.455, 0.348855, 165.327
5, 6, 30, 11, 10, 815, 310, 0.0452377, 0.0928931,1630, 7, 1623, 5, 24.4483, 17.279, 71.5772, 0.352903, 118.215
5, 6, 30, 11, 11, 815, 448, 0, 0.01875,1630, 0, 1630, 0, 28.4453, 24.7919, 102.05, 0.345648, 160.102
5, 6, 30, 11, 12, 815, 442, 0.0140845, 0.0231754,1630, 1, 1629, 1, 27.1553, 24.1386, 101.049, 0.368964, 157.157
5, 6, 30, 11, 13, 815, 379, 0, 0.0197279,1630, 0, 1630, 0, 24.9227, 20.264, 86.6732, 0.345103, 136.503
5, 6, 30, 11, 14, 815, 358, 0.0140353, 0.0356626,1630, 2, 1628, 2, 25.3178, 19.6781, 82.3874, 0.346075, 131.991
5, 6, 30, 12, 1, 795, 266, 0, 0,1590, 0, 1590, 0, 22.0714, 14.8587, 60.4287, 0.348174, 102.04
5, 6, 30, 12, 2, 795, 259, 0, 0,1590, 0, 1590, 0, 22.5194, 13.9923, 58.4959, 0.334538, 99.7872
5, 6, 30, 12, 3, 795, 313, 0.0228579, 0.0376931,1590, 3, 1587, 2, 24.6417, 16.7442, 70.2502, 0.342237, 116.562
5, 6, 30, 12, 4, 795, 349, 0.00699301, 0.0173023,1590, 1, 1589, 1, 24.2488, 19.1743, 78.1902, 0.336717, 126.459
5, 6, 30, 12, 5, 795, 321, 0.0152778, 0.0311889,1590, 3, 1587, 2, 24.0509, 17.0785, 71.9781, 0.347011, 118.047
5, 6, 30, 12, 6, 795, 261, 0.0196581, 0.0552481,1590, 3, 1587, 2, 20.6066, 14.7109, 59.3583, 0.348089, 99.3029
5, 6, 30, 12, 7, 795, 315, 0, 0.01,1590, 0, 1590, 0, 22.5943, 16.9882, 70.6212, 0.346285, 115.018
5, 6, 30, 12, 8, 795, 392, 0.010989, 0.017982,1590, 1, 1589, 1, 25.0964, 20.8016, 87.3891, 0.354015, 138.105
5, 6, 30, 12, 9, 795, 468, 0.0282304, 0.0568457,1590, 4, 1586, 2, 28.9666, 25.6207, 103.537, 0.33606, 163.047
5, 6, 30, 12, 10, 795, 310, 0.0208333, 0.0341403,1590, 2, 1588, 2, 23.8273, 16.5709, 69.5206, 0.363504, 114.785
5, 6, 30, 12, 11, 795, 448, 0.0225431, 0.0371443,1590, 4, 1586, 2, 28.3708, 23.9717, 99.6332, 0.361771, 156.814
5, 6, 30, 12, 12, 795, 442, 0.0111111, 0.0281041,1590, 2, 1588, 1, 27.459, 23.7692, 98.0579, 0.336471, 154.13
5, 6, 30, 12, 13, 795, 379, 0, 0.0105263,1590, 0, 1590, 0, 24.8374, 20.0652, 84.4048, 0.335935, 133.94
5, 6, 30, 12, 14, 795, 358, 0.0124257, 0.0401532,1590, 2, 1588, 2, 25.2917, 18.9963, 79.9252, 0.34602, 128.887
5, 6, 30, 13, 1, 628, 266, 0.0117647, 0.0306475,1256, 2, 1254, 1, 21.8076, 14.4352, 47.3931, 0.266034, 88.2819
5, 6, 30, 13, 2, 628, 259, 0.0273359, 0.0558806,1256, 4, 1252, 3, 22.5283, 14.0268, 46.2298, 0.282862, 87.5498
5, 6, 30, 13, 3, 628, 313, 0.0105263, 0.0173756,1256, 2, 1254, 1, 25.1673, 16.9256, 55.6773, 0.267632, 102.622
5, 6, 30, 13, 4, 628, 349, 0.0149345, 0.0289316,1256, 2, 1254, 2, 24.081, 18.4302, 61.6353, 0.271289, 108.93
5, 6, 30, 13, 5, 628, 321, 0.0105263, 0.0175193,1256, 1, 1255, 1, 24.1007, 17.0595, 56.786, 0.297559, 102.884
5, 6, 30, 13, 6, 628, 261, 0.035474, 0.129939,1256, 4, 1252, 4, 20.8342, 14.2591, 46.601, 0.277952, 86.3014
5, 6, 30, 13, 7, 628, 315, 0.0106383, 0.0276821,1256, 2, 1254, 1, 22.1333, 16.8987, 55.7389, 0.268028, 99.4137
5, 6, 30, 13, 8, 628, 392, 0, 0.0201867,1256, 0, 1256, 0, 25.1166, 20.8751, 69.1496, 0.26887, 119.984
5, 6, 30, 13, 9, 628, 468, 0.0391521, 0.0712956,1256, 6, 1250, 4, 28.9143, 25.2529, 82.0125, 0.27174, 141.012
5, 6, 30, 13, 10, 628, 310, 0, 0.00970874,1256, 0, 1256, 0, 23.8682, 16.8592, 54.9714, 0.266214, 100.479
5, 6, 30, 13, 11, 628, 448, 0.008, 0.0134645,1256, 1, 1255, 1, 28.4335, 23.7877, 78.5168, 0.274621, 135.549
5, 6, 30, 13, 12, 628, 442, 0, 0,1256, 0, 1256, 0, 27.1892, 23.3833, 77.3955, 0.265242, 132.675
5, 6, 30, 13, 13, 628, 379, 0.0116279, 0.0344454,1256, 2, 1254, 1, 24.993, 20.3196, 66.8814, 0.267972, 116.859
5, 6, 30, 13, 14, 628, 358, 0, 0.00833333,1256, 0, 1256, 0, 25.7647, 19.6052, 63.7059, 0.274775, 113.722
5, 6, 30, 14, 1, 719, 266, 0.00884956, 0.0260114,1438, 2, 1436, 1, 21.8124, 14.3761, 54.2725, 0.305625, 95.1284
5, 6, 30, 14, 2, 719, 259, 0, 0,1438, 0, 1438, 0, 22.6088, 14.0066, 52.8878, 0.302971, 94.2879
5, 6, 30, 14, 3, 719, 313, 0, 0,1438, 0, 1438, 0, 24.7871, 16.7896, 63.4489, 0.302499, 109.919
5, 6, 30, 14, 4, 719, 349, 0.00520833, 0.0368774,1438, 1, 1437, 1, 24.2189, 18.4581, 70.5789, 0.306202, 118.158
5, 6, 30, 14, 5, 719, 321, 0, 0,1438, 0, 1438, 0, 23.9864, 17.9916, 65.4106, 0.328636, 112.26
5, 6, 30, 14, 6, 719, 261, 0, 0.0362728,1438, 0, 1438, 0, 21.169, 14.0673, 53.3486, 0.306868, 93.2461
5, 6, 30, 14, 7, 719, 315, 0.019901, 0.0676638,1438, 3, 1435, 2, 22.0924, 16.927, 63.8877, 0.322113, 107.56
5, 6, 30, 14, 8, 719, 392, 0.00675676, 0.029009,1438, 1, 1437, 1, 25.2007, 20.9089, 78.9798, 0.304734, 129.948
5, 6, 30, 14, 9, 719, 468, 0.0226865, 0.0629705,1438, 3, 1435, 2, 28.7412, 24.9259, 93.7551, 0.318742, 152.243
5, 6, 30, 14, 10, 719, 310, 0, 0.0223526,1438, 0, 1438, 0, 23.9708, 16.5779, 63.0253, 0.305295, 108.381
5, 6, 30, 14, 11, 719, 448, 0.0304233, 0.0586284,1438, 4, 1434, 3, 28.6966, 23.6797, 89.9883, 0.306458, 147.193
5, 6, 30, 14, 12, 719, 442, 0.010101, 0.0298907,1438, 1, 1437, 1, 27.0899, 23.3563, 88.7415, 0.315079, 143.94
5, 6, 30, 14, 13, 719, 379, 0.021236, 0.0461292,1438, 3, 1435, 2, 24.8867, 20.1309, 76.4018, 0.334096, 126.083
5, 6, 30, 14, 14, 719, 358, 0.0152527, 0.0519022,1438, 2, 1436, 2, 25.2656, 19.1186, 72.4621, 0.307194, 121.436
5, 6, 30, 15, 1, 763, 266, 0, 0,1526, 0, 1526, 0, 21.8864, 14.3849, 57.6129, 0.321642, 98.6361
5, 6, 30, 15, 2, 763, 259, 0, 0,1526, 0, 1526, 0, 22.5461, 14.9414, 56.1843, 0.321036, 98.4808
5, 6, 30, 15, 3, 763, 313, 0.0078125, 0.0132473,1526, 1, 1525, 1, 24.6713, 16.8187, 67.3574, 0.331576, 113.8
5, 6, 30, 15, 4, 763, 349, 0.0171333, 0.0289489,1526, 4, 1522, 2, 24.3711, 19.1302, 74.9171, 0.322954, 123.381
5, 6, 30, 15, 5, 763, 321, 0, 0.0106383,1526, 0, 1526, 0, 23.9528, 17.1405, 69.3402, 0.324497, 115.337
5, 6, 30, 15, 6, 763, 261, 0.0182645, 0.0465739,1526, 2, 1524, 2, 21.0143, 14.2014, 56.7859, 0.323536, 96.6643
5, 6, 30, 15, 7, 763, 315, 0.00869565, 0.0144099,1526, 2, 1524, 1, 22.0599, 17.6643, 68.1886, 0.330223, 112.603
5, 6, 30, 15, 8, 763, 392, 0.0102041, 0.0173469,1526, 2, 1524, 1, 25.3021, 21.0144, 83.7598, 0.321908, 134.962
5, 6, 30, 15, 9, 763, 468, 0, 0.0470307,1526, 0, 1526, 0, 28.7596, 24.8814, 99.4883, 0.332927, 157.977
5, 6, 30, 15, 10, 763, 310, 0.00909091, 0.0151515,1526, 1, 1525, 1, 23.864, 16.7362, 66.9673, 0.326181, 112.39
5, 6, 30, 15, 11, 763, 448, 0, 0.016129,1526, 0, 1526, 0, 28.3864, 23.8774, 95.3555, 0.322148, 152.455
5, 6, 30, 15, 12, 763, 442, 0.0300915, 0.0678385,1526, 5, 1521, 3, 27.3387, 23.3787, 94.1829, 0.33623, 149.655
5, 6, 30, 15, 13, 763, 379, 0.0405996, 0.088994,1526, 4, 1522, 3, 25.4992, 20.1546, 81.171, 0.342648, 131.533
5, 6, 30, 15, 14, 763, 358, 0.00980392, 0.0374596,1526, 1, 1525, 1, 25.2557, 19.116, 76.7355, 0.332232, 125.746
