5, 5, 30, 2, 1, 881, 861, 3004.46, 4285.89,1762, 552, 1210, 347, 8.13239, 78.4077, 28.2807, 0.477025, 119.888
5, 5, 30, 3, 1, 837, 861, 2606.58, 3842.67,1674, 517, 1157, 329, 7.28828, 71.9327, 26.8901, 0.434081, 111.053
5, 5, 30, 3, 2, 837, 881, 2931.38, 4217.5,1674, 552, 1122, 346, 7.24348, 77.1551, 27.1828, 0.435244, 116.478
5, 5, 30, 4, 1, 837, 861, 2044.73, 3049.95,1674, 409, 1265, 264, 7.29363, 74.0975, 26.8742, 0.429272, 113.197
5, 5, 30, 4, 2, 837, 881, 2497.32, 3668.04,1674, 502, 1172, 314, 7.21898, 82.5187, 27.1224, 0.430745, 121.727
5, 5, 30, 4, 3, 837, 837, 2985.38, 4314.61,1674, 564, 1110, 355, 6.95851, 70.9561, 26.0609, 0.43348, 108.841
5, 5, 30, 5, 1, 823, 861, 1613.88, 2418.76,1646, 346, 1300, 224, 7.55981, 72.4524, 26.6247, 0.421186, 111.659
5, 5, 30, 5, 2, 823, 881, 1879.89, 2791.86,1646, 410, 1236, 259, 7.25146, 75.198, 26.6361, 0.414603, 113.958
5, 5, 30, 5, 3, 823, 837, 2207.76, 3242.53,1646, 450, 1196, 288, 7.00151, 78.3646, 25.9798, 0.430544, 116.217
5, 5, 30, 5, 4, 823, 837, 3181.73, 4500.73,1646, 585, 1061, 364, 7.09738, 70.5697, 26.2956, 0.440825, 108.934
5, 5, 30, 6, 1, 787, 861, 2835.76, 4130.54,1574, 526, 1048, 336, 7.49847, 84.7174, 25.1248, 0.410094, 122.36
5, 5, 30, 6, 2, 787, 881, 2230.24, 3293.01,1574, 463, 1111, 284, 7.28928, 74.5007, 25.5929, 0.411207, 112.269
5, 5, 30, 6, 3, 787, 837, 1792.3, 2693,1574, 390, 1184, 243, 6.90276, 78.047, 24.6907, 0.401332, 114.417
5, 5, 30, 6, 4, 787, 837, 1290.59, 2243.89,1574, 282, 1292, 191, 7.08243, 71.9734, 24.8262, 0.415029, 108.835
5, 5, 30, 6, 5, 787, 823, 477.622, 1673.76,1574, 121, 1453, 90, 7.04165, 69.5479, 24.3009, 0.42858, 105.89
5, 5, 30, 7, 1, 787, 861, 278.252, 696.191,1574, 69, 1505, 48, 7.2997, 72.3227, 25.121, 0.391739, 109.684
5, 5, 30, 7, 2, 787, 881, 484.125, 857.282,1574, 121, 1453, 81, 7.34095, 74.8971, 25.7376, 0.388828, 112.91
5, 5, 30, 7, 3, 787, 837, 630.092, 1020.14,1574, 166, 1408, 104, 6.95878, 71.4403, 25.4346, 0.397525, 108.61
5, 5, 30, 7, 4, 787, 837, 723.057, 1120.68,1574, 168, 1406, 109, 7.1668, 77.4157, 24.6571, 0.383287, 114.178
5, 5, 30, 7, 5, 787, 823, 1000.53, 1516.81,1574, 221, 1353, 142, 7.11414, 75.251, 24.2158, 0.377757, 111.596
5, 5, 30, 7, 6, 787, 787, 155.584, 574.718,1574, 47, 1527, 36, 7.10884, 66.9058, 23.2881, 0.390146, 102.304
5, 5, 30, 8, 1, 851, 861, 468.923, 860.203,1702, 118, 1584, 76, 7.30746, 81.0663, 27.3377, 0.406878, 120.628
5, 5, 30, 8, 2, 851, 881, 614.064, 985.03,1702, 142, 1560, 98, 7.28504, 83.6604, 27.4797, 0.405039, 123.361
5, 5, 30, 8, 3, 851, 837, 881.82, 1397.22,1702, 202, 1500, 139, 6.94271, 73.0395, 26.6674, 0.432424, 111.55
5, 5, 30, 8, 4, 851, 837, 821.892, 1283.95,1702, 176, 1526, 124, 7.06592, 78.8604, 26.57, 0.41539, 117.369
5, 5, 30, 8, 5, 851, 823, 908.481, 1399.19,1702, 197, 1505, 131, 7.07957, 69.2604, 26.7598, 0.409127, 108.055
5, 5, 30, 8, 6, 851, 787, 129.049, 599.43,1702, 40, 1662, 32, 7.04325, 67.2245, 25.0966, 0.412915, 104.222
5, 5, 30, 8, 7, 851, 787, 3062.69, 4355.34,1702, 557, 1145, 342, 6.85516, 68.9841, 25.445, 0.431942, 106.223
5, 5, 30, 9, 1, 861, 861, 656.254, 1043.57,1722, 152, 1570, 104, 7.3719, 74.4957, 27.7246, 0.423266, 114.488
5, 5, 30, 9, 2, 861, 881, 681.133, 1068.25,1722, 160, 1562, 103, 7.29845, 77.664, 28.1589, 0.420039, 117.982
5, 5, 30, 9, 3, 861, 837, 899.65, 1366.26,1722, 201, 1521, 134, 6.94848, 71.547, 26.9973, 0.418385, 110.296
5, 5, 30, 9, 4, 861, 837, 896.567, 1363.02,1722, 193, 1529, 131, 7.16952, 70.9995, 27.0259, 0.429064, 110.109
5, 5, 30, 9, 5, 861, 823, 828.86, 1272.85,1722, 191, 1531, 123, 6.98867, 69.5393, 26.7238, 0.406653, 108.137
5, 5, 30, 9, 6, 861, 787, 262.918, 627.584,1722, 62, 1660, 46, 7.08429, 69.6692, 25.6958, 0.416191, 107.347
5, 5, 30, 9, 7, 861, 787, 2649.89, 3785.34,1722, 506, 1216, 308, 6.78966, 72.6498, 25.3171, 0.429878, 109.722
5, 5, 30, 9, 8, 861, 851, 3211.69, 4552.66,1722, 577, 1145, 363, 7.0667, 74.0653, 27.5505, 0.445157, 113.671
5, 5, 30, 10, 1, 828, 861, 976.449, 1499.32,1656, 208, 1448, 136, 7.2939, 80.2415, 26.8023, 0.419889, 119.22
5, 5, 30, 10, 2, 828, 881, 883.156, 1337.26,1656, 198, 1458, 126, 7.35109, 75.2278, 27.1749, 0.402054, 114.62
5, 5, 30, 10, 3, 828, 837, 874.803, 1368.7,1656, 208, 1448, 132, 6.91061, 71.34, 25.7541, 0.411651, 108.782
5, 5, 30, 10, 4, 828, 837, 648.814, 1041.88,1656, 144, 1512, 100, 6.98836, 70.3602, 25.9256, 0.409333, 108.155
5, 5, 30, 10, 5, 828, 823, 650.312, 1027.42,1656, 157, 1499, 100, 6.98813, 91.9994, 25.5648, 0.398477, 129.477
5, 5, 30, 10, 6, 828, 787, 695.577, 1097.99,1656, 157, 1499, 106, 7.25428, 68.7219, 24.4652, 0.395405, 105.392
5, 5, 30, 10, 7, 828, 787, 1733.43, 2571.73,1656, 388, 1268, 239, 6.78506, 66.1229, 24.4296, 0.40812, 102.188
5, 5, 30, 10, 8, 828, 851, 2005, 2965.13,1656, 422, 1234, 265, 7.02642, 73.2042, 26.4333, 0.414037, 111.53
5, 5, 30, 10, 9, 828, 861, 2380.06, 3426.02,1656, 470, 1186, 298, 7.24857, 72.9157, 26.7085, 0.422739, 111.936
5, 5, 30, 11, 1, 947, 861, 1181.12, 1820.6,1894, 232, 1662, 155, 7.66224, 82.5612, 30.9125, 0.471935, 126.083
5, 5, 30, 11, 2, 947, 881, 1067.38, 1644.14,1894, 238, 1656, 150, 7.63245, 74.8628, 31.0985, 0.461751, 118.609
5, 5, 30, 11, 3, 947, 837, 795.721, 1285.14,1894, 190, 1704, 122, 7.25608, 70.8509, 30.3523, 0.476959, 113.488
5, 5, 30, 11, 4, 947, 837, 683.111, 1100.2,1894, 149, 1745, 106, 7.5013, 71.7236, 30.0532, 0.472678, 114.324
5, 5, 30, 11, 5, 947, 823, 594.268, 936.869,1894, 146, 1748, 94, 7.18811, 76.7336, 29.4653, 0.445804, 118.353
5, 5, 30, 11, 6, 947, 787, 986.388, 1499.76,1894, 193, 1701, 132, 7.33535, 75.4937, 28.4264, 0.453965, 116.335
5, 5, 30, 11, 7, 947, 787, 1526.18, 2404.87,1894, 333, 1561, 209, 7.06834, 71.1324, 28.139, 0.467537, 111.382
5, 5, 30, 11, 8, 947, 851, 1672.82, 2517.67,1894, 360, 1534, 232, 7.39059, 72.3267, 30.0619, 0.465818, 114.783
5, 5, 30, 11, 9, 947, 861, 2104.72, 3076.63,1894, 433, 1461, 275, 7.28392, 74.5686, 30.4859, 0.474616, 117.565
5, 5, 30, 11, 10, 947, 828, 2885.6, 4184.23,1894, 531, 1363, 338, 7.51329, 70.8721, 24.4223, 0.502114, 107.771
5, 5, 30, 12, 1, 955, 861, 1147.13, 1765.23,1910, 256, 1654, 162, 7.84054, 72.6293, 30.5325, 0.456991, 116.052
5, 5, 30, 12, 2, 955, 881, 991.103, 1540.48,1910, 219, 1691, 143, 7.70493, 73.9922, 32.0053, 0.46419, 118.878
5, 5, 30, 12, 3, 955, 837, 798.814, 1304.71,1910, 188, 1722, 123, 7.26463, 76.4085, 29.8678, 0.454401, 118.457
5, 5, 30, 12, 4, 955, 837, 685.604, 1096.05,1910, 153, 1757, 104, 7.31716, 84.2576, 29.7622, 0.451, 126.235
5, 5, 30, 12, 5, 955, 823, 546.77, 895.293,1910, 145, 1765, 89, 7.15208, 69.0105, 29.8879, 0.444011, 111.118
5, 5, 30, 12, 6, 955, 787, 1283.31, 1942.47,1910, 257, 1653, 168, 7.22755, 68.1518, 28.4464, 0.48007, 108.861
5, 5, 30, 12, 7, 955, 787, 706.661, 1772.45,1910, 177, 1733, 130, 7.05881, 66.5636, 28.337, 0.494849, 107.106
5, 5, 30, 12, 8, 955, 851, 1497.82, 2352.95,1910, 316, 1594, 210, 7.43912, 84.5628, 31.1765, 0.479284, 128.343
5, 5, 30, 12, 9, 955, 861, 1778.54, 2630.3,1910, 388, 1522, 251, 7.27875, 85.4399, 30.6966, 0.473318, 128.381
5, 5, 30, 12, 10, 955, 828, 2670.38, 3878.29,1910, 497, 1413, 322, 7.35263, 84.6179, 24.0181, 0.4845, 120.871
5, 5, 30, 12, 11, 955, 947, 3596.93, 5177.95,1910, 637, 1273, 395, 7.97135, 86.594, 33.3136, 0.485963, 133.075
5, 5, 30, 13, 1, 775, 861, 770.219, 1174.52,1550, 178, 1372, 116, 7.48062, 72.3353, 25.0891, 0.380958, 109.857
5, 5, 30, 13, 2, 775, 881, 631.019, 978.569,1550, 152, 1398, 100, 7.64741, 74.4812, 25.1939, 0.369931, 112.209
5, 5, 30, 13, 3, 775, 837, 577.441, 995.743,1550, 143, 1407, 95, 7.08621, 78.8019, 24.6535, 0.382521, 115.407
5, 5, 30, 13, 4, 775, 837, 312.515, 697.501,1550, 84, 1466, 61, 7.32554, 86.9183, 24.2245, 0.392405, 123.363
5, 5, 30, 13, 5, 775, 823, 216.078, 670.304,1550, 56, 1494, 44, 7.20209, 69.1999, 24.0891, 0.382435, 105.412
5, 5, 30, 13, 6, 775, 787, 987.821, 1486.94,1550, 224, 1326, 142, 7.21652, 96.8586, 23.1603, 0.377045, 132.26
5, 5, 30, 13, 7, 775, 787, 176.435, 1142.73,1550, 52, 1498, 48, 6.98067, 67.72, 22.924, 0.407966, 102.593
5, 5, 30, 13, 8, 775, 851, 209.558, 1109.69,1550, 59, 1491, 57, 7.30746, 71.8132, 24.9212, 0.424629, 109.061
5, 5, 30, 13, 9, 775, 861, 427.322, 1487.73,1550, 114, 1436, 99, 7.26555, 80.5098, 25.1403, 0.421191, 117.94
5, 5, 30, 13, 10, 775, 828, 1679.64, 2487.18,1550, 352, 1198, 227, 7.30085, 70.0899, 20.9235, 0.399364, 103.132
5, 5, 30, 13, 11, 775, 947, 2129.26, 3136.8,1550, 437, 1113, 270, 7.92157, 79.557, 27.7059, 0.391629, 120.145
5, 5, 30, 13, 12, 775, 955, 2597.46, 3807.86,1550, 499, 1051, 318, 8.00366, 87.2144, 27.9122, 0.40775, 128.283
5, 5, 30, 14, 1, 849, 861, 972.679, 1499.58,1698, 208, 1490, 141, 7.70752, 73.2372, 27.6443, 0.478424, 113.641
5, 5, 30, 14, 2, 849, 881, 797.715, 1259.66,1698, 182, 1516, 128, 7.51649, 74.2435, 27.8405, 0.467674, 114.546
5, 5, 30, 14, 3, 849, 837, 719.045, 1171.49,1698, 166, 1532, 112, 7.13077, 70.4103, 26.535, 0.412304, 109.015
5, 5, 30, 14, 4, 849, 837, 587.399, 965.305,1698, 137, 1561, 95, 7.22481, 72.1054, 26.8699, 0.406222, 111.025
5, 5, 30, 14, 5, 849, 823, 459.879, 848.577,1698, 115, 1583, 76, 7.22384, 71.2874, 26.5778, 0.404243, 110.048
5, 5, 30, 14, 6, 849, 787, 1148.9, 1747.34,1698, 249, 1449, 160, 7.19882, 72.7772, 25.4548, 0.41784, 110.459
5, 5, 30, 14, 7, 849, 787, 214.793, 1345.45,1698, 64, 1634, 63, 7.10467, 67.413, 25.5732, 0.501112, 105.219
5, 5, 30, 14, 8, 849, 851, 494.875, 1697.4,1698, 128, 1570, 106, 7.53835, 73.2927, 27.6765, 0.464796, 113.611
5, 5, 30, 14, 9, 849, 861, 1221.12, 2206.59,1698, 294, 1404, 195, 7.43887, 74.1723, 27.8602, 0.457147, 114.642
5, 5, 30, 14, 10, 849, 828, 2004.64, 2978.44,1698, 409, 1289, 262, 7.41135, 70.2721, 22.6608, 0.451827, 105.287
5, 5, 30, 14, 11, 849, 947, 2736.65, 4024.94,1698, 545, 1153, 339, 7.902, 78.98, 29.7779, 0.430579, 121.604
5, 5, 30, 14, 12, 849, 955, 3043, 4379.24,1698, 564, 1134, 354, 7.96878, 79.9626, 30.1434, 0.435023, 123.279
5, 5, 30, 14, 13, 849, 775, 3076.3, 4410.04,1698, 568, 1130, 350, 7.26892, 64.796, 25.6209, 0.462147, 102.733
5, 5, 30, 15, 1, 865, 861, 792.513, 1228.47,1730, 180, 1550, 117, 7.74947, 74.1032, 28.4239, 0.419222, 115.314
5, 5, 30, 15, 2, 865, 881, 860.969, 1326.77,1730, 195, 1535, 128, 7.5985, 78.7417, 28.3966, 0.423365, 119.836
5, 5, 30, 15, 3, 865, 837, 1029.57, 1583.22,1730, 222, 1508, 146, 7.2707, 75.6933, 27.8788, 0.4306, 115.686
5, 5, 30, 15, 4, 865, 837, 978.763, 1536.16,1730, 221, 1509, 150, 7.2466, 71.0384, 27.4327, 0.428385, 110.617
5, 5, 30, 15, 5, 865, 823, 861.021, 1350.51,1730, 195, 1535, 130, 7.27925, 70.3067, 27.454, 0.44084, 110.198
5, 5, 30, 15, 6, 865, 787, 493.58, 929.665,1730, 111, 1619, 78, 7.33119, 68.3582, 27.7226, 0.424568, 108.361
5, 5, 30, 15, 7, 865, 787, 2219.7, 3256.3,1730, 473, 1257, 288, 7.34506, 80.0695, 26.3187, 0.443705, 118.769
5, 5, 30, 15, 8, 865, 851, 2673.08, 3870.67,1730, 505, 1225, 324, 7.43249, 73.0851, 28.2724, 0.454637, 114.082
5, 5, 30, 15, 9, 865, 861, 3375.6, 4754.2,1730, 605, 1125, 380, 7.49322, 74.1619, 28.5019, 0.464225, 115.247
5, 5, 30, 15, 10, 865, 828, 2681.71, 3842.1,1730, 494, 1236, 320, 7.53361, 70.4898, 23.1807, 0.450183, 106.161
5, 5, 30, 15, 11, 865, 947, 2285.79, 3352.29,1730, 446, 1284, 291, 7.96816, 79.5426, 30.5823, 0.439021, 123.233
5, 5, 30, 15, 12, 865, 955, 2100.72, 3104.01,1730, 414, 1316, 276, 8.05236, 79.1808, 30.9599, 0.447317, 123.22
5, 5, 30, 15, 13, 865, 775, 976.86, 1899.23,1730, 228, 1502, 152, 7.40777, 67.2636, 25.7922, 0.448409, 105.518
5, 5, 30, 15, 14, 865, 849, 1599.47, 2387.26,1730, 340, 1390, 222, 7.75317, 79.3804, 27.2554, 0.433209, 119.602
6, 6, 30, 2, 1, 314, 280, 1043.14, 1507.01,628, 201, 427, 130, 4.34425, 24.1863, 3.30562, 0.162477, 36.4599
6, 6, 30, 3, 1, 383, 280, 890.289, 1313.97,766, 168, 598, 110, 4.39026, 24.609, 4.04357, 0.19242, 37.6752
6, 6, 30, 3, 2, 383, 314, 1254.64, 1845.86,766, 217, 549, 142, 4.58147, 27.1676, 4.90057, 0.205801, 41.3914
6, 6, 30, 4, 1, 372, 280, 636.678, 943.589,744, 134, 610, 84, 4.30365, 23.9216, 4.05678, 0.195085, 36.8001
6, 6, 30, 4, 2, 372, 314, 977.33, 1436.51,744, 176, 568, 121, 4.66716, 27.1964, 4.76845, 0.192089, 41.319
6, 6, 30, 4, 3, 372, 383, 1173.58, 1688.85,744, 212, 532, 135, 5.01269, 32.8801, 6.13086, 0.196027, 48.8797
6, 6, 30, 5, 1, 360, 280, 606.041, 913.073,720, 127, 593, 89, 4.53981, 25.8682, 3.83252, 0.205977, 38.8652
6, 6, 30, 5, 2, 360, 314, 698.588, 1038.46,720, 134, 586, 94, 4.61442, 30.3153, 4.66594, 0.185061, 44.3054
6, 6, 30, 5, 3, 360, 383, 1204.52, 1773.26,720, 231, 489, 152, 4.85992, 32.6546, 5.93004, 0.189504, 48.2198
6, 6, 30, 5, 4, 360, 372, 1478.21, 2122.45,720, 255, 465, 165, 4.86877, 31.8202, 4.86965, 0.197245, 46.3288
6, 6, 30, 6, 1, 265, 280, 840.117, 1224.95,530, 176, 354, 113, 4.3149, 24.0678, 2.84412, 0.140609, 35.7663
6, 6, 30, 6, 2, 265, 314, 757.439, 1131.28,530, 148, 382, 103, 4.46347, 27.4924, 3.52966, 0.141752, 40.0141
6, 6, 30, 6, 3, 265, 383, 603.468, 906.861,530, 133, 397, 77, 4.97131, 35.5376, 4.39057, 0.136206, 49.5826
6, 6, 30, 6, 4, 265, 372, 411.554, 635.989,530, 87, 443, 58, 4.73312, 31.5598, 3.59854, 0.137087, 44.5436
6, 6, 30, 6, 5, 265, 360, 141.715, 468.406,530, 37, 493, 27, 4.87484, 30.7795, 3.44862, 0.142477, 43.7981
6, 6, 30, 7, 1, 297, 280, 635.182, 942.738,594, 138, 456, 89, 4.33373, 23.8801, 3.14094, 0.152227, 35.8564
6, 6, 30, 7, 2, 297, 314, 567.005, 846.269,594, 118, 476, 82, 4.58144, 27.5677, 3.90886, 0.154401, 40.6802
6, 6, 30, 7, 3, 297, 383, 324.104, 551.739,594, 67, 527, 46, 4.80195, 32.137, 4.97419, 0.154907, 46.5874
6, 6, 30, 7, 4, 297, 372, 115.023, 489.217,594, 30, 564, 27, 4.75588, 32.228, 3.98832, 0.159035, 45.7577
6, 6, 30, 7, 5, 297, 360, 54.5058, 394.268,594, 18, 576, 18, 4.7086, 31.3567, 4.19983, 0.157823, 44.9761
6, 6, 30, 7, 6, 297, 265, 958.926, 1353.81,594, 184, 410, 118, 4.2825, 23.0975, 3.62581, 0.153945, 35.4254
6, 6, 30, 8, 1, 364, 280, 572.49, 873.181,728, 129, 599, 88, 4.31491, 24.7128, 3.90213, 0.186148, 37.4271
6, 6, 30, 8, 2, 364, 314, 300.086, 631.346,728, 67, 661, 50, 4.45516, 26.86, 4.7696, 0.193097, 40.6609
6, 6, 30, 8, 3, 364, 383, 44.6772, 354.09,728, 14, 714, 14, 5.13039, 39.4949, 5.92707, 0.18468, 55.2983
6, 6, 30, 8, 4, 364, 372, 42.833, 307.882,728, 13, 715, 12, 4.75405, 32.6436, 4.99671, 0.188653, 47.1178
6, 6, 30, 8, 5, 364, 360, 21.4714, 244.131,728, 9, 719, 8, 4.98871, 34.3262, 4.57792, 0.179956, 48.7684
6, 6, 30, 8, 6, 364, 265, 793.927, 1172.25,728, 181, 547, 115, 4.26165, 25.668, 4.34334, 0.185647, 38.6782
6, 6, 30, 8, 7, 364, 297, 1297.82, 1852.98,728, 264, 464, 162, 4.52238, 25.7586, 4.7615, 0.193768, 39.5624
6, 6, 30, 9, 1, 438, 280, 98.1322, 389.603,876, 29, 847, 24, 4.33674, 24.1141, 4.73722, 0.225159, 37.8403
6, 6, 30, 9, 2, 438, 314, 38.9918, 336.228,876, 13, 863, 13, 4.49695, 26.8119, 5.65032, 0.222293, 41.6092
6, 6, 30, 9, 3, 438, 383, 32.2186, 241.278,876, 10, 866, 9, 4.80724, 32.5936, 7.12003, 0.212639, 49.3233
6, 6, 30, 9, 4, 438, 372, 49.1674, 258.718,876, 15, 861, 13, 4.75345, 32.9823, 5.87231, 0.213546, 48.4555
6, 6, 30, 9, 5, 438, 360, 18.2252, 184.469,876, 6, 870, 5, 4.75754, 31.2371, 5.57144, 0.209999, 46.4079
6, 6, 30, 9, 6, 438, 265, 557.393, 863.891,876, 138, 738, 89, 4.25542, 23.4699, 5.26858, 0.214924, 37.4325
6, 6, 30, 9, 7, 438, 297, 852.526, 1263.64,876, 198, 678, 122, 4.53243, 27.3248, 5.76128, 0.217399, 42.2447
6, 6, 30, 9, 8, 438, 364, 1522.68, 2178.75,876, 300, 576, 180, 4.98298, 30.9187, 5.6599, 0.221482, 46.2645
6, 6, 30, 10, 1, 372, 280, 753.543, 1118.38,744, 156, 588, 102, 4.35616, 24.755, 3.93831, 0.186478, 37.6538
6, 6, 30, 10, 2, 372, 314, 979.341, 1431.43,744, 177, 567, 120, 4.49502, 26.9878, 4.8441, 0.198472, 41.0255
6, 6, 30, 10, 3, 372, 383, 1587.88, 2263.4,744, 279, 465, 176, 4.79778, 32.4596, 6.03522, 0.19266, 48.0292
6, 6, 30, 10, 4, 372, 372, 1372.59, 1942.37,744, 221, 523, 147, 4.70454, 32.5109, 4.85838, 0.204213, 46.7799
6, 6, 30, 10, 5, 372, 360, 1143.28, 1676.92,744, 220, 524, 143, 4.76389, 31.6714, 4.75911, 0.191058, 45.951
6, 6, 30, 10, 6, 372, 265, 561.128, 871.129,744, 127, 617, 81, 4.26234, 23.3546, 4.50417, 0.193347, 36.5389
6, 6, 30, 10, 7, 372, 297, 281.735, 599.8,744, 70, 674, 48, 4.70046, 25.9243, 4.84245, 0.190452, 40.0934
6, 6, 30, 10, 8, 372, 364, 68.7409, 374.087,744, 19, 725, 19, 5.05972, 31.0565, 4.73927, 0.189344, 45.5218
6, 6, 30, 10, 9, 372, 438, 29.3108, 196.048,744, 11, 733, 9, 5.51674, 37.3016, 6.38732, 0.178067, 53.8735
6, 6, 30, 11, 1, 449, 280, 115.013, 223.944,898, 32, 866, 22, 4.31351, 24.6167, 4.74725, 0.214132, 38.2457
6, 6, 30, 11, 2, 449, 314, 123.228, 244.868,898, 34, 864, 25, 4.4504, 26.9828, 5.88025, 0.219799, 41.9651
6, 6, 30, 11, 3, 449, 383, 29.2296, 139.518,898, 10, 888, 8, 4.85175, 34.4959, 7.32363, 0.211051, 51.4053
6, 6, 30, 11, 4, 449, 372, 37.1813, 158.827,898, 12, 886, 8, 4.72042, 31.7142, 6.02949, 0.211237, 47.2382
6, 6, 30, 11, 5, 449, 360, 35.0203, 151.139,898, 12, 886, 9, 4.74676, 30.7465, 5.69583, 0.220295, 45.9845
6, 6, 30, 11, 6, 449, 265, 179.218, 328.172,898, 50, 848, 37, 4.26047, 22.9864, 5.37558, 0.216367, 37.1106
6, 6, 30, 11, 7, 449, 297, 271.228, 453.515,898, 77, 821, 49, 4.48849, 25.6183, 5.85997, 0.216732, 40.4929
6, 6, 30, 11, 8, 449, 364, 315.295, 518.514,898, 82, 816, 52, 4.96069, 31.0312, 5.78619, 0.21538, 46.4443
6, 6, 30, 11, 9, 449, 438, 226.851, 401.28,898, 60, 838, 38, 5.51102, 37.9976, 7.53766, 0.213887, 55.7795
6, 6, 30, 11, 10, 449, 372, 62.027, 215.987,898, 20, 878, 14, 4.79958, 32.3281, 5.9813, 0.213862, 47.9104
6, 6, 30, 12, 1, 426, 280, 160.334, 278.402,852, 39, 813, 29, 4.34938, 25.4626, 4.62049, 0.207064, 39.0452
6, 6, 30, 12, 2, 426, 314, 182.855, 319.664,852, 48, 804, 36, 4.48993, 27.5339, 5.53709, 0.202941, 42.3047
6, 6, 30, 12, 3, 426, 383, 78.4667, 249.235,852, 23, 829, 16, 4.79871, 32.1463, 7.1816, 0.210655, 48.8511
6, 6, 30, 12, 4, 426, 372, 32.6943, 184.512,852, 11, 841, 9, 4.87469, 31.9682, 5.65197, 0.202946, 47.3221
6, 6, 30, 12, 5, 426, 360, 58.6081, 209.436,852, 20, 832, 15, 4.74692, 30.9528, 5.43306, 0.204504, 45.9848
6, 6, 30, 12, 6, 426, 265, 200.475, 350.832,852, 54, 798, 37, 4.29837, 23.7312, 5.26815, 0.21555, 37.8155
6, 6, 30, 12, 7, 426, 297, 215.864, 381.777,852, 58, 794, 39, 4.51186, 26.9441, 5.59734, 0.20507, 41.6596
6, 6, 30, 12, 8, 426, 364, 225.7, 383.323,852, 63, 789, 41, 5.03367, 32.2503, 5.46431, 0.206703, 47.4912
6, 6, 30, 12, 9, 426, 438, 94.9242, 170.161,852, 27, 825, 17, 5.54243, 38.2502, 7.0906, 0.196593, 55.6945
6, 6, 30, 12, 10, 426, 372, 54.9312, 194.73,852, 18, 834, 12, 4.86502, 32.2826, 5.81938, 0.217113, 47.7586
6, 6, 30, 12, 11, 426, 449, 1994.74, 2823.17,852, 365, 487, 228, 5.35056, 37.8685, 7.75693, 0.23348, 55.6628
6, 6, 30, 13, 1, 383, 280, 184.771, 324.621,766, 50, 716, 30, 4.44466, 25.6776, 4.03297, 0.189229, 38.7555
6, 6, 30, 13, 2, 383, 314, 212.294, 374.433,766, 53, 713, 37, 4.53256, 27.1501, 4.91081, 0.188272, 41.2542
6, 6, 30, 13, 3, 383, 383, 164.027, 291.19,766, 35, 731, 23, 4.79918, 33.7155, 6.22338, 0.181699, 49.4898
6, 6, 30, 13, 4, 383, 372, 68.4552, 270.132,766, 20, 746, 14, 4.753, 32.1219, 5.10854, 0.185337, 46.7634
6, 6, 30, 13, 5, 383, 360, 52.589, 194.103,766, 14, 752, 12, 4.73096, 31.1142, 4.79042, 0.184846, 45.4643
6, 6, 30, 13, 6, 383, 265, 293.842, 508.513,766, 70, 696, 47, 4.27655, 23.2907, 4.59662, 0.192054, 36.6641
6, 6, 30, 13, 7, 383, 297, 279.238, 449.631,766, 70, 696, 46, 4.49037, 26.0044, 5.01289, 0.18755, 40.0346
6, 6, 30, 13, 8, 383, 364, 249.778, 407.792,766, 63, 703, 44, 4.95835, 32.7518, 4.86278, 0.186965, 47.2169
6, 6, 30, 13, 9, 383, 438, 133.622, 235.315,766, 39, 727, 23, 5.48194, 37.3593, 6.66017, 0.188126, 54.165
6, 6, 30, 13, 10, 383, 372, 144.954, 259.487,766, 29, 737, 22, 4.85976, 31.8206, 5.15271, 0.183568, 46.6411
6, 6, 30, 13, 11, 383, 449, 1440.8, 2119.21,766, 291, 475, 182, 5.31072, 37.8357, 7.01757, 0.203191, 54.8015
6, 6, 30, 13, 12, 383, 426, 1404.39, 2029.17,766, 264, 502, 158, 5.10965, 36.4151, 6.32028, 0.196719, 52.448
6, 6, 30, 14, 1, 374, 280, 220.83, 345.67,748, 48, 700, 33, 4.3168, 26.7942, 3.90828, 0.177396, 39.5392
6, 6, 30, 14, 2, 374, 314, 192.133, 332.494,748, 43, 705, 32, 4.45311, 27.9187, 4.7543, 0.181379, 41.693
6, 6, 30, 14, 3, 374, 383, 265.659, 468.942,748, 67, 681, 42, 4.78534, 32.6394, 6.15437, 0.195285, 48.2721
6, 6, 30, 14, 4, 374, 372, 210.388, 355.601,748, 46, 702, 33, 4.87418, 39.6173, 4.84379, 0.186152, 54.176
6, 6, 30, 14, 5, 374, 360, 140.188, 257.079,748, 37, 711, 25, 4.73309, 40.5068, 4.77101, 0.17954, 54.7852
6, 6, 30, 14, 6, 374, 265, 230.606, 409.979,748, 61, 687, 41, 4.36767, 24.3332, 4.48179, 0.181714, 37.6361
6, 6, 30, 14, 7, 374, 297, 178.72, 286.067,748, 41, 707, 29, 4.51709, 28.3471, 4.86953, 0.17703, 42.3905
6, 6, 30, 14, 8, 374, 364, 197.758, 362.225,748, 46, 702, 33, 4.9699, 31.2002, 4.75055, 0.18478, 45.564
6, 6, 30, 14, 9, 374, 438, 82.0446, 169.248,748, 21, 727, 14, 5.6706, 37.4729, 6.36686, 0.177161, 54.2631
6, 6, 30, 14, 10, 374, 372, 203.86, 345.873,748, 51, 697, 33, 4.7755, 31.8534, 4.88099, 0.183122, 46.2304
6, 6, 30, 14, 11, 374, 449, 913.574, 1376.93,748, 185, 563, 120, 5.46103, 38.8867, 6.8989, 0.195626, 56.0155
6, 6, 30, 14, 12, 374, 426, 956.078, 1439.05,748, 203, 545, 121, 5.23813, 36.5157, 6.24819, 0.190231, 52.6838
6, 6, 30, 14, 13, 374, 383, 1268.34, 1870.56,748, 242, 506, 151, 5.12111, 32.5197, 6.34683, 0.198577, 48.6909
6, 6, 30, 15, 1, 445, 280, 168.557, 296.573,890, 43, 847, 28, 4.46146, 24.4105, 4.76042, 0.209494, 38.3256
6, 6, 30, 15, 2, 445, 314, 238.027, 410.998,890, 56, 834, 35, 4.54728, 26.6929, 5.73581, 0.214999, 41.6021
6, 6, 30, 15, 3, 445, 383, 363.02, 566.191,890, 76, 814, 51, 4.7895, 33.2543, 7.20172, 0.213757, 49.961
6, 6, 30, 15, 4, 445, 372, 315.347, 541.318,890, 69, 821, 48, 4.74243, 31.7985, 5.97583, 0.217739, 47.2785
6, 6, 30, 15, 5, 445, 360, 270.427, 440.332,890, 57, 833, 37, 4.70878, 38.0166, 5.64824, 0.213166, 53.139
6, 6, 30, 15, 6, 445, 265, 196.409, 369.86,890, 48, 842, 34, 4.2495, 25.729, 5.31191, 0.216176, 39.7263
6, 6, 30, 15, 7, 445, 297, 181.494, 324.857,890, 45, 845, 32, 4.50039, 27.0234, 5.92684, 0.219107, 42.0097
6, 6, 30, 15, 8, 445, 364, 122.211, 262.238,890, 28, 862, 21, 5.05768, 42.0999, 5.71794, 0.210721, 57.6061
6, 6, 30, 15, 9, 445, 438, 57.7693, 188.959,890, 16, 874, 14, 5.62079, 37.3315, 7.48789, 0.216682, 55.1189
6, 6, 30, 15, 10, 445, 372, 340.183, 535.931,890, 80, 810, 53, 4.82276, 31.6882, 5.94448, 0.211762, 47.178
6, 6, 30, 15, 11, 445, 449, 374.13, 846.347,890, 81, 809, 59, 5.30273, 38.9713, 8.10052, 0.23374, 57.0525
6, 6, 30, 15, 12, 445, 426, 524.882, 922.351,890, 115, 775, 75, 5.10253, 36.48, 7.31354, 0.22533, 53.5017
6, 6, 30, 15, 13, 445, 383, 953.002, 1437.83,890, 184, 706, 117, 4.84278, 32.6267, 7.44226, 0.226111, 49.51
6, 6, 30, 15, 14, 445, 374, 1342.88, 1969.85,890, 225, 665, 148, 5.00735, 35.8255, 6.64954, 0.233811, 52.0712
5, 6, 30, 1, 1, 861, 280, 30.0478, 91.8853,1722, 11, 1711, 8, 4.96089, 26.3006, 9.57838, 0.414543, 45.7005
5, 6, 30, 1, 2, 861, 314, 27.6803, 73.8631,1722, 11, 1711, 8, 4.45761, 26.866, 10.9458, 0.373729, 47.0106
5, 6, 30, 1, 3, 861, 383, 23.082, 63.9021,1722, 10, 1712, 7, 4.8878, 32.2264, 13.6826, 0.380141, 55.7848
5, 6, 30, 1, 4, 861, 372, 57.5378, 128.474,1722, 14, 1708, 11, 4.76893, 31.5352, 11.0082, 0.380738, 52.2448
5, 6, 30, 1, 5, 861, 360, 63.7313, 158.098,1722, 21, 1701, 17, 4.70773, 30.7532, 10.6966, 0.389009, 51.1292
5, 6, 30, 1, 6, 861, 265, 40.6827, 109.088,1722, 16, 1706, 11, 4.25335, 22.9834, 10.0823, 0.411811, 41.9841
5, 6, 30, 1, 7, 861, 297, 14.854, 72.6744,1722, 6, 1716, 6, 4.58934, 26.8814, 11.1419, 0.400062, 47.4703
5, 6, 30, 1, 8, 861, 364, 27.4877, 93.9633,1722, 9, 1713, 6, 5.06152, 32.1712, 10.8484, 0.384851, 53.0109
5, 6, 30, 1, 9, 861, 438, 42.7898, 153.968,1722, 13, 1709, 10, 5.56156, 39.2608, 14.2068, 0.396898, 63.9336
5, 6, 30, 1, 10, 861, 372, 37.2949, 93.469,1722, 13, 1709, 10, 4.69539, 31.7428, 11.026, 0.378654, 52.371
5, 6, 30, 1, 11, 861, 449, 23.271, 118.789,1722, 8, 1714, 7, 5.31975, 38.0917, 15.4996, 0.375612, 63.7414
5, 6, 30, 1, 12, 861, 426, 18.4544, 87.6283,1722, 8, 1714, 6, 5.071, 37.2575, 14.3507, 0.38992, 61.4929
5, 6, 30, 1, 13, 861, 383, 23.8168, 76.973,1722, 7, 1715, 7, 4.86713, 32.833, 13.833, 0.389624, 56.3406
5, 6, 30, 1, 14, 861, 374, 17.6714, 75.4766,1722, 5, 1717, 5, 4.83132, 31.8403, 12.465, 0.381319, 53.9102
5, 6, 30, 2, 1, 881, 280, 46.2492, 107.164,1762, 16, 1746, 12, 4.44198, 24.0681, 9.15559, 0.453921, 42.566
5, 6, 30, 2, 2, 881, 314, 19.8185, 52.6651,1762, 9, 1753, 6, 4.56452, 26.761, 11.1734, 0.397254, 47.4084
5, 6, 30, 2, 3, 881, 383, 16.9447, 47.7901,1762, 5, 1757, 5, 4.8019, 33.0616, 14.171, 0.392821, 56.9618
5, 6, 30, 2, 4, 881, 372, 60.7305, 143.263,1762, 18, 1744, 14, 4.85506, 31.8179, 11.4987, 0.409694, 53.2528
5, 6, 30, 2, 5, 881, 360, 46.023, 106.157,1762, 16, 1746, 12, 4.73313, 33.9143, 10.9977, 0.385141, 54.7269
5, 6, 30, 2, 6, 881, 265, 46.6548, 114.968,1762, 15, 1747, 13, 4.41753, 24.9592, 10.3357, 0.390902, 44.4752
5, 6, 30, 2, 7, 881, 297, 22.5533, 69.4544,1762, 10, 1752, 7, 4.48886, 27.1263, 11.3287, 0.391283, 47.6983
5, 6, 30, 2, 8, 881, 364, 29.3947, 116.928,1762, 11, 1751, 8, 4.96793, 32.1089, 11.2313, 0.401593, 53.2578
5, 6, 30, 2, 9, 881, 438, 21.231, 83.3699,1762, 9, 1753, 6, 5.59514, 37.0382, 14.5516, 0.409659, 62.1781
5, 6, 30, 2, 10, 881, 372, 19.8091, 60.4963,1762, 7, 1755, 5, 4.80524, 31.7293, 11.361, 0.388843, 52.9214
5, 6, 30, 2, 11, 881, 449, 39.9788, 100.837,1762, 13, 1749, 10, 5.52555, 40.3973, 15.871, 0.395215, 66.7494
5, 6, 30, 2, 12, 881, 426, 28.016, 88.9631,1762, 11, 1751, 7, 5.13207, 37.2869, 14.2178, 0.402785, 61.5504
5, 6, 30, 2, 13, 881, 383, 39.1145, 83.0613,1762, 13, 1749, 10, 4.89056, 32.5307, 14.0898, 0.390672, 56.3427
5, 6, 30, 2, 14, 881, 374, 12.0904, 46.0565,1762, 3, 1759, 3, 4.8036, 32.4052, 12.7223, 0.38214, 54.6108
5, 6, 30, 3, 1, 837, 280, 52.2969, 121.268,1674, 18, 1656, 13, 4.3242, 23.9787, 8.91711, 0.375522, 41.9703
5, 6, 30, 3, 2, 837, 314, 44.747, 97.6723,1674, 18, 1656, 13, 4.6043, 28.297, 10.5906, 0.364401, 48.409
5, 6, 30, 3, 3, 837, 383, 15.9394, 53.4154,1674, 7, 1667, 4, 4.88381, 32.6406, 13.3298, 0.355834, 55.786
5, 6, 30, 3, 4, 837, 372, 55.5413, 131.63,1674, 18, 1656, 14, 4.7345, 31.7453, 10.8973, 0.371053, 52.3563
5, 6, 30, 3, 5, 837, 360, 55.4333, 138.08,1674, 21, 1653, 15, 4.71327, 34.6324, 10.4004, 0.373684, 54.745
5, 6, 30, 3, 6, 837, 265, 75.5497, 191.166,1674, 24, 1650, 18, 4.26553, 23.3461, 10.1021, 0.40895, 42.4055
5, 6, 30, 3, 7, 837, 297, 43.4637, 110.977,1674, 17, 1657, 12, 4.58107, 26.4687, 10.9468, 0.387656, 46.852
5, 6, 30, 3, 8, 837, 364, 33.9044, 102.954,1674, 12, 1662, 7, 5.09442, 31.2663, 10.5702, 0.376836, 51.8986
5, 6, 30, 3, 9, 837, 438, 31.7054, 99.8772,1674, 12, 1662, 8, 5.4624, 37.2422, 13.7613, 0.365117, 61.5104
5, 6, 30, 3, 10, 837, 372, 29.8585, 83.0082,1674, 11, 1663, 7, 4.70697, 31.7223, 10.7578, 0.368648, 52.0922
5, 6, 30, 3, 11, 837, 449, 32.0884, 111.361,1674, 10, 1664, 8, 5.28524, 38.1446, 15.0373, 0.401809, 63.3578
5, 6, 30, 3, 12, 837, 426, 19.2995, 71.6189,1674, 9, 1665, 6, 5.10312, 37.2889, 13.4667, 0.363072, 60.6656
5, 6, 30, 3, 13, 837, 383, 31.3532, 68.1905,1674, 9, 1665, 7, 4.7965, 32.4896, 13.6945, 0.369209, 55.699
5, 6, 30, 3, 14, 837, 374, 20.7137, 57.0797,1674, 5, 1669, 4, 4.8429, 45.3664, 12.5509, 0.387851, 67.5785
5, 6, 30, 4, 1, 837, 280, 34.0195, 73.4596,1674, 12, 1662, 9, 4.4791, 25.4025, 9.16734, 0.405335, 43.9156
5, 6, 30, 4, 2, 837, 314, 35.7235, 92.9996,1674, 11, 1663, 9, 4.44121, 28.481, 10.9899, 0.390135, 48.8055
5, 6, 30, 4, 3, 837, 383, 40.9731, 106.153,1674, 16, 1658, 11, 4.92299, 32.4057, 13.8341, 0.375612, 56.2079
5, 6, 30, 4, 4, 837, 372, 81.1961, 186.574,1674, 23, 1651, 18, 4.84639, 33.4323, 10.7399, 0.373312, 54.0264
5, 6, 30, 4, 5, 837, 360, 58.7646, 146.41,1674, 23, 1651, 16, 4.69157, 31.5511, 10.3974, 0.375482, 51.6402
5, 6, 30, 4, 6, 837, 265, 51.8562, 125.379,1674, 17, 1657, 13, 4.32864, 23.8099, 9.72304, 0.374395, 42.5457
5, 6, 30, 4, 7, 837, 297, 6.81065, 66.865,1674, 3, 1671, 2, 4.51386, 27.81, 10.9681, 0.370252, 48.0914
5, 6, 30, 4, 8, 837, 364, 30.027, 89.8805,1674, 9, 1665, 7, 4.94686, 33.3716, 10.5876, 0.366294, 53.8351
5, 6, 30, 4, 9, 837, 438, 61.7572, 157.523,1674, 17, 1657, 13, 5.56882, 36.8827, 14.1797, 0.404308, 61.6067
5, 6, 30, 4, 10, 837, 372, 26.3876, 64.6988,1674, 8, 1666, 6, 4.99724, 31.7427, 10.9939, 0.390903, 52.7879
5, 6, 30, 4, 11, 837, 449, 21.248, 79.7032,1674, 6, 1668, 5, 5.42026, 38.5528, 15.4531, 0.384004, 64.3161
5, 6, 30, 4, 12, 837, 426, 32.3922, 109.529,1674, 13, 1661, 9, 5.23459, 37.4352, 14.559, 0.385251, 62.1072
5, 6, 30, 4, 13, 837, 383, 29.6242, 103.549,1674, 10, 1664, 8, 4.90187, 34.6238, 13.6922, 0.385061, 58.0647
5, 6, 30, 4, 14, 837, 374, 21.3164, 64.2098,1674, 6, 1668, 6, 5.02537, 33.2396, 12.1397, 0.376068, 55.1628
5, 6, 30, 5, 1, 823, 280, 42.9538, 92.6071,1646, 13, 1633, 10, 4.32117, 25.6874, 8.43326, 0.366525, 43.3524
5, 6, 30, 5, 2, 823, 314, 64.7093, 159.03,1646, 24, 1622, 18, 4.54525, 27.3863, 10.5012, 0.376905, 47.3184
5, 6, 30, 5, 3, 823, 383, 34.7128, 92.964,1646, 13, 1633, 9, 4.87757, 33.4192, 13.1142, 0.36921, 56.4357
5, 6, 30, 5, 4, 823, 372, 44.8933, 131.351,1646, 13, 1633, 11, 4.81713, 32.2337, 10.9574, 0.370397, 52.9302
5, 6, 30, 5, 5, 823, 360, 66.5404, 165.725,1646, 25, 1621, 20, 4.79932, 31.021, 10.682, 0.38212, 51.5446
5, 6, 30, 5, 6, 823, 265, 80.3988, 193.097,1646, 24, 1622, 21, 4.38189, 23.8508, 9.99057, 0.3849, 43.035
5, 6, 30, 5, 7, 823, 297, 20.496, 72.485,1646, 6, 1640, 5, 4.60023, 26.1369, 10.748, 0.381594, 46.2805
5, 6, 30, 5, 8, 823, 364, 47.652, 137.397,1646, 16, 1630, 12, 5.04145, 32.0507, 10.6977, 0.390176, 52.7523
5, 6, 30, 5, 9, 823, 438, 52.4943, 182.805,1646, 20, 1626, 12, 5.60487, 37.505, 13.8738, 0.388237, 61.9808
5, 6, 30, 5, 10, 823, 372, 24.3651, 64.3077,1646, 8, 1638, 6, 4.8266, 32.072, 10.8251, 0.377401, 52.7405
5, 6, 30, 5, 11, 823, 449, 14.0762, 102.261,1646, 4, 1642, 3, 5.38823, 38.3321, 15.0471, 0.378588, 63.6939
5, 6, 30, 5, 12, 823, 426, 36.5674, 124.243,1646, 16, 1630, 10, 5.16035, 38.1675, 13.8532, 0.37934, 62.0832
5, 6, 30, 5, 13, 823, 383, 14.6814, 42.2222,1646, 6, 1640, 5, 4.95088, 32.5037, 13.4135, 0.361089, 55.7
5, 6, 30, 5, 14, 823, 374, 26.4692, 79.6351,1646, 8, 1638, 6, 5.00129, 32.1106, 12.2629, 0.388357, 54.1538
5, 6, 30, 6, 1, 787, 280, 51.6237, 125.785,1574, 16, 1558, 12, 4.53449, 24.3525, 8.38775, 0.370027, 42.127
5, 6, 30, 6, 2, 787, 314, 22.8643, 54.7292,1574, 9, 1565, 7, 4.66638, 27.3724, 10.1321, 0.356528, 47.0869
5, 6, 30, 6, 3, 787, 383, 33.6666, 76.8374,1574, 13, 1561, 12, 4.95636, 32.9383, 12.848, 0.357933, 55.7097
5, 6, 30, 6, 4, 787, 372, 77.2298, 168.37,1574, 17, 1557, 14, 4.86243, 32.4157, 10.5927, 0.357502, 52.944
5, 6, 30, 6, 5, 787, 360, 67.1916, 176.363,1574, 26, 1548, 18, 4.93908, 31.2866, 10.0911, 0.362567, 51.4479
5, 6, 30, 6, 6, 787, 265, 26.2799, 132.925,1574, 10, 1564, 8, 4.43986, 25.1669, 9.54447, 0.368113, 43.8938
5, 6, 30, 6, 7, 787, 297, 10.2649, 39.3438,1574, 2, 1572, 2, 4.78954, 26.0474, 10.2385, 0.35398, 45.9506
5, 6, 30, 6, 8, 787, 364, 27.6, 103.08,1574, 12, 1562, 8, 5.0918, 31.8908, 10.0068, 0.411269, 51.9795
5, 6, 30, 6, 9, 787, 438, 31.7497, 136.616,1574, 9, 1565, 9, 5.46768, 41.0491, 13.0449, 0.362261, 64.4861
5, 6, 30, 6, 10, 787, 372, 45.812, 128.759,1574, 13, 1561, 8, 4.76839, 34.291, 10.0884, 0.354411, 54.1691
5, 6, 30, 6, 11, 787, 449, 22.9162, 98.7461,1574, 6, 1568, 6, 5.27598, 38.0655, 14.1096, 0.363233, 62.2676
5, 6, 30, 6, 12, 787, 426, 27.0499, 108,1574, 7, 1567, 6, 5.09516, 36.8371, 12.666, 0.360098, 59.3754
5, 6, 30, 6, 13, 787, 383, 18.4137, 81.6625,1574, 6, 1568, 5, 4.86597, 32.4072, 12.6048, 0.349716, 54.6481
5, 6, 30, 6, 14, 787, 374, 29.7934, 93.1617,1574, 9, 1565, 7, 4.81419, 31.8851, 11.4718, 0.365543, 52.8481
5, 6, 30, 7, 1, 787, 280, 45.0904, 86.9242,1574, 13, 1561, 12, 4.31891, 24.4425, 8.50418, 0.368924, 42.046
5, 6, 30, 7, 2, 787, 314, 57.5268, 110.227,1574, 19, 1555, 12, 4.58761, 29.591, 10.1743, 0.351536, 49.2708
5, 6, 30, 7, 3, 787, 383, 34.2486, 92.1533,1574, 11, 1563, 9, 4.82258, 32.1485, 12.5603, 0.353344, 54.4338
5, 6, 30, 7, 4, 787, 372, 16.4271, 58.4826,1574, 4, 1570, 4, 4.71334, 31.7443, 10.1729, 0.360407, 51.5463
5, 6, 30, 7, 5, 787, 360, 41.3667, 152.851,1574, 15, 1559, 12, 4.79567, 31.5136, 9.80026, 0.404393, 51.1785
5, 6, 30, 7, 6, 787, 265, 63.4566, 144.893,1574, 23, 1551, 19, 4.29416, 24.1396, 9.41227, 0.352072, 42.5175
5, 6, 30, 7, 7, 787, 297, 36.8808, 98.8314,1574, 13, 1561, 11, 4.53116, 27.1869, 10.1281, 0.35693, 46.5563
5, 6, 30, 7, 8, 787, 364, 33.3778, 147.266,1574, 10, 1564, 9, 5.03442, 32.6996, 10.0379, 0.389605, 52.7455
5, 6, 30, 7, 9, 787, 438, 35.0479, 218.312,1574, 12, 1562, 11, 5.44602, 38.9662, 13.0273, 0.359415, 62.3155
5, 6, 30, 7, 10, 787, 372, 27.1908, 84.1717,1574, 10, 1564, 7, 4.70519, 34.3998, 10.2222, 0.352788, 54.2887
5, 6, 30, 7, 11, 787, 449, 22.51, 96.1284,1574, 6, 1568, 5, 5.35458, 38.8166, 14.1659, 0.372141, 63.1713
5, 6, 30, 7, 12, 787, 426, 36.2909, 112.617,1574, 14, 1560, 10, 5.27331, 37.7962, 12.6693, 0.352618, 60.6248
5, 6, 30, 7, 13, 787, 383, 22.42, 66.724,1574, 9, 1565, 6, 4.94025, 32.8306, 12.8161, 0.347267, 55.3443
5, 6, 30, 7, 14, 787, 374, 41.3489, 88.0247,1574, 11, 1563, 8, 4.89858, 32.0673, 11.5647, 0.358494, 53.3176
5, 6, 30, 8, 1, 851, 280, 26.7631, 64.3005,1702, 10, 1692, 9, 4.39952, 26.7563, 8.83731, 0.378162, 44.8764
5, 6, 30, 8, 2, 851, 314, 28.6001, 65.7413,1702, 10, 1692, 8, 4.50046, 27.8474, 10.8637, 0.391186, 48.0897
5, 6, 30, 8, 3, 851, 383, 33.0886, 93.1409,1702, 12, 1690, 8, 4.85097, 33.986, 13.5714, 0.372606, 57.3262
5, 6, 30, 8, 4, 851, 372, 9.84296, 56.1226,1702, 3, 1699, 3, 4.83866, 32.3838, 10.8846, 0.368989, 53.1306
5, 6, 30, 8, 5, 851, 360, 45.035, 141.606,1702, 18, 1684, 14, 4.68152, 31.7682, 10.5371, 0.381228, 51.9686
5, 6, 30, 8, 6, 851, 265, 52.3136, 143.143,1702, 17, 1685, 15, 4.25567, 24.0575, 10.0754, 0.378984, 43.0439
5, 6, 30, 8, 7, 851, 297, 19.0151, 73.4837,1702, 6, 1696, 5, 4.46349, 25.9584, 10.9254, 0.390462, 46.108
5, 6, 30, 8, 8, 851, 364, 40.8682, 113.443,1702, 13, 1689, 10, 5.04167, 31.3028, 10.8483, 0.373062, 52.1274
5, 6, 30, 8, 9, 851, 438, 43.1135, 177.682,1702, 18, 1684, 13, 5.63982, 38.1821, 14.0254, 0.382876, 62.9138
5, 6, 30, 8, 10, 851, 372, 47.4605, 107.801,1702, 14, 1688, 10, 4.70355, 38.0699, 10.8988, 0.385987, 58.6262
5, 6, 30, 8, 11, 851, 449, 27.739, 79.6877,1702, 8, 1694, 7, 5.39497, 38.1393, 15.1964, 0.369951, 63.6382
5, 6, 30, 8, 12, 851, 426, 42.4683, 129.098,1702, 16, 1686, 10, 5.07742, 36.1116, 13.6631, 0.391678, 59.6895
5, 6, 30, 8, 13, 851, 383, 18.2645, 49.4874,1702, 8, 1694, 6, 4.78855, 34.1247, 13.5321, 0.37187, 57.1534
5, 6, 30, 8, 14, 851, 374, 28.6904, 64.1216,1702, 9, 1693, 7, 4.78819, 32.5668, 12.2374, 0.371774, 54.2636
5, 6, 30, 9, 1, 861, 280, 25.8158, 58.1213,1722, 8, 1714, 7, 4.39921, 25.7936, 9.15478, 0.383668, 44.1576
5, 6, 30, 9, 2, 861, 314, 17.6218, 51.3637,1722, 6, 1716, 5, 4.45361, 26.8285, 10.8979, 0.380452, 47.0311
5, 6, 30, 9, 3, 861, 383, 42.1853, 111.148,1722, 13, 1709, 11, 4.77823, 32.2681, 13.8377, 0.382516, 55.8294
5, 6, 30, 9, 4, 861, 372, 28.1298, 77.8998,1722, 9, 1713, 8, 4.68969, 31.6237, 11.2794, 0.38463, 52.5268
5, 6, 30, 9, 5, 861, 360, 38.0031, 108.416,1722, 13, 1709, 13, 4.96057, 30.7768, 10.9944, 0.387255, 51.8148
5, 6, 30, 9, 6, 861, 265, 54.4264, 136.772,1722, 19, 1703, 16, 4.3966, 23.1012, 10.0776, 0.406788, 42.2528
5, 6, 30, 9, 7, 861, 297, 28.6208, 80.3311,1722, 11, 1711, 10, 4.51365, 26.5297, 10.989, 0.373913, 46.7775
5, 6, 30, 9, 8, 861, 364, 32.6962, 113.738,1722, 11, 1711, 9, 5.10615, 34.9265, 10.88, 0.381579, 55.8937
5, 6, 30, 9, 9, 861, 438, 48.2817, 180.039,1722, 17, 1705, 13, 5.69015, 42.1318, 14.3637, 0.396818, 67.1587
5, 6, 30, 9, 10, 861, 372, 37.4921, 97.1945,1722, 13, 1709, 9, 4.96771, 32.4857, 11.0559, 0.391704, 53.4893
5, 6, 30, 9, 11, 861, 449, 29.2886, 86.5248,1722, 8, 1714, 6, 5.4409, 38.7189, 15.4021, 0.386919, 64.4221
5, 6, 30, 9, 12, 861, 426, 27.6715, 70.5149,1722, 10, 1712, 7, 5.18774, 37.2807, 13.8112, 0.384755, 61.158
5, 6, 30, 9, 13, 861, 383, 21.5408, 51.7409,1722, 8, 1714, 6, 4.89305, 34.5064, 13.6996, 0.378394, 57.8591
5, 6, 30, 9, 14, 861, 374, 18.6374, 59.1832,1722, 6, 1716, 5, 4.80685, 33.2887, 12.5645, 0.385331, 55.4002
5, 6, 30, 10, 1, 828, 280, 28.2746, 82.6891,1656, 12, 1644, 11, 4.54072, 24.2628, 8.50728, 0.371219, 42.1412
5, 6, 30, 10, 2, 828, 314, 14.222, 69.9054,1656, 5, 1651, 4, 4.51272, 27.2202, 10.6589, 0.382235, 47.3427
5, 6, 30, 10, 3, 828, 383, 30.854, 79.2894,1656, 10, 1646, 8, 4.87068, 33.9149, 13.2137, 0.363213, 57.027
5, 6, 30, 10, 4, 828, 372, 38.319, 69.6866,1656, 12, 1644, 8, 4.83098, 34.0686, 10.6079, 0.371169, 54.5555
5, 6, 30, 10, 5, 828, 360, 73.2622, 187.023,1656, 26, 1630, 22, 4.67931, 30.9504, 10.268, 0.375998, 50.8629
5, 6, 30, 10, 6, 828, 265, 43.5765, 97.9506,1656, 20, 1636, 13, 4.2445, 23.142, 9.64546, 0.369921, 41.6526
5, 6, 30, 10, 7, 828, 297, 7.16747, 55.6569,1656, 3, 1653, 3, 4.51793, 26.877, 10.8111, 0.377516, 46.9439
5, 6, 30, 10, 8, 828, 364, 22.0204, 82.8353,1656, 8, 1648, 6, 5.08367, 35.2128, 10.5518, 0.366254, 55.824
5, 6, 30, 10, 9, 828, 438, 14.3252, 80.1904,1656, 6, 1650, 4, 5.54604, 38.839, 13.6185, 0.365317, 62.9211
5, 6, 30, 10, 10, 828, 372, 21.8234, 55.3711,1656, 8, 1648, 6, 4.71927, 32.5693, 10.6266, 0.362361, 52.9226
5, 6, 30, 10, 11, 828, 449, 31.0034, 80.5606,1656, 9, 1647, 7, 5.41989, 39.8278, 14.8523, 0.381319, 64.939
5, 6, 30, 10, 12, 828, 426, 51.4765, 112.683,1656, 19, 1637, 14, 5.14227, 39.6374, 13.5278, 0.371094, 63.1881
5, 6, 30, 10, 13, 828, 383, 41.166, 91.4025,1656, 14, 1642, 11, 4.83761, 33.5116, 13.2042, 0.380151, 56.2461
5, 6, 30, 10, 14, 828, 374, 22.9377, 62.6306,1656, 8, 1648, 5, 4.79594, 32.5527, 12.1901, 0.357441, 54.2052
5, 6, 30, 11, 1, 947, 280, 31.5239, 97.607,1894, 11, 1883, 9, 4.4202, 24.1614, 9.8068, 0.422093, 43.2295
5, 6, 30, 11, 2, 947, 314, 22.6766, 67.2986,1894, 10, 1884, 7, 4.48961, 26.8818, 11.9175, 0.408271, 48.0372
5, 6, 30, 11, 3, 947, 383, 41.5456, 107.613,1894, 15, 1879, 11, 4.77759, 32.2487, 15.4164, 0.419663, 57.4026
5, 6, 30, 11, 4, 947, 372, 32.2658, 113.801,1894, 11, 1883, 9, 4.8118, 31.6247, 12.1206, 0.419728, 53.5777
5, 6, 30, 11, 5, 947, 360, 39.1912, 129.023,1894, 15, 1879, 13, 4.7925, 30.7043, 11.6997, 0.429803, 52.2914
5, 6, 30, 11, 6, 947, 265, 59.48, 139.583,1894, 24, 1870, 17, 4.24714, 23.3765, 11.1041, 0.418616, 43.4491
5, 6, 30, 11, 7, 947, 297, 28.4282, 80.9896,1894, 8, 1886, 6, 4.4654, 25.5823, 12.2992, 0.425153, 47.0427
5, 6, 30, 11, 8, 947, 364, 44.4881, 146.788,1894, 15, 1879, 12, 4.99071, 31.5633, 11.9731, 0.436891, 53.4707
5, 6, 30, 11, 9, 947, 438, 56.1094, 159.937,1894, 18, 1876, 14, 5.62178, 37.5169, 15.6008, 0.426066, 63.807
5, 6, 30, 11, 10, 947, 372, 24.1808, 96.247,1894, 10, 1884, 6, 4.74875, 33.6103, 12.2918, 0.430354, 55.6538
5, 6, 30, 11, 11, 947, 449, 32.4167, 85.9352,1894, 10, 1884, 7, 5.35742, 39.3539, 16.9458, 0.426687, 66.6257
5, 6, 30, 11, 12, 947, 426, 23.7932, 147.911,1894, 10, 1884, 7, 5.17938, 39.5135, 15.3136, 0.427673, 64.9033
5, 6, 30, 11, 13, 947, 383, 27.5199, 77.2855,1894, 9, 1885, 8, 4.92683, 33.5305, 15.4256, 0.457592, 58.7257
5, 6, 30, 11, 14, 947, 374, 21.4582, 68.3943,1894, 8, 1886, 7, 4.92779, 35.848, 13.5917, 0.417574, 59.1998
5, 6, 30, 12, 1, 955, 280, 36.5858, 109.479,1910, 13, 1897, 11, 4.32539, 25.3942, 10.1246, 0.43341, 44.7167
5, 6, 30, 12, 2, 955, 314, 33.4698, 93.4695,1910, 12, 1898, 9, 4.66555, 29.9994, 12.0226, 0.424522, 51.5434
5, 6, 30, 12, 3, 955, 383, 29.4904, 82.283,1910, 11, 1899, 8, 4.8082, 32.4288, 15.1666, 0.410535, 57.43
5, 6, 30, 12, 4, 955, 372, 18.759, 68.0743,1910, 5, 1905, 3, 4.69574, 41.3033, 12.5458, 0.417479, 63.4922
5, 6, 30, 12, 5, 955, 360, 44.2683, 139.168,1910, 17, 1893, 12, 4.88205, 31.6481, 11.8142, 0.439808, 53.5209
5, 6, 30, 12, 6, 955, 265, 43.7684, 159.246,1910, 19, 1891, 15, 4.29299, 23.195, 11.3985, 0.447719, 43.6483
5, 6, 30, 12, 7, 955, 297, 24.563, 81.504,1910, 8, 1902, 7, 4.62236, 25.938, 12.253, 0.437753, 47.6407
5, 6, 30, 12, 8, 955, 364, 29.9248, 107.517,1910, 12, 1898, 9, 5.00024, 31.2081, 12.143, 0.429592, 53.2731
5, 6, 30, 12, 9, 955, 438, 49.61, 176.806,1910, 17, 1893, 12, 5.55322, 37.4501, 15.7645, 0.438174, 63.8235
5, 6, 30, 12, 10, 955, 372, 50.4698, 114.244,1910, 15, 1895, 12, 4.78679, 34.7547, 12.543, 0.42568, 57.0466
5, 6, 30, 12, 11, 955, 449, 43.7937, 131.995,1910, 15, 1895, 11, 5.29969, 41.8079, 17.1166, 0.423546, 69.1061
5, 6, 30, 12, 12, 955, 426, 24.7945, 98.1268,1910, 12, 1898, 8, 5.07846, 36.5165, 15.4339, 0.420445, 61.9193
5, 6, 30, 12, 13, 955, 383, 22.6263, 58.4893,1910, 7, 1903, 6, 4.8176, 35.8636, 15.436, 0.437613, 60.9465
5, 6, 30, 12, 14, 955, 374, 26.2965, 123.209,1910, 8, 1902, 7, 4.79566, 32.578, 14.0869, 0.433159, 56.1824
5, 6, 30, 13, 1, 775, 280, 47.5591, 127.315,1550, 11, 1539, 10, 4.48278, 27.0466, 7.97378, 0.344667, 44.2995
5, 6, 30, 13, 2, 775, 314, 33.0003, 103.091,1550, 13, 1537, 8, 4.57664, 26.7683, 9.81894, 0.368333, 46.0675
5, 6, 30, 13, 3, 775, 383, 37.6723, 92.7023,1550, 14, 1536, 10, 4.76689, 35.9698, 12.3326, 0.334137, 57.9685
5, 6, 30, 13, 4, 775, 372, 29.0141, 74.0982,1550, 9, 1541, 7, 5.03032, 32.4479, 10.0312, 0.343595, 52.4053
5, 6, 30, 13, 5, 775, 360, 58.1159, 162.041,1550, 24, 1526, 16, 4.72509, 32.045, 9.68756, 0.362457, 51.5795
5, 6, 30, 13, 6, 775, 265, 46.4894, 140.008,1550, 18, 1532, 13, 4.2822, 23.3552, 9.1002, 0.356369, 41.4225
5, 6, 30, 13, 7, 775, 297, 31.7216, 107.236,1550, 12, 1538, 9, 4.5531, 25.8845, 10.0441, 0.342853, 45.3271
5, 6, 30, 13, 8, 775, 364, 37.687, 137.953,1550, 15, 1535, 11, 5.08931, 31.7862, 9.92438, 0.354551, 51.6861
5, 6, 30, 13, 9, 775, 438, 40.3833, 119.423,1550, 15, 1535, 9, 5.57254, 38.5378, 12.8624, 0.361605, 61.9678
5, 6, 30, 13, 10, 775, 372, 23.2044, 79.8167,1550, 8, 1542, 7, 4.84848, 31.7505, 9.98589, 0.362281, 51.5006
5, 6, 30, 13, 11, 775, 449, 18.3527, 79.1156,1550, 6, 1544, 5, 5.40154, 38.0785, 14.1182, 0.340238, 62.5973
5, 6, 30, 13, 12, 775, 426, 20.1553, 83.1948,1550, 9, 1541, 6, 5.1234, 46.4533, 12.664, 0.338665, 69.0317
5, 6, 30, 13, 13, 775, 383, 11.4499, 75.1835,1550, 4, 1546, 3, 4.86681, 33.1293, 12.3523, 0.355323, 55.0993
5, 6, 30, 13, 14, 775, 374, 21.9597, 95.8864,1550, 7, 1543, 6, 4.78439, 40.7228, 11.4934, 0.360377, 61.6541
5, 6, 30, 14, 1, 849, 280, 27.7329, 93.4617,1698, 8, 1690, 8, 4.42728, 25.3783, 8.65239, 0.373708, 43.264
5, 6, 30, 14, 2, 849, 314, 27.1835, 78.5311,1698, 10, 1688, 7, 4.57646, 26.7481, 10.8248, 0.375552, 47.0721
5, 6, 30, 14, 3, 849, 383, 37.2015, 80.32,1698, 11, 1687, 8, 4.83659, 33.3598, 13.6911, 0.38482, 56.8666
5, 6, 30, 14, 4, 849, 372, 35.692, 103.795,1698, 9, 1689, 8, 4.91435, 32.8826, 11.2164, 0.388522, 54.0323
5, 6, 30, 14, 5, 849, 360, 46.8402, 169.131,1698, 15, 1683, 14, 4.84898, 30.6746, 10.5323, 0.387731, 51.1287
5, 6, 30, 14, 6, 849, 265, 36.82, 109.819,1698, 15, 1683, 12, 4.34288, 23.0685, 9.9316, 0.372426, 42.0557
5, 6, 30, 14, 7, 849, 297, 37.4952, 126.739,1698, 15, 1683, 11, 4.51272, 25.6942, 10.7778, 0.382285, 45.832
5, 6, 30, 14, 8, 849, 364, 58.4947, 166.302,1698, 21, 1677, 15, 4.97753, 32.2527, 10.7629, 0.389986, 52.9121
5, 6, 30, 14, 9, 849, 438, 58.7559, 197.912,1698, 18, 1680, 11, 5.67999, 39.1543, 14.362, 0.390351, 64.2553
5, 6, 30, 14, 10, 849, 372, 33.3053, 119.281,1698, 11, 1687, 8, 4.7223, 32.9229, 10.9034, 0.378598, 53.4444
5, 6, 30, 14, 11, 849, 449, 39.2967, 122.735,1698, 13, 1685, 10, 5.42299, 42.8047, 15.6823, 0.384911, 68.8484
5, 6, 30, 14, 12, 849, 426, 40.2933, 114.002,1698, 12, 1686, 11, 5.37526, 36.3284, 13.8026, 0.396558, 60.556
5, 6, 30, 14, 13, 849, 383, 20.5013, 79.7271,1698, 7, 1691, 5, 4.8695, 37.4239, 13.7626, 0.37711, 60.8394
5, 6, 30, 14, 14, 849, 374, 12.2324, 108.501,1698, 4, 1694, 3, 4.95824, 32.3515, 12.9243, 0.406643, 55.0722
5, 6, 30, 15, 1, 865, 280, 32.024, 104.233,1730, 12, 1718, 10, 4.42343, 25.2498, 9.36942, 0.404749, 43.9562
5, 6, 30, 15, 2, 865, 314, 31.9069, 99.7101,1730, 10, 1720, 9, 4.47878, 26.8328, 11.0503, 0.399499, 47.5411
5, 6, 30, 15, 3, 865, 383, 18.2271, 45.9837,1730, 6, 1724, 5, 4.92444, 37.7628, 14.0757, 0.395501, 61.8548
5, 6, 30, 15, 4, 865, 372, 21.8368, 79.2024,1730, 7, 1723, 5, 4.95142, 33.2292, 11.1784, 0.376364, 54.4341
5, 6, 30, 15, 5, 865, 360, 56.5937, 199.451,1730, 20, 1710, 18, 4.71964, 34.0966, 11.0551, 0.394995, 54.9845
5, 6, 30, 15, 6, 865, 265, 66.7825, 186.528,1730, 26, 1704, 18, 4.34155, 26.0635, 10.447, 0.402535, 45.6404
5, 6, 30, 15, 7, 865, 297, 19.4507, 69.2224,1730, 6, 1724, 5, 4.60767, 26.0858, 11.2584, 0.396859, 46.8306
5, 6, 30, 15, 8, 865, 364, 15.8351, 81.8046,1730, 5, 1725, 5, 5.03491, 31.5825, 11.2152, 0.396698, 52.8546
5, 6, 30, 15, 9, 865, 438, 64.9538, 196.513,1730, 23, 1707, 17, 5.53807, 38.8189, 14.5504, 0.391683, 63.8998
5, 6, 30, 15, 10, 865, 372, 26.1814, 60.0851,1730, 9, 1721, 7, 4.79285, 36.4623, 11.5632, 0.400125, 57.9454
5, 6, 30, 15, 11, 865, 449, 26.0906, 60.007,1730, 7, 1723, 5, 5.4447, 39.6892, 16.0196, 0.393817, 66.1027
5, 6, 30, 15, 12, 865, 426, 27.4761, 89.6131,1730, 13, 1717, 8, 5.27793, 36.2705, 14.2797, 0.385341, 60.7231
5, 6, 30, 15, 13, 865, 383, 23.2373, 77.3747,1730, 7, 1723, 6, 4.87266, 36.5532, 14.0966, 0.389409, 60.3026
5, 6, 30, 15, 14, 865, 374, 21.7981, 68.2946,1730, 8, 1722, 6, 4.86731, 35.1625, 12.7298, 0.410365, 57.5328
