5, 5, 77.5, 2, 1, 121, 118, 4.64187, 5.02597,127, 123, 4, 96, 4.0119, 7.02779, 4.0905, 0.056555, 19.7129
5, 5, 77.5, 3, 1, 116, 118, 2.92514, 3.25637,100, 92, 8, 75, 3.64515, 6.92299, 3.8052, 0.032694, 18.8671
5, 5, 77.5, 3, 2, 116, 121, 3.74464, 3.95571,108, 103, 5, 89, 3.61559, 7.15391, 3.9422, 0.05882, 19.107
5, 5, 77.5, 4, 1, 130, 118, 2.37091, 2.66808,95, 90, 5, 71, 3.66464, 6.88171, 4.24659, 0.03299, 19.2544
5, 5, 77.5, 4, 2, 130, 121, 3.00158, 3.22663,110, 101, 9, 87, 3.62907, 7.05379, 4.35476, 0.037017, 19.3859
5, 5, 77.5, 4, 3, 130, 116, 3.9892, 4.32841,124, 115, 9, 95, 3.54958, 6.77084, 4.219, 0.042433, 18.8317
5, 5, 77.5, 5, 1, 145, 118, 2.28452, 2.59258,100, 91, 9, 71, 3.72783, 6.97545, 4.736, 0.035434, 19.9768
5, 5, 77.5, 5, 2, 145, 121, 2.80809, 3.10142,114, 105, 9, 85, 3.61304, 7.16808, 4.85184, 0.038605, 20.0211
5, 5, 77.5, 5, 3, 145, 116, 3.2418, 3.55861,127, 113, 14, 97, 3.62246, 6.78874, 4.67182, 0.043099, 19.5012
5, 5, 77.5, 5, 4, 145, 130, 4.80596, 5.17379,145, 136, 9, 110, 3.56296, 7.70857, 5.21606, 0.042253, 20.8633
5, 5, 77.5, 6, 1, 106, 118, 2.72769, 3.06786,107, 100, 7, 78, 3.62302, 6.86733, 3.53893, 0.037393, 18.5047
5, 5, 77.5, 6, 2, 106, 121, 2.05743, 2.27854,96, 90, 6, 72, 3.61364, 7.2179, 3.60419, 0.033035, 18.8933
5, 5, 77.5, 6, 3, 106, 116, 1.62221, 1.88707,84, 80, 4, 61, 3.53495, 6.81218, 3.4182, 0.029573, 18.0634
5, 5, 77.5, 6, 4, 106, 130, 1.26688, 1.5947,92, 62, 30, 50, 3.56784, 7.44223, 3.83972, 0.042513, 19.2265
5, 5, 77.5, 6, 5, 106, 145, 0.296883, 0.63904,87, 19, 68, 16, 3.72197, 8.31734, 4.27993, 0.040504, 20.8845
5, 5, 77.5, 7, 1, 132, 118, 0.295819, 0.448505,45, 26, 19, 21, 3.64658, 7.14387, 4.3236, 0.028671, 19.5877
5, 5, 77.5, 7, 2, 132, 121, 0.462704, 0.601171,50, 39, 11, 32, 3.72738, 7.2828, 4.39939, 0.026993, 19.9013
5, 5, 77.5, 7, 3, 132, 116, 0.578904, 0.714756,54, 48, 6, 38, 3.54323, 6.83297, 4.22276, 0.026287, 18.8655
5, 5, 77.5, 7, 4, 132, 130, 0.870367, 1.11106,75, 68, 7, 50, 3.61447, 7.65307, 4.76589, 0.033586, 20.481
5, 5, 77.5, 7, 5, 132, 145, 1.0277, 1.19699,72, 70, 2, 55, 3.76019, 8.3144, 5.23972, 0.027594, 21.863
5, 5, 77.5, 7, 6, 132, 106, 0.136977, 0.264638,37, 15, 22, 13, 3.60281, 6.31676, 3.86591, 0.025435, 18.2358
5, 5, 77.5, 8, 1, 139, 118, 0.564982, 0.706683,46, 40, 6, 32, 3.62333, 6.97301, 4.54038, 0.026592, 19.6547
5, 5, 77.5, 8, 2, 139, 121, 0.688171, 0.829,55, 49, 6, 40, 3.74038, 7.20619, 4.63027, 0.026687, 20.0218
5, 5, 77.5, 8, 3, 139, 116, 0.653249, 0.815535,60, 50, 10, 41, 3.53144, 6.98112, 4.4671, 0.030354, 19.287
5, 5, 77.5, 8, 4, 139, 130, 1.03257, 1.2469,79, 71, 8, 55, 3.54213, 7.4585, 4.95725, 0.030154, 20.3407
5, 5, 77.5, 8, 5, 139, 145, 1.11873, 1.30518,79, 72, 7, 60, 3.62741, 8.16711, 5.56725, 0.036606, 21.8157
5, 5, 77.5, 8, 6, 139, 106, 0.135529, 0.279769,46, 14, 32, 13, 3.62752, 6.31037, 4.11151, 0.029758, 18.566
5, 5, 77.5, 8, 7, 139, 132, 4.8193, 5.15929,148, 141, 7, 113, 3.57987, 7.68995, 5.07475, 0.044778, 20.8305
5, 5, 77.5, 9, 1, 163, 118, 0.780925, 0.941865,63, 56, 7, 45, 3.64541, 6.88943, 5.32427, 0.032969, 20.2986
5, 5, 77.5, 9, 2, 163, 121, 0.883787, 1.06357,69, 61, 8, 49, 3.66045, 7.06953, 5.43924, 0.034523, 20.6268
5, 5, 77.5, 9, 3, 163, 116, 0.794945, 0.997243,67, 57, 10, 47, 3.634, 7.14874, 5.23375, 0.03309, 20.4061
5, 5, 77.5, 9, 4, 163, 130, 1.12148, 1.34169,85, 74, 11, 59, 3.56784, 7.4704, 5.80124, 0.034787, 21.3102
5, 5, 77.5, 9, 5, 163, 145, 1.16355, 1.36509,85, 74, 11, 62, 3.59742, 8.6407, 6.51091, 0.037759, 23.2223
5, 5, 77.5, 9, 6, 163, 106, 0.337424, 0.551165,55, 27, 28, 24, 3.73277, 6.57543, 4.79496, 0.034192, 19.6823
5, 5, 77.5, 9, 7, 163, 132, 4.17954, 4.54948,148, 142, 6, 112, 3.57617, 7.73535, 6.01468, 0.04626, 21.811
5, 5, 77.5, 9, 8, 163, 139, 5.60632, 5.99814,160, 150, 10, 122, 3.59418, 7.8786, 6.31881, 0.049742, 22.2361
5, 5, 77.5, 10, 1, 119, 118, 0.782937, 0.911255,54, 50, 4, 40, 3.66369, 6.8589, 3.87903, 0.023737, 18.9259
5, 5, 77.5, 10, 2, 119, 121, 0.829003, 0.975743,58, 54, 4, 42, 3.65119, 7.14713, 4.06039, 0.036967, 19.324
5, 5, 77.5, 10, 3, 119, 116, 0.653691, 0.843038,56, 48, 8, 36, 3.54236, 6.7917, 3.85495, 0.028606, 18.4804
5, 5, 77.5, 10, 4, 119, 130, 0.633917, 0.783864,56, 43, 13, 37, 3.65497, 7.44812, 4.27958, 0.043257, 19.9281
5, 5, 77.5, 10, 5, 119, 145, 0.612659, 0.765739,53, 39, 14, 34, 3.63003, 8.33844, 4.753, 0.026697, 21.1953
5, 5, 77.5, 10, 6, 119, 106, 0.553708, 0.672234,44, 41, 3, 32, 3.60996, 6.27437, 3.48747, 0.020685, 17.8389
5, 5, 77.5, 10, 7, 119, 132, 1.82436, 2.0192,90, 84, 6, 70, 3.56993, 7.61545, 4.34331, 0.033365, 19.9792
5, 5, 77.5, 10, 8, 119, 139, 2.21944, 2.45328,98, 90, 8, 75, 3.60465, 7.96303, 4.56775, 0.034904, 20.6451
5, 5, 77.5, 10, 9, 119, 163, 2.98237, 3.37464,126, 117, 9, 92, 3.67442, 9.49804, 5.35456, 0.039733, 22.9966
5, 5, 77.5, 11, 1, 130, 118, 1.0064, 1.17024,69, 59, 10, 50, 3.70963, 6.98583, 4.22879, 0.029357, 19.4622
5, 5, 77.5, 11, 2, 130, 121, 0.88582, 1.0442,65, 53, 12, 46, 3.61608, 7.23161, 4.3521, 0.029874, 19.5732
5, 5, 77.5, 11, 3, 130, 116, 0.745414, 0.957925,68, 47, 21, 42, 3.51778, 6.8278, 4.1747, 0.030805, 18.7927
5, 5, 77.5, 11, 4, 130, 130, 0.725125, 0.947671,71, 49, 22, 41, 3.57108, 7.59455, 4.66127, 0.032142, 20.2739
5, 5, 77.5, 11, 5, 130, 145, 0.65101, 0.799336,56, 42, 14, 35, 3.62416, 8.26558, 5.15106, 0.026542, 21.4704
5, 5, 77.5, 11, 6, 130, 106, 0.824019, 1.04944,68, 58, 10, 43, 3.60482, 6.46929, 3.83898, 0.033234, 18.3512
5, 5, 77.5, 11, 7, 130, 132, 1.49119, 1.72378,92, 73, 19, 60, 3.69787, 7.77248, 4.74382, 0.034868, 20.7764
5, 5, 77.5, 11, 8, 130, 139, 1.88241, 2.10322,97, 82, 15, 68, 3.76903, 8.14649, 5.00262, 0.036336, 21.4863
5, 5, 77.5, 11, 9, 130, 163, 2.37277, 2.76189,117, 104, 13, 80, 3.67141, 9.30939, 5.8556, 0.041496, 23.329
5, 5, 77.5, 11, 10, 130, 119, 3.52877, 3.85225,122, 110, 12, 93, 3.56813, 7.19362, 4.35076, 0.043334, 19.4786
5, 5, 77.5, 12, 1, 140, 118, 0.95798, 1.12491,72, 60, 12, 50, 3.68989, 6.87033, 4.54639, 0.030414, 19.6268
5, 5, 77.5, 12, 2, 140, 121, 0.86612, 0.966356,63, 51, 12, 48, 3.61329, 7.02694, 4.67195, 0.029924, 19.6671
5, 5, 77.5, 12, 3, 140, 116, 0.632585, 0.796492,62, 44, 18, 39, 3.52253, 6.78567, 4.55481, 0.032108, 19.1647
5, 5, 77.5, 12, 4, 140, 130, 0.676012, 0.932538,77, 52, 25, 44, 3.57917, 7.50671, 5.01047, 0.035173, 20.5768
5, 5, 77.5, 12, 5, 140, 145, 0.603871, 0.76101,61, 44, 17, 36, 3.68922, 8.21086, 5.56178, 0.030028, 22.008
5, 5, 77.5, 12, 6, 140, 106, 1.03922, 1.24581,76, 64, 12, 52, 3.60501, 6.27737, 4.15581, 0.032498, 18.4592
5, 5, 77.5, 12, 7, 140, 132, 0.562719, 0.908424,95, 37, 58, 29, 3.61431, 7.56153, 5.11282, 0.044221, 20.8078
5, 5, 77.5, 12, 8, 140, 139, 1.84194, 2.12093,104, 89, 15, 70, 3.72458, 8.20288, 5.41581, 0.042884, 21.9048
5, 5, 77.5, 12, 9, 140, 163, 2.24415, 2.66285,122, 109, 13, 82, 3.65271, 9.31703, 6.29778, 0.04325, 23.752
5, 5, 77.5, 12, 10, 140, 119, 2.97937, 3.2837,119, 107, 12, 89, 3.59253, 6.95203, 4.66141, 0.042748, 19.5835
5, 5, 77.5, 12, 11, 140, 130, 5.05316, 5.41294,148, 134, 14, 112, 3.82896, 7.46432, 5.04901, 0.044422, 21.1169
5, 5, 77.5, 13, 1, 95, 118, 0.805048, 0.9693,61, 47, 14, 41, 3.70027, 7.21499, 3.16395, 0.031636, 18.662
5, 5, 77.5, 13, 2, 95, 121, 0.682998, 0.796914,54, 45, 9, 40, 3.70928, 7.18192, 3.18843, 0.023095, 18.5173
5, 5, 77.5, 13, 3, 95, 116, 0.530124, 0.669012,50, 40, 10, 35, 3.61373, 6.83687, 3.05132, 0.023652, 17.9171
5, 5, 77.5, 13, 4, 95, 130, 0.415597, 0.573568,55, 34, 21, 28, 3.76021, 7.79311, 3.45476, 0.028556, 19.5078
5, 5, 77.5, 13, 5, 95, 145, 0.140655, 0.324028,50, 11, 39, 11, 3.6979, 8.27399, 3.79333, 0.028611, 20.3177
5, 5, 77.5, 13, 6, 95, 106, 0.959338, 1.20033,71, 56, 15, 47, 3.5903, 6.61336, 2.83288, 0.028837, 17.4998
5, 5, 77.5, 13, 7, 95, 132, 0.102817, 0.405878,58, 11, 47, 9, 3.79093, 7.78511, 3.46916, 0.030069, 19.5859
5, 5, 77.5, 13, 8, 95, 139, 0.095261, 0.505137,64, 10, 54, 9, 3.59955, 7.89897, 3.65494, 0.033014, 19.6089
5, 5, 77.5, 13, 9, 95, 163, 0.259705, 0.689854,74, 24, 50, 18, 3.6665, 9.04993, 4.25891, 0.033745, 21.4165
5, 5, 77.5, 13, 10, 95, 119, 1.27275, 1.44712,75, 66, 9, 54, 3.63045, 7.19305, 3.18122, 0.030415, 18.3447
5, 5, 77.5, 13, 11, 95, 130, 2.08653, 2.35411,90, 82, 8, 64, 3.75147, 7.4668, 3.44639, 0.032564, 19.153
5, 5, 77.5, 13, 12, 95, 140, 2.51225, 2.80423,102, 90, 12, 74, 3.76298, 7.94493, 3.69567, 0.032578, 19.9079
5, 5, 77.5, 14, 1, 123, 118, 0.891679, 1.029,62, 52, 10, 47, 3.65501, 7.24938, 4.0104, 0.02845, 19.3483
5, 5, 77.5, 14, 2, 123, 121, 0.743064, 0.860522,56, 47, 9, 41, 3.65903, 7.04193, 4.09376, 0.025369, 19.1879
5, 5, 77.5, 14, 3, 123, 116, 0.632871, 0.763674,53, 43, 10, 39, 3.51657, 6.81487, 3.94666, 0.028415, 18.5933
5, 5, 77.5, 14, 4, 123, 130, 0.661218, 0.812937,61, 50, 11, 43, 3.69767, 7.66488, 4.41274, 0.028896, 20.2583
5, 5, 77.5, 14, 5, 123, 145, 0.486667, 0.645147,55, 35, 20, 29, 3.74754, 8.45276, 4.91818, 0.031181, 21.6699
5, 5, 77.5, 14, 6, 123, 106, 1.05661, 1.26689,70, 60, 10, 49, 3.69996, 6.5986, 3.62839, 0.029041, 18.4598
5, 5, 77.5, 14, 7, 123, 132, 0.113025, 0.552111,69, 10, 59, 10, 3.7459, 7.86435, 4.51489, 0.037909, 20.684
5, 5, 77.5, 14, 8, 123, 139, 0.324264, 0.852755,74, 23, 51, 19, 3.67446, 7.99306, 4.7522, 0.037954, 20.9673
5, 5, 77.5, 14, 9, 123, 163, 1.30685, 1.73315,93, 69, 24, 55, 3.71852, 9.07279, 5.49686, 0.037097, 22.8212
5, 5, 77.5, 14, 10, 123, 119, 2.07236, 2.24771,96, 87, 9, 76, 3.58395, 6.93021, 4.0949, 0.036436, 19.0051
5, 5, 77.5, 14, 11, 123, 130, 3.02511, 3.32417,124, 113, 11, 94, 3.77584, 7.69619, 4.4383, 0.038655, 20.4607
5, 5, 77.5, 14, 12, 123, 140, 3.90111, 4.22738,131, 120, 11, 99, 3.73936, 7.97426, 4.83668, 0.039346, 21.0646
5, 5, 77.5, 14, 13, 123, 95, 3.64955, 3.91276,109, 95, 14, 82, 3.66637, 6.00484, 3.31552, 0.039718, 17.4827
5, 5, 77.5, 15, 1, 147, 118, 0.879915, 1.03969,59, 52, 7, 42, 3.70577, 7.20852, 4.8662, 0.029989, 20.3468
5, 5, 77.5, 15, 2, 147, 121, 1.00589, 1.16786,66, 59, 7, 48, 3.61169, 7.02888, 4.90689, 0.029507, 19.9781
5, 5, 77.5, 15, 3, 147, 116, 0.82948, 1.00358,61, 53, 8, 42, 3.64664, 6.73901, 4.67919, 0.028691, 19.379
5, 5, 77.5, 15, 4, 147, 130, 1.09691, 1.34526,86, 78, 8, 61, 3.5659, 7.44619, 5.24712, 0.034102, 20.6262
5, 5, 77.5, 15, 5, 147, 145, 1.04346, 1.21891,70, 57, 13, 51, 3.61997, 8.2305, 5.84247, 0.036667, 22.2045
5, 5, 77.5, 15, 6, 147, 106, 0.504238, 0.761237,63, 38, 25, 32, 3.59908, 6.48168, 4.2998, 0.031206, 18.8822
5, 5, 77.5, 15, 7, 147, 132, 3.22008, 3.52533,133, 123, 10, 100, 3.58369, 7.7994, 5.44294, 0.045593, 21.3199
5, 5, 77.5, 15, 8, 147, 139, 4.06903, 4.47967,145, 133, 12, 106, 3.71993, 8.21329, 5.68129, 0.047137, 22.1784
5, 5, 77.5, 15, 9, 147, 163, 5.23307, 5.82584,168, 157, 11, 115, 3.73374, 9.08557, 6.56656, 0.048955, 23.9241
5, 5, 77.5, 15, 10, 147, 119, 3.67365, 3.95923,117, 105, 12, 93, 3.55941, 7.32582, 4.89637, 0.041405, 20.1181
5, 5, 77.5, 15, 11, 147, 130, 3.21346, 3.53664,122, 108, 14, 91, 3.82675, 7.75186, 5.32846, 0.04385, 21.4856
5, 5, 77.5, 15, 12, 147, 140, 2.66706, 3.06746,132, 116, 16, 90, 3.80966, 7.97507, 5.6689, 0.043805, 22.0809
5, 5, 77.5, 15, 13, 147, 95, 0.935542, 1.26302,82, 52, 30, 43, 3.57377, 5.78548, 3.93546, 0.039882, 17.7578
5, 5, 77.5, 15, 14, 147, 123, 1.97112, 2.25671,106, 94, 12, 74, 3.7678, 7.3889, 5.00016, 0.037864, 20.7535
6, 6, 77.5, 2, 1, 37, 37, 1.38105, 1.44482,40, 37, 3, 34, 2.9717, 2.90545, 0.47501, 0.013742, 10.6956
6, 6, 77.5, 3, 1, 36, 37, 0.70225, 0.834334,42, 31, 11, 24, 2.96312, 2.98701, 0.475346, 0.018075, 10.7279
6, 6, 77.5, 3, 2, 36, 37, 0.771042, 0.99185,45, 33, 12, 23, 2.99514, 2.89091, 0.477762, 0.01813, 10.7857
6, 6, 77.5, 4, 1, 39, 37, 0.591155, 0.72606,38, 31, 7, 22, 2.97221, 2.86472, 0.495641, 0.016051, 10.6499
6, 6, 77.5, 4, 2, 39, 37, 0.602457, 0.783106,37, 27, 10, 19, 2.99169, 2.93918, 0.528293, 0.031366, 10.8665
6, 6, 77.5, 4, 3, 39, 36, 0.857541, 1.167,56, 40, 16, 24, 3.00263, 2.98165, 0.504253, 0.022223, 11.0104
6, 6, 77.5, 5, 1, 41, 37, 0.452892, 0.636233,41, 25, 16, 20, 2.98371, 2.88364, 0.52553, 0.019568, 10.7062
6, 6, 77.5, 5, 2, 41, 37, 0.524499, 0.734312,43, 33, 10, 21, 2.96398, 2.91095, 0.523541, 0.01794, 10.8123
6, 6, 77.5, 5, 3, 41, 36, 0.722877, 1.19454,76, 50, 26, 27, 2.98727, 2.86616, 0.53882, 0.026307, 10.8987
6, 6, 77.5, 5, 4, 41, 39, 1.11452, 1.52219,77, 57, 20, 37, 2.9863, 3.13058, 0.574064, 0.026827, 11.1967
6, 6, 77.5, 6, 1, 41, 37, 0.87734, 1.072,46, 41, 5, 29, 3.06436, 2.86677, 0.529608, 0.016913, 10.8733
6, 6, 77.5, 6, 2, 41, 37, 0.675502, 0.780045,34, 30, 4, 24, 3.10453, 2.87912, 0.515199, 0.014328, 10.9853
6, 6, 77.5, 6, 3, 41, 36, 0.402741, 0.571812,35, 23, 12, 16, 3.00708, 2.83496, 0.509894, 0.015806, 10.8725
6, 6, 77.5, 6, 4, 41, 39, 0.310371, 0.45281,33, 23, 10, 16, 2.9874, 2.97519, 0.545098, 0.017349, 10.9966
6, 6, 77.5, 6, 5, 41, 41, 0.0478823, 0.324138,31, 5, 26, 4, 2.97826, 3.2238, 0.56731, 0.019834, 11.3476
6, 6, 77.5, 7, 1, 46, 37, 0.692136, 0.86241,45, 38, 7, 29, 2.98459, 2.87836, 0.603429, 0.019057, 10.8207
6, 6, 77.5, 7, 2, 46, 37, 0.514712, 0.636494,33, 28, 5, 21, 2.97207, 3.08895, 0.559636, 0.01552, 10.9949
6, 6, 77.5, 7, 3, 46, 36, 0.232361, 0.46286,37, 18, 19, 9, 3.0155, 2.82671, 0.564926, 0.019107, 10.978
6, 6, 77.5, 7, 4, 46, 39, 0.0494737, 0.295764,33, 5, 28, 5, 3.06062, 2.98548, 0.597224, 0.019763, 11.2104
6, 6, 77.5, 7, 5, 46, 41, 0.0634501, 0.42921,40, 7, 33, 6, 2.99734, 3.20883, 0.630313, 0.024026, 11.3961
6, 6, 77.5, 7, 6, 46, 41, 1.08909, 1.29352,53, 44, 9, 35, 3.00174, 3.07981, 0.632598, 0.020465, 10.9857
6, 6, 77.5, 8, 1, 60, 37, 0.508467, 0.624026,34, 28, 6, 22, 3.05873, 3.01778, 0.706206, 0.016467, 11.1133
6, 6, 77.5, 8, 2, 60, 37, 0.181483, 0.304928,31, 11, 20, 9, 3.06592, 3.03097, 0.733976, 0.018441, 11.2931
6, 6, 77.5, 8, 3, 60, 36, 0.0519916, 0.274778,26, 5, 21, 5, 3.08436, 3.01903, 0.701362, 0.020019, 11.4443
6, 6, 77.5, 8, 4, 60, 39, 0.0214204, 0.167958,22, 2, 20, 2, 2.94948, 3.00284, 0.743304, 0.017013, 11.2407
6, 6, 77.5, 8, 5, 60, 41, 0.0836875, 0.328294,30, 11, 19, 8, 3.02707, 3.24137, 0.780962, 0.018897, 11.6068
6, 6, 77.5, 8, 6, 60, 41, 0.781065, 0.916506,43, 37, 6, 31, 3.07236, 3.07299, 0.7901, 0.019313, 11.2593
6, 6, 77.5, 8, 7, 60, 46, 1.20251, 1.42313,61, 54, 7, 42, 2.98936, 3.33175, 0.876864, 0.023336, 11.5077
6, 6, 77.5, 9, 1, 89, 37, 0.0788903, 0.232471,33, 6, 27, 6, 2.99104, 2.87569, 1.018, 0.020099, 11.1996
6, 6, 77.5, 9, 2, 89, 37, 0.0525227, 0.241219,33, 5, 28, 5, 3.01441, 2.88819, 1.01985, 0.021367, 11.3187
6, 6, 77.5, 9, 3, 89, 36, 0.0188696, 0.231285,29, 2, 27, 2, 3.05032, 2.9742, 0.994218, 0.021512, 11.5076
6, 6, 77.5, 9, 4, 89, 39, 0.0306735, 0.19668,23, 3, 20, 3, 2.96958, 3.09125, 1.08029, 0.018781, 11.6807
6, 6, 77.5, 9, 5, 89, 41, 0.0824739, 0.293856,30, 8, 22, 8, 2.98744, 3.10274, 1.1162, 0.021577, 11.8049
6, 6, 77.5, 9, 6, 89, 41, 0.64259, 0.806391,47, 40, 7, 30, 3.06506, 3.11512, 1.13124, 0.022098, 11.5735
6, 6, 77.5, 9, 7, 89, 46, 0.990757, 1.16185,56, 53, 3, 40, 3.11642, 3.46787, 1.26384, 0.022178, 12.234
6, 6, 77.5, 9, 8, 89, 60, 1.78841, 1.95916,73, 69, 4, 55, 3.15602, 4.0663, 1.59231, 0.025309, 13.3611
6, 6, 77.5, 10, 1, 35, 37, 0.645201, 0.780605,37, 28, 9, 22, 3.08723, 2.98285, 0.489614, 0.020119, 11.0444
6, 6, 77.5, 10, 2, 35, 37, 0.737827, 0.948589,41, 30, 11, 21, 3.02217, 2.88844, 0.459812, 0.018541, 10.7465
6, 6, 77.5, 10, 3, 35, 36, 1.34324, 1.69247,63, 44, 19, 31, 3.0077, 2.82633, 0.470422, 0.023821, 10.8286
6, 6, 77.5, 10, 4, 35, 39, 1.16787, 1.4448,55, 42, 13, 29, 2.98459, 2.97668, 0.486899, 0.019788, 10.9325
6, 6, 77.5, 10, 5, 35, 41, 0.860314, 1.25848,64, 42, 22, 26, 2.97035, 3.10492, 0.540299, 0.02551, 11.169
6, 6, 77.5, 10, 6, 35, 41, 0.38379, 0.525747,35, 25, 10, 17, 2.9824, 3.12323, 0.494148, 0.016306, 10.8318
6, 6, 77.5, 10, 7, 35, 46, 0.144953, 0.387771,31, 13, 18, 8, 3.00816, 3.30658, 0.540458, 0.016717, 11.2051
6, 6, 77.5, 10, 8, 35, 60, 0.0342448, 0.155142,18, 4, 14, 3, 3.19105, 4.2634, 0.661921, 0.014162, 12.5917
6, 6, 77.5, 10, 9, 35, 89, 0.0214734, 0.186166,19, 3, 16, 2, 3.41045, 5.62257, 0.934943, 0.014633, 14.4799
6, 6, 77.5, 11, 1, 82, 37, 0.20756, 0.290403,32, 25, 7, 18, 2.97347, 3.02065, 0.948634, 0.01836, 11.2701
6, 6, 77.5, 11, 2, 82, 37, 0.114631, 0.154405,16, 11, 5, 10, 3.02901, 2.86467, 0.930184, 0.014308, 11.31
6, 6, 77.5, 11, 3, 82, 36, 0.0203051, 0.0769912,20, 2, 18, 2, 3.02368, 2.90939, 0.913341, 0.017479, 11.3593
6, 6, 77.5, 11, 4, 82, 39, 0.0102041, 0.095967,24, 1, 23, 1, 2.99993, 3.12102, 0.981604, 0.019713, 11.5946
6, 6, 77.5, 11, 5, 82, 41, 0.0411856, 0.177018,31, 5, 26, 4, 2.98273, 3.30472, 1.04727, 0.021917, 11.8671
6, 6, 77.5, 11, 6, 82, 41, 0.257425, 0.399082,41, 30, 11, 22, 3.0439, 3.28297, 1.05417, 0.022003, 11.7335
6, 6, 77.5, 11, 7, 82, 46, 0.284064, 0.365311,36, 29, 7, 23, 3.06203, 3.3104, 1.15515, 0.017975, 11.8776
6, 6, 77.5, 11, 8, 82, 60, 0.419757, 0.581516,51, 47, 4, 33, 3.13933, 4.14754, 1.45695, 0.021097, 13.2016
6, 6, 77.5, 11, 9, 82, 89, 0.432738, 0.649576,57, 49, 8, 34, 3.37488, 5.80612, 2.10959, 0.024267, 15.8216
6, 6, 77.5, 11, 10, 82, 35, 0.00970874, 0.0529877,19, 1, 18, 1, 2.96509, 2.94949, 0.890967, 0.016968, 11.2854
6, 6, 77.5, 12, 1, 79, 37, 0.178453, 0.261143,29, 21, 8, 15, 2.95768, 2.88224, 0.920655, 0.018807, 11.1085
6, 6, 77.5, 12, 2, 79, 37, 0.0878739, 0.106928,13, 9, 4, 7, 2.95858, 2.90658, 0.917193, 0.01286, 11.1709
6, 6, 77.5, 12, 3, 79, 36, 0.0573574, 0.120637,21, 5, 16, 5, 3.08978, 2.88314, 0.884344, 0.017414, 11.5101
6, 6, 77.5, 12, 4, 79, 39, 0.010101, 0.0656958,18, 1, 17, 1, 2.96858, 2.99812, 0.94648, 0.017209, 11.4266
6, 6, 77.5, 12, 5, 79, 41, 0.0305432, 0.177899,32, 3, 29, 3, 2.98741, 3.08907, 0.995345, 0.022233, 11.6409
6, 6, 77.5, 12, 6, 79, 41, 0.22771, 0.325089,34, 26, 8, 19, 3.10541, 3.19841, 1.02931, 0.034046, 11.6532
6, 6, 77.5, 12, 7, 79, 46, 0.275644, 0.337264,33, 27, 6, 22, 3.31474, 3.53516, 1.12858, 0.019508, 12.5237
6, 6, 77.5, 12, 8, 79, 60, 0.377231, 0.488663,43, 38, 5, 29, 3.24283, 4.00653, 1.41108, 0.02032, 13.2415
6, 6, 77.5, 12, 9, 79, 89, 0.371808, 0.574685,52, 46, 6, 29, 3.39066, 5.629, 2.04366, 0.037147, 15.5246
6, 6, 77.5, 12, 10, 79, 35, 0.0102041, 0.0437311,19, 1, 18, 1, 3.04062, 2.97528, 0.860788, 0.017679, 11.4326
6, 6, 77.5, 12, 11, 79, 82, 3.03672, 3.75426,131, 117, 14, 72, 3.36503, 5.42077, 1.93464, 0.041696, 15.2938
6, 6, 77.5, 13, 1, 60, 37, 0.19988, 0.263829,30, 20, 10, 15, 2.97713, 2.93928, 0.71047, 0.016106, 11.0764
6, 6, 77.5, 13, 2, 60, 37, 0.150465, 0.200504,22, 13, 9, 12, 2.99717, 2.87718, 0.721219, 0.014748, 10.9735
6, 6, 77.5, 13, 3, 60, 36, 0.106708, 0.236609,27, 15, 12, 9, 3.00745, 2.83531, 0.694303, 0.015576, 11.0405
6, 6, 77.5, 13, 4, 60, 39, 0.0704466, 0.155395,23, 6, 17, 6, 2.97492, 3.0095, 0.739517, 0.015641, 11.2273
6, 6, 77.5, 13, 5, 60, 41, 0.0535344, 0.263876,36, 7, 29, 5, 3.05961, 3.32524, 0.809551, 0.022224, 11.729
6, 6, 77.5, 13, 6, 60, 41, 0.261155, 0.357191,36, 26, 10, 21, 2.99484, 3.05019, 0.783903, 0.017985, 11.1711
6, 6, 77.5, 13, 7, 60, 46, 0.310767, 0.393737,32, 26, 6, 21, 2.99865, 3.37875, 0.85926, 0.016217, 11.5445
6, 6, 77.5, 13, 8, 60, 60, 0.353285, 0.481803,39, 36, 3, 25, 3.15045, 4.01024, 1.08693, 0.016562, 12.6981
6, 6, 77.5, 13, 9, 60, 89, 0.32826, 0.488314,41, 40, 1, 25, 3.3901, 5.44833, 1.60081, 0.015726, 14.9304
6, 6, 77.5, 13, 10, 60, 35, 0.104583, 0.213292,27, 13, 14, 9, 3.03178, 2.89567, 0.681674, 0.017409, 11.1833
6, 6, 77.5, 13, 11, 60, 82, 1.62394, 2.31735,108, 99, 9, 49, 3.22558, 5.13869, 1.49487, 0.032514, 14.2985
6, 6, 77.5, 13, 12, 60, 79, 1.88666, 2.52907,107, 96, 11, 52, 3.18551, 5.01541, 1.45572, 0.033631, 14.0585
6, 6, 77.5, 14, 1, 51, 37, 0.248596, 0.315274,30, 21, 9, 17, 2.9778, 2.8686, 0.617799, 0.014924, 10.7729
6, 6, 77.5, 14, 2, 51, 37, 0.164397, 0.216532,18, 11, 7, 11, 2.98899, 2.88254, 0.617043, 0.015991, 10.9411
6, 6, 77.5, 14, 3, 51, 36, 0.133317, 0.205837,24, 12, 12, 10, 2.99368, 3.00003, 0.601773, 0.015535, 11.1077
6, 6, 77.5, 14, 4, 51, 39, 0.14591, 0.218137,25, 15, 10, 11, 2.99898, 2.96972, 0.645283, 0.01558, 11.1911
6, 6, 77.5, 14, 5, 51, 41, 0.121205, 0.264452,33, 13, 20, 10, 3.04444, 3.22326, 0.680672, 0.019368, 11.5627
6, 6, 77.5, 14, 6, 51, 41, 0.252986, 0.384268,36, 23, 13, 17, 3.00584, 3.04728, 0.684509, 0.018737, 10.9605
6, 6, 77.5, 14, 7, 51, 46, 0.332459, 0.423616,33, 26, 7, 19, 2.99383, 3.31114, 0.757357, 0.016593, 11.3998
6, 6, 77.5, 14, 8, 51, 60, 0.232384, 0.31437,31, 23, 8, 16, 3.14035, 4.04435, 0.932608, 0.014198, 12.5479
6, 6, 77.5, 14, 9, 51, 89, 0.248286, 0.411623,40, 26, 14, 19, 3.40985, 5.70249, 1.34117, 0.020621, 14.9468
6, 6, 77.5, 14, 10, 51, 35, 0.138036, 0.195873,25, 13, 12, 11, 2.96877, 2.78513, 0.59229, 0.015279, 10.8459
6, 6, 77.5, 14, 11, 51, 82, 0.988424, 1.57766,88, 77, 11, 37, 3.23902, 5.12494, 1.27397, 0.028084, 14.1202
6, 6, 77.5, 14, 12, 51, 79, 1.10498, 1.61406,82, 72, 10, 38, 3.18483, 4.94538, 1.22939, 0.025885, 13.7496
6, 6, 77.5, 14, 13, 51, 60, 1.30057, 1.81434,91, 82, 9, 43, 3.094, 4.10945, 0.998802, 0.028931, 12.4841
6, 6, 77.5, 15, 1, 40, 37, 0.214731, 0.27322,27, 15, 12, 14, 3.00683, 2.86845, 0.540719, 0.015896, 10.8538
6, 6, 77.5, 15, 2, 40, 37, 0.17048, 0.2631,26, 15, 11, 11, 3.08761, 2.93627, 0.561499, 0.017649, 11.1102
6, 6, 77.5, 15, 3, 40, 36, 0.298309, 0.557077,48, 28, 20, 19, 3.15696, 3.14475, 0.520941, 0.023005, 11.3938
6, 6, 77.5, 15, 4, 40, 39, 0.310924, 0.552759,44, 31, 13, 17, 3.03292, 3.15524, 0.539953, 0.02067, 11.4054
6, 6, 77.5, 15, 5, 40, 41, 0.274889, 0.620548,52, 31, 21, 17, 3.05306, 3.30224, 0.587765, 0.023967, 11.5837
6, 6, 77.5, 15, 6, 40, 41, 0.216054, 0.276081,27, 17, 10, 15, 3.1094, 3.17084, 0.547913, 0.015836, 11.2231
6, 6, 77.5, 15, 7, 40, 46, 0.190127, 0.305124,29, 20, 9, 13, 3.06277, 3.5546, 0.607023, 0.015966, 11.7186
6, 6, 77.5, 15, 8, 40, 60, 0.120404, 0.162813,21, 10, 11, 9, 3.23456, 4.20819, 0.777095, 0.018721, 12.858
6, 6, 77.5, 15, 9, 40, 89, 0.0420513, 0.117835,21, 5, 16, 4, 3.50148, 5.65191, 1.08549, 0.015946, 14.9191
6, 6, 77.5, 15, 10, 40, 35, 0.317361, 0.526353,42, 25, 17, 18, 3.02121, 2.78943, 0.511798, 0.020651, 10.9503
6, 6, 77.5, 15, 11, 40, 82, 0.315682, 0.636474,44, 31, 13, 14, 3.3318, 5.29991, 1.0062, 0.02044, 14.1313
6, 6, 77.5, 15, 12, 40, 79, 0.486201, 0.865631,52, 38, 14, 17, 3.31764, 5.08121, 0.972145, 0.022644, 13.8431
6, 6, 77.5, 15, 13, 40, 60, 0.711021, 1.09673,64, 53, 11, 27, 3.30249, 3.98154, 0.776128, 0.022549, 12.4806
6, 6, 77.5, 15, 14, 40, 51, 1.03724, 1.36974,58, 47, 11, 27, 3.07006, 3.56412, 0.675366, 0.020675, 11.582
5, 6, 77.5, 1, 1, 118, 37, 0.0196097, 0.0196097,5, 2, 3, 2, 3.33387, 2.92531, 1.38047, 0.030013, 12.0524
5, 6, 77.5, 1, 2, 118, 37, 0.00990099, 0.00990099,4, 1, 3, 1, 2.96626, 2.91027, 1.29164, 0.012755, 11.7322
5, 6, 77.5, 1, 3, 118, 36, 0.0285926, 0.0385926,6, 3, 3, 3, 2.98426, 2.82811, 1.28118, 0.029984, 11.7462
5, 6, 77.5, 1, 4, 118, 39, 0.0289466, 0.0386554,5, 3, 2, 3, 2.96786, 2.96195, 1.38019, 0.035382, 11.9704
5, 6, 77.5, 1, 5, 118, 41, 0.039994, 0.0504107,8, 4, 4, 4, 2.99723, 3.03689, 1.42585, 0.014704, 12.1601
5, 6, 77.5, 1, 6, 118, 41, 0.019535, 0.029436,8, 2, 6, 2, 2.94887, 3.06418, 1.42823, 0.01523, 11.787
5, 6, 77.5, 1, 7, 118, 46, 0.0304738, 0.0304738,9, 3, 6, 3, 2.98383, 3.30317, 1.58907, 0.013607, 12.3147
5, 6, 77.5, 1, 8, 118, 60, 0.010101, 0.010101,2, 1, 1, 1, 3.13576, 4.09535, 2.03855, 0.013166, 13.868
5, 6, 77.5, 1, 9, 118, 89, 0.0210736, 0.0210736,4, 2, 2, 2, 3.4028, 5.43398, 2.95184, 0.012028, 16.4703
5, 6, 77.5, 1, 10, 118, 35, 0.0197625, 0.0197625,7, 2, 5, 2, 2.96604, 2.76346, 1.23218, 0.012675, 11.5754
5, 6, 77.5, 1, 11, 118, 82, 0.00952381, 0.00952381,6, 1, 5, 1, 3.22308, 5.09539, 2.74105, 0.01322, 15.6215
5, 6, 77.5, 1, 12, 118, 79, 0.0473529, 0.0473529,10, 5, 5, 5, 3.21508, 5.19351, 2.6504, 0.01543, 15.5841
5, 6, 77.5, 1, 13, 118, 60, 0.0693042, 0.0693042,10, 7, 3, 7, 3.08092, 3.99966, 2.03434, 0.013651, 13.5356
5, 6, 77.5, 1, 14, 118, 51, 0.00934579, 0.00934579,6, 1, 5, 1, 3.0723, 3.53021, 1.76894, 0.015004, 12.7478
5, 6, 77.5, 2, 1, 121, 37, 0.0103093, 0.0196551,4, 2, 2, 1, 2.96404, 2.869, 1.32537, 0.01248, 11.6092
5, 6, 77.5, 2, 2, 121, 37, 0.0388048, 0.0670185,7, 6, 1, 4, 2.99897, 2.98768, 1.32952, 0.013807, 11.9241
5, 6, 77.5, 2, 3, 121, 36, 0.0392952, 0.0392952,5, 4, 1, 4, 2.99942, 2.82453, 1.3061, 0.012519, 11.7968
5, 6, 77.5, 2, 4, 121, 39, 0.030248, 0.030248,4, 3, 1, 3, 2.96925, 2.96611, 1.38983, 0.012068, 11.9674
5, 6, 77.5, 2, 5, 121, 41, 0.0327714, 0.0426724,5, 3, 2, 3, 2.97732, 3.06857, 1.45441, 0.014293, 12.194
5, 6, 77.5, 2, 6, 121, 41, 0.0289431, 0.0382889,6, 4, 2, 3, 3.05783, 3.05273, 1.48054, 0.013301, 11.9519
5, 6, 77.5, 2, 7, 121, 46, 0.0381384, 0.0381384,6, 4, 2, 4, 3.09063, 3.42514, 1.62996, 0.013827, 12.5958
5, 6, 77.5, 2, 8, 121, 60, 0.0388716, 0.0388716,4, 4, 0, 4, 3.13153, 4.0135, 2.07812, 0.011156, 13.8093
5, 6, 77.5, 2, 9, 121, 89, 0.0295203, 0.0295203,5, 3, 2, 3, 3.38798, 5.56146, 3.02403, 0.014223, 16.601
5, 6, 77.5, 2, 10, 121, 35, 0.0303822, 0.0496148,7, 5, 2, 3, 2.97174, 2.79998, 1.26444, 0.013847, 11.6484
5, 6, 77.5, 2, 11, 121, 82, 0.0196097, 0.0196097,8, 2, 6, 2, 3.20905, 5.14453, 2.80101, 0.013376, 15.7154
5, 6, 77.5, 2, 12, 121, 79, 0.0292507, 0.0292507,8, 3, 5, 3, 3.18157, 4.94429, 2.69821, 0.013276, 15.3515
5, 6, 77.5, 2, 13, 121, 60, 0.0507294, 0.0507294,8, 5, 3, 5, 3.15525, 3.98173, 2.0912, 0.013636, 13.7062
5, 6, 77.5, 2, 14, 121, 51, 0.0195238, 0.0195238,4, 2, 2, 2, 3.06971, 3.53462, 1.78839, 0.01239, 12.7636
5, 6, 77.5, 3, 1, 116, 37, 0.00934579, 0.00934579,3, 1, 2, 1, 2.96594, 2.86528, 1.27224, 0.011712, 11.5837
5, 6, 77.5, 3, 2, 116, 37, 0.00934579, 0.00934579,2, 1, 1, 1, 2.96665, 2.8787, 1.28238, 0.011673, 11.6398
5, 6, 77.5, 3, 3, 116, 36, 0.0295739, 0.0582387,8, 5, 3, 3, 3.07283, 2.93119, 1.24669, 0.014168, 11.9713
5, 6, 77.5, 3, 4, 116, 39, 0.0113636, 0.0113636,1, 1, 0, 1, 2.96876, 2.98082, 1.34342, 0.010626, 11.9247
5, 6, 77.5, 3, 5, 116, 41, 0.0223328, 0.0333218,6, 2, 4, 2, 2.98212, 3.05266, 1.39706, 0.013832, 12.1243
5, 6, 77.5, 3, 6, 116, 41, 0.0192308, 0.0192308,8, 2, 6, 2, 3.01327, 3.05029, 1.40218, 0.013972, 11.9036
5, 6, 77.5, 3, 7, 116, 46, 0.00970874, 0.0192325,6, 2, 4, 1, 2.98784, 3.32553, 1.57239, 0.01518, 12.3274
5, 6, 77.5, 3, 8, 116, 60, 0.0193277, 0.0286735,5, 3, 2, 2, 3.21906, 4.06331, 2.00089, 0.012284, 13.9772
5, 6, 77.5, 3, 9, 116, 89, 0.0192379, 0.0192379,3, 2, 1, 2, 3.38671, 5.44347, 2.88822, 0.011788, 16.3541
5, 6, 77.5, 3, 10, 116, 35, 0.00990099, 0.019802,5, 1, 4, 1, 3.04511, 2.95797, 1.2065, 0.014448, 11.8977
5, 6, 77.5, 3, 11, 116, 82, 0.0194248, 0.0420167,8, 2, 6, 2, 3.28175, 5.54911, 2.69298, 0.015836, 16.1788
5, 6, 77.5, 3, 12, 116, 79, 0.0198721, 0.0198721,5, 2, 3, 2, 3.19001, 4.96314, 2.59449, 0.012515, 15.2803
5, 6, 77.5, 3, 13, 116, 60, 0.0400851, 0.0400851,6, 4, 2, 4, 3.09873, 4.11559, 2.00051, 0.013542, 13.653
5, 6, 77.5, 3, 14, 116, 51, 0.0104167, 0.0104167,4, 1, 3, 1, 3.18657, 3.72745, 1.72255, 0.012965, 13.1123
5, 6, 77.5, 4, 1, 130, 37, 0.00990099, 0.0194248,8, 1, 7, 1, 3.0735, 2.98523, 1.44032, 0.015265, 12.0673
5, 6, 77.5, 4, 2, 130, 37, 0.0294251, 0.0398418,8, 3, 5, 3, 2.97608, 2.85534, 1.42779, 0.015395, 11.8081
5, 6, 77.5, 4, 3, 130, 36, 0.0294175, 0.0808974,15, 4, 11, 3, 3.01625, 3.01951, 1.40852, 0.01807, 12.0734
5, 6, 77.5, 4, 4, 130, 39, 0.039331, 0.0486768,9, 4, 5, 4, 2.96243, 3.03274, 1.49068, 0.015079, 12.1405
5, 6, 77.5, 4, 5, 130, 41, 0.041952, 0.0839364,14, 4, 10, 4, 2.96447, 3.10199, 1.56762, 0.017213, 12.3288
5, 6, 77.5, 4, 6, 130, 41, 0.039452, 0.039452,11, 4, 7, 4, 2.97763, 3.06332, 1.56358, 0.015555, 12.0235
5, 6, 77.5, 4, 7, 130, 46, 0.0400113, 0.0503206,12, 4, 8, 4, 2.98412, 3.313, 1.74338, 0.016642, 12.5353
5, 6, 77.5, 4, 8, 130, 60, 0, 0,5, 0, 5, 0, 3.20071, 4.0075, 2.21822, 0.013681, 14.1042
5, 6, 77.5, 4, 9, 130, 89, 0.0186916, 0.0186916,5, 2, 3, 2, 3.44205, 5.47378, 3.23067, 0.013276, 16.8266
5, 6, 77.5, 4, 10, 130, 35, 0.0202041, 0.0501514,12, 2, 10, 2, 2.9505, 2.78848, 1.35595, 0.016542, 11.7014
5, 6, 77.5, 4, 11, 130, 82, 0.0297087, 0.0297087,6, 3, 3, 3, 3.23828, 5.26871, 3.00656, 0.013371, 16.07
5, 6, 77.5, 4, 12, 130, 79, 0.0202206, 0.0202206,5, 2, 3, 2, 3.17922, 4.94272, 2.89647, 0.013786, 15.6077
5, 6, 77.5, 4, 13, 130, 60, 0.0401971, 0.0401971,9, 4, 5, 4, 3.09371, 4.00968, 2.23838, 0.014263, 13.7831
5, 6, 77.5, 4, 14, 130, 51, 0.0103093, 0.0103093,4, 1, 3, 1, 3.10683, 3.66512, 1.90603, 0.012986, 13.0442
5, 6, 77.5, 5, 1, 145, 37, 0, 0,6, 0, 6, 0, 3.08904, 2.95585, 1.57394, 0.014749, 12.1535
5, 6, 77.5, 5, 2, 145, 37, 0.00990099, 0.00990099,7, 1, 6, 1, 2.96465, 2.88084, 1.57341, 0.015255, 11.9666
5, 6, 77.5, 5, 3, 145, 36, 0.029452, 0.097534,14, 3, 11, 3, 2.98712, 2.82726, 1.54682, 0.018902, 12.0179
5, 6, 77.5, 5, 4, 145, 39, 0.0303579, 0.0303579,6, 3, 3, 3, 2.9569, 2.9767, 1.65455, 0.015455, 12.235
5, 6, 77.5, 5, 5, 145, 41, 0.0329117, 0.0439007,7, 3, 4, 3, 2.95169, 3.10665, 1.74755, 0.029998, 12.558
5, 6, 77.5, 5, 6, 145, 41, 0.0391472, 0.0391472,9, 4, 5, 4, 2.96296, 3.07887, 1.74649, 0.01525, 12.142
5, 6, 77.5, 5, 7, 145, 46, 0.0187798, 0.0187798,7, 2, 5, 2, 2.99348, 3.30058, 1.93428, 0.015035, 12.6697
5, 6, 77.5, 5, 8, 145, 60, 0, 0,6, 0, 6, 0, 3.17522, 4.20984, 2.4671, 0.014488, 14.4594
5, 6, 77.5, 5, 9, 145, 89, 0, 0.030303,5, 0, 5, 0, 3.40346, 5.47814, 3.6136, 0.015811, 17.13
5, 6, 77.5, 5, 10, 145, 35, 0.0291619, 0.0496795,10, 3, 7, 3, 2.96634, 2.76891, 1.5089, 0.016407, 11.8565
5, 6, 77.5, 5, 11, 145, 82, 0.0395088, 0.0395088,6, 4, 2, 4, 3.22367, 5.1292, 3.39191, 0.016342, 16.3056
5, 6, 77.5, 5, 12, 145, 79, 0.050782, 0.050782,9, 5, 4, 5, 3.20256, 5.10743, 3.21691, 0.0178, 16.1551
5, 6, 77.5, 5, 13, 145, 60, 0.0411517, 0.0509556,9, 4, 5, 4, 3.13025, 3.99837, 2.505, 0.019443, 14.0855
5, 6, 77.5, 5, 14, 145, 51, 0.0107527, 0.0107527,6, 1, 5, 1, 3.08922, 3.58832, 2.12009, 0.014333, 13.2623
5, 6, 77.5, 6, 1, 106, 37, 0.0198195, 0.0292534,8, 2, 6, 2, 2.95783, 2.88658, 1.18707, 0.01299, 11.4739
5, 6, 77.5, 6, 2, 106, 37, 0.0303295, 0.0402305,9, 3, 6, 3, 3.00392, 3.07538, 1.16985, 0.013731, 11.7878
5, 6, 77.5, 6, 3, 106, 36, 0.0489978, 0.109463,13, 7, 6, 5, 3.10503, 2.9772, 1.14796, 0.015199, 11.9683
5, 6, 77.5, 6, 4, 106, 39, 0.0299906, 0.049606,7, 4, 3, 3, 2.96654, 3.05586, 1.23158, 0.012495, 11.9414
5, 6, 77.5, 6, 5, 106, 41, 0.0205263, 0.0603796,8, 4, 4, 2, 2.98841, 3.0721, 1.29265, 0.013686, 12.0533
5, 6, 77.5, 6, 6, 106, 41, 0, 0,3, 0, 3, 0, 2.9514, 3.13625, 1.26678, 0.011768, 11.735
5, 6, 77.5, 6, 7, 106, 46, 0.00980392, 0.00980392,3, 1, 2, 1, 3.14614, 3.47243, 1.4983, 0.012579, 12.6952
5, 6, 77.5, 6, 8, 106, 60, 0, 0,3, 0, 3, 0, 3.26, 4.14205, 1.81512, 0.012149, 13.9443
5, 6, 77.5, 6, 9, 106, 89, 0, 0,4, 0, 4, 0, 3.39325, 5.67176, 2.65698, 0.011437, 16.4482
5, 6, 77.5, 6, 10, 106, 35, 0.0489518, 0.0588527,10, 6, 4, 5, 3.09917, 2.78417, 1.1367, 0.013245, 11.7464
5, 6, 77.5, 6, 11, 106, 82, 0.00970874, 0.00970874,4, 1, 3, 1, 3.22863, 5.11821, 2.46221, 0.011277, 15.373
5, 6, 77.5, 6, 12, 106, 79, 0.0295757, 0.0295757,6, 3, 3, 3, 3.18509, 4.96651, 2.36674, 0.011703, 15.0445
5, 6, 77.5, 6, 13, 106, 60, 0.0387581, 0.0387581,11, 4, 7, 4, 3.15837, 4.16096, 1.82898, 0.014087, 13.6531
5, 6, 77.5, 6, 14, 106, 51, 0.0194248, 0.0194248,6, 2, 4, 2, 3.086, 3.56255, 1.5671, 0.011994, 12.5984
5, 6, 77.5, 7, 1, 132, 37, 0.0191497, 0.040772,8, 2, 6, 2, 2.97741, 2.89739, 1.49516, 0.016036, 11.8239
5, 6, 77.5, 7, 2, 132, 37, 0.00961538, 0.00961538,5, 1, 4, 1, 2.96914, 2.91494, 1.43844, 0.013181, 11.846
5, 6, 77.5, 7, 3, 132, 36, 0.029901, 0.040002,7, 3, 4, 3, 3.09288, 2.95977, 1.40421, 0.014724, 12.1822
5, 6, 77.5, 7, 4, 132, 39, 0.0195164, 0.0653655,7, 2, 5, 2, 2.97321, 3.04405, 1.51687, 0.015024, 12.1972
5, 6, 77.5, 7, 5, 132, 41, 0.0288696, 0.108268,14, 3, 11, 3, 2.98521, 3.07598, 1.59303, 0.018701, 12.4562
5, 6, 77.5, 7, 6, 132, 41, 0.0489034, 0.0696293,9, 5, 4, 5, 2.99173, 3.08938, 1.60583, 0.0178, 12.0663
5, 6, 77.5, 7, 7, 132, 46, 0.0292325, 0.0399852,6, 3, 3, 3, 3.11856, 3.38088, 1.77635, 0.014458, 12.8998
5, 6, 77.5, 7, 8, 132, 60, 0.0300123, 0.0472536,6, 3, 3, 3, 3.1536, 4.11537, 2.27532, 0.014789, 14.2271
5, 6, 77.5, 7, 9, 132, 89, 0.0335181, 0.085239,13, 3, 10, 3, 3.49341, 5.76382, 3.30961, 0.017339, 17.1997
5, 6, 77.5, 7, 10, 132, 35, 0.00961538, 0.0302427,5, 1, 4, 1, 3.00468, 2.81941, 1.38092, 0.015239, 11.8102
5, 6, 77.5, 7, 11, 132, 82, 0.0207527, 0.0451429,5, 2, 3, 2, 3.25767, 5.09592, 3.04259, 0.01527, 15.9756
5, 6, 77.5, 7, 12, 132, 79, 0.0528472, 0.0847167,10, 5, 5, 5, 3.19379, 4.96104, 2.94154, 0.017293, 15.6603
5, 6, 77.5, 7, 13, 132, 60, 0.0513001, 0.072355,8, 5, 3, 5, 3.10485, 4.11091, 2.27261, 0.015525, 13.9648
5, 6, 77.5, 7, 14, 132, 51, 0.0193241, 0.0412289,8, 2, 6, 2, 3.06133, 3.59792, 1.94029, 0.015375, 13.0021
5, 6, 77.5, 8, 1, 139, 37, 0.0305432, 0.0629232,12, 3, 9, 3, 2.98204, 2.86192, 1.52189, 0.017624, 11.8481
5, 6, 77.5, 8, 2, 139, 37, 0.0198097, 0.0198097,7, 2, 5, 2, 3.00381, 3.07326, 1.51786, 0.015265, 12.108
5, 6, 77.5, 8, 3, 139, 36, 0.0395478, 0.0693537,11, 4, 7, 4, 3.01544, 2.83338, 1.48498, 0.016673, 12.0106
5, 6, 77.5, 8, 4, 139, 39, 0.00934579, 0.0427608,10, 1, 9, 1, 2.97777, 2.98909, 1.59351, 0.017088, 12.1999
5, 6, 77.5, 8, 5, 139, 41, 0.0485066, 0.113013,15, 5, 10, 5, 3.09481, 3.06582, 1.6659, 0.018411, 12.5675
5, 6, 77.5, 8, 6, 139, 41, 0.0487716, 0.0684096,10, 5, 5, 5, 3.06091, 3.20869, 1.66353, 0.01544, 12.358
5, 6, 77.5, 8, 7, 139, 46, 0.0106383, 0.0106383,5, 1, 4, 1, 3.06062, 3.31794, 1.8591, 0.013721, 12.7224
5, 6, 77.5, 8, 8, 139, 60, 0.0315686, 0.0725729,10, 4, 6, 3, 3.27512, 3.99832, 2.37815, 0.016277, 14.2675
5, 6, 77.5, 8, 9, 139, 89, 0.0464333, 0.105214,17, 5, 12, 4, 3.39579, 5.46207, 3.47566, 0.021467, 16.9631
5, 6, 77.5, 8, 10, 139, 35, 0.00970874, 0.0205783,8, 1, 7, 1, 2.96855, 2.92499, 1.46168, 0.018401, 11.9992
5, 6, 77.5, 8, 11, 139, 82, 0.0197087, 0.06589,9, 2, 7, 2, 3.24305, 5.10039, 3.1937, 0.018651, 16.1262
5, 6, 77.5, 8, 12, 139, 79, 0.0703411, 0.125288,16, 7, 9, 7, 3.29002, 5.11661, 3.10354, 0.018395, 16.1704
5, 6, 77.5, 8, 13, 139, 60, 0.0301599, 0.06468,11, 3, 8, 3, 3.15329, 4.01241, 2.3925, 0.017674, 13.9862
5, 6, 77.5, 8, 14, 139, 51, 0.0299293, 0.0752036,11, 3, 8, 3, 3.20953, 3.75392, 2.04014, 0.018246, 13.5627
5, 6, 77.5, 9, 1, 163, 37, 0.0204614, 0.0298072,9, 2, 7, 2, 3.01151, 3.07131, 1.77668, 0.01771, 12.4718
5, 6, 77.5, 9, 2, 163, 37, 0.0103093, 0.0103093,5, 1, 4, 1, 3.04026, 2.91764, 1.76029, 0.014619, 12.2715
5, 6, 77.5, 9, 3, 163, 36, 0.0197625, 0.0404884,10, 2, 8, 2, 3.06833, 2.85184, 1.73764, 0.017705, 12.3149
5, 6, 77.5, 9, 4, 163, 39, 0, 0.0352939,9, 0, 9, 0, 3.00313, 2.96342, 1.85259, 0.01799, 12.4551
5, 6, 77.5, 9, 5, 163, 41, 0.0301971, 0.0995834,15, 3, 12, 3, 3.0331, 3.26012, 1.97837, 0.020069, 13.0319
5, 6, 77.5, 9, 6, 163, 41, 0.0405969, 0.0405969,8, 4, 4, 4, 2.98806, 3.26797, 1.93713, 0.015881, 12.5802
5, 6, 77.5, 9, 7, 163, 46, 0.0497519, 0.0690977,12, 7, 5, 5, 2.98634, 3.35283, 2.20951, 0.017204, 13.0146
5, 6, 77.5, 9, 8, 163, 60, 0.0312166, 0.0312166,7, 3, 4, 3, 3.14002, 4.04004, 2.78335, 0.016442, 14.5662
5, 6, 77.5, 9, 9, 163, 89, 0.0425417, 0.073179,10, 4, 6, 4, 3.40141, 5.43793, 4.10477, 0.018035, 17.6482
5, 6, 77.5, 9, 10, 163, 35, 0, 0.0217289,9, 0, 9, 0, 2.96069, 2.89841, 1.69625, 0.019648, 12.2038
5, 6, 77.5, 9, 11, 163, 82, 0.0204614, 0.0204614,4, 2, 2, 2, 3.34987, 5.0741, 3.74969, 0.014929, 16.8777
5, 6, 77.5, 9, 12, 163, 79, 0.0496328, 0.0789897,13, 6, 7, 5, 3.17601, 4.96517, 3.61929, 0.018781, 16.2925
5, 6, 77.5, 9, 13, 163, 60, 0.0409033, 0.0512125,9, 5, 4, 4, 3.12372, 3.97806, 2.7737, 0.016848, 14.3379
5, 6, 77.5, 9, 14, 163, 51, 0.038663, 0.048663,10, 5, 5, 4, 3.15985, 3.77014, 2.38805, 0.016667, 13.7735
5, 6, 77.5, 10, 1, 119, 37, 0.00980392, 0.00980392,5, 1, 4, 1, 3.02398, 3.02706, 1.30316, 0.012614, 11.831
5, 6, 77.5, 10, 2, 119, 37, 0, 0,2, 0, 2, 0, 2.97342, 2.9294, 1.3174, 0.011708, 11.7732
5, 6, 77.5, 10, 3, 119, 36, 0.0222087, 0.0329614,4, 2, 2, 2, 2.9961, 2.82554, 1.27307, 0.013406, 11.7279
5, 6, 77.5, 10, 4, 119, 39, 0.0208199, 0.0445099,6, 2, 4, 2, 3.11896, 3.12901, 1.37258, 0.014573, 12.3486
5, 6, 77.5, 10, 5, 119, 41, 0.0307225, 0.0848069,12, 3, 9, 3, 2.99266, 3.07864, 1.44163, 0.016081, 12.2457
5, 6, 77.5, 10, 6, 119, 41, 0.0310736, 0.0310736,6, 3, 3, 3, 3.01492, 3.07895, 1.4466, 0.01265, 11.9087
5, 6, 77.5, 10, 7, 119, 46, 0.0206735, 0.0307745,5, 2, 3, 2, 3.00149, 3.31441, 1.59226, 0.014483, 12.3743
5, 6, 77.5, 10, 8, 119, 60, 0.0303214, 0.0303214,5, 3, 2, 3, 3.20697, 4.04953, 2.06342, 0.013176, 13.9868
5, 6, 77.5, 10, 9, 119, 89, 0.0228009, 0.0321467,5, 2, 3, 2, 3.37672, 5.52744, 3.00063, 0.012885, 16.5218
5, 6, 77.5, 10, 10, 119, 35, 0.020423, 0.0396609,6, 2, 4, 2, 3.06014, 2.95695, 1.2435, 0.014018, 11.9635
5, 6, 77.5, 10, 11, 119, 82, 0.0205263, 0.0205263,5, 2, 3, 2, 3.27654, 5.24962, 2.75528, 0.012735, 15.8954
5, 6, 77.5, 10, 12, 119, 79, 0.0217494, 0.0320587,6, 2, 4, 2, 3.18466, 4.95482, 2.66215, 0.013902, 15.3266
5, 6, 77.5, 10, 13, 119, 60, 0.0412877, 0.0412877,7, 4, 3, 4, 3.0805, 4.13618, 2.05658, 0.014288, 13.7057
5, 6, 77.5, 10, 14, 119, 51, 0.0104167, 0.0203177,4, 1, 3, 1, 3.07137, 3.62179, 1.76255, 0.012685, 12.8672
5, 6, 77.5, 11, 1, 130, 37, 0, 0,3, 0, 3, 0, 2.97901, 2.85324, 1.42932, 0.012585, 11.7668
5, 6, 77.5, 11, 2, 130, 37, 0.0105263, 0.0105263,3, 1, 2, 1, 2.9753, 2.85735, 1.41707, 0.013166, 11.7714
5, 6, 77.5, 11, 3, 130, 36, 0.019434, 0.0292379,6, 2, 4, 2, 3.06085, 2.93531, 1.4117, 0.015511, 12.163
5, 6, 77.5, 11, 4, 130, 39, 0.0486661, 0.0847914,9, 5, 4, 5, 3.04445, 3.34071, 1.49021, 0.016367, 12.6257
5, 6, 77.5, 11, 5, 130, 41, 0.0394226, 0.0969025,10, 4, 6, 4, 3.01516, 3.06937, 1.56439, 0.016512, 12.4089
5, 6, 77.5, 11, 6, 130, 41, 0.0302631, 0.0302631,6, 3, 3, 3, 3.11397, 3.30687, 1.54807, 0.014644, 12.352
5, 6, 77.5, 11, 7, 130, 46, 0.0294137, 0.0294137,4, 3, 1, 3, 3.12791, 3.49112, 1.72693, 0.013636, 12.9246
5, 6, 77.5, 11, 8, 130, 60, 0.0287689, 0.0287689,5, 3, 2, 3, 3.23027, 4.21393, 2.21592, 0.015936, 14.3467
5, 6, 77.5, 11, 9, 130, 89, 0.0321835, 0.0321835,4, 3, 1, 3, 3.5007, 5.47058, 3.24707, 0.012925, 16.997
5, 6, 77.5, 11, 10, 130, 35, 0.0208424, 0.0208424,3, 2, 1, 2, 2.9933, 2.78854, 1.34794, 0.012354, 11.7617
5, 6, 77.5, 11, 11, 130, 82, 0.0190493, 0.0190493,8, 2, 6, 2, 3.28361, 5.30944, 2.99621, 0.014553, 16.2505
5, 6, 77.5, 11, 12, 130, 79, 0.0387818, 0.0387818,8, 4, 4, 4, 3.19446, 4.95755, 2.90024, 0.014698, 15.6255
5, 6, 77.5, 11, 13, 130, 60, 0.0490616, 0.0584956,10, 6, 4, 5, 3.10282, 4.14834, 2.23964, 0.014949, 13.9333
5, 6, 77.5, 11, 14, 130, 51, 0.0283934, 0.0283934,6, 3, 3, 3, 3.12991, 3.55098, 1.93428, 0.014889, 12.9888
5, 6, 77.5, 12, 1, 140, 37, 0.0186916, 0.0186916,7, 2, 5, 2, 3.04376, 2.8933, 1.53126, 0.014679, 12.0383
5, 6, 77.5, 12, 2, 140, 37, 0.00943396, 0.00943396,2, 1, 1, 1, 2.97452, 2.87808, 1.53317, 0.013186, 11.9377
5, 6, 77.5, 12, 3, 140, 36, 0.019335, 0.0388476,6, 2, 4, 2, 3.11433, 2.98465, 1.48376, 0.015004, 12.3722
5, 6, 77.5, 12, 4, 140, 39, 0.038893, 0.0621892,8, 4, 4, 4, 2.96617, 2.98855, 1.60196, 0.014834, 12.2113
5, 6, 77.5, 12, 5, 140, 41, 0.0315684, 0.0745777,9, 4, 5, 3, 3.07931, 3.1596, 1.67583, 0.016437, 12.7222
5, 6, 77.5, 12, 6, 140, 41, 0.0311776, 0.0311776,6, 3, 3, 3, 2.97984, 3.11612, 1.69309, 0.014554, 12.2154
5, 6, 77.5, 12, 7, 140, 46, 0.0299807, 0.0299807,4, 3, 1, 3, 3.07175, 3.30602, 1.88306, 0.01301, 12.7007
5, 6, 77.5, 12, 8, 140, 60, 0.0104167, 0.0104167,2, 1, 1, 1, 3.18548, 4.00805, 2.39353, 0.013011, 14.2155
5, 6, 77.5, 12, 9, 140, 89, 0.0428703, 0.0428703,7, 4, 3, 4, 3.46447, 5.53072, 3.53054, 0.014197, 17.2566
5, 6, 77.5, 12, 10, 140, 35, 0.0400947, 0.0687682,8, 4, 4, 4, 2.97382, 2.82242, 1.46816, 0.015354, 11.9055
5, 6, 77.5, 12, 11, 140, 82, 0.0190476, 0.0190476,5, 2, 3, 2, 3.28662, 5.13405, 3.22781, 0.014258, 16.3918
5, 6, 77.5, 12, 12, 140, 79, 0.0498912, 0.0498912,10, 5, 5, 5, 3.19514, 5.20909, 3.13063, 0.015194, 16.0838
5, 6, 77.5, 12, 13, 140, 60, 0.0510497, 0.0510497,11, 5, 6, 5, 3.12032, 4.01109, 2.38953, 0.016182, 14.002
5, 6, 77.5, 12, 14, 140, 51, 0.0308589, 0.0308589,4, 3, 1, 3, 3.18557, 3.59335, 2.06364, 0.013261, 13.2109
5, 6, 77.5, 13, 1, 95, 37, 0.00980392, 0.0194193,4, 1, 3, 1, 2.96674, 2.8722, 1.05672, 0.011788, 11.382
5, 6, 77.5, 13, 2, 95, 37, 0.00970874, 0.00970874,2, 1, 1, 1, 2.97391, 2.91393, 1.05421, 0.01015, 11.546
5, 6, 77.5, 13, 3, 95, 36, 0.0196097, 0.0290437,5, 2, 3, 2, 3.00499, 2.96955, 1.04121, 0.012825, 11.6902
5, 6, 77.5, 13, 4, 95, 39, 0.0392788, 0.0631799,9, 5, 4, 4, 2.98132, 2.94752, 1.1322, 0.014424, 11.8434
5, 6, 77.5, 13, 5, 95, 41, 0.0242297, 0.0663553,9, 5, 4, 2, 2.96466, 3.08258, 1.1775, 0.014032, 11.9572
5, 6, 77.5, 13, 6, 95, 41, 0.00990099, 0.00990099,4, 1, 3, 1, 2.97601, 3.19457, 1.19101, 0.010886, 11.7813
5, 6, 77.5, 13, 7, 95, 46, 0, 0,1, 0, 1, 0, 3.07033, 3.35776, 1.30033, 0.011282, 12.2181
5, 6, 77.5, 13, 8, 95, 60, 0.0189578, 0.0189578,4, 2, 2, 2, 3.1494, 4.0595, 1.6419, 0.011242, 13.4789
5, 6, 77.5, 13, 9, 95, 89, 0.0190545, 0.0285783,5, 2, 3, 2, 3.38479, 5.8157, 2.79087, 0.032038, 16.6561
5, 6, 77.5, 13, 10, 95, 35, 0.0193458, 0.0193458,3, 2, 1, 2, 3.38878, 3.29718, 1.12777, 0.01055, 13.0599
5, 6, 77.5, 13, 11, 95, 82, 0.00934579, 0.0290507,9, 1, 8, 1, 3.49576, 5.28885, 2.21392, 0.014132, 15.8013
5, 6, 77.5, 13, 12, 95, 79, 0.0381256, 0.0474713,9, 4, 5, 4, 3.26817, 5.29564, 2.3685, 0.013136, 15.5892
5, 6, 77.5, 13, 13, 95, 60, 0.0198195, 0.0298195,7, 2, 5, 2, 3.25198, 4.06152, 1.65324, 0.014493, 13.5107
5, 6, 77.5, 13, 14, 95, 51, 0.00943396, 0.00943396,2, 1, 1, 1, 3.2287, 3.71664, 1.42946, 0.011382, 12.9803
5, 6, 77.5, 14, 1, 123, 37, 0.010101, 0.0196248,4, 1, 3, 1, 3.06045, 2.84336, 1.35523, 0.01282, 11.8627
5, 6, 77.5, 14, 2, 123, 37, 0.0195238, 0.0195238,5, 2, 3, 2, 3.10065, 3.03772, 1.3637, 0.012925, 12.1304
5, 6, 77.5, 14, 3, 123, 36, 0.0388479, 0.0487489,5, 4, 1, 4, 3.00603, 2.80731, 1.3103, 0.012454, 11.8215
5, 6, 77.5, 14, 4, 123, 39, 0.0770441, 0.11137,14, 8, 6, 8, 2.97252, 3.15485, 1.42307, 0.016553, 12.2123
5, 6, 77.5, 14, 5, 123, 41, 0.0246108, 0.0577364,9, 4, 5, 2, 2.9902, 3.06445, 1.4936, 0.013776, 12.2631
5, 6, 77.5, 14, 6, 123, 41, 0, 0,6, 0, 6, 0, 2.98845, 3.11572, 1.52197, 0.015014, 12.0618
5, 6, 77.5, 14, 7, 123, 46, 0.0199603, 0.0199603,4, 2, 2, 2, 2.99304, 3.31253, 1.64277, 0.01286, 12.4723
5, 6, 77.5, 14, 8, 123, 60, 0.019901, 0.019901,3, 2, 1, 2, 3.14187, 4.00531, 2.11827, 0.012415, 13.8439
5, 6, 77.5, 14, 9, 123, 89, 0.0102041, 0.020008,5, 1, 4, 1, 3.38252, 5.57801, 3.06488, 0.01529, 16.6274
5, 6, 77.5, 14, 10, 123, 35, 0.0300372, 0.0489068,5, 3, 2, 3, 2.97877, 2.93818, 1.31722, 0.014358, 11.8999
5, 6, 77.5, 14, 11, 123, 82, 0.00943396, 0.0191427,8, 1, 7, 1, 3.28027, 5.37577, 2.84724, 0.01812, 16.1997
5, 6, 77.5, 14, 12, 123, 79, 0.0384793, 0.0479133,11, 4, 7, 4, 3.23349, 5.20146, 2.7181, 0.01546, 15.8439
5, 6, 77.5, 14, 13, 123, 60, 0.0307706, 0.0401163,7, 3, 4, 3, 3.15657, 4.1968, 2.12517, 0.014488, 14.0402
5, 6, 77.5, 14, 14, 123, 51, 0, 0,3, 0, 3, 0, 3.23242, 3.76615, 1.81744, 0.012449, 13.3292
5, 6, 77.5, 15, 1, 147, 37, 0.0411742, 0.0519269,8, 4, 4, 4, 3.17036, 2.98932, 1.59629, 0.017234, 12.3062
5, 6, 77.5, 15, 2, 147, 37, 0, 0,3, 0, 3, 0, 3.05383, 3.07288, 1.61114, 0.031424, 12.4196
5, 6, 77.5, 15, 3, 147, 36, 0.0307434, 0.0521834,9, 3, 6, 3, 3.03586, 2.85112, 1.56802, 0.016582, 12.1145
5, 6, 77.5, 15, 4, 147, 39, 0.0192325, 0.0541111,9, 2, 7, 2, 2.97576, 2.98235, 1.69169, 0.017353, 12.3067
5, 6, 77.5, 15, 5, 147, 41, 0.0310619, 0.109873,14, 3, 11, 3, 2.97667, 3.26423, 1.77342, 0.019964, 12.726
5, 6, 77.5, 15, 6, 147, 41, 0.0491799, 0.0491799,11, 5, 6, 5, 3.01102, 3.06515, 1.79711, 0.016002, 12.2669
5, 6, 77.5, 15, 7, 147, 46, 0.041393, 0.0606398,8, 6, 2, 4, 2.99552, 3.38705, 1.95506, 0.0153, 12.7804
5, 6, 77.5, 15, 8, 147, 60, 0.0618191, 0.0721284,7, 7, 0, 6, 3.12598, 4.01382, 2.5177, 0.013276, 14.2711
5, 6, 77.5, 15, 9, 147, 89, 0.0562884, 0.0660923,8, 6, 2, 5, 3.47042, 5.43627, 3.66709, 0.01559, 17.2809
5, 6, 77.5, 15, 10, 147, 35, 0.0312982, 0.0515188,8, 3, 5, 3, 2.99562, 2.79464, 1.52045, 0.016361, 12.0395
5, 6, 77.5, 15, 11, 147, 82, 0.0493542, 0.0493542,8, 5, 3, 5, 3.23204, 5.09298, 3.39095, 0.0154, 16.3773
5, 6, 77.5, 15, 12, 147, 79, 0.0522273, 0.0710969,12, 6, 6, 5, 3.16646, 5.12549, 3.27691, 0.018536, 16.0974
5, 6, 77.5, 15, 13, 147, 60, 0.0616965, 0.0820142,14, 7, 7, 6, 3.08943, 4.21795, 2.52869, 0.0178, 14.2651
5, 6, 77.5, 15, 14, 147, 51, 0.0517453, 0.0615492,10, 5, 5, 5, 3.12985, 3.83891, 2.16478, 0.017479, 13.611
