5, 5, 75, 2, 1, 131, 122, 4.38318, 5.52109,237, 200, 37, 115, 4.0175, 3.68398, 4.76551, 0.096097, 17.0334
5, 5, 75, 3, 1, 127, 122, 2.39922, 3.49995,219, 184, 35, 98, 5.16771, 3.96314, 4.4556, 0.063319, 21.314
5, 5, 75, 3, 2, 127, 131, 4.14557, 5.46296,247, 204, 43, 104, 3.66639, 3.79689, 4.77864, 0.068854, 16.6285
5, 5, 75, 4, 1, 141, 122, 1.67373, 2.52201,202, 163, 39, 97, 3.6353, 3.59876, 4.91217, 0.059265, 17.5606
5, 5, 75, 4, 2, 141, 131, 2.51083, 3.6944,244, 195, 49, 108, 3.65315, 3.77675, 5.21252, 0.070197, 17.0466
5, 5, 75, 4, 3, 141, 127, 3.68531, 5.16769,272, 231, 41, 115, 3.5667, 3.71392, 5.16403, 0.073944, 16.7432
5, 5, 75, 5, 1, 150, 122, 1.45645, 2.19732,188, 164, 24, 101, 3.66359, 3.68482, 5.2131, 0.056355, 17.1257
5, 5, 75, 5, 2, 150, 131, 2.02765, 3.07814,232, 192, 40, 112, 4.0549, 3.77847, 5.52545, 0.067281, 20.5628
5, 5, 75, 5, 3, 150, 127, 2.68761, 3.85148,243, 204, 39, 116, 3.56834, 3.72263, 5.4947, 0.070142, 17.1013
5, 5, 75, 5, 4, 150, 141, 4.93322, 6.43729,286, 239, 47, 129, 3.57653, 3.96813, 6.0542, 0.078112, 20.7565
5, 5, 75, 6, 1, 111, 122, 2.22226, 2.92758,173, 153, 20, 94, 4.26096, 3.59674, 3.84288, 0.047763, 19.0444
5, 5, 75, 6, 2, 111, 131, 1.69003, 2.45328,177, 146, 31, 88, 3.69861, 3.79822, 4.17534, 0.053008, 16.8264
5, 5, 75, 6, 3, 111, 127, 1.2168, 1.87567,156, 133, 23, 79, 4.48668, 3.81029, 4.04396, 0.047603, 19.4838
5, 5, 75, 6, 4, 111, 141, 0.79968, 1.44122,146, 99, 47, 66, 3.61672, 3.97984, 4.39603, 0.050398, 18.2683
5, 5, 75, 6, 5, 111, 150, 0.241783, 0.908617,143, 33, 110, 26, 3.76382, 4.15256, 4.73437, 0.060638, 17.1807
5, 5, 75, 7, 1, 141, 122, 0.380279, 0.683969,89, 59, 30, 40, 5.98572, 3.60433, 4.84246, 0.038525, 21.7422
5, 5, 75, 7, 2, 141, 131, 0.69916, 1.08709,118, 90, 28, 65, 3.67715, 3.79499, 5.20874, 0.042568, 18.5553
5, 5, 75, 7, 3, 141, 127, 0.993091, 1.54266,149, 134, 15, 84, 3.59712, 3.70565, 5.09977, 0.047598, 16.7828
5, 5, 75, 7, 4, 141, 141, 1.48616, 2.35306,191, 171, 20, 95, 3.5899, 3.9997, 5.55218, 0.056099, 19.8767
5, 5, 75, 7, 5, 141, 150, 1.75699, 2.69238,214, 191, 23, 106, 3.63204, 4.14309, 6.0108, 0.058725, 19.2861
5, 5, 75, 7, 6, 141, 111, 0.166429, 0.363744,63, 25, 38, 19, 3.69279, 3.35751, 4.3204, 0.033015, 18.635
5, 5, 75, 8, 1, 148, 122, 0.696265, 1.0537,110, 93, 17, 63, 3.66457, 3.68998, 5.04561, 0.044607, 16.9105
5, 5, 75, 8, 2, 148, 131, 0.957935, 1.52027,150, 122, 28, 77, 3.66702, 3.86346, 5.38856, 0.04906, 17.3692
5, 5, 75, 8, 3, 148, 127, 1.22123, 1.93776,175, 145, 30, 90, 3.59521, 3.69963, 5.35342, 0.055128, 17.1096
5, 5, 75, 8, 4, 148, 141, 1.79058, 2.94519,228, 192, 36, 103, 3.59444, 4.0118, 5.83529, 0.067006, 19.9439
5, 5, 75, 8, 5, 148, 150, 1.90811, 3.09201,243, 211, 32, 110, 3.64881, 4.1716, 6.3039, 0.067803, 18.6349
5, 5, 75, 8, 6, 148, 111, 0.24078, 0.489419,78, 35, 43, 27, 3.62859, 3.37309, 4.63127, 0.037698, 17.4193
5, 5, 75, 8, 7, 148, 141, 4.91298, 6.46679,307, 275, 32, 139, 3.62656, 4.01482, 5.90134, 0.078208, 19.1978
5, 5, 75, 9, 1, 175, 122, 1.01236, 1.52399,152, 125, 27, 83, 3.62699, 3.60966, 5.94339, 0.051731, 20.511
5, 5, 75, 9, 2, 175, 131, 1.30678, 2.05686,184, 153, 31, 95, 3.77092, 3.99521, 6.421, 0.063113, 18.7417
5, 5, 75, 9, 3, 175, 127, 1.68577, 2.6925,226, 191, 35, 116, 3.57595, 3.72476, 6.21798, 0.066274, 17.8498
5, 5, 75, 9, 4, 175, 141, 2.12188, 3.5436,276, 237, 39, 122, 3.60283, 3.98085, 6.90494, 0.07696, 21.4055
5, 5, 75, 9, 5, 175, 150, 1.96514, 3.27357,276, 241, 35, 133, 3.97911, 4.35933, 7.32113, 0.077205, 21.1676
5, 5, 75, 9, 6, 175, 111, 0.430016, 0.798539,99, 55, 44, 45, 3.64026, 3.62499, 5.39782, 0.047152, 17.6029
5, 5, 75, 9, 7, 175, 141, 3.74295, 5.15515,311, 287, 24, 154, 3.60445, 3.97805, 7.03128, 0.080156, 20.496
5, 5, 75, 9, 8, 175, 148, 5.41713, 7.43089,373, 327, 46, 158, 3.6602, 4.1132, 7.38647, 0.098167, 20.6096
5, 5, 75, 10, 1, 130, 122, 1.37089, 1.9265,137, 112, 25, 74, 3.64611, 3.61274, 4.51065, 0.044753, 16.8457
5, 5, 75, 10, 2, 130, 131, 1.47043, 2.06175,147, 125, 22, 82, 3.96187, 3.7911, 4.83938, 0.046029, 17.7665
5, 5, 75, 10, 3, 130, 127, 1.16607, 1.76346,148, 120, 28, 77, 3.59221, 3.68392, 4.6993, 0.04856, 16.5433
5, 5, 75, 10, 4, 130, 141, 0.917584, 1.47996,143, 103, 40, 73, 3.58946, 3.95781, 5.20778, 0.05121, 17.1974
5, 5, 75, 10, 5, 130, 150, 0.843383, 1.38869,141, 109, 32, 72, 3.72319, 4.18657, 5.39686, 0.047999, 19.5273
5, 5, 75, 10, 6, 130, 111, 0.878232, 1.31589,119, 100, 19, 66, 3.62839, 3.37208, 4.11527, 0.041676, 17.4303
5, 5, 75, 10, 7, 130, 141, 1.39343, 1.9708,169, 147, 22, 96, 3.62326, 4.03711, 5.20959, 0.050534, 19.6869
5, 5, 75, 10, 8, 130, 148, 1.68485, 2.42471,183, 162, 21, 98, 3.71374, 4.09558, 5.48942, 0.055037, 17.8625
5, 5, 75, 10, 9, 130, 175, 2.45421, 3.69185,245, 213, 32, 112, 3.71424, 4.73458, 6.43978, 0.067206, 20.0604
5, 5, 75, 11, 1, 135, 122, 1.67548, 2.23106,148, 122, 26, 82, 3.64353, 3.59198, 4.6878, 0.046601, 16.3724
5, 5, 75, 11, 2, 135, 131, 1.39762, 2.03195,157, 128, 29, 83, 3.66715, 3.75789, 5.02954, 0.049266, 19.5148
5, 5, 75, 11, 3, 135, 127, 1.04562, 1.57716,140, 102, 38, 74, 3.57157, 3.68447, 4.87328, 0.047528, 16.4534
5, 5, 75, 11, 4, 135, 141, 0.859919, 1.36602,134, 96, 38, 70, 3.60274, 3.94676, 5.37233, 0.047874, 17.3302
5, 5, 75, 11, 5, 135, 150, 0.756168, 1.21049,126, 93, 33, 68, 3.63499, 4.14901, 5.69001, 0.044988, 19.1904
5, 5, 75, 11, 6, 135, 111, 1.13872, 1.75915,153, 123, 30, 75, 3.63205, 3.34696, 4.28725, 0.048595, 18.3312
5, 5, 75, 11, 7, 135, 141, 1.07178, 1.46989,140, 114, 26, 88, 3.60462, 3.97387, 5.29598, 0.0461, 19.5754
5, 5, 75, 11, 8, 135, 148, 1.25296, 1.77854,152, 127, 25, 89, 3.62129, 4.08439, 5.63831, 0.047893, 18.9701
5, 5, 75, 11, 9, 135, 175, 1.76636, 2.68697,203, 171, 32, 100, 3.74351, 4.68058, 6.59103, 0.062747, 19.5627
5, 5, 75, 11, 10, 135, 130, 3.86671, 4.75118,207, 176, 31, 110, 3.60685, 3.76614, 5.01951, 0.058273, 19.5318
5, 5, 75, 12, 1, 146, 122, 1.53614, 2.14318,162, 133, 29, 88, 3.66894, 3.59877, 4.9852, 0.05123, 19.612
5, 5, 75, 12, 2, 146, 131, 1.32148, 1.91446,163, 132, 31, 91, 3.67747, 3.78584, 5.44132, 0.052156, 17.2681
5, 5, 75, 12, 3, 146, 127, 0.937679, 1.47856,146, 109, 37, 76, 3.81602, 3.8351, 5.24815, 0.049677, 19.977
5, 5, 75, 12, 4, 146, 141, 0.842269, 1.38896,154, 105, 49, 76, 3.58931, 3.96517, 5.80697, 0.053119, 19.6497
5, 5, 75, 12, 5, 146, 150, 0.679554, 1.07679,118, 92, 26, 65, 3.64239, 4.13578, 6.08591, 0.044763, 19.685
5, 5, 75, 12, 6, 146, 111, 1.58826, 2.23184,170, 142, 28, 91, 3.71502, 3.54537, 4.64328, 0.057953, 16.4876
5, 5, 75, 12, 7, 146, 141, 0.457649, 0.912787,149, 59, 90, 45, 3.71259, 4.02895, 5.734, 0.059566, 18.0507
5, 5, 75, 12, 8, 146, 148, 1.20283, 1.74365,166, 136, 30, 95, 3.62625, 4.1098, 6.09626, 0.052507, 18.2906
5, 5, 75, 12, 9, 146, 175, 1.59242, 2.44501,205, 170, 35, 107, 3.76106, 4.67837, 7.07956, 0.063529, 21.1173
5, 5, 75, 12, 10, 146, 130, 2.97573, 3.80191,208, 180, 28, 115, 3.61115, 3.74281, 5.40997, 0.059146, 17.0994
5, 5, 75, 12, 11, 146, 135, 5.67931, 6.72303,244, 208, 36, 129, 3.71552, 3.92928, 5.63011, 0.067211, 17.7138
5, 5, 75, 13, 1, 101, 122, 0.8749, 1.2872,115, 89, 26, 65, 3.6705, 3.55576, 3.46625, 0.039557, 16.4337
5, 5, 75, 13, 2, 101, 131, 0.711698, 1.07609,107, 80, 27, 61, 3.7656, 4.04116, 3.72634, 0.041666, 17.651
5, 5, 75, 13, 3, 101, 127, 0.540056, 0.819668,89, 66, 23, 50, 3.56708, 3.66592, 3.58813, 0.031902, 15.079
5, 5, 75, 13, 4, 101, 141, 0.30011, 0.618265,92, 43, 49, 30, 3.59832, 3.95712, 3.97133, 0.03848, 15.9597
5, 5, 75, 13, 5, 101, 150, 0.123635, 0.338962,67, 13, 54, 13, 3.63642, 4.1272, 4.19116, 0.032343, 18.2881
5, 5, 75, 13, 6, 101, 111, 1.24947, 1.80996,134, 115, 19, 69, 3.62342, 3.39486, 3.17587, 0.04068, 15.4658
5, 5, 75, 13, 7, 101, 141, 0.134955, 0.273886,71, 17, 54, 15, 3.68053, 3.94644, 4.01707, 0.032774, 17.2261
5, 5, 75, 13, 8, 101, 148, 0.145764, 0.367199,87, 18, 69, 16, 3.62371, 4.11484, 4.15396, 0.037298, 17.0706
5, 5, 75, 13, 9, 101, 175, 0.192961, 0.633725,113, 32, 81, 21, 3.70754, 4.68097, 4.88342, 0.046821, 17.7046
5, 5, 75, 13, 10, 101, 130, 1.06549, 1.5265,127, 102, 25, 69, 3.61132, 3.7464, 3.69102, 0.040203, 16.198
5, 5, 75, 13, 11, 101, 135, 1.55763, 2.2324,161, 129, 32, 80, 3.72191, 3.88804, 3.85525, 0.048915, 16.7685
5, 5, 75, 13, 12, 101, 146, 2.10119, 2.85783,173, 145, 28, 88, 3.76046, 4.0554, 4.15618, 0.050719, 16.4288
5, 5, 75, 14, 1, 131, 122, 1.14228, 1.67393,147, 116, 31, 79, 3.62919, 3.62266, 4.55163, 0.046776, 16.5676
5, 5, 75, 14, 2, 131, 131, 0.98264, 1.46305,139, 104, 35, 78, 4.14965, 3.79688, 4.86482, 0.047097, 20.0803
5, 5, 75, 14, 3, 131, 127, 0.742103, 1.16829,123, 89, 34, 66, 3.62804, 3.6751, 4.71597, 0.043625, 16.3036
5, 5, 75, 14, 4, 131, 141, 0.602372, 0.960865,114, 79, 35, 57, 3.60755, 3.96574, 5.21999, 0.042954, 17.7504
5, 5, 75, 14, 5, 131, 150, 0.424367, 0.755305,102, 63, 39, 45, 3.63992, 4.19951, 5.51413, 0.041566, 17.7751
5, 5, 75, 14, 6, 131, 111, 1.67057, 2.4082,166, 140, 26, 84, 3.78205, 3.35926, 4.1815, 0.051536, 18.5951
5, 5, 75, 14, 7, 131, 141, 0.19425, 0.415682,110, 24, 86, 23, 3.6236, 3.93978, 5.40771, 0.047753, 17.4637
5, 5, 75, 14, 8, 131, 148, 0.303838, 0.694373,130, 42, 88, 33, 3.74506, 4.42304, 5.39267, 0.053915, 18.252
5, 5, 75, 14, 9, 131, 175, 0.898585, 1.56143,173, 117, 56, 79, 3.7482, 4.79203, 6.46282, 0.057231, 19.5005
5, 5, 75, 14, 10, 131, 130, 1.75193, 2.4616,187, 159, 28, 101, 3.62537, 3.79649, 4.79351, 0.055558, 16.6739
5, 5, 75, 14, 11, 131, 135, 2.52467, 3.47103,221, 181, 40, 109, 3.70303, 3.84295, 4.99083, 0.062827, 16.967
5, 5, 75, 14, 12, 131, 146, 3.58394, 4.77075,248, 211, 37, 114, 3.76785, 4.10508, 5.37649, 0.067912, 19.7037
5, 5, 75, 14, 13, 131, 101, 3.76698, 4.54136,187, 168, 19, 102, 3.59432, 3.15744, 3.7716, 0.052572, 14.9534
5, 5, 75, 15, 1, 153, 122, 1.17459, 1.68051,146, 125, 21, 82, 3.74604, 3.55777, 5.20714, 0.048204, 17.1137
5, 5, 75, 15, 2, 153, 131, 1.48683, 2.22672,179, 145, 34, 92, 3.69553, 3.72371, 5.61029, 0.057182, 19.8859
5, 5, 75, 15, 3, 153, 127, 1.66436, 2.47862,191, 159, 32, 102, 3.56388, 3.66909, 5.42894, 0.05648, 18.8913
5, 5, 75, 15, 4, 153, 141, 1.63729, 2.71733,225, 182, 43, 106, 3.60205, 3.94264, 6.14489, 0.067111, 18.7413
5, 5, 75, 15, 5, 153, 150, 1.35809, 2.30777,210, 158, 52, 97, 3.93646, 4.126, 6.51668, 0.067712, 21.9187
5, 5, 75, 15, 6, 153, 111, 0.672295, 1.21045,125, 82, 43, 63, 3.63784, 3.60053, 4.75286, 0.049451, 16.4785
5, 5, 75, 15, 7, 153, 141, 2.41368, 3.4467,245, 221, 24, 126, 4.33878, 3.94581, 6.1493, 0.065698, 21.7777
5, 5, 75, 15, 8, 153, 148, 3.16319, 4.57826,278, 242, 36, 124, 3.73954, 4.12475, 6.33939, 0.076068, 18.9004
5, 5, 75, 15, 9, 153, 175, 4.93078, 6.87764,334, 289, 45, 135, 3.72804, 4.63783, 7.47647, 0.086048, 20.5712
5, 5, 75, 15, 10, 153, 130, 3.69281, 4.53517,219, 193, 26, 123, 3.70465, 3.89221, 5.56042, 0.062738, 19.5019
5, 5, 75, 15, 11, 153, 135, 2.51447, 3.35759,210, 175, 35, 112, 3.75144, 3.91941, 5.78495, 0.063339, 20.7776
5, 5, 75, 15, 12, 153, 146, 2.01754, 2.86145,206, 175, 31, 107, 3.84277, 4.11934, 6.231, 0.063579, 21.6757
5, 5, 75, 15, 13, 153, 101, 0.671556, 1.08006,126, 80, 46, 60, 3.69311, 3.11837, 4.40379, 0.047608, 15.7027
5, 5, 75, 15, 14, 153, 131, 1.32903, 2.0068,181, 147, 34, 94, 3.71861, 3.8421, 5.61684, 0.062627, 20.1463
6, 6, 75, 2, 1, 42, 37, 1.45922, 1.60193,53, 48, 5, 37, 2.99121, 1.85366, 0.542172, 0.017369, 9.69113
6, 6, 75, 3, 1, 39, 37, 0.614754, 0.848974,59, 35, 24, 28, 2.96472, 1.8359, 0.512168, 0.023351, 9.61618
6, 6, 75, 3, 2, 39, 42, 0.739284, 1.10449,68, 45, 23, 29, 2.98546, 1.93891, 0.589002, 0.043217, 11.5445
6, 6, 75, 4, 1, 39, 37, 0.416304, 0.584623,46, 32, 14, 24, 2.9664, 1.83132, 0.502971, 0.018912, 11.6634
6, 6, 75, 4, 2, 39, 42, 0.479988, 0.815001,64, 42, 22, 25, 2.99586, 1.92464, 0.580507, 0.024753, 10.9827
6, 6, 75, 4, 3, 39, 39, 0.870646, 1.43523,91, 56, 35, 30, 3.00689, 1.88553, 0.584655, 0.033606, 10.0017
6, 6, 75, 5, 1, 43, 37, 0.320903, 0.527147,53, 27, 26, 22, 2.9657, 1.86026, 0.576562, 0.022494, 9.7917
6, 6, 75, 5, 2, 43, 42, 0.383509, 0.738363,69, 45, 24, 25, 3.02793, 1.9119, 0.616688, 0.025344, 10.061
6, 6, 75, 5, 3, 43, 39, 0.661577, 1.4247,118, 57, 61, 30, 3.48932, 1.86826, 0.632352, 0.043835, 13.4846
6, 6, 75, 5, 4, 43, 39, 1.10395, 2.00865,133, 68, 65, 37, 2.99513, 1.88182, 0.632794, 0.048113, 10.6536
6, 6, 75, 6, 1, 44, 37, 0.934988, 1.21925,61, 52, 9, 33, 2.98102, 1.83475, 0.589392, 0.019624, 11.2207
6, 6, 75, 6, 2, 44, 42, 0.69284, 0.943095,58, 52, 6, 32, 2.98626, 1.94241, 0.626712, 0.019388, 11.8702
6, 6, 75, 6, 3, 44, 39, 0.30857, 0.517131,49, 29, 20, 19, 3.02206, 1.87468, 0.600355, 0.019318, 9.99465
6, 6, 75, 6, 4, 44, 39, 0.202062, 0.332538,34, 22, 12, 15, 2.97638, 1.87052, 0.569776, 0.016793, 10.3014
6, 6, 75, 6, 5, 44, 43, 0.0342453, 0.281804,46, 6, 40, 4, 3.06257, 1.95578, 0.630133, 0.024753, 12.7066
6, 6, 75, 7, 1, 51, 37, 0.608091, 0.831976,56, 42, 14, 30, 4.40403, 1.85626, 0.65419, 0.021271, 14.0526
6, 6, 75, 7, 2, 51, 42, 0.500748, 0.700051,52, 44, 8, 30, 4.95775, 1.92613, 0.717584, 0.020695, 14.8298
6, 6, 75, 7, 3, 51, 39, 0.136393, 0.301769,36, 16, 20, 10, 3.0313, 1.88365, 0.643108, 0.018707, 10.0957
6, 6, 75, 7, 4, 51, 39, 0.0345193, 0.158568,30, 4, 26, 4, 2.98738, 1.89044, 0.643579, 0.017464, 10.0254
6, 6, 75, 7, 5, 51, 43, 0.0175926, 0.199174,34, 4, 30, 2, 2.98225, 1.96141, 0.726791, 0.020686, 11.0227
6, 6, 75, 7, 6, 51, 44, 1.19392, 1.66089,89, 71, 18, 39, 2.98704, 1.95625, 0.7772, 0.027594, 11.0505
6, 6, 75, 8, 1, 65, 37, 0.43055, 0.633337,55, 46, 9, 30, 3.05869, 1.97007, 0.780352, 0.022329, 10.4473
6, 6, 75, 8, 2, 65, 42, 0.187859, 0.405674,54, 29, 25, 18, 2.98507, 1.94274, 0.881766, 0.022544, 12.1604
6, 6, 75, 8, 3, 65, 39, 0.0594619, 0.200422,27, 9, 18, 7, 3.02428, 1.88733, 0.821082, 0.018801, 10.3241
6, 6, 75, 8, 4, 65, 39, 0.0337431, 0.10681,18, 4, 14, 4, 3.02925, 1.96423, 0.793863, 0.014874, 11.8308
6, 6, 75, 8, 5, 65, 43, 0.0417578, 0.151667,25, 8, 17, 5, 4.13934, 1.98423, 0.861985, 0.017248, 14.4618
6, 6, 75, 8, 6, 65, 44, 0.787093, 1.26914,97, 85, 12, 45, 3.01334, 2.06055, 0.932538, 0.030104, 11.8037
6, 6, 75, 8, 7, 65, 51, 1.26593, 1.89893,124, 113, 11, 55, 3.59119, 2.16103, 1.07413, 0.037408, 14.0103
6, 6, 75, 9, 1, 94, 37, 0.115375, 0.261498,46, 16, 30, 12, 3.0482, 1.80297, 1.08082, 0.024317, 10.3587
6, 6, 75, 9, 2, 94, 42, 0.053967, 0.240167,45, 8, 37, 6, 2.99623, 1.93681, 1.20376, 0.02544, 10.5924
6, 6, 75, 9, 3, 94, 39, 0.023626, 0.0661347,16, 3, 13, 3, 3.03273, 1.84932, 1.0909, 0.017209, 11.964
6, 6, 75, 9, 4, 94, 39, 0.00775194, 0.015626,8, 1, 7, 1, 2.97169, 1.88271, 1.086, 0.012564, 12.3742
6, 6, 75, 9, 5, 94, 43, 0.0501305, 0.0852772,14, 6, 8, 6, 2.98625, 1.95429, 1.20542, 0.013221, 12.6061
6, 6, 75, 9, 6, 94, 44, 0.609863, 1.00154,91, 77, 14, 45, 2.98082, 1.9778, 1.31543, 0.032698, 13.0251
6, 6, 75, 9, 7, 94, 51, 0.934008, 1.48414,122, 109, 13, 58, 3.01654, 2.12203, 1.49639, 0.037613, 11.1481
6, 6, 75, 9, 8, 94, 65, 1.8669, 3.40669,235, 199, 36, 68, 3.1501, 2.40777, 1.93156, 0.065698, 12.2809
6, 6, 75, 10, 1, 37, 37, 0.497299, 0.631789,42, 29, 13, 23, 2.98306, 1.90316, 0.49863, 0.017855, 9.80862
6, 6, 75, 10, 2, 37, 42, 0.585013, 0.865415,54, 38, 16, 23, 2.987, 1.92411, 0.545433, 0.021076, 11.7875
6, 6, 75, 10, 3, 37, 39, 1.46828, 2.04496,92, 56, 36, 34, 4.95396, 1.86495, 0.541495, 0.032899, 14.7965
6, 6, 75, 10, 4, 37, 39, 1.11526, 1.63313,87, 54, 33, 33, 2.98698, 1.86257, 0.531932, 0.031396, 11.0783
6, 6, 75, 10, 5, 37, 43, 0.776084, 1.46729,103, 55, 48, 29, 3.012, 1.93324, 0.581769, 0.039432, 11.327
6, 6, 75, 10, 6, 37, 44, 0.268509, 0.430034,38, 26, 12, 17, 2.98356, 2.06126, 0.543971, 0.017394, 11.702
6, 6, 75, 10, 7, 37, 51, 0.0751764, 0.193074,28, 10, 18, 7, 3.02059, 2.11406, 0.609563, 0.017174, 10.356
6, 6, 75, 10, 8, 37, 65, 0.0265249, 0.0796131,20, 3, 17, 3, 3.16035, 2.37001, 0.74125, 0.014659, 12.1108
6, 6, 75, 10, 9, 37, 94, 0.0159426, 0.0330416,11, 2, 9, 2, 3.40053, 2.99503, 1.02536, 0.01021, 12.7155
6, 6, 75, 11, 1, 84, 37, 0.359169, 0.657104,72, 53, 19, 34, 2.99466, 2.02906, 0.99668, 0.028009, 10.4269
6, 6, 75, 11, 2, 84, 42, 0.249642, 0.377908,47, 33, 14, 25, 3.10286, 1.91487, 1.07891, 0.022699, 11.3266
6, 6, 75, 11, 3, 84, 39, 0.0653725, 0.188076,34, 8, 26, 8, 3.08727, 2.00032, 1.04791, 0.02279, 10.7383
6, 6, 75, 11, 4, 84, 39, 0.017981, 0.0372811,15, 2, 13, 2, 2.98677, 1.87699, 0.981012, 0.015681, 13.2267
6, 6, 75, 11, 5, 84, 43, 0.0272072, 0.102806,27, 5, 22, 3, 2.99843, 1.94229, 1.0872, 0.019183, 12.0981
6, 6, 75, 11, 6, 84, 44, 0.504736, 1.13129,114, 98, 16, 45, 2.98936, 1.98684, 1.18082, 0.035489, 10.4257
6, 6, 75, 11, 7, 84, 51, 0.667741, 1.45719,144, 131, 13, 54, 3.06147, 2.61322, 1.33727, 0.04132, 11.4217
6, 6, 75, 11, 8, 84, 65, 0.667959, 1.93115,199, 181, 18, 56, 3.16677, 2.37476, 1.68462, 0.052573, 11.7468
6, 6, 75, 11, 9, 84, 94, 0.67721, 1.82271,192, 170, 22, 57, 3.46395, 2.98923, 2.37912, 0.05397, 15.6474
6, 6, 75, 11, 10, 84, 37, 0.0177809, 0.0306015,15, 2, 13, 2, 3.05085, 1.97361, 0.98472, 0.016953, 13.0565
6, 6, 75, 12, 1, 79, 37, 0.357626, 0.643421,71, 52, 19, 34, 2.98292, 1.83985, 0.943529, 0.027603, 11.8246
6, 6, 75, 12, 2, 79, 42, 0.289775, 0.477334,59, 43, 16, 29, 2.98633, 1.95012, 1.0242, 0.024177, 12.075
6, 6, 75, 12, 3, 79, 39, 0.0932572, 0.272291,46, 11, 35, 8, 3.0619, 1.88408, 0.988282, 0.02541, 13.018
6, 6, 75, 12, 4, 79, 39, 0.0494235, 0.11526,26, 6, 20, 6, 2.98328, 1.87667, 0.952426, 0.017244, 12.1542
6, 6, 75, 12, 5, 79, 43, 0.0256726, 0.172602,36, 4, 32, 3, 2.99363, 1.98327, 1.05834, 0.022394, 10.5505
6, 6, 75, 12, 6, 79, 44, 0.485816, 1.02102,100, 87, 13, 42, 2.98665, 1.97522, 1.09403, 0.03103, 10.9298
6, 6, 75, 12, 7, 79, 51, 0.655204, 1.37059,134, 119, 15, 53, 3.14567, 2.23332, 1.29497, 0.041456, 12.912
6, 6, 75, 12, 8, 79, 65, 0.593278, 1.73199,182, 161, 21, 51, 4.49497, 2.4112, 1.60942, 0.049517, 14.6759
6, 6, 75, 12, 9, 79, 94, 0.584664, 1.52926,162, 146, 16, 51, 3.41255, 3.09312, 2.22133, 0.043755, 13.2127
6, 6, 75, 12, 10, 79, 37, 0.0502967, 0.147343,34, 7, 27, 6, 2.99893, 1.81387, 0.906948, 0.021126, 10.1874
6, 6, 75, 12, 11, 79, 84, 3.25271, 5.48791,295, 272, 23, 74, 3.24069, 2.80048, 2.10338, 0.070402, 12.7093
6, 6, 75, 13, 1, 62, 37, 0.362349, 0.736913,79, 55, 24, 33, 3.01974, 1.82269, 0.810891, 0.029513, 10.3335
6, 6, 75, 13, 2, 62, 42, 0.257389, 0.475189,55, 41, 14, 24, 2.98589, 1.9264, 0.834707, 0.020885, 10.3466
6, 6, 75, 13, 3, 62, 39, 0.16954, 0.473222,63, 31, 32, 16, 3.0113, 1.92382, 0.80827, 0.026878, 12.3743
6, 6, 75, 13, 4, 62, 39, 0.111645, 0.229097,35, 12, 23, 11, 2.98751, 1.90782, 0.773423, 0.019934, 10.1424
6, 6, 75, 13, 5, 62, 43, 0.0512443, 0.273438,52, 8, 44, 6, 2.98389, 1.98212, 0.854551, 0.027739, 10.3363
6, 6, 75, 13, 6, 62, 44, 0.399049, 0.948069,100, 82, 18, 36, 2.99334, 2.0414, 0.928582, 0.030826, 12.2653
6, 6, 75, 13, 7, 62, 51, 0.450838, 1.01435,106, 88, 18, 38, 3.04625, 2.11232, 1.01474, 0.033205, 10.5622
6, 6, 75, 13, 8, 62, 65, 0.410038, 1.1637,125, 114, 11, 38, 3.18508, 2.41658, 1.26675, 0.03591, 12.6526
6, 6, 75, 13, 9, 62, 94, 0.378196, 1.01452,116, 94, 22, 37, 5.58378, 3.03251, 1.73089, 0.036316, 17.7197
6, 6, 75, 13, 10, 62, 37, 0.137052, 0.259158,39, 18, 21, 13, 2.97587, 1.85148, 0.76953, 0.020469, 12.0561
6, 6, 75, 13, 11, 62, 84, 1.29457, 3.02404,231, 202, 29, 51, 3.24928, 2.78379, 1.62965, 0.058895, 12.0823
6, 6, 75, 13, 12, 62, 79, 1.55263, 3.17153,217, 184, 33, 54, 3.17648, 2.67735, 1.57933, 0.056656, 14.0804
6, 6, 75, 14, 1, 54, 37, 0.371462, 0.639828,63, 49, 14, 31, 3.00282, 1.82803, 0.672356, 0.025334, 10.4567
6, 6, 75, 14, 2, 54, 42, 0.321667, 0.545524,57, 50, 7, 27, 2.98475, 1.92062, 0.743805, 0.019919, 11.1245
6, 6, 75, 14, 3, 54, 39, 0.236707, 0.710908,84, 45, 39, 20, 2.99404, 1.88816, 0.716542, 0.032223, 10.0719
6, 6, 75, 14, 4, 54, 39, 0.210567, 0.520504,62, 34, 28, 17, 2.95892, 1.8812, 0.708471, 0.025424, 12.7081
6, 6, 75, 14, 5, 54, 43, 0.143271, 0.559929,73, 29, 44, 13, 3.78981, 1.99283, 0.768263, 0.031882, 14.0002
6, 6, 75, 14, 6, 54, 44, 0.288946, 0.527196,59, 41, 18, 26, 3.58826, 1.95662, 0.774159, 0.022554, 13.2543
6, 6, 75, 14, 7, 54, 51, 0.291369, 0.56838,65, 46, 19, 28, 3.05134, 2.12613, 0.872996, 0.024834, 11.2818
6, 6, 75, 14, 8, 54, 65, 0.209889, 0.451343,58, 41, 17, 22, 3.19601, 2.38391, 1.07972, 0.023351, 14.0793
6, 6, 75, 14, 9, 54, 94, 0.161716, 0.3006,50, 21, 29, 18, 3.52194, 3.02544, 1.48284, 0.024844, 12.5749
6, 6, 75, 14, 10, 54, 37, 0.196879, 0.491841,61, 27, 34, 15, 2.9837, 1.85334, 0.677635, 0.026682, 12.4203
6, 6, 75, 14, 11, 54, 84, 0.624949, 1.63463,151, 118, 33, 38, 3.25893, 2.93224, 1.41636, 0.044362, 12.6161
6, 6, 75, 14, 12, 54, 79, 0.714375, 1.75827,157, 119, 38, 42, 3.21098, 2.67104, 1.35154, 0.046892, 13.6065
6, 6, 75, 14, 13, 54, 62, 1.1266, 2.22395,160, 128, 32, 46, 3.11463, 2.33201, 1.11579, 0.04616, 11.1112
6, 6, 75, 15, 1, 43, 37, 0.22812, 0.390853,44, 30, 14, 22, 2.97892, 1.84294, 0.565998, 0.021061, 10.6261
6, 6, 75, 15, 2, 43, 42, 0.22383, 0.465886,52, 40, 12, 20, 3.00113, 1.97621, 0.621046, 0.020871, 10.0718
6, 6, 75, 15, 3, 43, 39, 0.394387, 1.05533,98, 66, 32, 26, 4.92588, 1.88743, 0.611827, 0.033536, 15.0197
6, 6, 75, 15, 4, 43, 39, 0.428179, 0.947781,81, 57, 24, 26, 2.97341, 1.89048, 0.611749, 0.041663, 10.0943
6, 6, 75, 15, 5, 43, 43, 0.336103, 1.0851,100, 53, 47, 22, 2.99809, 1.9047, 0.650608, 0.03828, 10.6324
6, 6, 75, 15, 6, 43, 44, 0.162998, 0.292784,36, 23, 13, 17, 3.78345, 1.95689, 0.627488, 0.017113, 13.4857
6, 6, 75, 15, 7, 43, 51, 0.139207, 0.222959,34, 21, 13, 16, 3.02249, 2.1238, 0.71064, 0.016657, 11.9845
6, 6, 75, 15, 8, 43, 65, 0.0980687, 0.123178,23, 13, 10, 11, 3.20385, 2.54266, 0.854351, 0.015976, 11.2374
6, 6, 75, 15, 9, 43, 94, 0.0248623, 0.0502196,20, 3, 17, 3, 3.39239, 3.01215, 1.19156, 0.014143, 12.145
6, 6, 75, 15, 10, 43, 37, 0.446404, 0.974776,85, 54, 31, 28, 3.01964, 1.86729, 0.597438, 0.046715, 10.1474
6, 6, 75, 15, 11, 43, 84, 0.178438, 0.527028,58, 39, 19, 16, 3.24989, 2.78276, 1.08772, 0.023435, 12.228
6, 6, 75, 15, 12, 43, 79, 0.231686, 0.642787,69, 49, 20, 19, 3.21757, 2.67835, 1.0773, 0.026407, 13.9602
6, 6, 75, 15, 13, 43, 62, 0.435115, 0.898413,81, 64, 17, 27, 3.11958, 2.31772, 0.860893, 0.026301, 12.1829
6, 6, 75, 15, 14, 43, 54, 0.869757, 1.71,120, 95, 25, 30, 3.08531, 2.21636, 0.804483, 0.035855, 10.6011
5, 6, 75, 1, 1, 122, 37, 0.0532389, 0.0877384,12, 6, 6, 6, 3.35109, 1.86185, 1.42274, 0.037258, 11.0624
5, 6, 75, 1, 2, 122, 42, 0.0702949, 0.10582,16, 8, 8, 8, 3.00409, 1.85938, 1.51206, 0.017018, 10.8067
5, 6, 75, 1, 3, 122, 39, 0.0613111, 0.131052,21, 7, 14, 7, 3.02244, 1.83592, 1.40238, 0.018285, 10.7405
5, 6, 75, 1, 4, 122, 39, 0.0618275, 0.131546,19, 10, 9, 7, 2.98519, 1.80357, 1.40198, 0.017063, 10.6995
5, 6, 75, 1, 5, 122, 43, 0.0442877, 0.0982356,17, 6, 11, 5, 2.98759, 2.077, 1.53734, 0.017825, 11.1349
5, 6, 75, 1, 6, 122, 44, 0.0424566, 0.0691203,16, 5, 11, 5, 2.99626, 1.9417, 1.57947, 0.016944, 10.7625
5, 6, 75, 1, 7, 122, 51, 0.031629, 0.0570298,15, 5, 10, 4, 3.07147, 2.03268, 1.79126, 0.016612, 11.2044
5, 6, 75, 1, 8, 122, 65, 0.0158125, 0.0158125,5, 2, 3, 2, 3.17671, 2.30194, 2.25275, 0.012093, 12.1757
5, 6, 75, 1, 9, 122, 94, 0.042309, 0.050309,10, 6, 4, 5, 3.41205, 2.8682, 3.2057, 0.014864, 13.9429
5, 6, 75, 1, 10, 122, 37, 0.0839961, 0.16838,25, 13, 12, 10, 3.1006, 1.79131, 1.37083, 0.020159, 10.8728
5, 6, 75, 1, 11, 122, 84, 0.00787402, 0.0180781,9, 1, 8, 1, 3.2658, 2.67203, 2.87283, 0.014644, 13.2213
5, 6, 75, 1, 12, 122, 79, 0.00775194, 0.0160164,9, 1, 8, 1, 3.22203, 2.65043, 2.71886, 0.016266, 12.9852
5, 6, 75, 1, 13, 122, 62, 0.0348153, 0.0348153,8, 4, 4, 4, 3.11823, 2.23503, 2.16111, 0.013927, 11.8451
5, 6, 75, 1, 14, 122, 54, 0.0324783, 0.0482274,12, 5, 7, 4, 3.09558, 2.08223, 1.94982, 0.014764, 11.3612
5, 6, 75, 2, 1, 131, 37, 0.0784406, 0.103107,14, 9, 5, 9, 2.97361, 1.77907, 1.43622, 0.016582, 10.5152
5, 6, 75, 2, 2, 131, 42, 0.0949496, 0.146172,17, 11, 6, 11, 2.99702, 1.86339, 1.61641, 0.017073, 10.8706
5, 6, 75, 2, 3, 131, 39, 0.0866042, 0.180477,23, 10, 13, 10, 3.08667, 1.98541, 1.51616, 0.022223, 11.1423
5, 6, 75, 2, 4, 131, 39, 0.0610717, 0.119505,20, 10, 10, 7, 2.99319, 1.83285, 1.52492, 0.019763, 10.8961
5, 6, 75, 2, 5, 131, 43, 0.0847147, 0.13542,21, 12, 9, 10, 3.04506, 1.86855, 1.65404, 0.019628, 11.1321
5, 6, 75, 2, 6, 131, 44, 0.0415158, 0.0771025,18, 5, 13, 5, 2.98413, 1.90805, 1.6832, 0.017904, 10.7794
5, 6, 75, 2, 7, 131, 51, 0.047376, 0.0655955,14, 6, 8, 6, 3.04209, 2.03062, 1.94408, 0.016557, 11.3402
5, 6, 75, 2, 8, 131, 65, 0.00793651, 0.015873,5, 1, 4, 1, 3.25847, 2.44082, 2.42063, 0.014694, 12.6426
5, 6, 75, 2, 9, 131, 94, 0.0255999, 0.0498197,12, 5, 7, 3, 3.45732, 2.82951, 3.50519, 0.016667, 14.2736
5, 6, 75, 2, 10, 131, 37, 0.0697021, 0.153256,22, 12, 10, 8, 2.98767, 1.78265, 1.44341, 0.019864, 10.7185
5, 6, 75, 2, 11, 131, 84, 0.0363685, 0.0363685,9, 4, 5, 4, 3.26972, 2.67176, 3.07672, 0.013241, 13.4307
5, 6, 75, 2, 12, 131, 79, 0.0245572, 0.0525954,17, 3, 14, 3, 3.20952, 2.82713, 2.94829, 0.019483, 13.393
5, 6, 75, 2, 13, 131, 62, 0.0397654, 0.0567522,15, 5, 10, 5, 3.10656, 2.2395, 2.31054, 0.016557, 11.9732
5, 6, 75, 2, 14, 131, 54, 0.0167437, 0.0252183,11, 2, 9, 2, 3.11587, 2.0855, 2.02641, 0.01526, 11.5554
5, 6, 75, 3, 1, 127, 37, 0.0946105, 0.127851,17, 12, 5, 11, 3.02144, 1.91448, 1.39601, 0.019213, 10.658
5, 6, 75, 3, 2, 127, 42, 0.0956368, 0.147134,17, 11, 6, 11, 3.02274, 1.87607, 1.57029, 0.017634, 10.8896
5, 6, 75, 3, 3, 127, 39, 0.0799127, 0.146483,20, 10, 10, 9, 3.03237, 1.79717, 1.45558, 0.018, 10.8082
5, 6, 75, 3, 4, 127, 39, 0.0791983, 0.137379,20, 11, 9, 9, 2.98789, 1.80314, 1.47301, 0.017924, 10.7719
5, 6, 75, 3, 5, 127, 43, 0.0924489, 0.174614,26, 13, 13, 11, 3.02507, 1.89559, 1.59834, 0.020259, 11.0608
5, 6, 75, 3, 6, 127, 44, 0.041598, 0.060932,13, 5, 8, 5, 3.1073, 2.06736, 1.66558, 0.02062, 11.1066
5, 6, 75, 3, 7, 127, 51, 0.039378, 0.0572865,11, 5, 6, 5, 3.03083, 2.01793, 1.86509, 0.016126, 11.2497
5, 6, 75, 3, 8, 127, 65, 0.0160645, 0.0160645,6, 2, 4, 2, 3.15188, 2.32389, 2.32839, 0.012074, 12.2438
5, 6, 75, 3, 9, 127, 94, 0.0411112, 0.0492413,11, 5, 6, 5, 3.42775, 2.89969, 3.3401, 0.016156, 14.2104
5, 6, 75, 3, 10, 127, 37, 0.0786499, 0.145703,20, 12, 8, 9, 2.98435, 1.78922, 1.39701, 0.018576, 10.6382
5, 6, 75, 3, 11, 127, 84, 0.0455947, 0.0455947,11, 5, 6, 5, 3.37208, 2.85448, 2.99903, 0.015551, 13.7497
5, 6, 75, 3, 12, 127, 79, 0.0355856, 0.0435856,13, 5, 8, 4, 3.19341, 2.56792, 2.8112, 0.014694, 12.9752
5, 6, 75, 3, 13, 127, 62, 0.0315737, 0.0404232,12, 4, 8, 4, 3.12426, 2.33251, 2.23252, 0.01807, 11.9733
5, 6, 75, 3, 14, 127, 54, 0.0400362, 0.0646089,15, 6, 9, 5, 3.11228, 2.06981, 1.99926, 0.017575, 11.4958
5, 6, 75, 4, 1, 141, 37, 0.0698943, 0.0949881,15, 9, 6, 8, 2.98234, 1.78811, 1.5301, 0.016472, 10.6405
5, 6, 75, 4, 2, 141, 42, 0.0869218, 0.129988,17, 11, 6, 10, 3.08011, 2.01259, 1.72934, 0.020776, 11.2038
5, 6, 75, 4, 3, 141, 39, 0.0698403, 0.152751,22, 8, 14, 8, 3.02914, 1.79822, 1.64376, 0.021282, 10.9984
5, 6, 75, 4, 4, 141, 39, 0.0636886, 0.124414,22, 8, 14, 7, 3.08237, 1.86505, 1.63443, 0.020741, 11.2009
5, 6, 75, 4, 5, 141, 43, 0.0798935, 0.156608,24, 10, 14, 9, 3.08024, 1.88305, 1.76818, 0.021452, 11.3869
5, 6, 75, 4, 6, 141, 44, 0.0240092, 0.0425152,15, 3, 12, 3, 3.00609, 1.90899, 1.80494, 0.016788, 10.9399
5, 6, 75, 4, 7, 141, 51, 0.0486422, 0.066764,10, 7, 3, 6, 3.13159, 2.12042, 2.07022, 0.017169, 11.718
5, 6, 75, 4, 8, 141, 65, 0.008, 0.008,5, 1, 4, 1, 3.17628, 2.45015, 2.60113, 0.014223, 12.7445
5, 6, 75, 4, 9, 141, 94, 0.0570843, 0.0570843,10, 7, 3, 7, 3.51802, 3.08114, 3.71165, 0.016236, 14.8918
5, 6, 75, 4, 10, 141, 37, 0.0785333, 0.129383,21, 10, 11, 9, 3.04694, 1.75682, 1.56326, 0.0204, 10.942
5, 6, 75, 4, 11, 141, 84, 0.0534729, 0.0534729,10, 6, 4, 6, 3.26612, 2.80442, 3.32641, 0.016051, 13.8023
5, 6, 75, 4, 12, 141, 79, 0.0521757, 0.0521757,12, 6, 6, 6, 3.20989, 2.60193, 3.15059, 0.015811, 13.4044
5, 6, 75, 4, 13, 141, 62, 0.00900901, 0.00900901,8, 1, 7, 1, 3.11271, 2.23492, 2.4812, 0.014834, 12.1284
5, 6, 75, 4, 14, 141, 54, 0.0324847, 0.0406814,11, 4, 7, 4, 3.12026, 2.09388, 2.16735, 0.015685, 11.6312
5, 6, 75, 5, 1, 150, 37, 0.0401177, 0.0664389,18, 5, 13, 5, 3.01355, 1.89786, 1.63031, 0.019468, 10.9229
5, 6, 75, 5, 2, 150, 42, 0.0856489, 0.121596,16, 11, 5, 10, 2.98691, 1.85805, 1.84482, 0.017845, 11.0834
5, 6, 75, 5, 3, 150, 39, 0.0782574, 0.129933,18, 10, 8, 9, 3.02801, 1.80289, 1.71839, 0.018802, 11.0503
5, 6, 75, 5, 4, 150, 39, 0.0800122, 0.133652,23, 10, 13, 9, 2.99859, 1.82215, 1.71581, 0.021527, 11.0339
5, 6, 75, 5, 5, 150, 43, 0.0826116, 0.13668,24, 10, 14, 9, 2.9858, 1.89458, 1.88141, 0.021767, 11.3328
5, 6, 75, 5, 6, 150, 44, 0.0320758, 0.0416912,14, 4, 10, 4, 3.10639, 2.00828, 1.94253, 0.034216, 11.396
5, 6, 75, 5, 7, 150, 51, 0.0330997, 0.0330997,7, 4, 3, 4, 3.12808, 2.01565, 2.19224, 0.015214, 11.6988
5, 6, 75, 5, 8, 150, 65, 0, 0,4, 0, 4, 0, 3.189, 2.38441, 2.80552, 0.014879, 12.8383
5, 6, 75, 5, 9, 150, 94, 0.024282, 0.032156,10, 4, 6, 3, 3.429, 2.88086, 3.91166, 0.015876, 14.775
5, 6, 75, 5, 10, 150, 37, 0.0789664, 0.131461,18, 11, 7, 9, 2.99273, 1.79338, 1.63479, 0.019458, 10.9002
5, 6, 75, 5, 11, 150, 84, 0.0515968, 0.0515968,8, 6, 2, 6, 3.26096, 2.71041, 3.5164, 0.014829, 13.8915
5, 6, 75, 5, 12, 150, 79, 0.0594002, 0.0594002,11, 7, 4, 7, 3.34578, 2.67088, 3.32165, 0.018046, 13.8527
5, 6, 75, 5, 13, 150, 62, 0.0342954, 0.0342954,9, 4, 5, 4, 3.24525, 2.27666, 2.65408, 0.018797, 12.6789
5, 6, 75, 5, 14, 150, 54, 0.0584923, 0.140065,23, 10, 13, 7, 3.20885, 2.28252, 2.38216, 0.021993, 12.3127
5, 6, 75, 6, 1, 111, 37, 0.0613722, 0.102834,14, 7, 7, 7, 3.0591, 1.85188, 1.25076, 0.016372, 10.5308
5, 6, 75, 6, 2, 111, 42, 0.0706244, 0.119795,15, 9, 6, 8, 3.03384, 2.05063, 1.37451, 0.016232, 10.8735
5, 6, 75, 6, 3, 111, 39, 0.0802648, 0.166253,23, 12, 11, 9, 3.13619, 2.00254, 1.31172, 0.019674, 11.0452
5, 6, 75, 6, 4, 111, 39, 0.0623102, 0.144347,24, 10, 14, 7, 2.9889, 1.79874, 1.28996, 0.019363, 10.6061
5, 6, 75, 6, 5, 111, 43, 0.0769289, 0.174251,24, 14, 10, 9, 3.00424, 2.01087, 1.42532, 0.02007, 10.9864
5, 6, 75, 6, 6, 111, 44, 0.0530536, 0.0796172,15, 6, 9, 6, 3.03133, 1.8854, 1.43296, 0.017865, 10.7416
5, 6, 75, 6, 7, 111, 51, 0.0414612, 0.0501568,13, 5, 8, 5, 3.13844, 2.02303, 1.63819, 0.01567, 11.2169
5, 6, 75, 6, 8, 111, 65, 0.008, 0.0239365,9, 2, 7, 1, 3.17132, 2.29956, 2.06159, 0.013927, 11.9975
5, 6, 75, 6, 9, 111, 94, 0.0173705, 0.0603647,17, 2, 15, 2, 3.45467, 3.07792, 2.97492, 0.022128, 13.9984
5, 6, 75, 6, 10, 111, 37, 0.0542616, 0.111597,18, 8, 10, 6, 3.01385, 1.80812, 1.24727, 0.037317, 10.627
5, 6, 75, 6, 11, 111, 84, 0.00813008, 0.0173044,10, 1, 9, 1, 3.28545, 2.64685, 2.63619, 0.01558, 13.0148
5, 6, 75, 6, 12, 111, 79, 0.015625, 0.0327303,11, 2, 9, 2, 3.21422, 2.52866, 2.48609, 0.01529, 12.6318
5, 6, 75, 6, 13, 111, 62, 0.0429117, 0.0510418,10, 5, 5, 5, 3.12934, 2.23454, 1.96382, 0.014353, 11.6482
5, 6, 75, 6, 14, 111, 54, 0.0167437, 0.0167437,8, 2, 6, 2, 3.22386, 2.25553, 1.73855, 0.013727, 11.5689
5, 6, 75, 7, 1, 141, 37, 0.0425614, 0.0591661,16, 5, 11, 5, 2.99246, 1.7736, 1.55467, 0.019367, 10.6813
5, 6, 75, 7, 2, 141, 42, 0.0531292, 0.0952802,21, 11, 10, 6, 3.02145, 2.02136, 1.72143, 0.01796, 11.1824
5, 6, 75, 7, 3, 141, 39, 0.0440075, 0.0872817,12, 8, 4, 5, 3.07826, 1.85556, 1.6138, 0.016192, 11.0792
5, 6, 75, 7, 4, 141, 39, 0.0374907, 0.0877857,15, 9, 6, 4, 3.00254, 1.82217, 1.62622, 0.018396, 10.9591
5, 6, 75, 7, 5, 141, 43, 0.0352772, 0.0966481,20, 8, 12, 4, 3.02006, 1.88529, 1.8328, 0.020019, 11.3937
5, 6, 75, 7, 6, 141, 44, 0.0427646, 0.0427646,12, 5, 7, 5, 3.01567, 2.08235, 1.79069, 0.015275, 11.1943
5, 6, 75, 7, 7, 141, 51, 0.0336633, 0.0494153,13, 5, 8, 4, 3.08594, 2.09581, 2.05417, 0.016262, 11.627
5, 6, 75, 7, 8, 141, 65, 0.0235644, 0.0235644,8, 3, 5, 3, 3.26753, 2.54542, 2.58158, 0.016036, 12.8576
5, 6, 75, 7, 9, 141, 94, 0.0313859, 0.0667266,14, 4, 10, 4, 3.50992, 2.98134, 3.68211, 0.019763, 14.7902
5, 6, 75, 7, 10, 141, 37, 0.043177, 0.076598,16, 7, 9, 5, 3.10621, 1.89144, 1.53653, 0.019302, 11.1274
5, 6, 75, 7, 11, 141, 84, 0.0431136, 0.0752781,13, 7, 6, 5, 3.25696, 2.65096, 3.31555, 0.01544, 13.7
5, 6, 75, 7, 12, 141, 79, 0.0352351, 0.0520212,9, 6, 3, 4, 3.28479, 2.78797, 3.16087, 0.015931, 13.6932
5, 6, 75, 7, 13, 141, 62, 0.0254058, 0.0428661,10, 3, 7, 3, 3.11624, 2.23395, 2.49729, 0.016272, 12.2406
5, 6, 75, 7, 14, 141, 54, 0.0341611, 0.0776588,18, 4, 14, 4, 3.10679, 2.08024, 2.19628, 0.019372, 11.6324
5, 6, 75, 8, 1, 148, 37, 0.0340824, 0.0502834,15, 5, 10, 4, 2.99286, 1.75816, 1.59987, 0.015936, 10.6579
5, 6, 75, 8, 2, 148, 42, 0.0498477, 0.0930872,21, 9, 12, 6, 2.98619, 1.87336, 1.81758, 0.020465, 11.0554
5, 6, 75, 8, 3, 148, 39, 0.0526778, 0.0813148,17, 8, 9, 6, 3.15423, 1.78997, 1.70453, 0.020225, 11.2242
5, 6, 75, 8, 4, 148, 39, 0.0624502, 0.105061,19, 11, 8, 7, 2.99866, 1.81155, 1.68796, 0.018346, 11.0101
5, 6, 75, 8, 5, 148, 43, 0.0764192, 0.173723,30, 11, 19, 9, 2.98126, 1.90458, 1.85003, 0.022359, 11.2652
5, 6, 75, 8, 6, 148, 44, 0.0490458, 0.0575928,17, 6, 11, 6, 2.99847, 1.89494, 1.88839, 0.0177, 10.9971
5, 6, 75, 8, 7, 148, 51, 0.065766, 0.0909084,19, 9, 10, 8, 3.03842, 2.10448, 2.18117, 0.020395, 11.6321
5, 6, 75, 8, 8, 148, 65, 0.0393203, 0.0393203,10, 5, 5, 5, 3.19271, 2.39375, 2.71938, 0.01564, 12.8057
5, 6, 75, 8, 9, 148, 94, 0.0325955, 0.0492633,12, 4, 8, 4, 3.41695, 2.844, 3.86548, 0.016758, 14.5983
5, 6, 75, 8, 10, 148, 37, 0.0597366, 0.096529,17, 8, 9, 7, 3.00286, 1.94106, 1.61164, 0.0205, 11.0232
5, 6, 75, 8, 11, 148, 84, 0.0516644, 0.0850857,16, 8, 8, 6, 3.33384, 2.65776, 3.48593, 0.018181, 13.9712
5, 6, 75, 8, 12, 148, 79, 0.044482, 0.0960372,15, 7, 8, 5, 3.20141, 2.55119, 3.28264, 0.017228, 13.4465
5, 6, 75, 8, 13, 148, 62, 0.0327421, 0.058688,10, 4, 6, 4, 3.20499, 2.20479, 2.601, 0.016307, 12.3665
5, 6, 75, 8, 14, 148, 54, 0.0523063, 0.0929136,21, 11, 10, 6, 3.11321, 2.07908, 2.31634, 0.021071, 11.8103
5, 6, 75, 9, 1, 175, 37, 0.0417598, 0.0503068,14, 6, 8, 5, 3.05371, 1.83378, 1.9039, 0.019598, 11.1791
5, 6, 75, 9, 2, 175, 42, 0.0747055, 0.108278,22, 11, 11, 9, 3.07857, 1.84286, 2.14453, 0.022835, 11.5607
5, 6, 75, 9, 3, 175, 39, 0.0332202, 0.0927067,22, 6, 16, 4, 3.10054, 2.00335, 2.00607, 0.022799, 11.7214
5, 6, 75, 9, 4, 175, 39, 0.0637268, 0.115459,21, 10, 11, 7, 2.99877, 1.81657, 2.00289, 0.021803, 11.3256
5, 6, 75, 9, 5, 175, 43, 0.0760155, 0.148537,27, 10, 17, 9, 2.99249, 1.89113, 2.2824, 0.024864, 11.6948
5, 6, 75, 9, 6, 175, 44, 0.0322088, 0.0406122,14, 4, 10, 4, 3.01523, 2.05113, 2.22216, 0.019598, 11.4915
5, 6, 75, 9, 7, 175, 51, 0.0745949, 0.101225,21, 10, 11, 9, 3.10312, 2.02503, 2.56432, 0.021432, 12.0414
5, 6, 75, 9, 8, 175, 65, 0.015877, 0.015877,7, 2, 5, 2, 3.28375, 2.38736, 3.24629, 0.017795, 13.3878
5, 6, 75, 9, 9, 175, 94, 0.0236865, 0.0405122,11, 3, 8, 3, 3.56432, 3.06393, 4.56479, 0.021742, 15.7924
5, 6, 75, 9, 10, 175, 37, 0.0337365, 0.0578031,17, 5, 12, 4, 3.1375, 1.92924, 1.9057, 0.024713, 11.5841
5, 6, 75, 9, 11, 175, 84, 0.0529359, 0.102558,18, 7, 11, 6, 3.44271, 2.98349, 4.11043, 0.024297, 15.0727
5, 6, 75, 9, 12, 175, 79, 0.0600547, 0.124794,21, 9, 12, 7, 3.27131, 2.63678, 3.87692, 0.025019, 14.3456
5, 6, 75, 9, 13, 175, 62, 0.0508633, 0.0829494,21, 10, 11, 6, 3.28765, 2.40925, 3.123, 0.021477, 13.2118
5, 6, 75, 9, 14, 175, 54, 0.0520564, 0.110062,20, 10, 10, 6, 3.221, 2.26722, 2.75742, 0.022874, 12.5994
5, 6, 75, 10, 1, 130, 37, 0.0602543, 0.0680062,9, 7, 2, 7, 3.07221, 1.9604, 1.47889, 0.014117, 10.9393
5, 6, 75, 10, 2, 130, 42, 0.0765196, 0.117528,16, 11, 5, 9, 3.00767, 1.90141, 1.59586, 0.017379, 10.9873
5, 6, 75, 10, 3, 130, 39, 0.0263134, 0.0692837,18, 3, 15, 3, 3.07022, 1.9683, 1.49048, 0.019348, 11.1019
5, 6, 75, 10, 4, 130, 39, 0.0381152, 0.0759521,14, 5, 9, 4, 3.08205, 1.91736, 1.4979, 0.018506, 11.1045
5, 6, 75, 10, 5, 130, 43, 0.0428965, 0.11961,21, 6, 15, 5, 3.11911, 2.06404, 1.65821, 0.02065, 11.4995
5, 6, 75, 10, 6, 130, 44, 0.059732, 0.059732,10, 7, 3, 7, 3.12233, 1.86805, 1.68232, 0.015911, 10.9709
5, 6, 75, 10, 7, 130, 51, 0.0332638, 0.049821,11, 6, 5, 4, 3.2374, 2.18808, 1.9236, 0.016888, 11.7843
5, 6, 75, 10, 8, 130, 65, 0.0257569, 0.0338214,5, 4, 1, 3, 3.22493, 2.42481, 2.39311, 0.013702, 12.5256
5, 6, 75, 10, 9, 130, 94, 0.0328379, 0.0816077,16, 7, 9, 4, 3.60803, 3.11159, 3.41615, 0.019798, 14.7064
5, 6, 75, 10, 10, 130, 37, 0.0430443, 0.0858874,15, 6, 9, 5, 3.05615, 2.02902, 1.4289, 0.018988, 11.1279
5, 6, 75, 10, 11, 130, 84, 0.0877373, 0.137835,23, 16, 7, 10, 3.31751, 2.87534, 3.12769, 0.019849, 13.9414
5, 6, 75, 10, 12, 130, 79, 0.052091, 0.111872,20, 11, 9, 6, 3.19889, 2.53838, 2.89273, 0.018812, 13.1012
5, 6, 75, 10, 13, 130, 62, 0.0590673, 0.0915358,14, 10, 4, 7, 3.11554, 2.2334, 2.3461, 0.017554, 12.0554
5, 6, 75, 10, 14, 130, 54, 0.0161967, 0.0161967,7, 2, 5, 2, 3.14083, 2.28002, 2.02811, 0.014648, 11.7742
5, 6, 75, 11, 1, 135, 37, 0.0575139, 0.0659885,12, 7, 5, 7, 3.09946, 1.88399, 1.4687, 0.016498, 10.9502
5, 6, 75, 11, 2, 135, 42, 0.0503506, 0.0751135,15, 7, 8, 6, 3.01664, 2.05956, 1.6498, 0.016848, 11.184
5, 6, 75, 11, 3, 135, 39, 0.0414069, 0.0927938,17, 5, 12, 5, 3.13317, 1.81344, 1.56263, 0.018977, 11.0193
5, 6, 75, 11, 4, 135, 39, 0.0606316, 0.124749,21, 7, 14, 7, 2.99389, 1.80726, 1.54968, 0.02021, 10.8463
5, 6, 75, 11, 5, 135, 43, 0.067634, 0.170751,23, 10, 13, 8, 3.07859, 1.89097, 1.69869, 0.022774, 11.3308
5, 6, 75, 11, 6, 135, 44, 0.0338429, 0.041717,12, 5, 7, 4, 3.01344, 1.87594, 1.73653, 0.015475, 10.832
5, 6, 75, 11, 7, 135, 51, 0.0500037, 0.0672567,12, 8, 4, 6, 3.04016, 2.02676, 1.97058, 0.014709, 11.3347
5, 6, 75, 11, 8, 135, 65, 0.0668878, 0.100372,16, 12, 4, 8, 3.14377, 2.31826, 2.48564, 0.017639, 12.4047
5, 6, 75, 11, 9, 135, 94, 0.0916189, 0.15378,26, 16, 10, 11, 3.46084, 2.82266, 3.55346, 0.020615, 14.3902
5, 6, 75, 11, 10, 135, 37, 0.042362, 0.0776078,18, 6, 12, 5, 2.99501, 1.80082, 1.48644, 0.01817, 10.757
5, 6, 75, 11, 11, 135, 84, 0.0421811, 0.125023,24, 9, 15, 5, 3.27061, 2.63848, 3.18668, 0.019128, 13.5261
5, 6, 75, 11, 12, 135, 79, 0.0409904, 0.106229,20, 10, 10, 5, 3.27681, 2.58568, 3.00344, 0.018972, 13.2677
5, 6, 75, 11, 13, 135, 62, 0.0669876, 0.0918707,17, 9, 8, 8, 3.22921, 2.41791, 2.41457, 0.019813, 12.4326
5, 6, 75, 11, 14, 135, 54, 0.0241385, 0.0332294,10, 3, 7, 3, 3.10091, 2.08559, 2.09496, 0.016828, 11.5476
5, 6, 75, 12, 1, 146, 37, 0.0586589, 0.0586589,11, 7, 4, 7, 2.97815, 1.76587, 1.57569, 0.014153, 10.6387
5, 6, 75, 12, 2, 146, 42, 0.0439277, 0.0617086,11, 5, 6, 5, 2.99026, 1.86556, 1.7754, 0.016362, 11.0074
5, 6, 75, 12, 3, 146, 39, 0.0432541, 0.0941577,20, 5, 15, 5, 3.02814, 1.8054, 1.6963, 0.021802, 11.0238
5, 6, 75, 12, 4, 146, 39, 0.0544566, 0.120085,17, 7, 10, 6, 3.09763, 1.91388, 1.66465, 0.019078, 11.2776
5, 6, 75, 12, 5, 146, 43, 0.0777811, 0.185811,23, 11, 12, 9, 3.07209, 1.8617, 1.83823, 0.020996, 11.4419
5, 6, 75, 12, 6, 146, 44, 0.0504073, 0.0582813,13, 6, 7, 6, 3.08747, 1.97012, 1.87761, 0.018952, 11.2477
5, 6, 75, 12, 7, 146, 51, 0.0339213, 0.0503148,10, 6, 4, 4, 3.04937, 2.01823, 2.13946, 0.015155, 11.569
5, 6, 75, 12, 8, 146, 65, 0.0340977, 0.0675905,10, 7, 3, 4, 3.26204, 2.28296, 2.69621, 0.017214, 12.6992
5, 6, 75, 12, 9, 146, 94, 0.077185, 0.170772,26, 14, 12, 9, 3.50117, 2.96333, 3.87246, 0.022339, 14.8077
5, 6, 75, 12, 10, 146, 37, 0.0436554, 0.079336,18, 6, 12, 5, 3.00721, 1.77261, 1.59501, 0.023256, 10.9097
5, 6, 75, 12, 11, 146, 84, 0.0252148, 0.0751456,18, 5, 13, 3, 3.32989, 2.70246, 3.48475, 0.02039, 14.0382
5, 6, 75, 12, 12, 146, 79, 0.0244126, 0.0819356,18, 6, 12, 3, 3.20099, 2.56962, 3.23547, 0.020394, 13.4706
5, 6, 75, 12, 13, 146, 62, 0.0487786, 0.0487786,12, 6, 6, 6, 3.16961, 2.3411, 2.57176, 0.016853, 12.4679
5, 6, 75, 12, 14, 146, 54, 0.016001, 0.016001,5, 2, 3, 2, 3.16942, 2.07215, 2.24948, 0.013707, 11.7775
5, 6, 75, 13, 1, 101, 37, 0.0269947, 0.0438204,12, 3, 9, 3, 3.02734, 1.77697, 1.12908, 0.015855, 10.2654
5, 6, 75, 13, 2, 101, 42, 0.0352075, 0.043144,8, 4, 4, 4, 3.01308, 1.8473, 1.24517, 0.012389, 10.5392
5, 6, 75, 13, 3, 101, 39, 0.0590731, 0.102483,14, 8, 6, 7, 3.0165, 1.92663, 1.18027, 0.015175, 10.6111
5, 6, 75, 13, 4, 101, 39, 0.0759898, 0.143829,19, 12, 7, 9, 3.05339, 1.93873, 1.18407, 0.016748, 10.6737
5, 6, 75, 13, 5, 101, 43, 0.0649109, 0.177897,21, 12, 9, 7, 3.03177, 2.33539, 1.32343, 0.019273, 11.3066
5, 6, 75, 13, 6, 101, 44, 0.0262389, 0.0426599,8, 3, 5, 3, 2.99836, 2.00935, 1.30923, 0.013421, 10.623
5, 6, 75, 13, 7, 101, 51, 0.0328803, 0.0411448,12, 5, 7, 4, 3.03326, 2.01889, 1.49305, 0.012891, 10.8765
5, 6, 75, 13, 8, 101, 65, 0.0413391, 0.067052,11, 7, 4, 5, 3.15583, 2.29432, 1.87068, 0.012955, 11.825
5, 6, 75, 13, 9, 101, 94, 0.0585365, 0.109947,21, 8, 13, 7, 3.53797, 3.05498, 2.6597, 0.021086, 13.7949
5, 6, 75, 13, 10, 101, 37, 0.0339448, 0.0624825,9, 5, 4, 4, 3.0623, 1.93678, 1.1281, 0.014338, 10.7211
5, 6, 75, 13, 11, 101, 84, 0.015626, 0.0476444,10, 2, 8, 2, 3.36815, 2.81301, 2.45886, 0.016943, 13.2181
5, 6, 75, 13, 12, 101, 79, 0.0233164, 0.0401967,10, 3, 7, 3, 3.29733, 2.6983, 2.25815, 0.016843, 12.7967
5, 6, 75, 13, 13, 101, 62, 0.0434372, 0.0434372,8, 5, 3, 5, 3.1481, 2.23108, 1.84797, 0.013135, 11.5573
5, 6, 75, 13, 14, 101, 54, 0, 0,3, 0, 3, 0, 3.13928, 2.101, 1.56598, 0.010561, 11.1107
5, 6, 75, 14, 1, 131, 37, 0.0534254, 0.0534254,8, 6, 2, 6, 3.05869, 1.9711, 1.41944, 0.01304, 10.9249
5, 6, 75, 14, 2, 131, 42, 0.0777006, 0.0942984,15, 9, 6, 9, 3.07421, 1.83732, 1.61115, 0.016472, 10.9383
5, 6, 75, 14, 3, 131, 39, 0.0851099, 0.12728,19, 11, 8, 10, 3.01657, 1.82739, 1.49996, 0.016808, 10.8595
5, 6, 75, 14, 4, 131, 39, 0.104951, 0.188841,23, 15, 8, 12, 2.99849, 1.80142, 1.58307, 0.021562, 10.9505
5, 6, 75, 14, 5, 131, 43, 0.104798, 0.239155,29, 18, 11, 12, 2.99466, 2.03163, 1.69474, 0.0666, 11.2906
5, 6, 75, 14, 6, 131, 44, 0.0365643, 0.0365643,10, 4, 6, 4, 3.01453, 2.08494, 1.6708, 0.01523, 11.0937
5, 6, 75, 14, 7, 131, 51, 0.0413551, 0.0492916,10, 6, 4, 5, 3.16619, 2.10682, 1.91047, 0.014057, 11.5055
5, 6, 75, 14, 8, 131, 65, 0.0496573, 0.0744366,14, 8, 6, 6, 3.2269, 2.37637, 2.41862, 0.015876, 12.5097
5, 6, 75, 14, 9, 131, 94, 0.0652421, 0.123345,24, 11, 13, 8, 3.48571, 2.84391, 3.44448, 0.019613, 14.2848
5, 6, 75, 14, 10, 131, 37, 0.100697, 0.144699,22, 13, 9, 12, 3.05449, 1.85812, 1.44466, 0.021983, 10.9601
5, 6, 75, 14, 11, 131, 84, 0.0171108, 0.0431561,13, 2, 11, 2, 3.28616, 2.70507, 3.08654, 0.016207, 13.5159
5, 6, 75, 14, 12, 131, 79, 0.0166459, 0.0416815,14, 2, 12, 2, 3.25458, 2.71897, 2.93998, 0.019888, 13.3258
5, 6, 75, 14, 13, 131, 62, 0.0745398, 0.100852,18, 9, 9, 9, 3.21812, 2.262, 2.32212, 0.018686, 12.1156
5, 6, 75, 14, 14, 131, 54, 0.0335264, 0.049974,11, 4, 7, 4, 3.1406, 2.05991, 2.03589, 0.016778, 11.592
5, 6, 75, 15, 1, 153, 37, 0.0663902, 0.0742027,15, 9, 6, 8, 2.97512, 1.78261, 1.65006, 0.016307, 10.7625
5, 6, 75, 15, 2, 153, 42, 0.0753975, 0.110349,22, 11, 11, 9, 3.1212, 1.93191, 1.86523, 0.019468, 11.3027
5, 6, 75, 15, 3, 153, 39, 0.0490701, 0.121116,21, 6, 15, 6, 3.14937, 1.78584, 1.76121, 0.022289, 11.2852
5, 6, 75, 15, 4, 153, 39, 0.0467526, 0.116217,20, 8, 12, 5, 3.05131, 1.80209, 1.75806, 0.020334, 11.1353
5, 6, 75, 15, 5, 153, 43, 0.0593276, 0.18557,29, 9, 20, 7, 3.05585, 1.86588, 2.02235, 0.025224, 11.516
5, 6, 75, 15, 6, 153, 44, 0.0641936, 0.0720676,14, 8, 6, 8, 2.98776, 1.91019, 1.93881, 0.017139, 11.0476
5, 6, 75, 15, 7, 153, 51, 0.0755862, 0.0994766,18, 12, 6, 9, 3.06761, 2.20548, 2.23618, 0.019307, 11.8277
5, 6, 75, 15, 8, 153, 65, 0.0558322, 0.0638322,14, 7, 7, 7, 3.20612, 2.3068, 2.79869, 0.01804, 12.7821
5, 6, 75, 15, 9, 153, 94, 0.0403647, 0.074852,14, 6, 8, 5, 3.39692, 2.89756, 3.99918, 0.018271, 14.7905
5, 6, 75, 15, 10, 153, 37, 0.0425759, 0.0890444,20, 6, 14, 5, 3.11479, 1.9604, 1.68626, 0.021422, 11.2418
5, 6, 75, 15, 11, 153, 84, 0.0792806, 0.103665,21, 12, 9, 9, 3.26668, 2.63319, 3.59767, 0.018917, 13.9365
5, 6, 75, 15, 12, 153, 79, 0.0771501, 0.110841,21, 12, 9, 9, 3.18966, 2.55668, 3.37597, 0.019062, 13.5117
5, 6, 75, 15, 13, 153, 62, 0.0660328, 0.0983872,22, 10, 12, 8, 3.1202, 2.24072, 2.68316, 0.020856, 12.3426
5, 6, 75, 15, 14, 153, 54, 0.0597958, 0.126553,23, 12, 11, 7, 3.08242, 2.10244, 2.36448, 0.021978, 11.8099
