5, 5, 35, 2, 1, 620, 530, 13.0492, 16.836,1240, 633, 607, 363, 6.67223, 11.3838, 91.4758, 0.343916, 114.389
5, 5, 35, 3, 1, 591, 530, 8.0199, 11.1539,1182, 538, 644, 316, 6.29116, 11.3422, 86.6747, 0.298121, 109.049
5, 5, 35, 3, 2, 591, 620, 14.0378, 18.199,1182, 686, 496, 397, 6.41242, 13.0204, 100.905, 0.304363, 125.062
5, 5, 35, 4, 1, 597, 530, 4.39217, 6.47309,1194, 380, 814, 225, 6.29916, 11.3834, 87.5069, 0.303278, 109.959
5, 5, 35, 4, 2, 597, 620, 7.26252, 10.2638,1194, 508, 686, 305, 6.42218, 13.0845, 101.849, 0.303642, 126.03
5, 5, 35, 4, 3, 597, 591, 11.2994, 15.2348,1194, 657, 537, 382, 6.22031, 12.3667, 97.3526, 0.314042, 120.577
5, 5, 35, 5, 1, 602, 530, 2.89036, 4.42752,1204, 283, 921, 172, 6.31107, 11.3674, 88.4352, 0.290096, 110.885
5, 5, 35, 5, 2, 602, 620, 4.98213, 7.38872,1204, 417, 787, 258, 6.42838, 13.0168, 102.781, 0.304814, 126.903
5, 5, 35, 5, 3, 602, 591, 7.23883, 10.3141,1204, 530, 674, 316, 6.15164, 12.4172, 98.6438, 0.312895, 121.858
5, 5, 35, 5, 4, 602, 597, 14.5924, 19.0002,1204, 712, 492, 407, 6.36727, 13.0546, 99.3493, 0.309813, 123.548
5, 5, 35, 6, 1, 514, 530, 7.32805, 10.1467,1028, 490, 538, 289, 6.3689, 11.555, 75.398, 0.262412, 98.1315
5, 5, 35, 6, 2, 514, 620, 5.24757, 7.66181,1028, 439, 589, 259, 6.47752, 13.1304, 87.7453, 0.267887, 111.996
5, 5, 35, 6, 3, 514, 591, 3.37977, 5.08173,1028, 329, 699, 192, 6.17847, 12.3963, 83.7102, 0.25354, 106.794
5, 5, 35, 6, 4, 514, 597, 1.27243, 2.55592,1028, 143, 885, 95, 6.17352, 12.7086, 84.4416, 0.257346, 107.921
5, 5, 35, 6, 5, 514, 602, 0.264965, 1.27441,1028, 32, 996, 31, 6.32978, 12.5235, 85.099, 0.254811, 108.65
5, 5, 35, 7, 1, 559, 530, 0.31926, 0.84469,1118, 44, 1074, 31, 6.35754, 11.5179, 82.1012, 0.265206, 104.655
5, 5, 35, 7, 2, 559, 620, 0.964392, 1.82752,1118, 105, 1013, 73, 6.45372, 13.202, 95.7833, 0.264616, 120.12
5, 5, 35, 7, 3, 559, 591, 1.42641, 2.23964,1118, 148, 970, 87, 6.20707, 12.4111, 91.6996, 0.260107, 114.908
5, 5, 35, 7, 4, 559, 597, 2.75206, 4.13691,1118, 242, 876, 138, 6.18817, 12.5924, 91.9997, 0.264701, 115.554
5, 5, 35, 7, 5, 559, 602, 3.57644, 5.15633,1118, 261, 857, 150, 6.2735, 12.6684, 92.8214, 0.264706, 116.511
5, 5, 35, 7, 6, 559, 514, 0.0722784, 0.239389,1118, 9, 1109, 8, 6.19417, 11.0744, 79.4942, 0.247663, 101.485
5, 5, 35, 8, 1, 587, 530, 0.815174, 1.48153,1174, 100, 1074, 59, 6.49687, 11.6771, 86.6095, 0.272567, 109.654
5, 5, 35, 8, 2, 587, 620, 1.65054, 2.5267,1174, 161, 1013, 98, 6.46433, 12.9613, 100.559, 0.276715, 124.668
5, 5, 35, 8, 3, 587, 591, 2.37977, 3.62202,1174, 211, 963, 129, 6.16132, 12.6015, 95.6091, 0.277246, 118.965
5, 5, 35, 8, 4, 587, 597, 4.00597, 5.75816,1174, 286, 888, 172, 6.28595, 12.7446, 96.6052, 0.291457, 120.353
5, 5, 35, 8, 5, 587, 602, 4.0023, 5.75509,1174, 274, 900, 162, 6.44795, 12.9935, 97.5811, 0.283848, 121.855
5, 5, 35, 8, 6, 587, 514, 0.138619, 0.520225,1174, 17, 1157, 16, 6.18248, 10.9045, 83.4832, 0.267231, 105.274
5, 5, 35, 8, 7, 587, 559, 13.7372, 17.7738,1174, 689, 485, 396, 6.03782, 11.7067, 90.6033, 0.300877, 113.101
5, 5, 35, 9, 1, 635, 530, 1.62477, 2.50106,1270, 156, 1114, 99, 6.3113, 11.4139, 93.6355, 0.297355, 116.136
5, 5, 35, 9, 2, 635, 620, 2.62485, 3.92134,1270, 219, 1051, 137, 6.55273, 12.9844, 108.603, 0.309098, 132.996
5, 5, 35, 9, 3, 635, 591, 3.32894, 4.84909,1270, 249, 1021, 149, 6.24129, 12.5016, 104.007, 0.300857, 127.397
5, 5, 35, 9, 4, 635, 597, 4.31, 6.13685,1270, 291, 979, 177, 6.24467, 12.9018, 104.505, 0.304684, 128.405
5, 5, 35, 9, 5, 635, 602, 3.11536, 4.62156,1270, 243, 1027, 148, 6.27428, 12.611, 105.434, 0.313105, 129.175
5, 5, 35, 9, 6, 635, 514, 0.301335, 1.05234,1270, 36, 1234, 30, 6.32684, 11.394, 90.2858, 0.296227, 112.866
5, 5, 35, 9, 7, 635, 559, 8.95523, 12.3093,1270, 611, 659, 349, 6.06421, 11.914, 98.0148, 0.321271, 120.902
5, 5, 35, 9, 8, 635, 587, 14.3364, 18.5947,1270, 724, 546, 411, 6.15056, 12.3302, 103.278, 0.322198, 126.536
5, 5, 35, 10, 1, 605, 530, 3.71132, 5.28281,1210, 256, 954, 158, 6.31336, 11.4845, 88.571, 0.291468, 111.127
5, 5, 35, 10, 2, 605, 620, 4.32267, 6.14832,1210, 307, 903, 181, 6.44508, 12.9549, 106.84, 0.359764, 130.976
5, 5, 35, 10, 3, 605, 591, 2.98109, 4.36552,1210, 236, 974, 145, 6.64972, 13.1329, 99.2576, 0.288748, 124.387
5, 5, 35, 10, 4, 605, 597, 1.4739, 2.28071,1210, 135, 1075, 88, 6.32087, 12.6855, 99.4438, 0.280537, 123.222
5, 5, 35, 10, 5, 605, 602, 1.01498, 1.6,1210, 88, 1122, 63, 6.38886, 12.9462, 100.528, 0.286609, 124.719
5, 5, 35, 10, 6, 605, 514, 1.99303, 3.04265,1210, 180, 1030, 117, 6.39676, 11.2227, 86.4903, 0.286929, 108.921
5, 5, 35, 10, 7, 605, 559, 3.03586, 4.61528,1210, 312, 898, 187, 5.97093, 11.782, 93.3211, 0.291679, 115.839
5, 5, 35, 10, 8, 605, 587, 4.49815, 6.71778,1210, 423, 787, 248, 6.11621, 12.7921, 97.6882, 0.300871, 121.347
5, 5, 35, 10, 9, 605, 635, 7.04503, 10.029,1210, 535, 675, 314, 6.26062, 13.2124, 105.858, 0.307935, 130.105
5, 5, 35, 11, 1, 626, 530, 4.4631, 6.27135,1252, 309, 943, 186, 6.3826, 11.3902, 91.5793, 0.303988, 114.205
5, 5, 35, 11, 2, 626, 620, 3.54957, 5.18357,1252, 290, 962, 172, 6.46589, 13.1898, 107.171, 0.302665, 131.574
5, 5, 35, 11, 3, 626, 591, 2.26597, 3.39457,1252, 193, 1059, 124, 6.16933, 12.3623, 101.662, 0.30489, 124.87
5, 5, 35, 11, 4, 626, 597, 1.12782, 1.77139,1252, 111, 1141, 74, 6.32376, 12.7681, 103.244, 0.29737, 127.104
5, 5, 35, 11, 5, 626, 602, 0.658705, 1.0372,1252, 63, 1189, 44, 6.23469, 12.6209, 103.404, 0.281228, 127.079
5, 5, 35, 11, 6, 626, 514, 3.01263, 4.42923,1252, 258, 994, 155, 6.15673, 10.8659, 88.8682, 0.302835, 110.628
5, 5, 35, 11, 7, 626, 559, 1.72889, 2.84627,1252, 200, 1052, 122, 5.99379, 12.0859, 96.6922, 0.298326, 119.516
5, 5, 35, 11, 8, 626, 587, 2.77458, 4.2471,1252, 287, 965, 174, 6.21256, 12.4719, 101.098, 0.300351, 124.617
5, 5, 35, 11, 9, 626, 635, 4.53766, 6.72104,1252, 423, 829, 245, 6.25095, 13.0797, 109.2, 0.307424, 133.268
5, 5, 35, 11, 10, 626, 605, 12.9182, 16.9446,1252, 686, 566, 398, 6.2716, 12.5641, 104.072, 0.322058, 127.584
5, 5, 35, 12, 1, 598, 530, 3.67587, 5.30028,1196, 291, 905, 171, 6.41586, 11.4505, 87.9986, 0.298441, 110.718
5, 5, 35, 12, 2, 598, 620, 2.70667, 4.11007,1196, 231, 965, 146, 6.47257, 13.0387, 102.081, 0.286639, 126.327
5, 5, 35, 12, 3, 598, 591, 1.73797, 2.6636,1196, 160, 1036, 104, 6.18268, 12.7233, 97.5097, 0.27953, 120.995
5, 5, 35, 12, 4, 598, 597, 0.807603, 1.27626,1196, 84, 1112, 55, 6.18308, 12.5003, 99.5605, 0.277636, 122.902
5, 5, 35, 12, 5, 598, 602, 0.496822, 0.791268,1196, 54, 1142, 36, 6.34808, 13.0432, 100.843, 0.272506, 125.138
5, 5, 35, 12, 6, 598, 514, 3.79636, 5.47878,1196, 288, 908, 173, 6.32838, 11.1626, 85.7371, 0.29, 108.059
5, 5, 35, 12, 7, 598, 559, 0.471266, 1.50557,1196, 60, 1136, 49, 5.98783, 11.8567, 92.6497, 0.294033, 115.249
5, 5, 35, 12, 8, 598, 587, 1.87093, 2.9866,1196, 213, 983, 130, 6.3372, 12.8309, 97.1537, 0.290366, 121.235
5, 5, 35, 12, 9, 598, 635, 3.26705, 4.95302,1196, 326, 870, 194, 6.46558, 13.4705, 104.648, 0.297174, 129.442
5, 5, 35, 12, 10, 598, 605, 9.63382, 13.2418,1196, 647, 549, 372, 6.38694, 12.6184, 99.852, 0.306667, 123.54
5, 5, 35, 12, 11, 598, 626, 15.8016, 20.1546,1196, 733, 463, 419, 6.6794, 13.177, 103.025, 0.307069, 127.645
5, 5, 35, 13, 1, 468, 530, 1.4676, 2.26545,936, 148, 788, 91, 6.28529, 11.3773, 68.6753, 0.227208, 91.0013
5, 5, 35, 13, 2, 468, 620, 0.92543, 1.44847,936, 94, 842, 63, 6.44047, 13.0131, 79.9331, 0.218191, 103.941
5, 5, 35, 13, 3, 468, 591, 0.546068, 0.870831,936, 59, 877, 40, 6.15741, 12.5093, 76.3854, 0.2206, 99.6192
5, 5, 35, 13, 4, 468, 597, 0.129634, 0.337699,936, 13, 923, 12, 6.32524, 12.5569, 77.1956, 0.216918, 100.698
5, 5, 35, 13, 5, 468, 602, 0.0350383, 0.180422,936, 5, 931, 5, 6.37716, 12.6851, 78.0954, 0.214764, 101.839
5, 5, 35, 13, 6, 468, 514, 2.88749, 4.20854,936, 252, 684, 143, 6.3026, 10.9558, 66.5466, 0.230038, 88.5273
5, 5, 35, 13, 7, 468, 559, 0.0520221, 0.269382,936, 7, 929, 7, 6.00605, 11.8385, 72.3006, 0.211006, 94.7675
5, 5, 35, 13, 8, 468, 587, 0.118066, 0.532314,936, 15, 921, 15, 6.1931, 12.234, 75.6047, 0.226125, 98.7559
5, 5, 35, 13, 9, 468, 635, 0.204781, 1.13072,936, 25, 911, 25, 6.25005, 13.1589, 81.955, 0.233205, 105.992
5, 5, 35, 13, 10, 468, 605, 3.05922, 4.63075,936, 300, 636, 181, 6.28346, 12.6529, 77.909, 0.297323, 101.448
5, 5, 35, 13, 11, 468, 626, 4.89892, 7.13535,936, 416, 520, 242, 6.83562, 13.5288, 80.8516, 0.24079, 106.003
5, 5, 35, 13, 12, 468, 598, 6.67383, 9.39746,936, 495, 441, 283, 6.62905, 12.5978, 77.2692, 0.245358, 101.178
5, 5, 35, 14, 1, 536, 530, 1.90113, 2.88281,1072, 170, 902, 107, 6.29471, 11.3845, 78.9091, 0.26469, 101.287
5, 5, 35, 14, 2, 536, 620, 1.4158, 2.18948,1072, 134, 938, 89, 6.41419, 13.0401, 92.3662, 0.263263, 116.437
5, 5, 35, 14, 3, 536, 591, 0.909539, 1.43822,1072, 97, 975, 62, 6.37176, 12.7924, 87.8075, 0.246951, 111.55
5, 5, 35, 14, 4, 536, 597, 0.303392, 0.500516,1072, 33, 1039, 22, 6.24473, 12.4663, 88.0691, 0.244536, 111.46
5, 5, 35, 14, 5, 536, 602, 0.161331, 0.326856,1072, 20, 1052, 14, 6.23611, 12.5689, 89.1416, 0.237944, 112.589
5, 5, 35, 14, 6, 536, 514, 3.60943, 5.13603,1072, 278, 794, 160, 6.1417, 11.345, 76.2537, 0.260217, 98.3803
5, 5, 35, 14, 7, 536, 559, 0.0927161, 0.542743,1072, 12, 1060, 12, 6.01497, 11.6957, 82.7581, 0.249211, 105.164
5, 5, 35, 14, 8, 536, 587, 0.19113, 1.04903,1072, 24, 1048, 23, 6.29603, 12.3327, 86.6034, 0.260563, 109.9
5, 5, 35, 14, 9, 536, 635, 1.20153, 2.27537,1072, 140, 932, 89, 6.25826, 13.1721, 93.7696, 0.262822, 117.855
5, 5, 35, 14, 10, 536, 605, 5.01565, 7.40828,1072, 447, 625, 266, 6.27899, 12.6111, 89.8172, 0.272181, 113.269
5, 5, 35, 14, 11, 536, 626, 7.77294, 10.9288,1072, 568, 504, 325, 6.77148, 13.5278, 92.2962, 0.278077, 117.287
5, 5, 35, 14, 12, 536, 598, 10.6811, 14.2051,1072, 614, 458, 350, 6.65988, 12.7458, 88.5366, 0.281188, 112.761
5, 5, 35, 14, 13, 536, 468, 12.0765, 15.6406,1072, 639, 433, 349, 6.29578, 10.5247, 70.641, 0.275031, 92.2808
5, 5, 35, 15, 1, 629, 530, 2.45316, 3.6517,1258, 215, 1043, 128, 6.48693, 11.3707, 92.9982, 0.298172, 115.684
5, 5, 35, 15, 2, 629, 620, 3.81478, 5.53834,1258, 291, 967, 174, 6.55973, 13.4229, 107.776, 0.300822, 132.556
5, 5, 35, 15, 3, 629, 591, 4.26923, 6.04303,1258, 293, 965, 173, 6.34852, 12.8295, 102.897, 0.312474, 126.842
5, 5, 35, 15, 4, 629, 597, 3.05689, 4.53273,1258, 247, 1011, 151, 6.36589, 12.9096, 104.206, 0.30775, 128.269
5, 5, 35, 15, 5, 629, 602, 1.97528, 2.95336,1258, 152, 1106, 100, 6.46156, 12.9142, 105.165, 0.300185, 129.451
5, 5, 35, 15, 6, 629, 514, 0.92415, 1.77803,1258, 99, 1159, 71, 6.18979, 10.8601, 89.6404, 0.296923, 111.503
5, 5, 35, 15, 7, 629, 559, 5.61442, 8.08002,1258, 469, 789, 272, 6.00765, 11.7315, 97.1538, 0.310826, 119.727
5, 5, 35, 15, 8, 629, 587, 8.74872, 12.1782,1258, 603, 655, 351, 6.18421, 12.3219, 102.2, 0.316562, 125.563
5, 5, 35, 15, 9, 629, 635, 14.6945, 19.312,1258, 785, 473, 446, 6.4833, 13.5067, 110.24, 0.321166, 135.069
5, 5, 35, 15, 10, 629, 605, 10.966, 14.7986,1258, 667, 591, 393, 6.28817, 12.6075, 104.775, 0.322484, 128.342
5, 5, 35, 15, 11, 629, 626, 6.9475, 9.98833,1258, 541, 717, 325, 6.70921, 13.265, 109.222, 0.327383, 134.062
5, 5, 35, 15, 12, 629, 598, 5.38257, 7.9436,1258, 486, 772, 290, 6.67517, 12.5111, 103.613, 0.324047, 127.652
5, 5, 35, 15, 13, 629, 468, 0.957037, 2.21593,1258, 110, 1148, 78, 6.13179, 10.0788, 81.803, 0.31547, 102.884
5, 5, 35, 15, 14, 629, 536, 2.52975, 3.88099,1258, 268, 990, 160, 6.25141, 11.3044, 93.4665, 0.300355, 115.864
6, 6, 35, 2, 1, 173, 181, 4.20448, 5.39148,346, 200, 146, 117, 3.90862, 4.50579, 9.16691, 0.08949, 22.0601
6, 6, 35, 3, 1, 244, 181, 2.63251, 3.70374,488, 184, 304, 108, 3.88556, 4.45903, 12.8735, 0.123731, 25.6025
6, 6, 35, 3, 2, 244, 173, 3.44677, 4.67754,488, 209, 279, 120, 3.90726, 4.368, 12.3665, 0.125049, 25.1311
6, 6, 35, 4, 1, 222, 181, 1.57269, 2.34855,444, 138, 306, 87, 3.89233, 4.45632, 11.7242, 0.112539, 24.4797
6, 6, 35, 4, 2, 222, 173, 2.08057, 3.0128,444, 170, 274, 101, 3.91635, 4.351, 11.2566, 0.112569, 23.9728
6, 6, 35, 4, 3, 222, 244, 3.96643, 5.3808,444, 213, 231, 130, 4.24174, 5.94744, 15.5758, 0.117614, 30.3341
6, 6, 35, 5, 1, 222, 181, 1.09286, 1.65054,444, 105, 339, 64, 3.87327, 4.46544, 11.7383, 0.108823, 24.4788
6, 6, 35, 5, 2, 222, 173, 1.38574, 2.01338,444, 121, 323, 73, 3.90705, 4.58074, 11.3926, 0.110766, 24.3552
6, 6, 35, 5, 3, 222, 244, 3.27961, 4.70111,444, 210, 234, 127, 4.25347, 5.68307, 15.5307, 0.115871, 30.0468
6, 6, 35, 5, 4, 222, 222, 5.96936, 7.72096,444, 263, 181, 156, 4.07248, 5.36825, 14.2363, 0.118641, 28.2699
6, 6, 35, 6, 1, 185, 181, 2.94253, 3.936,370, 174, 196, 106, 3.86108, 4.83237, 9.78723, 0.099464, 22.8953
6, 6, 35, 6, 2, 185, 173, 2.12288, 2.99182,370, 168, 202, 96, 3.90455, 4.33064, 9.46804, 0.094434, 22.1591
6, 6, 35, 6, 3, 185, 244, 0.992442, 1.48819,370, 88, 282, 55, 4.2584, 5.85793, 12.9886, 0.095406, 27.6837
6, 6, 35, 6, 4, 185, 222, 0.542803, 0.853142,370, 54, 316, 35, 4.2165, 5.56097, 11.895, 0.095366, 26.2883
6, 6, 35, 6, 5, 185, 222, 0.125967, 0.459064,370, 12, 358, 11, 4.25438, 5.48442, 11.8705, 0.09739, 26.2925
6, 6, 35, 7, 1, 210, 181, 1.84648, 2.67236,420, 153, 267, 92, 3.88511, 4.46264, 11.0983, 0.107199, 23.8282
6, 6, 35, 7, 2, 210, 173, 1.24167, 1.84265,420, 118, 302, 71, 3.9156, 4.32681, 10.6571, 0.109143, 23.3485
6, 6, 35, 7, 3, 210, 244, 0.517399, 0.923434,420, 54, 366, 35, 4.29525, 5.63216, 14.6853, 0.104333, 29.1953
6, 6, 35, 7, 4, 210, 222, 0.0241812, 0.277361,420, 3, 417, 3, 4.07092, 5.20546, 13.4515, 0.102169, 27.2933
6, 6, 35, 7, 5, 210, 222, 0.0308072, 0.165228,420, 4, 416, 4, 4.10766, 5.48986, 13.4788, 0.098117, 27.6574
6, 6, 35, 7, 6, 210, 185, 3.94926, 5.23454,420, 235, 185, 135, 3.84531, 4.5947, 11.34, 0.108772, 24.0625
6, 6, 35, 8, 1, 256, 181, 0.93427, 1.4209,512, 95, 417, 59, 3.8861, 4.46882, 13.4836, 0.124598, 26.2254
6, 6, 35, 8, 2, 256, 173, 0.396749, 0.890327,512, 49, 463, 29, 4.06623, 4.33969, 12.9514, 0.129182, 25.9104
6, 6, 35, 8, 3, 256, 244, 0.0319861, 0.25846,512, 4, 508, 4, 4.23982, 5.6412, 17.9175, 0.120555, 32.3605
6, 6, 35, 8, 4, 256, 222, 0.00826446, 0.0793206,512, 1, 511, 1, 4.06916, 5.21877, 16.3715, 0.115014, 30.2157
6, 6, 35, 8, 5, 256, 222, 0.0220179, 0.0911832,512, 3, 509, 3, 4.16218, 5.18675, 16.3627, 0.114603, 30.3247
6, 6, 35, 8, 6, 256, 185, 2.18741, 3.19812,512, 195, 317, 114, 3.84779, 4.83232, 13.808, 0.129833, 26.7811
6, 6, 35, 8, 7, 256, 210, 3.95288, 5.34307,512, 277, 235, 152, 4.03503, 5.03317, 15.5362, 0.129072, 28.9958
6, 6, 35, 9, 1, 288, 181, 0.137316, 0.61296,576, 14, 562, 13, 3.88653, 4.46494, 15.2379, 0.143284, 28.0056
6, 6, 35, 9, 2, 288, 173, 0.04236, 0.298289,576, 6, 570, 6, 4.00722, 4.34877, 14.5357, 0.134978, 27.3546
6, 6, 35, 9, 3, 288, 244, 0.0208795, 0.120345,576, 3, 573, 3, 4.23906, 5.70127, 20.1637, 0.131086, 34.6699
6, 6, 35, 9, 4, 288, 222, 0.00819672, 0.0317784,576, 1, 575, 1, 4.05605, 5.22179, 18.5113, 0.127178, 32.3545
6, 6, 35, 9, 5, 288, 222, 0, 0,576, 0, 576, 0, 4.10371, 5.21063, 18.4519, 0.124719, 32.3836
6, 6, 35, 9, 6, 288, 185, 1.2097, 1.83814,576, 126, 450, 75, 3.84059, 4.61176, 15.4962, 0.138545, 28.2702
6, 6, 35, 9, 7, 288, 210, 2.2567, 3.2256,576, 202, 374, 112, 4.05808, 5.33989, 17.481, 0.144767, 31.2915
6, 6, 35, 9, 8, 288, 256, 5.49083, 7.14073,576, 323, 253, 175, 4.55657, 5.99361, 21.0602, 0.144376, 36.2227
6, 6, 35, 10, 1, 231, 181, 2.05862, 2.94629,462, 160, 302, 98, 3.89288, 4.45149, 12.2186, 0.11775, 24.9601
6, 6, 35, 10, 2, 231, 173, 2.96379, 4.10997,462, 208, 254, 121, 4.04063, 4.58868, 11.7028, 0.121737, 24.8284
6, 6, 35, 10, 3, 231, 244, 6.43748, 8.39083,462, 270, 192, 164, 4.3379, 5.67353, 16.2072, 0.123025, 30.926
6, 6, 35, 10, 4, 231, 222, 5.58424, 7.17476,462, 242, 220, 145, 4.06504, 5.38089, 14.8019, 0.129933, 28.8734
6, 6, 35, 10, 5, 231, 222, 3.57245, 4.89773,462, 209, 253, 127, 4.1694, 5.56276, 14.8164, 0.121146, 29.1823
6, 6, 35, 10, 6, 231, 185, 1.10233, 1.65986,462, 105, 357, 69, 3.82786, 4.53639, 12.4464, 0.115169, 25.1032
6, 6, 35, 10, 7, 231, 210, 0.277331, 0.684739,462, 34, 428, 23, 4.03664, 4.97788, 14.0437, 0.122364, 27.4666
6, 6, 35, 10, 8, 231, 256, 0.0364535, 0.2308,462, 5, 457, 5, 4.62187, 6.01939, 16.8831, 0.109444, 32.1336
6, 6, 35, 10, 9, 231, 288, 0.023807, 0.1133,462, 4, 458, 3, 4.92299, 6.54492, 18.9903, 0.106468, 34.9873
6, 6, 35, 11, 1, 302, 181, 0.443206, 0.688821,604, 45, 559, 30, 3.93708, 4.46159, 15.9129, 0.13872, 28.7161
6, 6, 35, 11, 2, 302, 173, 0.219576, 0.342978,604, 21, 583, 16, 3.90813, 4.33984, 15.2651, 0.141611, 27.9851
6, 6, 35, 11, 3, 302, 244, 0.00900901, 0.0949519,604, 1, 603, 1, 4.36266, 5.7005, 21.1079, 0.134302, 35.8352
6, 6, 35, 11, 4, 302, 222, 0.0239964, 0.0801971,604, 4, 600, 3, 4.07218, 5.57849, 19.3202, 0.133345, 33.5577
6, 6, 35, 11, 5, 302, 222, 0.00757576, 0.0293149,604, 1, 603, 1, 4.10243, 5.21926, 19.3121, 0.131055, 33.2775
6, 6, 35, 11, 6, 302, 185, 0.631901, 0.970768,604, 65, 539, 38, 3.84687, 4.51805, 16.2694, 0.143941, 28.9314
6, 6, 35, 11, 7, 302, 210, 0.946248, 1.40205,604, 95, 509, 53, 4.11597, 4.97363, 18.3226, 0.145795, 31.8138
6, 6, 35, 11, 8, 302, 256, 0.860397, 1.30731,604, 91, 513, 54, 4.57327, 6.0904, 22.1536, 0.146576, 37.3684
6, 6, 35, 11, 9, 302, 288, 0.621041, 0.956438,604, 61, 543, 41, 4.93563, 6.52527, 24.8831, 0.145754, 40.9027
6, 6, 35, 11, 10, 302, 231, 0.0182957, 0.106714,604, 2, 602, 2, 4.21777, 5.4359, 19.995, 0.133471, 34.3089
6, 6, 35, 12, 1, 298, 181, 0.443457, 0.669669,596, 41, 555, 27, 3.87039, 4.45023, 15.6951, 0.137528, 28.4522
6, 6, 35, 12, 2, 298, 173, 0.283671, 0.438846,596, 26, 570, 19, 3.9856, 4.56033, 15.0546, 0.137593, 28.0717
6, 6, 35, 12, 3, 298, 244, 0.0727158, 0.168797,596, 7, 589, 4, 4.25593, 5.82838, 20.8144, 0.132023, 35.6368
6, 6, 35, 12, 4, 298, 222, 0.0148948, 0.113135,596, 2, 594, 2, 4.09658, 5.2349, 19.0739, 0.134167, 32.9868
6, 6, 35, 12, 5, 298, 222, 0.00704225, 0.0416522,596, 1, 595, 1, 4.28477, 5.61617, 19.1241, 0.151467, 33.7468
6, 6, 35, 12, 6, 298, 185, 0.755879, 1.14195,596, 78, 518, 45, 3.99443, 4.55835, 16.0354, 0.140889, 28.9891
6, 6, 35, 12, 7, 298, 210, 0.823037, 1.25861,596, 80, 516, 49, 4.03114, 5.00043, 18.0744, 0.14076, 31.5104
6, 6, 35, 12, 8, 298, 256, 0.770322, 1.20527,596, 83, 513, 53, 4.49665, 6.20241, 21.8017, 0.143489, 37.0385
6, 6, 35, 12, 9, 298, 288, 0.546269, 0.867527,596, 57, 539, 39, 4.91475, 6.64721, 24.3656, 0.139993, 40.4841
6, 6, 35, 12, 10, 298, 231, 0.0249503, 0.147724,596, 3, 593, 3, 4.13035, 5.64794, 19.7484, 0.134612, 34.0797
6, 6, 35, 12, 11, 298, 302, 9.35093, 11.7447,596, 427, 169, 239, 4.67237, 6.84058, 25.5647, 0.156986, 41.6012
6, 6, 35, 13, 1, 258, 181, 0.554048, 0.827752,516, 52, 464, 31, 3.94412, 4.63221, 13.62, 0.121712, 26.6705
6, 6, 35, 13, 2, 258, 173, 0.383419, 0.594895,516, 36, 480, 24, 3.91585, 4.33609, 13.0317, 0.118576, 25.7503
6, 6, 35, 13, 3, 258, 244, 0.305831, 0.471295,516, 27, 489, 16, 4.24057, 5.70481, 18.1079, 0.117945, 32.6075
6, 6, 35, 13, 4, 258, 222, 0.103719, 0.297589,516, 12, 504, 8, 4.06843, 5.21108, 16.4716, 0.120174, 30.3498
6, 6, 35, 13, 5, 258, 222, 0.0155668, 0.0833048,516, 2, 514, 2, 4.11883, 5.22368, 16.5094, 0.11789, 30.459
6, 6, 35, 13, 6, 258, 185, 0.662714, 1.03021,516, 64, 452, 41, 3.86758, 4.63098, 13.8751, 0.122804, 26.6989
6, 6, 35, 13, 7, 258, 210, 0.64927, 1.03503,516, 69, 447, 43, 4.04137, 4.99415, 15.7383, 0.124758, 29.185
6, 6, 35, 13, 8, 258, 256, 0.336199, 0.519571,516, 34, 482, 23, 4.55772, 6.08103, 18.9121, 0.120615, 34.1304
6, 6, 35, 13, 9, 258, 288, 0.259266, 0.430885,516, 30, 486, 19, 5.10695, 6.93608, 21.4127, 0.122874, 38.0425
6, 6, 35, 13, 10, 258, 231, 0.161957, 0.26468,516, 17, 499, 11, 4.13797, 5.38067, 17.2138, 0.118692, 31.3555
6, 6, 35, 13, 11, 258, 302, 4.2196, 5.87877,516, 295, 221, 170, 4.75695, 7.13311, 22.177, 0.136541, 38.5761
6, 6, 35, 13, 12, 258, 298, 5.23263, 7.14932,516, 329, 187, 183, 4.54545, 6.64098, 21.912, 0.134136, 37.6308
6, 6, 35, 14, 1, 230, 181, 0.648302, 0.994425,460, 60, 400, 39, 4.03468, 4.81589, 12.1507, 0.111998, 25.4447
6, 6, 35, 14, 2, 230, 173, 0.587707, 0.906581,460, 56, 404, 37, 3.92822, 4.32574, 11.6481, 0.108962, 24.3632
6, 6, 35, 14, 3, 230, 244, 0.415254, 0.634592,460, 34, 426, 24, 4.24058, 5.63603, 16.1254, 0.11306, 30.5802
6, 6, 35, 14, 4, 230, 222, 0.392233, 0.589787,460, 42, 418, 24, 4.22672, 5.51841, 14.7785, 0.128626, 29.2302
6, 6, 35, 14, 5, 230, 222, 0.247602, 0.376858,460, 23, 437, 14, 4.11063, 5.27779, 14.7774, 0.111117, 28.8345
6, 6, 35, 14, 6, 230, 185, 0.398181, 0.665958,460, 43, 417, 28, 3.8656, 4.51827, 12.3798, 0.111463, 25.0852
6, 6, 35, 14, 7, 230, 210, 0.185156, 0.298653,460, 20, 440, 14, 4.05024, 4.99135, 13.9783, 0.108357, 27.4003
6, 6, 35, 14, 8, 230, 256, 0.0928966, 0.144781,460, 8, 452, 7, 4.48895, 5.96362, 16.8259, 0.11135, 31.797
6, 6, 35, 14, 9, 230, 288, 0.0729684, 0.112734,460, 7, 453, 5, 4.92359, 6.63344, 18.8978, 0.108602, 35.0027
6, 6, 35, 14, 10, 230, 231, 0.406643, 0.61897,460, 36, 424, 24, 4.15051, 5.39056, 15.2535, 0.108612, 29.4229
6, 6, 35, 14, 11, 230, 302, 1.47477, 2.24911,460, 149, 311, 90, 4.68146, 7.08222, 19.7566, 0.120926, 36.0181
6, 6, 35, 14, 12, 230, 298, 1.92235, 2.90764,460, 183, 277, 105, 4.53605, 6.6669, 19.5184, 0.118897, 35.1705
6, 6, 35, 14, 13, 230, 258, 3.81456, 5.36322,460, 260, 200, 149, 4.25806, 5.87634, 17.0125, 0.121337, 31.5246
6, 6, 35, 15, 1, 290, 181, 0.358646, 0.568659,580, 37, 543, 23, 3.88026, 4.46792, 15.2944, 0.137714, 28.0567
6, 6, 35, 15, 2, 290, 173, 0.467978, 0.754932,580, 49, 531, 33, 3.90257, 4.3492, 14.6642, 0.142723, 27.4112
6, 6, 35, 15, 3, 290, 244, 0.850015, 1.27819,580, 66, 514, 41, 4.27507, 5.73827, 20.2552, 0.135539, 34.9501
6, 6, 35, 15, 4, 290, 222, 1.25949, 1.89034,580, 89, 491, 56, 4.07577, 5.45857, 18.5637, 0.139096, 32.7091
6, 6, 35, 15, 5, 290, 222, 0.86716, 1.32794,580, 71, 509, 45, 4.11137, 5.20796, 18.5759, 0.136937, 32.5685
6, 6, 35, 15, 6, 290, 185, 0.287443, 0.449757,580, 30, 550, 20, 3.86001, 4.50131, 15.7715, 0.134342, 28.434
6, 6, 35, 15, 7, 290, 210, 0.065669, 0.127113,580, 10, 570, 6, 4.14514, 4.99841, 17.6005, 0.13128, 31.1671
6, 6, 35, 15, 8, 290, 256, 0.0294548, 0.0994769,580, 3, 577, 3, 4.49685, 6.23068, 21.2203, 0.140419, 36.4821
6, 6, 35, 15, 9, 290, 288, 0.0298421, 0.0966383,580, 4, 576, 3, 4.9105, 6.58028, 23.7057, 0.129718, 39.7648
6, 6, 35, 15, 10, 290, 231, 1.04328, 1.559,580, 74, 506, 45, 4.12655, 5.73591, 19.3432, 0.141737, 33.7824
6, 6, 35, 15, 11, 290, 302, 0.318999, 0.702461,580, 36, 544, 24, 4.6974, 6.73194, 24.8572, 0.148735, 40.8433
6, 6, 35, 15, 12, 290, 298, 0.630814, 1.10017,580, 70, 510, 46, 4.57185, 6.98949, 24.6964, 0.148109, 40.7966
6, 6, 35, 15, 13, 290, 258, 1.88319, 2.84866,580, 184, 396, 111, 4.33559, 5.91216, 21.5402, 0.150123, 36.2148
6, 6, 35, 15, 14, 290, 230, 4.24397, 5.84491,580, 275, 305, 154, 4.21336, 5.40402, 19.1561, 0.145594, 33.1887
5, 6, 35, 1, 1, 530, 181, 0.0119048, 0.0194805,1060, 2, 1058, 1, 4.44439, 4.64947, 27.7205, 0.256771, 41.4984
5, 6, 35, 1, 2, 530, 173, 0.00884956, 0.0147667,1060, 2, 1058, 1, 4.00964, 4.62999, 26.4913, 0.23063, 39.8034
5, 6, 35, 1, 3, 530, 244, 0.0113636, 0.0185065,1060, 2, 1058, 1, 4.25609, 5.63848, 36.6456, 0.229943, 51.2844
5, 6, 35, 1, 4, 530, 222, 0, 0,1060, 0, 1060, 0, 4.0863, 5.31526, 33.488, 0.228856, 47.7518
5, 6, 35, 1, 5, 530, 222, 0, 0,1060, 0, 1060, 0, 4.23028, 5.53543, 33.5355, 0.232964, 48.1777
5, 6, 35, 1, 6, 530, 185, 0.0289029, 0.0642122,1060, 4, 1056, 3, 4.00105, 4.53901, 28.1605, 0.239522, 41.2432
5, 6, 35, 1, 7, 530, 210, 0.00833333, 0.0303374,1060, 1, 1059, 1, 4.02867, 5.24797, 31.7528, 0.231752, 45.5864
5, 6, 35, 1, 8, 530, 256, 0, 0,1060, 0, 1060, 0, 4.49005, 5.92361, 38.5937, 0.231271, 53.6756
5, 6, 35, 1, 9, 530, 288, 0.0313558, 0.052361,1060, 5, 1055, 3, 5.01338, 6.64425, 43.3529, 0.238009, 59.84
5, 6, 35, 1, 10, 530, 231, 0.00840336, 0.0319601,1060, 1, 1059, 1, 4.17581, 5.45513, 34.9284, 0.242618, 49.476
5, 6, 35, 1, 11, 530, 302, 0.0210181, 0.0350211,1060, 4, 1056, 2, 4.69287, 6.9743, 45.1687, 0.231531, 61.5627
5, 6, 35, 1, 12, 530, 298, 0.0103093, 0.0274578,1060, 1, 1059, 1, 4.59149, 6.85166, 44.6872, 0.237999, 60.8543
5, 6, 35, 1, 13, 530, 258, 0.0188248, 0.0513714,1060, 3, 1057, 2, 4.31675, 6.21206, 38.8446, 0.234983, 53.9019
5, 6, 35, 1, 14, 530, 230, 0.0129038, 0.0320781,1060, 2, 1058, 2, 4.25229, 5.40595, 34.7093, 0.232117, 48.9408
5, 6, 35, 2, 1, 620, 181, 0.0321842, 0.0616144,1240, 6, 1234, 3, 3.87397, 4.47527, 32.2418, 0.273207, 45.1817
5, 6, 35, 2, 2, 620, 173, 0.00970874, 0.0263754,1240, 2, 1238, 1, 4.13534, 4.67559, 31.3587, 0.273332, 44.9573
5, 6, 35, 2, 3, 620, 244, 0.00662252, 0.0168266,1240, 1, 1239, 1, 4.52656, 5.97649, 43.1967, 0.304194, 58.6198
5, 6, 35, 2, 4, 620, 222, 0, 0.00840336,1240, 0, 1240, 0, 4.2062, 5.54578, 39.6965, 0.271334, 54.3805
5, 6, 35, 2, 5, 620, 222, 0.00598802, 0.0146087,1240, 1, 1239, 1, 4.18998, 5.72268, 39.766, 0.305624, 54.6481
5, 6, 35, 2, 6, 620, 185, 0.0103093, 0.0364154,1240, 2, 1238, 1, 3.99681, 4.78124, 33.238, 0.272556, 46.6906
5, 6, 35, 2, 7, 620, 210, 0, 0,1240, 0, 1240, 0, 4.22484, 5.35016, 37.6337, 0.269431, 52.0262
5, 6, 35, 2, 8, 620, 256, 0.0108696, 0.0180124,1240, 1, 1239, 1, 4.59226, 6.37611, 45.173, 0.2743, 60.9772
5, 6, 35, 2, 9, 620, 288, 0.0264764, 0.0492929,1240, 5, 1235, 3, 5.0898, 6.84198, 50.6465, 0.280639, 67.3836
5, 6, 35, 2, 10, 620, 231, 0.00819672, 0.0138147,1240, 1, 1239, 1, 4.23581, 5.60298, 40.7653, 0.282019, 55.4697
5, 6, 35, 2, 11, 620, 302, 0, 0.0201417,1240, 0, 1240, 0, 4.85887, 6.82249, 52.8561, 0.270533, 69.3434
5, 6, 35, 2, 12, 620, 298, 0.0106383, 0.0556779,1240, 2, 1238, 1, 4.56432, 6.63564, 52.1557, 0.274425, 68.0243
5, 6, 35, 2, 13, 620, 258, 0.0435599, 0.113872,1240, 7, 1233, 4, 4.35254, 6.27139, 45.4561, 0.289584, 60.7574
5, 6, 35, 2, 14, 620, 230, 0.00617284, 0.0151818,1240, 1, 1239, 1, 4.33264, 5.57565, 40.8597, 0.272176, 55.3304
5, 6, 35, 3, 1, 591, 181, 0.0549122, 0.104127,1182, 9, 1173, 5, 3.95053, 4.62566, 31.0299, 0.263063, 44.3034
5, 6, 35, 3, 2, 591, 173, 0.0136648, 0.042542,1182, 2, 1180, 2, 4.11137, 4.55852, 29.6183, 0.261109, 43.0603
5, 6, 35, 3, 3, 591, 244, 0.0120482, 0.0198001,1182, 2, 1180, 1, 4.39868, 5.98568, 41.2087, 0.259922, 56.527
5, 6, 35, 3, 4, 591, 222, 0, 0,1182, 0, 1182, 0, 4.14863, 5.47168, 37.7332, 0.259161, 52.186
5, 6, 35, 3, 5, 591, 222, 0, 0,1182, 0, 1182, 0, 4.2348, 5.3783, 37.7565, 0.261785, 52.2296
5, 6, 35, 3, 6, 591, 185, 0.0268043, 0.0698914,1182, 4, 1178, 3, 3.90685, 4.77203, 31.6122, 0.271379, 44.972
5, 6, 35, 3, 7, 591, 210, 0.00649351, 0.0262367,1182, 1, 1181, 1, 4.09919, 5.18057, 35.7164, 0.26402, 49.7539
5, 6, 35, 3, 8, 591, 256, 0, 0.011236,1182, 0, 1182, 0, 4.55651, 6.16546, 43.0477, 0.261976, 58.56
5, 6, 35, 3, 9, 591, 288, 0.0208696, 0.042373,1182, 4, 1178, 2, 5.05067, 6.77529, 48.403, 0.262676, 65.0644
5, 6, 35, 3, 10, 591, 231, 0, 0.0113636,1182, 0, 1182, 0, 4.22593, 5.72072, 39.0129, 0.261239, 53.8451
5, 6, 35, 3, 11, 591, 302, 0.017568, 0.0554821,1182, 3, 1179, 2, 4.76878, 6.94651, 50.6151, 0.261064, 67.0928
5, 6, 35, 3, 12, 591, 298, 0.00645161, 0.0402272,1182, 1, 1181, 1, 4.62811, 6.90267, 50.0095, 0.261484, 66.3557
5, 6, 35, 3, 13, 591, 258, 0, 0.0207304,1182, 0, 1182, 0, 4.46011, 6.12964, 43.4574, 0.262091, 58.7232
5, 6, 35, 3, 14, 591, 230, 0.0169639, 0.0332654,1182, 3, 1179, 2, 4.52905, 5.70408, 39.0103, 0.257648, 53.9582
5, 6, 35, 4, 1, 597, 181, 0.0482192, 0.125691,1194, 8, 1186, 4, 4.04311, 4.64789, 31.3787, 0.282302, 44.7562
5, 6, 35, 4, 2, 597, 173, 0.0615303, 0.133317,1194, 9, 1185, 7, 4.09325, 4.62642, 30.1186, 0.298344, 43.6629
5, 6, 35, 4, 3, 597, 244, 0.0120482, 0.0413211,1194, 2, 1192, 1, 4.41573, 6.08608, 41.6601, 0.275803, 57.0551
5, 6, 35, 4, 4, 597, 222, 0.0111111, 0.0388214,1194, 2, 1192, 1, 4.21604, 5.47263, 37.8368, 0.278313, 52.393
5, 6, 35, 4, 5, 597, 222, 0.0222736, 0.037539,1194, 4, 1190, 2, 4.149, 5.37726, 37.7849, 0.260383, 52.1708
5, 6, 35, 4, 6, 597, 185, 0.0259773, 0.0708052,1194, 4, 1190, 3, 3.87939, 4.79282, 31.8634, 0.278913, 45.0525
5, 6, 35, 4, 7, 597, 210, 0.00671141, 0.0269134,1194, 1, 1193, 1, 4.08215, 5.01613, 35.7754, 0.260779, 49.4702
5, 6, 35, 4, 8, 597, 256, 0.023259, 0.0384113,1194, 2, 1192, 2, 4.49483, 5.94649, 43.2581, 0.258479, 58.4403
5, 6, 35, 4, 9, 597, 288, 0.0521061, 0.0956376,1194, 7, 1187, 5, 5.09103, 6.94574, 48.5159, 0.261976, 65.3961
5, 6, 35, 4, 10, 597, 231, 0.0154808, 0.05069,1194, 2, 1192, 2, 4.13066, 5.67202, 39.4339, 0.26417, 54.0047
5, 6, 35, 4, 11, 597, 302, 0.0279843, 0.0565964,1194, 2, 1192, 2, 4.68369, 6.74151, 50.9443, 0.263634, 67.0566
5, 6, 35, 4, 12, 597, 298, 0, 0.0114943,1194, 0, 1194, 0, 4.57638, 6.93404, 50.2378, 0.25929, 66.4504
5, 6, 35, 4, 13, 597, 258, 0.0264924, 0.0609441,1194, 4, 1190, 3, 4.32711, 5.88152, 43.631, 0.271985, 58.4399
5, 6, 35, 4, 14, 597, 230, 0.0126582, 0.0196027,1194, 1, 1193, 1, 4.35115, 5.44889, 39.1023, 0.269726, 53.5868
5, 6, 35, 5, 1, 602, 181, 0.0292466, 0.0670706,1204, 4, 1200, 3, 3.96983, 4.58536, 31.3966, 0.282032, 44.6526
5, 6, 35, 5, 2, 602, 173, 0.0292897, 0.0737924,1204, 4, 1200, 4, 3.92039, 4.33656, 30.0761, 0.27206, 42.9838
5, 6, 35, 5, 3, 602, 244, 0.0187708, 0.0468533,1204, 3, 1201, 2, 4.25891, 5.63224, 41.6749, 0.265928, 56.3875
5, 6, 35, 5, 4, 602, 222, 0.0107527, 0.0486553,1204, 2, 1202, 1, 4.18245, 5.20967, 38.1309, 0.266444, 52.3804
5, 6, 35, 5, 5, 602, 222, 0, 0,1204, 0, 1204, 0, 4.19885, 5.20903, 38.1499, 0.260233, 52.4954
5, 6, 35, 5, 6, 602, 185, 0.0117647, 0.0192835,1204, 1, 1203, 1, 3.84461, 4.50751, 32.0257, 0.264851, 44.8621
5, 6, 35, 5, 7, 602, 210, 0.00671141, 0.0370584,1204, 1, 1203, 1, 4.03621, 5.00312, 36.1002, 0.263859, 49.7213
5, 6, 35, 5, 8, 602, 256, 0, 0,1204, 0, 1204, 0, 4.49909, 6.15995, 43.7077, 0.263358, 59.1239
5, 6, 35, 5, 9, 602, 288, 0.0205263, 0.0335558,1204, 4, 1200, 2, 5.13312, 6.96167, 49.149, 0.266048, 66.1453
5, 6, 35, 5, 10, 602, 231, 0, 0.0188296,1204, 0, 1204, 0, 4.26441, 5.4239, 39.5931, 0.263088, 54.1213
5, 6, 35, 5, 11, 602, 302, 0, 0.0119048,1204, 0, 1204, 0, 4.67861, 7.02614, 51.2747, 0.263443, 67.6844
5, 6, 35, 5, 12, 602, 298, 0, 0.0912237,1204, 0, 1204, 0, 4.58874, 6.61001, 50.68, 0.26915, 66.5397
5, 6, 35, 5, 13, 602, 258, 0.0392682, 0.0771257,1204, 6, 1198, 4, 4.4153, 6.00212, 44.3288, 0.278873, 59.4508
5, 6, 35, 5, 14, 602, 230, 0.0176292, 0.0442414,1204, 2, 1202, 2, 4.38285, 5.73326, 39.382, 0.264215, 54.1958
5, 6, 35, 6, 1, 514, 181, 0, 0,1028, 0, 1028, 0, 3.91795, 4.54173, 26.7741, 0.222689, 39.8922
5, 6, 35, 6, 2, 514, 173, 0.0223478, 0.0481258,1028, 3, 1025, 3, 4.02627, 4.30843, 25.6411, 0.229782, 38.6601
5, 6, 35, 6, 3, 514, 244, 0, 0,1028, 0, 1028, 0, 4.25444, 5.60516, 35.5805, 0.221772, 50.1212
5, 6, 35, 6, 4, 514, 222, 0.00578035, 0.0255096,1028, 1, 1027, 1, 4.18664, 5.30592, 32.4855, 0.224829, 46.7354
5, 6, 35, 6, 5, 514, 222, 0, 0,1028, 0, 1028, 0, 4.18751, 5.45813, 32.4833, 0.222665, 46.9617
5, 6, 35, 6, 6, 514, 185, 0.0477389, 0.0803454,1028, 9, 1019, 5, 3.9485, 4.54672, 27.3282, 0.236291, 40.3095
5, 6, 35, 6, 7, 514, 210, 0.0107527, 0.029396,1028, 2, 1026, 1, 4.16238, 5.04769, 30.8223, 0.224878, 44.6297
5, 6, 35, 6, 8, 514, 256, 0.01, 0.0274708,1028, 2, 1026, 1, 4.55153, 6.02678, 37.4433, 0.231131, 52.7715
5, 6, 35, 6, 9, 514, 288, 0.0436938, 0.0722774,1028, 7, 1021, 4, 5.06772, 6.91017, 42.0833, 0.24103, 58.8925
5, 6, 35, 6, 10, 514, 231, 0.0204516, 0.0344964,1028, 2, 1026, 2, 4.12963, 5.52186, 33.9075, 0.228796, 48.3099
5, 6, 35, 6, 11, 514, 302, 0.0107527, 0.0179991,1028, 2, 1026, 1, 4.81535, 6.92182, 43.9018, 0.223932, 60.4347
5, 6, 35, 6, 12, 514, 298, 0.00869565, 0.0540354,1028, 1, 1027, 1, 4.53061, 6.79296, 43.1692, 0.226407, 59.1676
5, 6, 35, 6, 13, 514, 258, 0.0645988, 0.117574,1028, 11, 1017, 6, 4.25089, 6.01463, 37.5275, 0.239141, 52.2549
5, 6, 35, 6, 14, 514, 230, 0.0078125, 0.0198607,1028, 1, 1027, 1, 4.30206, 5.49495, 33.5945, 0.22338, 47.8948
5, 6, 35, 7, 1, 559, 181, 0.0436226, 0.102358,1118, 8, 1110, 5, 3.88107, 4.45091, 29.243, 0.246471, 42.0918
5, 6, 35, 7, 2, 559, 173, 0.017434, 0.0489632,1118, 4, 1114, 2, 3.922, 4.41016, 28.0002, 0.246711, 41.058
5, 6, 35, 7, 3, 559, 244, 0.0151623, 0.050998,1118, 2, 1116, 2, 4.37225, 5.70528, 38.8628, 0.259331, 53.7818
5, 6, 35, 7, 4, 559, 222, 0.0116279, 0.039766,1118, 2, 1116, 1, 4.24584, 5.36547, 35.4312, 0.245058, 49.8918
5, 6, 35, 7, 5, 559, 222, 0.031062, 0.0718597,1118, 5, 1113, 3, 4.1785, 5.31479, 35.4336, 0.256615, 49.8207
5, 6, 35, 7, 6, 559, 185, 0, 0,1118, 0, 1118, 0, 3.97217, 4.47634, 29.7827, 0.241576, 42.793
5, 6, 35, 7, 7, 559, 210, 0.00628931, 0.0157233,1118, 1, 1117, 1, 4.17001, 5.24361, 33.5723, 0.243309, 47.664
5, 6, 35, 7, 8, 559, 256, 0.00862069, 0.0244346,1118, 1, 1117, 1, 4.57888, 6.27462, 40.4885, 0.253409, 56.0734
5, 6, 35, 7, 9, 559, 288, 0.0282445, 0.0835685,1118, 4, 1114, 4, 5.10725, 6.74245, 45.3526, 0.25144, 62.0287
5, 6, 35, 7, 10, 559, 231, 0.0161986, 0.0536477,1118, 2, 1116, 2, 4.23825, 5.37023, 36.7003, 0.257077, 51.1508
5, 6, 35, 7, 11, 559, 302, 0, 0,1118, 0, 1118, 0, 4.80117, 7.03456, 47.7603, 0.241991, 64.415
5, 6, 35, 7, 12, 559, 298, 0, 0.0503396,1118, 0, 1118, 0, 4.54106, 7.0831, 47.1118, 0.243921, 63.4355
5, 6, 35, 7, 13, 559, 258, 0.0159708, 0.0529905,1118, 2, 1116, 2, 4.35121, 5.8545, 40.7983, 0.25412, 55.6121
5, 6, 35, 7, 14, 559, 230, 0, 0.0449262,1118, 0, 1118, 0, 4.21898, 5.41156, 36.5813, 0.247888, 50.7025
5, 6, 35, 8, 1, 587, 181, 0.0257365, 0.0629349,1174, 6, 1168, 3, 4.00361, 4.49166, 30.6524, 0.260192, 43.851
5, 6, 35, 8, 2, 587, 173, 0.0347662, 0.06806,1174, 6, 1168, 4, 3.91619, 4.45679, 29.2662, 0.261935, 42.3687
5, 6, 35, 8, 3, 587, 244, 0.0275175, 0.0823776,1174, 4, 1170, 3, 4.36609, 5.69378, 40.6978, 0.258674, 55.6392
5, 6, 35, 8, 4, 587, 222, 0, 0.0194903,1174, 0, 1174, 0, 4.06581, 5.20259, 37.0591, 0.259505, 51.0718
5, 6, 35, 8, 5, 587, 222, 0.0274837, 0.0498712,1174, 4, 1170, 3, 4.11775, 5.23177, 37.1005, 0.258204, 51.3523
5, 6, 35, 8, 6, 587, 185, 0, 0.018018,1174, 0, 1174, 0, 3.8419, 4.51552, 31.4151, 0.257046, 44.2416
5, 6, 35, 8, 7, 587, 210, 0.01, 0.0168493,1174, 2, 1172, 1, 4.03703, 4.97921, 35.2145, 0.25887, 48.8132
5, 6, 35, 8, 8, 587, 256, 0.0217189, 0.0452282,1174, 3, 1171, 2, 4.66228, 6.2276, 42.7719, 0.261074, 58.5314
5, 6, 35, 8, 9, 587, 288, 0.0380867, 0.0630877,1174, 7, 1167, 4, 5.08974, 6.87704, 47.7134, 0.257987, 64.5365
5, 6, 35, 8, 10, 587, 231, 0.01, 0.0270623,1174, 1, 1173, 1, 4.26747, 5.48107, 38.5205, 0.267221, 53.1254
5, 6, 35, 8, 11, 587, 302, 0.016903, 0.0341916,1174, 2, 1172, 2, 4.68654, 6.69756, 49.8951, 0.257166, 66.0586
5, 6, 35, 8, 12, 587, 298, 0, 0.0274194,1174, 0, 1174, 0, 4.53734, 7.02001, 49.4414, 0.255689, 65.6304
5, 6, 35, 8, 13, 587, 258, 0, 0.00900901,1174, 0, 1174, 0, 4.28807, 5.99368, 43.0425, 0.254857, 57.9433
5, 6, 35, 8, 14, 587, 230, 0.0305542, 0.0692159,1174, 5, 1169, 3, 4.28515, 5.62491, 38.491, 0.257187, 52.9802
5, 6, 35, 9, 1, 635, 181, 0.0311706, 0.0809335,1270, 7, 1263, 4, 3.94386, 4.41584, 33.0776, 0.281483, 46.1998
5, 6, 35, 9, 2, 635, 173, 0.0181373, 0.0654948,1270, 3, 1267, 2, 3.89826, 4.31843, 31.6876, 0.28209, 44.5704
5, 6, 35, 9, 3, 635, 244, 0, 0.0298307,1270, 0, 1270, 0, 4.39346, 5.83527, 44.0708, 0.277962, 59.1672
5, 6, 35, 9, 4, 635, 222, 0.030795, 0.0901998,1270, 6, 1264, 4, 4.14161, 5.30996, 40.2873, 0.28202, 54.5379
5, 6, 35, 9, 5, 635, 222, 0.020943, 0.0349865,1270, 4, 1266, 2, 4.19119, 5.56732, 40.2943, 0.276394, 54.9796
5, 6, 35, 9, 6, 635, 185, 0, 0.0362907,1270, 0, 1270, 0, 3.84914, 4.83139, 33.8513, 0.277927, 47.1418
5, 6, 35, 9, 7, 635, 210, 0.015841, 0.0410416,1270, 3, 1267, 2, 4.16868, 5.33853, 38.1784, 0.279169, 52.3648
5, 6, 35, 9, 8, 635, 256, 0.0199843, 0.0440169,1270, 3, 1267, 2, 4.58091, 6.03425, 46.2425, 0.284836, 61.6679
5, 6, 35, 9, 9, 635, 288, 0.0316368, 0.0517467,1270, 4, 1266, 3, 5.01753, 6.64621, 51.7375, 0.2772, 68.1987
5, 6, 35, 9, 10, 635, 231, 0.00917431, 0.0256044,1270, 2, 1268, 1, 4.29748, 5.52787, 41.6521, 0.276519, 56.3779
5, 6, 35, 9, 11, 635, 302, 0.0106383, 0.0178847,1270, 1, 1269, 1, 4.66543, 6.68741, 54.1129, 0.281063, 70.1753
5, 6, 35, 9, 12, 635, 298, 0, 0.0108696,1270, 0, 1270, 0, 4.52632, 6.78452, 53.4007, 0.279595, 69.3714
5, 6, 35, 9, 13, 635, 258, 0, 0,1270, 0, 1270, 0, 4.27365, 6.11207, 46.4502, 0.279104, 61.4197
5, 6, 35, 9, 14, 635, 230, 0.0249541, 0.0515274,1270, 4, 1266, 2, 4.23872, 5.41223, 41.6631, 0.278819, 55.8878
5, 6, 35, 10, 1, 605, 181, 0.0120491, 0.0462969,1210, 2, 1208, 2, 3.88814, 4.59129, 31.4432, 0.263914, 44.6229
5, 6, 35, 10, 2, 605, 173, 0.00653595, 0.0259828,1210, 1, 1209, 1, 3.90093, 4.32311, 30.1727, 0.264075, 43.0395
5, 6, 35, 10, 3, 605, 244, 0.00632911, 0.0157631,1210, 1, 1209, 1, 4.2329, 5.65071, 41.8454, 0.284693, 56.4955
5, 6, 35, 10, 4, 605, 222, 0, 0,1210, 0, 1210, 0, 4.0981, 5.26113, 38.2057, 0.266905, 52.41
5, 6, 35, 10, 5, 605, 222, 0, 0,1210, 0, 1210, 0, 4.19384, 5.19453, 38.3011, 0.288901, 52.6195
5, 6, 35, 10, 6, 605, 185, 0, 0.00917431,1210, 0, 1210, 0, 3.98978, 4.79868, 32.1992, 0.262602, 45.5793
5, 6, 35, 10, 7, 605, 210, 0, 0.0405939,1210, 0, 1210, 0, 4.04298, 4.98442, 36.2528, 0.265427, 49.891
5, 6, 35, 10, 8, 605, 256, 0.00862069, 0.0346213,1210, 2, 1208, 1, 4.5396, 5.97001, 43.8134, 0.267937, 59.0339
5, 6, 35, 10, 9, 605, 288, 0.0308515, 0.0684346,1210, 5, 1205, 3, 5.12114, 6.65091, 49.073, 0.268754, 65.7006
5, 6, 35, 10, 10, 605, 231, 0, 0.00980392,1210, 0, 1210, 0, 4.12121, 5.38628, 39.7318, 0.263213, 53.9743
5, 6, 35, 10, 11, 605, 302, 0.00806452, 0.0199693,1210, 1, 1209, 1, 4.6733, 6.91207, 51.4535, 0.26447, 67.7281
5, 6, 35, 10, 12, 605, 298, 0.0283299, 0.0719719,1210, 4, 1206, 3, 4.55361, 6.6077, 50.8114, 0.265868, 66.6847
5, 6, 35, 10, 13, 605, 258, 0.022739, 0.0367586,1210, 3, 1207, 2, 4.43915, 6.17245, 44.1527, 0.296812, 59.4984
5, 6, 35, 10, 14, 605, 230, 0.0214691, 0.0539276,1210, 3, 1207, 3, 4.32873, 5.71824, 39.6152, 0.267411, 54.2727
5, 6, 35, 11, 1, 626, 181, 0.00649351, 0.0257261,1252, 1, 1251, 1, 4.01415, 4.78372, 32.767, 0.278718, 46.2759
5, 6, 35, 11, 2, 626, 173, 0, 0.00980392,1252, 0, 1252, 0, 3.96275, 4.67734, 31.1839, 0.275507, 44.5897
5, 6, 35, 11, 3, 626, 244, 0.00598802, 0.024453,1252, 1, 1251, 1, 4.39297, 6.01332, 43.5875, 0.277221, 58.8774
5, 6, 35, 11, 4, 626, 222, 0, 0,1252, 0, 1252, 0, 4.23609, 5.5496, 39.769, 0.272767, 54.4145
5, 6, 35, 11, 5, 626, 222, 0, 0,1252, 0, 1252, 0, 4.20948, 5.53315, 39.7692, 0.287421, 54.5194
5, 6, 35, 11, 6, 626, 185, 0.00666667, 0.0361949,1252, 1, 1251, 1, 3.99239, 4.79396, 33.4381, 0.278057, 46.9095
5, 6, 35, 11, 7, 626, 210, 0.0111111, 0.029669,1252, 1, 1251, 1, 4.14624, 5.15993, 37.5934, 0.286143, 51.7189
5, 6, 35, 11, 8, 626, 256, 0, 0.0116279,1252, 0, 1252, 0, 4.65645, 6.16469, 45.5251, 0.271985, 61.2067
5, 6, 35, 11, 9, 626, 288, 0.0252766, 0.0577063,1252, 4, 1248, 3, 5.02818, 6.7968, 51.0543, 0.276699, 67.7131
5, 6, 35, 11, 10, 626, 231, 0.00621118, 0.0261288,1252, 1, 1251, 1, 4.19381, 5.55289, 41.3461, 0.318167, 55.9806
5, 6, 35, 11, 11, 626, 302, 0.0320465, 0.0526027,1252, 4, 1248, 3, 4.69071, 6.84516, 53.6141, 0.284374, 69.9335
5, 6, 35, 11, 12, 626, 298, 0.0120482, 0.019191,1252, 2, 1250, 1, 4.60054, 6.75595, 52.8469, 0.274626, 68.9186
5, 6, 35, 11, 13, 626, 258, 0.00632911, 0.039678,1252, 1, 1251, 1, 4.34203, 5.9933, 45.9259, 0.273793, 60.9219
5, 6, 35, 11, 14, 626, 230, 0.0407509, 0.0878222,1252, 6, 1246, 5, 4.32225, 5.65325, 40.9778, 0.285136, 55.6408
5, 6, 35, 12, 1, 598, 181, 0.0134446, 0.051805,1196, 2, 1194, 2, 3.89897, 4.52483, 31.2348, 0.263624, 44.2689
5, 6, 35, 12, 2, 598, 173, 0, 0.0108696,1196, 0, 1196, 0, 3.97396, 4.56296, 29.932, 0.259817, 43.1104
5, 6, 35, 12, 3, 598, 244, 0.0122704, 0.0393915,1196, 2, 1194, 2, 4.32795, 5.83892, 41.5703, 0.2612, 56.5967
5, 6, 35, 12, 4, 598, 222, 0, 0.00884956,1196, 0, 1196, 0, 4.14375, 5.48821, 37.9141, 0.264711, 52.3334
5, 6, 35, 12, 5, 598, 222, 0, 0.0105263,1196, 0, 1196, 0, 4.14505, 5.38964, 37.9963, 0.259827, 52.507
5, 6, 35, 12, 6, 598, 185, 0.0278424, 0.0919493,1196, 3, 1193, 3, 3.92576, 4.55314, 31.928, 0.264386, 44.9049
5, 6, 35, 12, 7, 598, 210, 0.0296669, 0.101495,1196, 3, 1193, 3, 4.04184, 4.99045, 35.8237, 0.273408, 49.5143
5, 6, 35, 12, 8, 598, 256, 0, 0.0417468,1196, 0, 1196, 0, 4.5231, 6.46576, 43.4549, 0.265773, 59.2152
5, 6, 35, 12, 9, 598, 288, 0.0414566, 0.0678914,1196, 5, 1191, 4, 5.08076, 6.90313, 49.0032, 0.274946, 65.8274
5, 6, 35, 12, 10, 598, 231, 0, 0,1196, 0, 1196, 0, 4.30043, 5.60202, 40.1085, 0.370943, 55.0696
5, 6, 35, 12, 11, 598, 302, 0.0309276, 0.0510199,1196, 4, 1192, 3, 5.19712, 7.79485, 53.0683, 0.274686, 70.9851
5, 6, 35, 12, 12, 598, 298, 0.0172746, 0.044544,1196, 2, 1194, 2, 4.88106, 7.27719, 50.4604, 0.272356, 67.6177
5, 6, 35, 12, 13, 598, 258, 0.0297432, 0.081993,1196, 4, 1192, 3, 4.29187, 6.01952, 43.9315, 0.270317, 58.8243
5, 6, 35, 12, 14, 598, 230, 0.0146933, 0.038433,1196, 2, 1194, 2, 4.34572, 5.39262, 39.1964, 0.26405, 53.4828
5, 6, 35, 13, 1, 468, 181, 0.00847458, 0.0141243,936, 2, 934, 1, 3.91005, 4.64293, 24.4152, 0.203883, 37.5544
5, 6, 35, 13, 2, 468, 173, 0, 0,936, 0, 936, 0, 3.93397, 4.45687, 23.3895, 0.203467, 36.374
5, 6, 35, 13, 3, 468, 244, 0.0207259, 0.0334615,936, 3, 933, 2, 4.2922, 5.62699, 32.456, 0.218991, 47.0733
5, 6, 35, 13, 4, 468, 222, 0, 0,936, 0, 936, 0, 4.13691, 5.34643, 29.6107, 0.203461, 43.8501
5, 6, 35, 13, 5, 468, 222, 0, 0.0217391,936, 0, 936, 0, 4.18024, 5.33039, 29.6499, 0.204904, 43.9696
5, 6, 35, 13, 6, 468, 185, 0.00757576, 0.0283956,936, 1, 935, 1, 3.91241, 4.6247, 24.9853, 0.205822, 38.0132
5, 6, 35, 13, 7, 468, 210, 0, 0,936, 0, 936, 0, 4.1592, 5.21275, 28.0784, 0.204339, 42.0294
5, 6, 35, 13, 8, 468, 256, 0.0160959, 0.0706615,936, 3, 933, 2, 4.54824, 6.07011, 34.0374, 0.206217, 49.3865
5, 6, 35, 13, 9, 468, 288, 0.0475724, 0.0836139,936, 6, 930, 4, 4.99377, 6.71783, 38.0459, 0.20771, 54.4859
5, 6, 35, 13, 10, 468, 231, 0.00847458, 0.0142217,936, 1, 935, 1, 4.15339, 5.42153, 30.778, 0.2179, 45.0959
5, 6, 35, 13, 11, 468, 302, 0.0154193, 0.0438121,936, 3, 933, 2, 4.80262, 7.04809, 40.099, 0.207871, 56.6277
5, 6, 35, 13, 12, 468, 298, 0.0111111, 0.0303151,936, 2, 934, 1, 4.76952, 6.81773, 39.3945, 0.20751, 55.6498
5, 6, 35, 13, 13, 468, 258, 0, 0,936, 0, 936, 0, 4.39226, 6.2014, 34.2457, 0.204388, 49.3542
5, 6, 35, 13, 14, 468, 230, 0.00884956, 0.0146975,936, 2, 934, 1, 4.37441, 5.3803, 30.6143, 0.20495, 45.0563
5, 6, 35, 14, 1, 536, 181, 0.0185065, 0.0455725,1072, 3, 1069, 2, 3.99029, 4.74571, 28.07, 0.236106, 41.4046
5, 6, 35, 14, 2, 536, 173, 0, 0,1072, 0, 1072, 0, 4.03142, 4.40948, 26.7703, 0.233095, 39.8781
5, 6, 35, 14, 3, 536, 244, 0.0163743, 0.0310276,1072, 3, 1069, 2, 4.26196, 5.68978, 37.117, 0.23833, 51.7671
5, 6, 35, 14, 4, 536, 222, 0.00571429, 0.0231267,1072, 1, 1071, 1, 4.19537, 5.45553, 34.0221, 0.2361, 48.4841
5, 6, 35, 14, 5, 536, 222, 0.0135135, 0.0229475,1072, 1, 1071, 1, 4.22251, 5.57636, 34.1778, 0.237593, 48.8101
5, 6, 35, 14, 6, 536, 185, 0.030752, 0.0747686,1072, 3, 1069, 3, 3.91996, 4.90276, 28.5196, 0.236401, 41.8675
5, 6, 35, 14, 7, 536, 210, 0, 0.0210619,1072, 0, 1072, 0, 4.08556, 4.98421, 32.2354, 0.235004, 45.8153
5, 6, 35, 14, 8, 536, 256, 0.00900901, 0.0342699,1072, 1, 1071, 1, 4.56573, 5.95268, 38.9044, 0.252117, 54.0721
5, 6, 35, 14, 9, 536, 288, 0.054098, 0.107178,1072, 6, 1066, 5, 4.9103, 6.82763, 43.5583, 0.242477, 59.9583
5, 6, 35, 14, 10, 536, 231, 0, 0,1072, 0, 1072, 0, 4.14098, 5.51862, 35.1775, 0.231817, 49.5284
5, 6, 35, 14, 11, 536, 302, 0, 0.0121951,1072, 0, 1072, 0, 4.77542, 6.88605, 45.9717, 0.246984, 62.2654
5, 6, 35, 14, 12, 536, 298, 0.0113636, 0.0357755,1072, 1, 1071, 1, 4.56535, 7.02587, 45.2264, 0.242492, 61.5093
5, 6, 35, 14, 13, 536, 258, 0.0195685, 0.0447858,1072, 4, 1068, 2, 4.37502, 6.26241, 39.3437, 0.236256, 54.5592
5, 6, 35, 14, 14, 536, 230, 0.0146538, 0.0471544,1072, 2, 1070, 2, 4.39012, 5.7068, 35.1001, 0.236551, 49.8061
5, 6, 35, 15, 1, 629, 181, 0.00657895, 0.0540187,1258, 1, 1257, 1, 4.09047, 4.90731, 32.9664, 0.276529, 46.6431
5, 6, 35, 15, 2, 629, 173, 0.00862069, 0.0344091,1258, 2, 1256, 1, 3.95781, 4.33029, 31.461, 0.273944, 44.5925
5, 6, 35, 15, 3, 629, 244, 0, 0.0307746,1258, 0, 1258, 0, 4.24191, 5.6604, 43.5579, 0.273969, 58.2192
5, 6, 35, 15, 4, 629, 222, 0.0340399, 0.0614426,1258, 7, 1251, 4, 4.08748, 5.22217, 39.7766, 0.284213, 53.9245
5, 6, 35, 15, 5, 629, 222, 0.0208424, 0.0484024,1258, 4, 1254, 2, 4.10239, 5.24383, 39.7983, 0.276965, 53.9996
5, 6, 35, 15, 6, 629, 185, 0.00934579, 0.0158817,1258, 1, 1257, 1, 3.90891, 4.56802, 33.4686, 0.278133, 46.5705
5, 6, 35, 15, 7, 629, 210, 0.0154636, 0.041218,1258, 3, 1255, 2, 4.02975, 5.0364, 37.7224, 0.284003, 51.3821
5, 6, 35, 15, 8, 629, 256, 0.0198382, 0.0433652,1258, 4, 1254, 2, 4.57112, 6.07444, 45.5908, 0.276589, 60.9672
5, 6, 35, 15, 9, 629, 288, 0.0391347, 0.0650623,1258, 6, 1252, 4, 5.06192, 6.77328, 51.2668, 0.284995, 67.9015
5, 6, 35, 15, 10, 629, 231, 0.00684932, 0.0268814,1258, 1, 1257, 1, 4.17376, 5.54701, 41.3767, 0.274625, 55.9306
5, 6, 35, 15, 11, 629, 302, 0, 0.0142857,1258, 0, 1258, 0, 4.69563, 6.82948, 53.5547, 0.273153, 69.8522
5, 6, 35, 15, 12, 629, 298, 0, 0,1258, 0, 1258, 0, 4.56304, 6.64523, 52.8798, 0.275051, 68.7636
5, 6, 35, 15, 13, 629, 258, 0.00943396, 0.0536932,1258, 1, 1257, 1, 4.29341, 6.11325, 45.9776, 0.284495, 60.9701
5, 6, 35, 15, 14, 629, 230, 0.00689655, 0.0169976,1258, 1, 1257, 1, 4.44332, 5.76435, 41.1512, 0.275832, 56.0068
