52, 1, 2, 141, 177, 158.617, 158.617,19, 19
52, 1, 3, 141, 133, 305.894, 326.166,35, 33
52, 1, 4, 141, 274, 19.0806, 37.3656,4, 2
52, 1, 5, 141, 243, 0, 0,0, 0
52, 1, 6, 141, 237, 6.85686, 6.85686,1, 1
52, 1, 7, 141, 172, 0, 0,0, 0
52, 1, 8, 141, 174, 0, 0,0, 0
52, 1, 9, 141, 229, 15.2256, 15.2256,2, 2
52, 1, 10, 141, 237, 6.88684, 6.88684,1, 1
52, 1, 11, 141, 228, 15.3079, 15.3079,2, 2
52, 1, 12, 141, 219, 16.4148, 16.4148,2, 2
52, 1, 13, 141, 216, 0, 0,0, 0
52, 1, 14, 141, 179, 10.156, 16.8986,2, 1
52, 1, 15, 141, 166, 7.26502, 7.26502,1, 1
52, 1, 16, 141, 157, 21.7665, 21.7665,3, 3
52, 1, 17, 141, 156, 37.8581, 45.0379,6, 5
52, 1, 18, 141, 167, 24.8872, 24.8872,3, 3
52, 1, 19, 141, 198, 0, 0,0, 0
52, 1, 20, 141, 208, 0, 0,0, 0
52, 1, 21, 141, 136, 6.89006, 6.89006,1, 1
52, 1, 22, 141, 175, 0, 0,0, 0
52, 1, 23, 141, 213, 15.8666, 15.8666,2, 2
52, 1, 24, 141, 169, 29.0982, 29.0982,4, 4
52, 1, 25, 141, 211, 15.637, 23.3027,3, 2
52, 1, 26, 141, 231, 7.51984, 7.51984,1, 1
52, 1, 27, 141, 180, 69.753, 76.6205,10, 9
52, 1, 28, 141, 195, 33.1358, 33.1358,4, 4
52, 1, 29, 141, 231, 0, 0,0, 0
52, 1, 30, 141, 206, 0, 0,0, 0
52, 1, 31, 141, 178, 29.419, 29.419,4, 4
52, 1, 32, 141, 207, 39.8746, 39.8746,5, 5
52, 1, 33, 141, 230, 0, 0,0, 0
52, 1, 34, 141, 165, 22.1368, 22.1368,3, 3
52, 1, 35, 141, 180, 6.80158, 6.80158,1, 1
52, 1, 36, 141, 217, 6.74687, 6.74687,1, 1
52, 1, 37, 141, 212, 15.7506, 15.7506,2, 2
52, 1, 38, 141, 234, 6.71125, 6.71125,1, 1
52, 1, 39, 141, 214, 24.6689, 24.6689,3, 3
52, 1, 40, 141, 193, 0, 0,0, 0
52, 1, 41, 141, 184, 0, 0,0, 0
52, 1, 42, 141, 186, 6.76236, 6.76236,1, 1
52, 1, 43, 141, 197, 0, 0,0, 0
52, 1, 44, 141, 180, 14.54, 14.54,2, 2
52, 1, 45, 141, 227, 6.88802, 6.88802,1, 1
52, 1, 46, 141, 216, 0, 0,0, 0
52, 1, 47, 141, 210, 0, 0,0, 0
52, 2, 1, 177, 141, 158.617, 158.617,19, 19
52, 2, 3, 177, 133, 261.705, 314.86,33, 27
52, 2, 4, 177, 274, 32.0474, 55.0841,5, 3
52, 2, 5, 177, 243, 15.9919, 23.2205,3, 2
52, 2, 6, 177, 237, 9.31352, 16.976,2, 1
52, 2, 7, 177, 172, 33.5076, 41.3443,5, 4
52, 2, 8, 177, 174, 15.09, 15.09,2, 2
52, 2, 9, 177, 229, 0, 0,0, 0
52, 2, 10, 177, 237, 26.0514, 48.1488,4, 2
52, 2, 11, 177, 228, 0, 0,0, 0
52, 2, 12, 177, 219, 24.9074, 40.2979,5, 3
52, 2, 13, 177, 216, 27.0341, 27.0341,3, 3
52, 2, 14, 177, 179, 24.057, 32.2009,3, 2
52, 2, 15, 177, 166, 32.4244, 46.7684,4, 3
52, 2, 16, 177, 157, 33.5576, 52.0245,5, 3
52, 2, 17, 177, 156, 62.6476, 76.6017,5, 4
52, 2, 18, 177, 167, 26.2819, 34.6401,4, 3
52, 2, 19, 177, 198, 30.7563, 30.7563,4, 4
52, 2, 20, 177, 208, 44.4658, 57.4749,5, 4
52, 2, 21, 177, 136, 33.2247, 44.629,5, 4
52, 2, 22, 177, 175, 81.583, 97.6876,8, 7
52, 2, 23, 177, 213, 27.4401, 37.0419,4, 3
52, 2, 24, 177, 169, 0, 0,0, 0
52, 2, 25, 177, 211, 67.5181, 80.4318,7, 6
52, 2, 26, 177, 231, 14.3331, 14.3331,2, 2
52, 2, 27, 177, 180, 114.707, 143.674,16, 13
52, 2, 28, 177, 195, 157.395, 204.512,19, 14
52, 2, 29, 177, 231, 21.9456, 21.9456,3, 3
52, 2, 30, 177, 206, 88.9326, 110.415,13, 10
52, 2, 31, 177, 178, 140.849, 172.374,20, 16
52, 2, 32, 177, 207, 36.5646, 68.8756,6, 3
52, 2, 33, 177, 230, 25.1977, 25.1977,3, 3
52, 2, 34, 177, 165, 49.2935, 60.5617,6, 5
52, 2, 35, 177, 180, 15.3016, 25.3618,2, 1
52, 2, 36, 177, 217, 52.1572, 61.1585,7, 6
52, 2, 37, 177, 212, 26.2255, 47.7723,4, 2
52, 2, 38, 177, 234, 45.5118, 71.0225,6, 4
52, 2, 39, 177, 214, 31.0267, 40.1569,4, 3
52, 2, 40, 177, 193, 14.6002, 14.6002,2, 2
52, 2, 41, 177, 184, 42.5143, 42.5143,5, 5
52, 2, 42, 177, 186, 37.9334, 37.9334,5, 5
52, 2, 43, 177, 197, 41.9791, 55.6228,7, 5
52, 2, 44, 177, 180, 26.3305, 33.9966,4, 3
52, 2, 45, 177, 227, 0, 0,0, 0
52, 2, 46, 177, 216, 11.2053, 19.6352,2, 1
52, 2, 47, 177, 210, 23.2136, 40.2784,4, 2
52, 3, 1, 133, 141, 281.104, 326.167,35, 30
52, 3, 2, 133, 177, 285.219, 314.86,33, 30
52, 3, 4, 133, 274, 27.4071, 45.3516,4, 2
52, 3, 5, 133, 243, 7.44976, 7.44976,1, 1
52, 3, 6, 133, 237, 7.66254, 7.66254,1, 1
52, 3, 7, 133, 172, 24.6008, 24.6008,3, 3
52, 3, 8, 133, 174, 17.2055, 23.8927,3, 2
52, 3, 9, 133, 229, 0, 0,0, 0
52, 3, 10, 133, 237, 22.1011, 52.5299,6, 2
52, 3, 11, 133, 228, 0, 0,0, 0
52, 3, 12, 133, 219, 17.7621, 17.7621,2, 2
52, 3, 13, 133, 216, 0, 0,0, 0
52, 3, 14, 133, 179, 9.24492, 17.2621,2, 1
52, 3, 15, 133, 166, 16.9826, 33.3554,3, 1
52, 3, 16, 133, 157, 33.5183, 57.8513,6, 3
52, 3, 17, 133, 156, 40.1897, 56.1731,6, 4
52, 3, 18, 133, 167, 49.2311, 72.7944,8, 5
52, 3, 19, 133, 198, 0, 0,0, 0
52, 3, 20, 133, 208, 12.9761, 21.9829,2, 1
52, 3, 21, 133, 136, 12.9607, 28.8279,3, 1
52, 3, 22, 133, 175, 12.3449, 22.4016,2, 1
52, 3, 23, 133, 213, 14.5426, 30.7096,3, 1
52, 3, 24, 133, 169, 31.3987, 31.3987,2, 2
52, 3, 25, 133, 211, 29.7322, 45.6484,5, 3
52, 3, 26, 133, 231, 11.2595, 18.0654,2, 1
52, 3, 27, 133, 180, 71.8927, 81.5495,9, 8
52, 3, 28, 133, 195, 69.8113, 94.8467,11, 8
52, 3, 29, 133, 231, 0, 0,0, 0
52, 3, 30, 133, 206, 22.9747, 22.9747,3, 3
52, 3, 31, 133, 178, 44.1177, 44.1177,6, 6
52, 3, 32, 133, 207, 57.4354, 100.649,9, 4
52, 3, 33, 133, 230, 0, 0,0, 0
52, 3, 34, 133, 165, 62.8927, 93.9293,9, 5
52, 3, 35, 133, 180, 13.1066, 28.2623,3, 1
52, 3, 36, 133, 217, 16.4706, 24.1391,3, 2
52, 3, 37, 133, 212, 34.3296, 51.0256,4, 2
52, 3, 38, 133, 234, 30.258, 56.4946,6, 3
52, 3, 39, 133, 214, 18.2446, 26.2773,3, 2
52, 3, 40, 133, 193, 0, 0,0, 0
52, 3, 41, 133, 184, 0, 0,0, 0
52, 3, 42, 133, 186, 12.2949, 12.2949,1, 1
52, 3, 43, 133, 197, 9.30054, 9.30054,1, 1
52, 3, 44, 133, 180, 24.9489, 24.9489,3, 3
52, 3, 45, 133, 227, 6.74782, 6.74782,1, 1
52, 3, 46, 133, 216, 8.15687, 15.3314,2, 1
52, 3, 47, 133, 210, 16.5846, 25.1267,3, 2
52, 4, 1, 274, 141, 30.478, 37.3661,4, 3
52, 4, 2, 274, 177, 34.3464, 55.0841,5, 3
52, 4, 3, 274, 133, 24.3167, 45.3513,4, 2
52, 4, 5, 274, 243, 6.76134, 6.76134,1, 1
52, 4, 6, 274, 237, 7.35889, 14.5526,2, 1
52, 4, 7, 274, 172, 7.96703, 15.4708,2, 1
52, 4, 8, 274, 174, 0, 0,0, 0
52, 4, 9, 274, 229, 0, 0,0, 0
52, 4, 10, 274, 237, 16.1475, 23.4578,3, 2
52, 4, 11, 274, 228, 0, 0,0, 0
52, 4, 12, 274, 219, 14.0552, 21.1314,3, 2
52, 4, 13, 274, 216, 0, 0,0, 0
52, 4, 14, 274, 179, 8.31105, 16.5213,2, 1
52, 4, 15, 274, 166, 9.06954, 16.4065,2, 1
52, 4, 16, 274, 157, 10.4454, 18.8913,2, 1
52, 4, 17, 274, 156, 10.8762, 19.7211,2, 1
52, 4, 18, 274, 167, 0, 0,0, 0
52, 4, 19, 274, 198, 6.87818, 6.87818,1, 1
52, 4, 20, 274, 208, 11.6195, 22.8644,2, 1
52, 4, 21, 274, 136, 8.1212, 14.8522,2, 1
52, 4, 22, 274, 175, 12.09, 21.9582,2, 1
52, 4, 23, 274, 213, 7.88895, 14.6375,2, 1
52, 4, 24, 274, 169, 0, 0,0, 0
52, 4, 25, 274, 211, 9.61166, 17.5107,2, 1
52, 4, 26, 274, 231, 0, 0,0, 0
52, 4, 27, 274, 180, 9.63269, 18.9336,2, 1
52, 4, 28, 274, 195, 26.5972, 42.7089,5, 3
52, 4, 29, 274, 231, 6.95598, 6.95598,1, 1
52, 4, 30, 274, 206, 14.4425, 21.5746,3, 2
52, 4, 31, 274, 178, 8.71272, 8.71272,1, 1
52, 4, 32, 274, 207, 31.0858, 49.5141,5, 3
52, 4, 33, 274, 230, 0, 0,0, 0
52, 4, 34, 274, 165, 15.8864, 15.8864,2, 2
52, 4, 35, 274, 180, 8.57108, 15.841,2, 1
52, 4, 36, 274, 217, 7.9509, 15.8445,2, 1
52, 4, 37, 274, 212, 21.1768, 38.0755,4, 2
52, 4, 38, 274, 234, 17.4676, 32.88,4, 2
52, 4, 39, 274, 214, 8.62652, 16.4186,2, 1
52, 4, 40, 274, 193, 13.7404, 13.7404,2, 2
52, 4, 41, 274, 184, 6.68091, 6.68091,1, 1
52, 4, 42, 274, 186, 7.75466, 7.75466,1, 1
52, 4, 43, 274, 197, 6.80652, 6.80652,1, 1
52, 4, 44, 274, 180, 7.64854, 14.8519,2, 1
52, 4, 45, 274, 227, 0, 0,0, 0
52, 4, 46, 274, 216, 7.97135, 15.8521,2, 1
52, 4, 47, 274, 210, 15.9799, 24.5276,3, 2
52, 5, 1, 243, 141, 0, 0,0, 0
52, 5, 2, 243, 177, 23.2206, 23.2206,3, 3
52, 5, 3, 243, 133, 7.44979, 7.44979,1, 1
52, 5, 4, 243, 274, 6.76141, 6.76141,1, 1
52, 5, 6, 243, 237, 174.001, 183.646,19, 18
52, 5, 7, 243, 172, 31.6248, 41.9698,4, 3
52, 5, 8, 243, 174, 52.7575, 60.0971,7, 6
52, 5, 9, 243, 229, 8.11103, 8.11103,1, 1
52, 5, 10, 243, 237, 8.3349, 8.3349,1, 1
52, 5, 11, 243, 228, 32.7181, 32.7181,4, 4
52, 5, 12, 243, 219, 101.36, 124.018,11, 9
52, 5, 13, 243, 216, 47.7255, 47.7255,5, 5
52, 5, 14, 243, 179, 31.7823, 31.7823,4, 4
52, 5, 15, 243, 166, 17.2525, 17.2525,2, 2
52, 5, 16, 243, 157, 13.994, 13.994,2, 2
52, 5, 17, 243, 156, 38.9426, 38.9426,5, 5
52, 5, 18, 243, 167, 31.1867, 31.1867,4, 4
52, 5, 19, 243, 198, 7.17141, 7.17141,1, 1
52, 5, 20, 243, 208, 18.0928, 25.8783,3, 2
52, 5, 21, 243, 136, 43.35, 43.35,5, 5
52, 5, 22, 243, 175, 35.3341, 35.3341,4, 4
52, 5, 23, 243, 213, 14.9345, 14.9345,2, 2
52, 5, 24, 243, 169, 17.4575, 17.4575,2, 2
52, 5, 25, 243, 211, 24.9923, 24.9923,3, 3
52, 5, 26, 243, 231, 41.7015, 49.0548,6, 5
52, 5, 27, 243, 180, 10.449, 18.0673,2, 1
52, 5, 28, 243, 195, 24.8308, 31.6576,4, 3
52, 5, 29, 243, 231, 15.4978, 15.4978,1, 1
52, 5, 30, 243, 206, 35.6419, 45.5891,5, 4
52, 5, 31, 243, 178, 15.4806, 15.4806,2, 2
52, 5, 32, 243, 207, 9.46138, 16.7453,2, 1
52, 5, 33, 243, 230, 7.9587, 15.7554,2, 1
52, 5, 34, 243, 165, 43.5242, 43.5242,5, 5
52, 5, 35, 243, 180, 6.6986, 6.6986,1, 1
52, 5, 36, 243, 217, 88.2209, 97.2329,10, 9
52, 5, 37, 243, 212, 18.0578, 25.6367,3, 2
52, 5, 38, 243, 234, 18.4748, 25.8975,3, 2
52, 5, 39, 243, 214, 36.1625, 36.1625,4, 4
52, 5, 40, 243, 193, 22.3946, 30.0101,4, 3
52, 5, 41, 243, 184, 41.2314, 48.4032,6, 5
52, 5, 42, 243, 186, 8.64678, 8.64678,1, 1
52, 5, 43, 243, 197, 42.1868, 51.1847,6, 5
52, 5, 44, 243, 180, 196.335, 209.946,19, 18
52, 5, 45, 243, 227, 30.7436, 30.7436,4, 4
52, 5, 46, 243, 216, 143.987, 161.315,18, 16
52, 5, 47, 243, 210, 27.3213, 34.7836,4, 3
52, 6, 1, 237, 141, 6.85686, 6.85686,1, 1
52, 6, 2, 237, 177, 16.976, 16.976,2, 2
52, 6, 3, 237, 133, 7.66254, 7.66254,1, 1
52, 6, 4, 237, 274, 14.5527, 14.5527,2, 2
52, 6, 5, 237, 243, 183.645, 183.645,19, 19
52, 6, 7, 237, 172, 46.3337, 46.3337,5, 5
52, 6, 8, 237, 174, 16.0873, 16.0873,2, 2
52, 6, 9, 237, 229, 166.686, 278.108,32, 18
52, 6, 10, 237, 237, 196.983, 276.954,30, 21
52, 6, 11, 237, 228, 162.632, 238.904,28, 18
52, 6, 12, 237, 219, 56.6849, 56.6849,6, 6
52, 6, 13, 237, 216, 14.7228, 14.7228,2, 2
52, 6, 14, 237, 179, 59.5872, 66.4653,8, 7
52, 6, 15, 237, 166, 15.238, 15.238,2, 2
52, 6, 16, 237, 157, 52.3823, 52.3823,7, 7
52, 6, 17, 237, 156, 17.6006, 17.6006,2, 2
52, 6, 18, 237, 167, 24.3757, 24.3757,3, 3
52, 6, 19, 237, 198, 0, 0,0, 0
52, 6, 20, 237, 208, 28.212, 28.212,3, 3
52, 6, 21, 237, 136, 30.1519, 30.1519,4, 4
52, 6, 22, 237, 175, 70.5307, 92.2954,10, 7
52, 6, 23, 237, 213, 48.8982, 56.2509,6, 5
52, 6, 24, 237, 169, 75.3186, 84.2032,11, 10
52, 6, 25, 237, 211, 32.7476, 32.7476,4, 4
52, 6, 26, 237, 231, 8.66115, 8.66115,1, 1
52, 6, 27, 237, 180, 17.6908, 17.6908,2, 2
52, 6, 28, 237, 195, 45.4762, 45.4762,5, 5
52, 6, 29, 237, 231, 21.4549, 21.4549,3, 3
52, 6, 30, 237, 206, 8.84967, 8.84967,1, 1
52, 6, 31, 237, 178, 9.72661, 9.72661,1, 1
52, 6, 32, 237, 207, 101.631, 108.492,14, 13
52, 6, 33, 237, 230, 205.11, 326.184,41, 25
52, 6, 34, 237, 165, 53.2319, 68.4015,8, 6
52, 6, 35, 237, 180, 93.7294, 163.783,17, 8
52, 6, 36, 237, 217, 46.8859, 46.8859,4, 4
52, 6, 37, 237, 212, 72.2178, 78.979,10, 9
52, 6, 38, 237, 234, 220.268, 353.477,42, 25
52, 6, 39, 237, 214, 284.229, 489.276,52, 26
52, 6, 40, 237, 193, 15.2238, 15.2238,2, 2
52, 6, 41, 237, 184, 44.1333, 44.1333,6, 6
52, 6, 42, 237, 186, 32.034, 32.034,4, 4
52, 6, 43, 237, 197, 179.555, 262.365,31, 20
52, 6, 44, 237, 180, 160.495, 179.031,19, 17
52, 6, 45, 237, 227, 417.981, 605.923,64, 42
52, 6, 46, 237, 216, 289.508, 301.028,34, 33
52, 6, 47, 237, 210, 216.362, 300.964,32, 22
52, 7, 1, 172, 141, 0, 0,0, 0
52, 7, 2, 172, 177, 41.3442, 41.3442,5, 5
52, 7, 3, 172, 133, 24.6003, 24.6003,3, 3
52, 7, 4, 172, 274, 15.4708, 15.4708,2, 2
52, 7, 5, 172, 243, 41.9699, 41.9699,4, 4
52, 7, 6, 172, 237, 38.7645, 46.3338,5, 4
52, 7, 8, 172, 174, 143.919, 143.919,17, 17
52, 7, 9, 172, 229, 0, 0,0, 0
52, 7, 10, 172, 237, 8.10886, 8.10886,1, 1
52, 7, 11, 172, 228, 59.8455, 79.4792,8, 6
52, 7, 12, 172, 219, 103.716, 112.504,10, 9
52, 7, 13, 172, 216, 22.9951, 22.9951,3, 3
52, 7, 14, 172, 179, 446.167, 488.919,50, 45
52, 7, 15, 172, 166, 391.763, 433.013,44, 39
52, 7, 16, 172, 157, 25.838, 34.1486,4, 3
52, 7, 17, 172, 156, 43.5831, 51.2233,6, 5
52, 7, 18, 172, 167, 76.3218, 84.4677,10, 9
52, 7, 19, 172, 198, 33.8588, 33.8588,4, 4
52, 7, 20, 172, 208, 414.959, 453.813,46, 41
52, 7, 21, 172, 136, 35.3595, 43.3772,5, 4
52, 7, 22, 172, 175, 95.276, 102.379,12, 11
52, 7, 23, 172, 213, 64.9691, 72.3086,9, 8
52, 7, 24, 172, 169, 8.19764, 8.19764,1, 1
52, 7, 25, 172, 211, 480.302, 537.008,57, 50
52, 7, 26, 172, 231, 24.1011, 24.1011,3, 3
52, 7, 27, 172, 180, 23.4189, 23.4189,2, 2
52, 7, 28, 172, 195, 60.9929, 69.3885,8, 7
52, 7, 29, 172, 231, 7.09513, 7.09513,1, 1
52, 7, 30, 172, 206, 35.418, 35.418,3, 3
52, 7, 31, 172, 178, 35.5499, 50.5074,6, 4
52, 7, 32, 172, 207, 232.266, 260.307,30, 27
52, 7, 33, 172, 230, 20.6514, 20.6514,3, 3
52, 7, 34, 172, 165, 103.528, 110.755,12, 11
52, 7, 35, 172, 180, 51.8976, 51.8976,6, 6
52, 7, 36, 172, 217, 68.8257, 75.6859,8, 7
52, 7, 37, 172, 212, 261.595, 295.939,31, 27
52, 7, 38, 172, 234, 20.3533, 20.3533,2, 2
52, 7, 39, 172, 214, 7.97774, 7.97774,1, 1
52, 7, 40, 172, 193, 7.57929, 7.57929,1, 1
52, 7, 41, 172, 184, 16.1697, 16.1697,2, 2
52, 7, 42, 172, 186, 28.3447, 28.3447,3, 3
52, 7, 43, 172, 197, 71.5914, 91.6614,9, 7
52, 7, 44, 172, 180, 24.2245, 24.2245,2, 2
52, 7, 45, 172, 227, 0, 0,0, 0
52, 7, 46, 172, 216, 68.7297, 76.5399,9, 8
52, 7, 47, 172, 210, 33.9972, 33.9972,4, 4
52, 8, 1, 174, 141, 0, 0,0, 0
52, 8, 2, 174, 177, 15.09, 15.09,2, 2
52, 8, 3, 174, 133, 23.8925, 23.8925,3, 3
52, 8, 4, 174, 274, 0, 0,0, 0
52, 8, 5, 174, 243, 60.0972, 60.0972,7, 7
52, 8, 6, 174, 237, 16.0873, 16.0873,2, 2
52, 8, 7, 174, 172, 129.007, 143.919,17, 15
52, 8, 9, 174, 229, 0, 0,0, 0
52, 8, 10, 174, 237, 0, 0,0, 0
52, 8, 11, 174, 228, 24.704, 24.704,3, 3
52, 8, 12, 174, 219, 66.188, 66.188,7, 7
52, 8, 13, 174, 216, 83.4247, 83.4247,10, 10
52, 8, 14, 174, 179, 89.2339, 96.0498,12, 11
52, 8, 15, 174, 166, 194.313, 203.394,21, 20
52, 8, 16, 174, 157, 8.31497, 16.0659,2, 1
52, 8, 17, 174, 156, 35.0825, 35.0825,5, 5
52, 8, 18, 174, 167, 90.6576, 105.027,11, 9
52, 8, 19, 174, 198, 213.158, 213.158,24, 24
52, 8, 20, 174, 208, 222.813, 245.013,27, 24
52, 8, 21, 174, 136, 192.396, 192.396,22, 22
52, 8, 22, 174, 175, 68.179, 68.179,7, 7
52, 8, 23, 174, 213, 25.1716, 25.1716,3, 3
52, 8, 24, 174, 169, 0, 0,0, 0
52, 8, 25, 174, 211, 109.048, 116.179,14, 13
52, 8, 26, 174, 231, 75.31, 82.1493,11, 10
52, 8, 27, 174, 180, 23.4762, 23.4762,3, 3
52, 8, 28, 174, 195, 53.1154, 53.1154,6, 6
52, 8, 29, 174, 231, 33.4867, 33.4867,4, 4
52, 8, 30, 174, 206, 44.4573, 44.4573,5, 5
52, 8, 31, 174, 178, 35.64, 42.4335,5, 4
52, 8, 32, 174, 207, 52.7498, 52.7498,7, 7
52, 8, 33, 174, 230, 32.567, 32.567,4, 4
52, 8, 34, 174, 165, 80.9239, 80.9239,8, 8
52, 8, 35, 174, 180, 18.2394, 18.2394,2, 2
52, 8, 36, 174, 217, 63.8597, 63.8597,7, 7
52, 8, 37, 174, 212, 48.8447, 48.8447,6, 6
52, 8, 38, 174, 234, 0, 0,0, 0
52, 8, 39, 174, 214, 13.9284, 13.9284,2, 2
52, 8, 40, 174, 193, 63.6956, 63.6956,7, 7
52, 8, 41, 174, 184, 58.2133, 58.2133,6, 6
52, 8, 42, 174, 186, 65.5829, 72.7956,9, 8
52, 8, 43, 174, 197, 43.6302, 43.6302,5, 5
52, 8, 44, 174, 180, 16.7232, 16.7232,2, 2
52, 8, 45, 174, 227, 21.8064, 21.8064,3, 3
52, 8, 46, 174, 216, 20.7515, 20.7515,3, 3
52, 8, 47, 174, 210, 29.6208, 29.6208,4, 4
52, 9, 1, 229, 141, 7.85638, 15.2256,2, 1
52, 9, 2, 229, 177, 0, 0,0, 0
52, 9, 3, 229, 133, 0, 0,0, 0
52, 9, 4, 229, 274, 0, 0,0, 0
52, 9, 5, 229, 243, 8.11103, 8.11103,1, 1
52, 9, 6, 229, 237, 168.001, 278.108,32, 18
52, 9, 7, 229, 172, 0, 0,0, 0
52, 9, 8, 229, 174, 0, 0,0, 0
52, 9, 10, 229, 237, 790.353, 1324.2,139, 72
52, 9, 11, 229, 228, 339.043, 608.565,63, 29
52, 9, 12, 229, 219, 112.586, 154.787,16, 11
52, 9, 13, 229, 216, 7.84594, 7.84594,1, 1
52, 9, 14, 229, 179, 0, 0,0, 0
52, 9, 15, 229, 166, 0, 0,0, 0
52, 9, 16, 229, 157, 22.952, 30.6583,4, 3
52, 9, 17, 229, 156, 0, 0,0, 0
52, 9, 18, 229, 167, 0, 0,0, 0
52, 9, 19, 229, 198, 0, 0,0, 0
52, 9, 20, 229, 208, 0, 0,0, 0
52, 9, 21, 229, 136, 0, 0,0, 0
52, 9, 22, 229, 175, 0, 0,0, 0
52, 9, 23, 229, 213, 29.7649, 29.7649,4, 4
52, 9, 24, 229, 169, 38.9401, 54.0046,7, 5
52, 9, 25, 229, 211, 0, 0,0, 0
52, 9, 26, 229, 231, 0, 0,0, 0
52, 9, 27, 229, 180, 8.2402, 8.2402,1, 1
52, 9, 28, 229, 195, 0, 0,0, 0
52, 9, 29, 229, 231, 32.006, 32.006,4, 4
52, 9, 30, 229, 206, 0, 0,0, 0
52, 9, 31, 229, 178, 7.1121, 7.1121,1, 1
52, 9, 32, 229, 207, 17.2981, 17.2981,2, 2
52, 9, 33, 229, 230, 277.487, 574.072,66, 29
52, 9, 34, 229, 165, 0, 0,0, 0
52, 9, 35, 229, 180, 121.589, 192.465,25, 15
52, 9, 36, 229, 217, 14.1731, 14.1731,2, 2
52, 9, 37, 229, 212, 19.0562, 19.0562,2, 2
52, 9, 38, 229, 234, 459.465, 954.542,117, 52
52, 9, 39, 229, 214, 413.98, 802.307,88, 39
52, 9, 40, 229, 193, 0, 0,0, 0
52, 9, 41, 229, 184, 0, 0,0, 0
52, 9, 42, 229, 186, 14.9343, 21.8654,3, 2
52, 9, 43, 229, 197, 279.829, 510.428,59, 30
52, 9, 44, 229, 180, 0, 0,0, 0
52, 9, 45, 229, 227, 314.466, 545.633,65, 34
52, 9, 46, 229, 216, 8.08202, 8.08202,1, 1
52, 9, 47, 229, 210, 55.138, 112.986,13, 6
52, 10, 1, 237, 141, 6.88681, 6.88681,1, 1
52, 10, 2, 237, 177, 26.6974, 48.1488,4, 2
52, 10, 3, 237, 133, 27.1236, 52.5299,6, 3
52, 10, 4, 237, 274, 16.3834, 23.4577,3, 2
52, 10, 5, 237, 243, 8.3349, 8.3349,1, 1
52, 10, 6, 237, 237, 146.985, 276.955,30, 15
52, 10, 7, 237, 172, 8.10879, 8.10879,1, 1
52, 10, 8, 237, 174, 0, 0,0, 0
52, 10, 9, 237, 229, 797.552, 1324.2,139, 74
52, 10, 11, 237, 228, 554.41, 878.944,93, 55
52, 10, 12, 237, 219, 229.153, 251.489,28, 25
52, 10, 13, 237, 216, 22.0557, 22.0557,3, 3
52, 10, 14, 237, 179, 10.4984, 18.3864,2, 1
52, 10, 15, 237, 166, 16.9966, 31.7653,2, 1
52, 10, 16, 237, 157, 38.9039, 51.7967,5, 4
52, 10, 17, 237, 156, 16.8299, 30.3469,2, 1
52, 10, 18, 237, 167, 9.44614, 18.8803,2, 1
52, 10, 19, 237, 198, 0, 0,0, 0
52, 10, 20, 237, 208, 10.2699, 20.2204,2, 1
52, 10, 21, 237, 136, 24.3905, 36.879,2, 1
52, 10, 22, 237, 175, 15.6415, 29.8592,2, 1
52, 10, 23, 237, 213, 50.3192, 72.4347,7, 5
52, 10, 24, 237, 169, 66.1993, 80.2687,11, 9
52, 10, 25, 237, 211, 21.2996, 34.0976,2, 1
52, 10, 26, 237, 231, 9.1751, 9.1751,1, 1
52, 10, 27, 237, 180, 19.4261, 27.9838,3, 2
52, 10, 28, 237, 195, 49.3051, 77.7777,6, 4
52, 10, 29, 237, 231, 0, 0,0, 0
52, 10, 30, 237, 206, 13.843, 13.843,2, 2
52, 10, 31, 237, 178, 0, 0,0, 0
52, 10, 32, 237, 207, 64.3828, 85.2764,7, 5
52, 10, 33, 237, 230, 218.774, 432.548,53, 25
52, 10, 34, 237, 165, 46.1714, 67.2586,7, 5
52, 10, 35, 237, 180, 173.759, 265.977,28, 18
52, 10, 36, 237, 217, 83.6298, 91.2977,9, 8
52, 10, 37, 237, 212, 39.7879, 65.3222,6, 3
52, 10, 38, 237, 234, 399.613, 821.473,91, 41
52, 10, 39, 237, 214, 561.966, 981.072,110, 58
52, 10, 40, 237, 193, 0, 0,0, 0
52, 10, 41, 237, 184, 0, 0,0, 0
52, 10, 42, 237, 186, 29.5263, 36.5703,5, 4
52, 10, 43, 237, 197, 252.006, 490.476,58, 28
52, 10, 44, 237, 180, 15.207, 15.207,2, 2
52, 10, 45, 237, 227, 191.693, 379.495,41, 19
52, 10, 46, 237, 216, 10.6242, 18.8269,2, 1
52, 10, 47, 237, 210, 95.3643, 184.307,21, 10
52, 11, 1, 228, 141, 15.3079, 15.3079,2, 2
52, 11, 2, 228, 177, 0, 0,0, 0
52, 11, 3, 228, 133, 0, 0,0, 0
52, 11, 4, 228, 274, 0, 0,0, 0
52, 11, 5, 228, 243, 32.7182, 32.7182,4, 4
52, 11, 6, 228, 237, 157.51, 238.904,28, 18
52, 11, 7, 228, 172, 60.4965, 79.4792,8, 6
52, 11, 8, 228, 174, 24.704, 24.704,3, 3
52, 11, 9, 228, 229, 419.328, 608.566,63, 40
52, 11, 10, 228, 237, 606.683, 878.943,93, 61
52, 11, 12, 228, 219, 490.923, 526.556,54, 49
52, 11, 13, 228, 216, 140.327, 157.834,20, 18
52, 11, 14, 228, 179, 6.67378, 6.67378,1, 1
52, 11, 15, 228, 166, 61.408, 68.5649,7, 6
52, 11, 16, 228, 157, 32.1375, 38.9709,5, 4
52, 11, 17, 228, 156, 23.6127, 30.5999,4, 3
52, 11, 18, 228, 167, 38.7864, 47.7627,5, 4
52, 11, 19, 228, 198, 6.73515, 6.73515,1, 1
52, 11, 20, 228, 208, 17.7366, 17.7366,2, 2
52, 11, 21, 228, 136, 23.7335, 23.7335,3, 3
52, 11, 22, 228, 175, 0, 0,0, 0
52, 11, 23, 228, 213, 7.09912, 7.09912,1, 1
52, 11, 24, 228, 169, 10.7476, 10.7476,1, 1
52, 11, 25, 228, 211, 11.4223, 19.5874,2, 1
52, 11, 26, 228, 231, 7.22817, 7.22817,1, 1
52, 11, 27, 228, 180, 23.1813, 23.1813,3, 3
52, 11, 28, 228, 195, 52.7958, 61.2753,7, 6
52, 11, 29, 228, 231, 44.2296, 52.9613,6, 5
52, 11, 30, 228, 206, 11.3445, 11.3445,1, 1
52, 11, 31, 228, 178, 38.3706, 46.3689,5, 4
52, 11, 32, 228, 207, 13.7864, 13.7864,2, 2
52, 11, 33, 228, 230, 250.454, 372.752,44, 29
52, 11, 34, 228, 165, 138.21, 146.548,16, 15
52, 11, 35, 228, 180, 157.301, 187.672,20, 16
52, 11, 36, 228, 217, 188.016, 214.182,24, 21
52, 11, 37, 228, 212, 10.2523, 17.7366,2, 1
52, 11, 38, 228, 234, 242.825, 385.738,44, 27
52, 11, 39, 228, 214, 356.061, 482.003,55, 39
52, 11, 40, 228, 193, 14.8119, 14.8119,2, 2
52, 11, 41, 228, 184, 50.7017, 50.7017,6, 6
52, 11, 42, 228, 186, 84.217, 98.2034,11, 9
52, 11, 43, 228, 197, 259.62, 353.894,41, 29
52, 11, 44, 228, 180, 21.0769, 21.0769,3, 3
52, 11, 45, 228, 227, 155.585, 225.197,28, 19
52, 11, 46, 228, 216, 65.9218, 74.0575,8, 7
52, 11, 47, 228, 210, 95.2462, 126.699,16, 12
52, 12, 1, 219, 141, 8.77839, 16.4148,2, 1
52, 12, 2, 219, 177, 23.92, 40.298,5, 3
52, 12, 3, 219, 133, 9.36151, 17.7621,2, 1
52, 12, 4, 219, 274, 14.3746, 27.7982,4, 2
52, 12, 5, 219, 243, 76.3328, 124.018,11, 7
52, 12, 6, 219, 237, 35.4226, 56.6844,6, 4
52, 12, 7, 219, 172, 77.9627, 112.507,10, 7
52, 12, 8, 219, 174, 44.5618, 66.1889,7, 5
52, 12, 9, 219, 229, 129.483, 154.787,16, 13
52, 12, 10, 219, 237, 233.261, 251.489,28, 26
52, 12, 11, 219, 228, 464.406, 526.556,54, 47
52, 12, 13, 219, 216, 297.798, 338.08,37, 32
52, 12, 14, 219, 179, 17.5851, 27.6335,3, 2
52, 12, 15, 219, 166, 85.2914, 115.466,11, 8
52, 12, 16, 219, 157, 23.2782, 39.6392,5, 3
52, 12, 17, 219, 156, 41.0966, 50.0957,6, 5
52, 12, 18, 219, 167, 59.698, 69.4652,8, 7
52, 12, 19, 219, 198, 27.9379, 37.0718,4, 3
52, 12, 20, 219, 208, 91.65, 111.911,12, 10
52, 12, 21, 219, 136, 46.4255, 46.4255,5, 5
52, 12, 22, 219, 175, 40.33, 49.6909,5, 4
52, 12, 23, 219, 213, 23.3326, 30.6136,4, 3
52, 12, 24, 219, 169, 0, 0,0, 0
52, 12, 25, 219, 211, 51.3934, 65.5356,8, 6
52, 12, 26, 219, 231, 16.5535, 24.7323,3, 2
52, 12, 27, 219, 180, 43.5195, 58.5597,5, 4
52, 12, 28, 219, 195, 40.2151, 67.3208,7, 4
52, 12, 29, 219, 231, 53.5603, 53.5603,7, 7
52, 12, 30, 219, 206, 35.2336, 46.9213,5, 4
52, 12, 31, 219, 178, 16.7916, 16.7916,2, 2
52, 12, 32, 219, 207, 11.3589, 21.349,2, 1
52, 12, 33, 219, 230, 60.5326, 71.8059,7, 6
52, 12, 34, 219, 165, 147.135, 176.283,22, 18
52, 12, 35, 219, 180, 22.8013, 30.2465,4, 3
52, 12, 36, 219, 217, 272.241, 347.443,33, 26
52, 12, 37, 219, 212, 25.5807, 35.8567,4, 3
52, 12, 38, 219, 234, 31.7159, 54.7002,5, 3
52, 12, 39, 219, 214, 33.3829, 42.7609,5, 4
52, 12, 40, 219, 193, 49.9169, 59.3731,7, 6
52, 12, 41, 219, 184, 99.4163, 125.663,14, 11
52, 12, 42, 219, 186, 149.11, 165.105,19, 17
52, 12, 43, 219, 197, 57.0893, 70.7337,7, 6
52, 12, 44, 219, 180, 46.9099, 66.5035,5, 4
52, 12, 45, 219, 227, 0, 0,0, 0
52, 12, 46, 219, 216, 64.1771, 94.0339,10, 7
52, 12, 47, 219, 210, 41.6025, 61.2076,6, 4
52, 13, 1, 216, 141, 0, 0,0, 0
52, 13, 2, 216, 177, 27.0344, 27.0344,3, 3
52, 13, 3, 216, 133, 0, 0,0, 0
52, 13, 4, 216, 274, 0, 0,0, 0
52, 13, 5, 216, 243, 47.7255, 47.7255,5, 5
52, 13, 6, 216, 237, 14.7227, 14.7227,2, 2
52, 13, 7, 216, 172, 22.9951, 22.9951,3, 3
52, 13, 8, 216, 174, 76.6926, 83.4248,10, 9
52, 13, 9, 216, 229, 7.84599, 7.84599,1, 1
52, 13, 10, 216, 237, 22.0555, 22.0555,3, 3
52, 13, 11, 216, 228, 150.903, 157.834,20, 19
52, 13, 12, 216, 219, 330.211, 338.08,37, 36
52, 13, 14, 216, 179, 9.82415, 9.82415,1, 1
52, 13, 15, 216, 166, 27.522, 27.522,3, 3
52, 13, 16, 216, 157, 0, 0,0, 0
52, 13, 17, 216, 156, 32.5927, 32.5927,4, 4
52, 13, 18, 216, 167, 41.429, 41.429,5, 5
52, 13, 19, 216, 198, 61.119, 83.8416,10, 7
52, 13, 20, 216, 208, 25.9458, 25.9458,3, 3
52, 13, 21, 216, 136, 55.1673, 62.0338,7, 6
52, 13, 22, 216, 175, 16.6605, 16.6605,2, 2
52, 13, 23, 216, 213, 0, 0,0, 0
52, 13, 24, 216, 169, 0, 0,0, 0
52, 13, 25, 216, 211, 44.6459, 44.6459,5, 5
52, 13, 26, 216, 231, 0, 0,0, 0
52, 13, 27, 216, 180, 16.5441, 16.5441,2, 2
52, 13, 28, 216, 195, 20.9855, 20.9855,2, 2
52, 13, 29, 216, 231, 56.1413, 56.1413,6, 6
52, 13, 30, 216, 206, 44.6858, 44.6858,5, 5
52, 13, 31, 216, 178, 31.2887, 31.2887,3, 3
52, 13, 32, 216, 207, 0, 0,0, 0
52, 13, 33, 216, 230, 41.9901, 41.9901,5, 5
52, 13, 34, 216, 165, 60.3444, 60.3444,7, 7
52, 13, 35, 216, 180, 0, 0,0, 0
52, 13, 36, 216, 217, 123.609, 123.609,12, 12
52, 13, 37, 216, 212, 0, 0,0, 0
52, 13, 38, 216, 234, 10.5884, 10.5884,1, 1
52, 13, 39, 216, 214, 0, 0,0, 0
52, 13, 40, 216, 193, 93.4192, 93.4192,11, 11
52, 13, 41, 216, 184, 70.5848, 70.5848,7, 7
52, 13, 42, 216, 186, 89.9598, 97.84,12, 11
52, 13, 43, 216, 197, 28.4654, 28.4654,4, 4
52, 13, 44, 216, 180, 60.0434, 60.0434,4, 4
52, 13, 45, 216, 227, 0, 0,0, 0
52, 13, 46, 216, 216, 8.1243, 8.1243,1, 1
52, 13, 47, 216, 210, 0, 0,0, 0
52, 14, 1, 179, 141, 16.8986, 16.8986,2, 2
52, 14, 2, 179, 177, 32.2008, 32.2008,3, 3
52, 14, 3, 179, 133, 17.2621, 17.2621,2, 2
52, 14, 4, 179, 274, 16.5214, 16.5214,2, 2
52, 14, 5, 179, 243, 31.7823, 31.7823,4, 4
52, 14, 6, 179, 237, 45.1104, 66.4652,8, 5
52, 14, 7, 179, 172, 460.764, 488.92,50, 47
52, 14, 8, 179, 174, 96.05, 96.05,12, 12
52, 14, 9, 179, 229, 0, 0,0, 0
52, 14, 10, 179, 237, 18.3864, 18.3864,2, 2
52, 14, 11, 179, 228, 6.67382, 6.67382,1, 1
52, 14, 12, 179, 219, 27.6334, 27.6334,3, 3
52, 14, 13, 179, 216, 9.82427, 9.82427,1, 1
52, 14, 15, 179, 166, 382.405, 421.373,45, 40
52, 14, 16, 179, 157, 116.964, 123.673,14, 13
52, 14, 17, 179, 156, 112.535, 120.289,12, 11
52, 14, 18, 179, 167, 43.3778, 43.3778,6, 6
52, 14, 19, 179, 198, 9.37646, 9.37646,1, 1
52, 14, 20, 179, 208, 292.327, 330.843,38, 33
52, 14, 21, 179, 136, 32.2157, 32.2157,4, 4
52, 14, 22, 179, 175, 100.413, 138.5,17, 12
52, 14, 23, 179, 213, 169.503, 191.604,22, 19
52, 14, 24, 179, 169, 96.0275, 111.041,13, 11
52, 14, 25, 179, 211, 413.655, 445.113,45, 41
52, 14, 26, 179, 231, 17.394, 17.394,2, 2
52, 14, 27, 179, 180, 14.8152, 14.8152,1, 1
52, 14, 28, 179, 195, 45.828, 45.828,4, 4
52, 14, 29, 179, 231, 9.05044, 15.8258,2, 1
52, 14, 30, 179, 206, 24.6318, 24.6318,3, 3
52, 14, 31, 179, 178, 18.6518, 18.6518,2, 2
52, 14, 32, 179, 207, 537.686, 673.341,60, 46
52, 14, 33, 179, 230, 0, 0,0, 0
52, 14, 34, 179, 165, 55.5502, 55.5502,6, 6
52, 14, 35, 179, 180, 50.9747, 50.9747,5, 5
52, 14, 36, 179, 217, 31.1586, 31.1586,3, 3
52, 14, 37, 179, 212, 450.382, 534.499,56, 46
52, 14, 38, 179, 234, 20.3741, 20.3741,2, 2
52, 14, 39, 179, 214, 40.3416, 54.0975,6, 4
52, 14, 40, 179, 193, 0, 0,0, 0
52, 14, 41, 179, 184, 17.8178, 17.8178,2, 2
52, 14, 42, 179, 186, 7.68105, 7.68105,1, 1
52, 14, 43, 179, 197, 17.8616, 25.329,3, 2
52, 14, 44, 179, 180, 40.6466, 40.6466,5, 5
52, 14, 45, 179, 227, 38.2235, 45.0224,6, 5
52, 14, 46, 179, 216, 45.9729, 45.9729,5, 5
52, 14, 47, 179, 210, 78.2456, 92.8509,10, 8
52, 15, 1, 166, 141, 7.26506, 7.26506,1, 1
52, 15, 2, 166, 177, 46.7685, 46.7685,4, 4
52, 15, 3, 166, 133, 33.3561, 33.3561,3, 3
52, 15, 4, 166, 274, 16.4064, 16.4064,2, 2
52, 15, 5, 166, 243, 17.2525, 17.2525,2, 2
52, 15, 6, 166, 237, 15.2379, 15.2379,2, 2
52, 15, 7, 166, 172, 417.586, 433.013,44, 42
52, 15, 8, 166, 174, 203.394, 203.394,21, 21
52, 15, 9, 166, 229, 0, 0,0, 0
52, 15, 10, 166, 237, 31.7653, 31.7653,2, 2
52, 15, 11, 166, 228, 68.5649, 68.5649,7, 7
52, 15, 12, 166, 219, 115.465, 115.465,11, 11
52, 15, 13, 166, 216, 27.5219, 27.5219,3, 3
52, 15, 14, 166, 179, 399.48, 421.372,45, 42
52, 15, 16, 166, 157, 49.9078, 49.9078,5, 5
52, 15, 17, 166, 156, 62.3504, 62.3504,6, 6
52, 15, 18, 166, 167, 95.4237, 95.4237,11, 11
52, 15, 19, 166, 198, 107.371, 107.371,12, 12
52, 15, 20, 166, 208, 555.006, 625.534,65, 57
52, 15, 21, 166, 136, 132.94, 139.835,14, 13
52, 15, 22, 166, 175, 170.021, 170.021,17, 17
52, 15, 23, 166, 213, 49.1379, 49.1379,5, 5
52, 15, 24, 166, 169, 14.2293, 14.2293,2, 2
52, 15, 25, 166, 211, 425.295, 436.17,42, 41
52, 15, 26, 166, 231, 28.6169, 28.6169,4, 4
52, 15, 27, 166, 180, 10.2945, 10.2945,1, 1
52, 15, 28, 166, 195, 58.0604, 58.0604,5, 5
52, 15, 29, 166, 231, 6.81473, 6.81473,1, 1
52, 15, 30, 166, 206, 19.808, 19.808,1, 1
52, 15, 31, 166, 178, 32.4482, 32.4482,4, 4
52, 15, 32, 166, 207, 245.026, 268.704,29, 26
52, 15, 33, 166, 230, 46.3183, 46.3183,5, 5
52, 15, 34, 166, 165, 185.021, 185.021,19, 19
52, 15, 35, 166, 180, 50.4368, 50.4368,5, 5
52, 15, 36, 166, 217, 77.8562, 77.8562,9, 9
52, 15, 37, 166, 212, 142.217, 142.217,15, 15
52, 15, 38, 166, 234, 30.2409, 30.2409,2, 2
52, 15, 39, 166, 214, 12.0112, 12.0112,1, 1
52, 15, 40, 166, 193, 17.6219, 17.6219,2, 2
52, 15, 41, 166, 184, 35.3824, 35.3824,4, 4
52, 15, 42, 166, 186, 59.7038, 59.7038,7, 7
52, 15, 43, 166, 197, 14.2209, 14.2209,2, 2
52, 15, 44, 166, 180, 22.7866, 22.7866,3, 3
52, 15, 45, 166, 227, 0, 0,0, 0
52, 15, 46, 166, 216, 47.2212, 47.2212,5, 5
52, 15, 47, 166, 210, 41.9364, 41.9364,5, 5
52, 16, 1, 157, 141, 21.7665, 21.7665,3, 3
52, 16, 2, 157, 177, 37.3226, 52.0251,5, 3
52, 16, 3, 157, 133, 42.0676, 57.8519,6, 4
52, 16, 4, 157, 274, 18.8913, 18.8913,2, 2
52, 16, 5, 157, 243, 7.27512, 13.994,2, 1
52, 16, 6, 157, 237, 37.7873, 52.3823,7, 5
52, 16, 7, 157, 172, 26.6594, 34.1485,4, 3
52, 16, 8, 157, 174, 16.066, 16.066,2, 2
52, 16, 9, 157, 229, 22.7249, 30.6583,4, 3
52, 16, 10, 157, 237, 41.5402, 51.7971,5, 4
52, 16, 11, 157, 228, 38.9708, 38.9708,5, 5
52, 16, 12, 157, 219, 24.1905, 39.6393,5, 3
52, 16, 13, 157, 216, 0, 0,0, 0
52, 16, 14, 157, 179, 91.8541, 123.674,14, 10
52, 16, 15, 157, 166, 34.5043, 49.9081,5, 3
52, 16, 17, 157, 156, 217.626, 247.776,25, 21
52, 16, 18, 157, 167, 73.0501, 80.1593,9, 8
52, 16, 19, 157, 198, 17.597, 17.597,2, 2
52, 16, 20, 157, 208, 11.9592, 19.573,2, 1
52, 16, 21, 157, 136, 14.0421, 20.7491,2, 1
52, 16, 22, 157, 175, 37.8496, 55.5291,5, 3
52, 16, 23, 157, 213, 39.4852, 48.2215,4, 3
52, 16, 24, 157, 169, 42.3865, 42.3865,5, 5
52, 16, 25, 157, 211, 41.9552, 48.945,5, 4
52, 16, 26, 157, 231, 6.94303, 6.94303,1, 1
52, 16, 27, 157, 180, 27.3718, 37.8026,4, 3
52, 16, 28, 157, 195, 36.7041, 52.8687,4, 2
52, 16, 29, 157, 231, 0, 0,0, 0
52, 16, 30, 157, 206, 14.1758, 14.1758,2, 2
52, 16, 31, 157, 178, 26.1738, 26.1738,3, 3
52, 16, 32, 157, 207, 128.143, 203.236,21, 12
52, 16, 33, 157, 230, 0, 0,0, 0
52, 16, 34, 157, 165, 48.9709, 75.1948,8, 5
52, 16, 35, 157, 180, 50.7899, 68.0653,6, 4
52, 16, 36, 157, 217, 38.8892, 48.1465,5, 4
52, 16, 37, 157, 212, 102.413, 147.807,16, 10
52, 16, 38, 157, 234, 25.0269, 44.1974,4, 2
52, 16, 39, 157, 214, 95.5885, 117.655,15, 12
52, 16, 40, 157, 193, 0, 0,0, 0
52, 16, 41, 157, 184, 0, 0,0, 0
52, 16, 42, 157, 186, 0, 0,0, 0
52, 16, 43, 157, 197, 7.87756, 7.87756,1, 1
52, 16, 44, 157, 180, 7.21871, 14.2463,2, 1
52, 16, 45, 157, 227, 28.9472, 36.365,5, 4
52, 16, 46, 157, 216, 37.3235, 53.1086,6, 4
52, 16, 47, 157, 210, 55.8614, 86.5378,10, 6
52, 17, 1, 156, 141, 30.6561, 45.0383,6, 4
52, 17, 2, 156, 177, 76.6058, 76.6058,5, 5
52, 17, 3, 156, 133, 56.1732, 56.1732,6, 6
52, 17, 4, 156, 274, 19.7212, 19.7212,2, 2
52, 17, 5, 156, 243, 38.9427, 38.9427,5, 5
52, 17, 6, 156, 237, 17.6007, 17.6007,2, 2
52, 17, 7, 156, 172, 51.2233, 51.2233,6, 6
52, 17, 8, 156, 174, 35.0825, 35.0825,5, 5
52, 17, 9, 156, 229, 0, 0,0, 0
52, 17, 10, 156, 237, 30.3462, 30.3462,2, 2
52, 17, 11, 156, 228, 30.5998, 30.5998,4, 4
52, 17, 12, 156, 219, 50.0959, 50.0959,6, 6
52, 17, 13, 156, 216, 32.5928, 32.5928,4, 4
52, 17, 14, 156, 179, 110.273, 120.286,12, 11
52, 17, 15, 156, 166, 62.3508, 62.3508,6, 6
52, 17, 16, 156, 157, 231.844, 247.776,25, 23
52, 17, 18, 156, 167, 214.573, 228.146,25, 24
52, 17, 19, 156, 198, 118.026, 118.026,13, 13
52, 17, 20, 156, 208, 87.262, 87.262,10, 10
52, 17, 21, 156, 136, 20.647, 20.647,2, 2
52, 17, 22, 156, 175, 81.7652, 112.058,10, 6
52, 17, 23, 156, 213, 48.6443, 56.2141,5, 4
52, 17, 24, 156, 169, 18.5004, 25.7585,3, 2
52, 17, 25, 156, 211, 131.683, 159.884,15, 11
52, 17, 26, 156, 231, 16.8213, 16.8213,2, 2
52, 17, 27, 156, 180, 32.8408, 32.8408,3, 3
52, 17, 28, 156, 195, 99.8302, 99.8302,5, 5
52, 17, 29, 156, 231, 8.14557, 8.14557,1, 1
52, 17, 30, 156, 206, 34.7209, 34.7209,4, 4
52, 17, 31, 156, 178, 46.1198, 46.1198,5, 5
52, 17, 32, 156, 207, 70.6411, 91.4057,10, 7
52, 17, 33, 156, 230, 14.5811, 14.5811,2, 2
52, 17, 34, 156, 165, 124.374, 131.538,15, 14
52, 17, 35, 156, 180, 62.7982, 62.7982,5, 5
52, 17, 36, 156, 217, 52.3653, 52.3653,6, 6
52, 17, 37, 156, 212, 80.7315, 87.7348,9, 8
52, 17, 38, 156, 234, 29.6255, 29.6255,2, 2
52, 17, 39, 156, 214, 38.655, 38.655,3, 3
52, 17, 40, 156, 193, 15.7469, 15.7469,2, 2
52, 17, 41, 156, 184, 27.8026, 27.8026,3, 3
52, 17, 42, 156, 186, 24.5642, 24.5642,3, 3
52, 17, 43, 156, 197, 29.5771, 36.3906,5, 4
52, 17, 44, 156, 180, 34.9847, 34.9847,4, 4
52, 17, 45, 156, 227, 22.3989, 22.3989,3, 3
52, 17, 46, 156, 216, 26.2234, 26.2234,3, 3
52, 17, 47, 156, 210, 38.6925, 45.5297,5, 4
52, 18, 1, 167, 141, 16.8751, 24.8873,3, 2
52, 18, 2, 167, 177, 34.6401, 34.6401,4, 4
52, 18, 3, 167, 133, 58.0544, 72.7945,8, 6
52, 18, 4, 167, 274, 0, 0,0, 0
52, 18, 5, 167, 243, 31.1867, 31.1867,4, 4
52, 18, 6, 167, 237, 24.3757, 24.3757,3, 3
52, 18, 7, 167, 172, 77.5611, 84.4679,10, 9
52, 18, 8, 167, 174, 105.027, 105.027,11, 11
52, 18, 9, 167, 229, 0, 0,0, 0
52, 18, 10, 167, 237, 18.8802, 18.8802,2, 2
52, 18, 11, 167, 228, 47.7625, 47.7625,5, 5
52, 18, 12, 167, 219, 69.4653, 69.4653,8, 8
52, 18, 13, 167, 216, 41.429, 41.429,5, 5
52, 18, 14, 167, 179, 29.6516, 43.3777,6, 4
52, 18, 15, 167, 166, 88.4648, 95.4239,11, 10
52, 18, 16, 167, 157, 73.4061, 80.1592,9, 8
52, 18, 17, 167, 156, 228.148, 228.148,25, 25
52, 18, 19, 167, 198, 243.889, 274.394,31, 27
52, 18, 20, 167, 208, 205.68, 228.058,25, 22
52, 18, 21, 167, 136, 67.0797, 67.0797,8, 8
52, 18, 22, 167, 175, 59.0135, 65.8103,7, 6
52, 18, 23, 167, 213, 36.9591, 36.9591,4, 4
52, 18, 24, 167, 169, 18.7225, 18.7225,2, 2
52, 18, 25, 167, 211, 79.6087, 79.6087,10, 10
52, 18, 26, 167, 231, 20.1082, 20.1082,2, 2
52, 18, 27, 167, 180, 32.0712, 32.0712,4, 4
52, 18, 28, 167, 195, 95.8635, 102.616,12, 11
52, 18, 29, 167, 231, 35.2782, 35.2782,4, 4
52, 18, 30, 167, 206, 44.1387, 44.1387,6, 6
52, 18, 31, 167, 178, 55.3865, 55.3865,5, 5
52, 18, 32, 167, 207, 38.2093, 38.2093,4, 4
52, 18, 33, 167, 230, 20.2377, 20.2377,2, 2
52, 18, 34, 167, 165, 88.4877, 95.2683,10, 9
52, 18, 35, 167, 180, 36.1198, 36.1198,4, 4
52, 18, 36, 167, 217, 77.6721, 84.9721,9, 8
52, 18, 37, 167, 212, 24.4443, 24.4443,3, 3
52, 18, 38, 167, 234, 18.2703, 18.2703,2, 2
52, 18, 39, 167, 214, 27.4606, 27.4606,4, 4
52, 18, 40, 167, 193, 15.0567, 15.0567,2, 2
52, 18, 41, 167, 184, 41.3688, 50.6619,6, 5
52, 18, 42, 167, 186, 128.596, 135.713,13, 12
52, 18, 43, 167, 197, 30.6688, 30.6688,4, 4
52, 18, 44, 167, 180, 41.6881, 41.6881,5, 5
52, 18, 45, 167, 227, 0, 0,0, 0
52, 18, 46, 167, 216, 43.1575, 43.1575,5, 5
52, 18, 47, 167, 210, 23.3252, 23.3252,3, 3
52, 19, 1, 198, 141, 0, 0,0, 0
52, 19, 2, 198, 177, 30.7563, 30.7563,4, 4
52, 19, 3, 198, 133, 0, 0,0, 0
52, 19, 4, 198, 274, 6.87818, 6.87818,1, 1
52, 19, 5, 198, 243, 7.17141, 7.17141,1, 1
52, 19, 6, 198, 237, 0, 0,0, 0
52, 19, 7, 198, 172, 33.859, 33.859,4, 4
52, 19, 8, 198, 174, 206.174, 213.158,24, 23
52, 19, 9, 198, 229, 0, 0,0, 0
52, 19, 10, 198, 237, 0, 0,0, 0
52, 19, 11, 198, 228, 6.73515, 6.73515,1, 1
52, 19, 12, 198, 219, 37.0719, 37.0719,4, 4
52, 19, 13, 198, 216, 83.8416, 83.8416,10, 10
52, 19, 14, 198, 179, 9.37653, 9.37653,1, 1
52, 19, 15, 198, 166, 107.372, 107.372,12, 12
52, 19, 16, 198, 157, 17.5971, 17.5971,2, 2
52, 19, 17, 198, 156, 118.026, 118.026,13, 13
52, 19, 18, 198, 167, 274.393, 274.393,31, 31
52, 19, 20, 198, 208, 104.881, 104.881,13, 13
52, 19, 21, 198, 136, 62.8747, 62.8747,7, 7
52, 19, 22, 198, 175, 34.9453, 34.9453,4, 4
52, 19, 23, 198, 213, 19.0632, 19.0632,2, 2
52, 19, 24, 198, 169, 0, 0,0, 0
52, 19, 25, 198, 211, 30.2144, 30.2144,4, 4
52, 19, 26, 198, 231, 26.6473, 26.6473,3, 3
52, 19, 27, 198, 180, 26.1248, 26.1248,3, 3
52, 19, 28, 198, 195, 61.7448, 61.7448,7, 7
52, 19, 29, 198, 231, 44.325, 52.4536,6, 5
52, 19, 30, 198, 206, 61.6791, 86.7852,10, 7
52, 19, 31, 198, 178, 38.1897, 38.1897,4, 4
52, 19, 32, 198, 207, 7.42257, 7.42257,1, 1
52, 19, 33, 198, 230, 28.4698, 28.4698,3, 3
52, 19, 34, 198, 165, 40.8113, 40.8113,5, 5
52, 19, 35, 198, 180, 0, 0,0, 0
52, 19, 36, 198, 217, 38.206, 38.206,5, 5
52, 19, 37, 198, 212, 7.75507, 7.75507,1, 1
52, 19, 38, 198, 234, 0, 0,0, 0
52, 19, 39, 198, 214, 6.95702, 6.95702,1, 1
52, 19, 40, 198, 193, 83.2308, 83.2308,9, 9
52, 19, 41, 198, 184, 64.5961, 64.5961,7, 7
52, 19, 42, 198, 186, 85.1351, 85.1351,10, 10
52, 19, 43, 198, 197, 28.5215, 28.5215,3, 3
52, 19, 44, 198, 180, 31.0273, 31.0273,3, 3
52, 19, 45, 198, 227, 0, 0,0, 0
52, 19, 46, 198, 216, 9.2691, 9.2691,1, 1
52, 19, 47, 198, 210, 19.8586, 19.8586,2, 2
52, 20, 1, 208, 141, 0, 0,0, 0
52, 20, 2, 208, 177, 57.4755, 57.4755,5, 5
52, 20, 3, 208, 133, 21.9834, 21.9834,2, 2
52, 20, 4, 208, 274, 22.8645, 22.8645,2, 2
52, 20, 5, 208, 243, 25.8783, 25.8783,3, 3
52, 20, 6, 208, 237, 28.2126, 28.2126,3, 3
52, 20, 7, 208, 172, 446.706, 453.814,46, 45
52, 20, 8, 208, 174, 219.807, 245.014,27, 24
52, 20, 9, 208, 229, 0, 0,0, 0
52, 20, 10, 208, 237, 20.2204, 20.2204,2, 2
52, 20, 11, 208, 228, 17.7366, 17.7366,2, 2
52, 20, 12, 208, 219, 93.9844, 111.911,12, 10
52, 20, 13, 208, 216, 25.9458, 25.9458,3, 3
52, 20, 14, 208, 179, 309.337, 330.842,38, 35
52, 20, 15, 208, 166, 547.019, 625.535,65, 56
52, 20, 16, 208, 157, 19.5728, 19.5728,2, 2
52, 20, 17, 208, 156, 87.2621, 87.2621,10, 10
52, 20, 18, 208, 167, 198.607, 228.059,25, 21
52, 20, 19, 208, 198, 98.1586, 104.881,13, 12
52, 20, 21, 208, 136, 110.313, 118.92,14, 13
52, 20, 22, 208, 175, 143.983, 143.983,14, 14
52, 20, 23, 208, 213, 57.587, 72.0424,9, 7
52, 20, 24, 208, 169, 23.0686, 23.0686,3, 3
52, 20, 25, 208, 211, 533.157, 621.843,60, 49
52, 20, 26, 208, 231, 16.7234, 16.7234,2, 2
52, 20, 27, 208, 180, 19.1613, 19.1613,1, 1
52, 20, 28, 208, 195, 61.0135, 70.3607,6, 5
52, 20, 29, 208, 231, 21.9985, 21.9985,3, 3
52, 20, 30, 208, 206, 49.8222, 49.8222,6, 6
52, 20, 31, 208, 178, 51.7495, 61.9999,6, 5
52, 20, 32, 208, 207, 269.931, 287.062,32, 30
52, 20, 33, 208, 230, 28.9453, 47.7344,5, 3
52, 20, 34, 208, 165, 101.574, 145.422,16, 11
52, 20, 35, 208, 180, 40.9312, 40.9312,5, 5
52, 20, 36, 208, 217, 111.718, 136.166,14, 12
52, 20, 37, 208, 212, 211.243, 237.688,25, 22
52, 20, 38, 208, 234, 25.0575, 25.0575,2, 2
52, 20, 39, 208, 214, 13.5477, 13.5477,1, 1
52, 20, 40, 208, 193, 15.1378, 22.0105,3, 2
52, 20, 41, 208, 184, 41.8313, 61.9938,7, 5
52, 20, 42, 208, 186, 66.456, 81.2507,10, 8
52, 20, 43, 208, 197, 16.5375, 16.5375,2, 2
52, 20, 44, 208, 180, 28.1366, 28.1366,3, 3
52, 20, 45, 208, 227, 8.74444, 8.74444,1, 1
52, 20, 46, 208, 216, 52.8935, 52.8935,6, 6
52, 20, 47, 208, 210, 24.8717, 24.8717,2, 2
52, 21, 1, 136, 141, 6.89, 6.89,1, 1
52, 21, 2, 136, 177, 44.6293, 44.6293,5, 5
52, 21, 3, 136, 133, 28.8283, 28.8283,3, 3
52, 21, 4, 136, 274, 14.8523, 14.8523,2, 2
52, 21, 5, 136, 243, 36.6647, 43.3498,5, 4
52, 21, 6, 136, 237, 30.1519, 30.1519,4, 4
52, 21, 7, 136, 172, 43.3772, 43.3772,5, 5
52, 21, 8, 136, 174, 171.997, 192.397,22, 19
52, 21, 9, 136, 229, 0, 0,0, 0
52, 21, 10, 136, 237, 36.879, 36.879,2, 2
52, 21, 11, 136, 228, 23.7335, 23.7335,3, 3
52, 21, 12, 136, 219, 46.4256, 46.4256,5, 5
52, 21, 13, 136, 216, 62.0338, 62.0338,7, 7
52, 21, 14, 136, 179, 24.7518, 32.2159,4, 3
52, 21, 15, 136, 166, 139.836, 139.836,14, 14
52, 21, 16, 136, 157, 20.7489, 20.7489,2, 2
52, 21, 17, 136, 156, 20.6469, 20.6469,2, 2
52, 21, 18, 136, 167, 60.2629, 67.0792,8, 7
52, 21, 19, 136, 198, 55.8492, 62.8747,7, 6
52, 21, 20, 136, 208, 118.92, 118.92,14, 14
52, 21, 22, 136, 175, 300.675, 316.192,31, 29
52, 21, 23, 136, 213, 106.871, 106.871,12, 12
52, 21, 24, 136, 169, 31.3783, 31.3783,4, 4
52, 21, 25, 136, 211, 105.527, 105.527,10, 10
52, 21, 26, 136, 231, 114.668, 147.277,17, 13
52, 21, 27, 136, 180, 26.3337, 26.3337,2, 2
52, 21, 28, 136, 195, 61.4176, 61.4176,5, 5
52, 21, 29, 136, 231, 22.3321, 22.3321,3, 3
52, 21, 30, 136, 206, 57.6889, 57.6889,6, 6
52, 21, 31, 136, 178, 36.8103, 36.8103,4, 4
52, 21, 32, 136, 207, 56.691, 56.691,4, 4
52, 21, 33, 136, 230, 0, 0,0, 0
52, 21, 34, 136, 165, 131.458, 138.166,14, 13
52, 21, 35, 136, 180, 19.4219, 19.4219,1, 1
52, 21, 36, 136, 217, 73.8311, 82.7384,10, 9
52, 21, 37, 136, 212, 25.3809, 25.3809,2, 2
52, 21, 38, 136, 234, 24.1243, 24.1243,2, 2
52, 21, 39, 136, 214, 11.3632, 11.3632,1, 1
52, 21, 40, 136, 193, 32.825, 32.825,3, 3
52, 21, 41, 136, 184, 55.0301, 55.0301,6, 6
52, 21, 42, 136, 186, 64.3609, 64.3609,8, 8
52, 21, 43, 136, 197, 25.3017, 25.3017,3, 3
52, 21, 44, 136, 180, 107.482, 121.428,13, 11
52, 21, 45, 136, 227, 0, 0,0, 0
52, 21, 46, 136, 216, 93.1135, 100.313,10, 9
52, 21, 47, 136, 210, 53.5882, 53.5882,5, 5
52, 22, 1, 175, 141, 0, 0,0, 0
52, 22, 2, 175, 177, 97.6867, 97.6867,8, 8
52, 22, 3, 175, 133, 22.4015, 22.4015,2, 2
52, 22, 4, 175, 274, 21.9587, 21.9587,2, 2
52, 22, 5, 175, 243, 35.3342, 35.3342,4, 4
52, 22, 6, 175, 237, 52.7984, 92.2955,10, 5
52, 22, 7, 175, 172, 95.4381, 102.379,12, 11
52, 22, 8, 175, 174, 59.7789, 68.1797,7, 6
52, 22, 9, 175, 229, 0, 0,0, 0
52, 22, 10, 175, 237, 29.8591, 29.8591,2, 2
52, 22, 11, 175, 228, 0, 0,0, 0
52, 22, 12, 175, 219, 49.6909, 49.6909,5, 5
52, 22, 13, 175, 216, 16.6604, 16.6604,2, 2
52, 22, 14, 175, 179, 109.102, 138.5,17, 13
52, 22, 15, 175, 166, 170.021, 170.021,17, 17
52, 22, 16, 175, 157, 55.5286, 55.5286,5, 5
52, 22, 17, 175, 156, 88.1792, 112.052,10, 7
52, 22, 18, 175, 167, 59.0135, 65.8103,7, 6
52, 22, 19, 175, 198, 34.9451, 34.9451,4, 4
52, 22, 20, 175, 208, 129.934, 143.984,14, 12
52, 22, 21, 175, 136, 284.319, 316.191,31, 27
52, 22, 23, 175, 213, 217.59, 238.896,27, 24
52, 22, 24, 175, 169, 56.5376, 82.6673,9, 6
52, 22, 25, 175, 211, 174.846, 174.846,17, 17
52, 22, 26, 175, 231, 41.2951, 41.2951,5, 5
52, 22, 27, 175, 180, 27.2296, 38.4413,3, 2
52, 22, 28, 175, 195, 88.3528, 88.3528,6, 6
52, 22, 29, 175, 231, 7.92434, 7.92434,1, 1
52, 22, 30, 175, 206, 48.7424, 66.3493,7, 5
52, 22, 31, 175, 178, 40.933, 48.8476,6, 5
52, 22, 32, 175, 207, 57.0025, 63.9482,6, 5
52, 22, 33, 175, 230, 9.31655, 9.31655,1, 1
52, 22, 34, 175, 165, 137.734, 178.628,20, 15
52, 22, 35, 175, 180, 42.9466, 42.9466,4, 4
52, 22, 36, 175, 217, 29.413, 29.413,3, 3
52, 22, 37, 175, 212, 56.1646, 56.1646,6, 6
52, 22, 38, 175, 234, 32.1269, 32.1269,2, 2
52, 22, 39, 175, 214, 43.1735, 50.0059,4, 3
52, 22, 40, 175, 193, 28.3039, 28.3039,4, 4
52, 22, 41, 175, 184, 30.8921, 30.8921,4, 4
52, 22, 42, 175, 186, 49.5797, 64.9449,7, 5
52, 22, 43, 175, 197, 49.884, 49.884,6, 6
52, 22, 44, 175, 180, 78.4569, 95.5369,11, 9
52, 22, 45, 175, 227, 25.3028, 56.0963,7, 3
52, 22, 46, 175, 216, 134.495, 150.079,17, 15
52, 22, 47, 175, 210, 161.649, 230.478,23, 15
52, 23, 1, 213, 141, 15.8666, 15.8666,2, 2
52, 23, 2, 213, 177, 37.0417, 37.0417,4, 4
52, 23, 3, 213, 133, 30.7095, 30.7095,3, 3
52, 23, 4, 213, 274, 14.6375, 14.6375,2, 2
52, 23, 5, 213, 243, 14.9345, 14.9345,2, 2
52, 23, 6, 213, 237, 48.8983, 56.2511,6, 5
52, 23, 7, 213, 172, 72.3089, 72.3089,9, 9
52, 23, 8, 213, 174, 18.4536, 25.1713,3, 2
52, 23, 9, 213, 229, 22.5388, 29.7648,4, 3
52, 23, 10, 213, 237, 65.646, 72.4343,7, 6
52, 23, 11, 213, 228, 7.09903, 7.09903,1, 1
52, 23, 12, 213, 219, 30.6136, 30.6136,4, 4
52, 23, 13, 213, 216, 0, 0,0, 0
52, 23, 14, 213, 179, 168.324, 191.605,22, 19
52, 23, 15, 213, 166, 42.311, 49.1378,5, 4
52, 23, 16, 213, 157, 41.2745, 48.2204,4, 3
52, 23, 17, 213, 156, 56.214, 56.214,5, 5
52, 23, 18, 213, 167, 36.959, 36.959,4, 4
52, 23, 19, 213, 198, 19.0632, 19.0632,2, 2
52, 23, 20, 213, 208, 72.0421, 72.0421,9, 9
52, 23, 21, 213, 136, 84.1855, 106.871,12, 9
52, 23, 22, 213, 175, 231.811, 238.895,27, 26
52, 23, 24, 213, 169, 406.033, 483.637,52, 42
52, 23, 25, 213, 211, 87.3558, 94.8324,10, 9
52, 23, 26, 213, 231, 14.0776, 14.0776,2, 2
52, 23, 27, 213, 180, 10.0315, 10.0315,1, 1
52, 23, 28, 213, 195, 41.212, 41.212,3, 3
52, 23, 29, 213, 231, 7.52804, 7.52804,1, 1
52, 23, 30, 213, 206, 0, 0,0, 0
52, 23, 31, 213, 178, 0, 0,0, 0
52, 23, 32, 213, 207, 145.371, 204.471,23, 15
52, 23, 33, 213, 230, 0, 0,0, 0
52, 23, 34, 213, 165, 46.4194, 46.4194,5, 5
52, 23, 35, 213, 180, 88.2309, 110.23,9, 7
52, 23, 36, 213, 217, 23.9499, 23.9499,3, 3
52, 23, 37, 213, 212, 121.946, 144.063,17, 14
52, 23, 38, 213, 234, 24.4473, 24.4473,2, 2
52, 23, 39, 213, 214, 54.5573, 76.7362,8, 5
52, 23, 40, 213, 193, 0, 0,0, 0
52, 23, 41, 213, 184, 8.36486, 8.36486,1, 1
52, 23, 42, 213, 186, 22.3843, 22.3843,3, 3
52, 23, 43, 213, 197, 0, 0,0, 0
52, 23, 44, 213, 180, 31.2117, 31.2117,4, 4
52, 23, 45, 213, 227, 38.8274, 45.9979,6, 5
52, 23, 46, 213, 216, 38.3068, 38.3068,5, 5
52, 23, 47, 213, 210, 148.331, 179.407,20, 16
52, 24, 1, 169, 141, 22.0036, 29.0982,4, 3
52, 24, 2, 169, 177, 0, 0,0, 0
52, 24, 3, 169, 133, 15.9416, 31.3992,2, 1
52, 24, 4, 169, 274, 0, 0,0, 0
52, 24, 5, 169, 243, 17.4575, 17.4575,2, 2
52, 24, 6, 169, 237, 70.2244, 84.2031,11, 9
52, 24, 7, 169, 172, 8.19767, 8.19767,1, 1
52, 24, 8, 169, 174, 0, 0,0, 0
52, 24, 9, 169, 229, 47.1777, 54.0046,7, 6
52, 24, 10, 169, 237, 72.5084, 80.2688,11, 10
52, 24, 11, 169, 228, 10.7477, 10.7477,1, 1
52, 24, 12, 169, 219, 0, 0,0, 0
52, 24, 13, 169, 216, 0, 0,0, 0
52, 24, 14, 169, 179, 94.3052, 111.041,13, 11
52, 24, 15, 169, 166, 7.33076, 14.2294,2, 1
52, 24, 16, 169, 157, 42.3865, 42.3865,5, 5
52, 24, 17, 169, 156, 25.7587, 25.7587,3, 3
52, 24, 18, 169, 167, 9.62963, 18.7226,2, 1
52, 24, 19, 169, 198, 0, 0,0, 0
52, 24, 20, 169, 208, 23.0685, 23.0685,3, 3
52, 24, 21, 169, 136, 23.4562, 31.3784,4, 3
52, 24, 22, 169, 175, 74.0522, 82.6672,9, 8
52, 24, 23, 169, 213, 410.1, 483.638,52, 43
52, 24, 25, 169, 211, 52.3089, 65.9284,7, 5
52, 24, 26, 169, 231, 9.41704, 17.885,2, 1
52, 24, 27, 169, 180, 0, 0,0, 0
52, 24, 28, 169, 195, 7.08176, 13.7558,2, 1
52, 24, 29, 169, 231, 0, 0,0, 0
52, 24, 30, 169, 206, 0, 0,0, 0
52, 24, 31, 169, 178, 0, 0,0, 0
52, 24, 32, 169, 207, 125.084, 194.89,21, 13
52, 24, 33, 169, 230, 37.8735, 37.8735,5, 5
52, 24, 34, 169, 165, 37.3545, 63.8748,7, 4
52, 24, 35, 169, 180, 81.7505, 103.79,12, 9
52, 24, 36, 169, 217, 0, 0,0, 0
52, 24, 37, 169, 212, 78.3895, 111.29,13, 9
52, 24, 38, 169, 234, 25.1841, 25.1841,3, 3
52, 24, 39, 169, 214, 74.2533, 82.626,9, 8
52, 24, 40, 169, 193, 0, 0,0, 0
52, 24, 41, 169, 184, 0, 0,0, 0
52, 24, 42, 169, 186, 8.44466, 16.6957,2, 1
52, 24, 43, 169, 197, 36.4086, 36.4086,5, 5
52, 24, 44, 169, 180, 24.9257, 31.8333,4, 3
52, 24, 45, 169, 227, 60.1021, 60.1021,7, 7
52, 24, 46, 169, 216, 6.86002, 6.86002,1, 1
52, 24, 47, 169, 210, 113.087, 123.733,15, 14
52, 25, 1, 211, 141, 16.44, 23.3027,3, 2
52, 25, 2, 211, 177, 80.4316, 80.4316,7, 7
52, 25, 3, 211, 133, 45.6481, 45.6481,5, 5
52, 25, 4, 211, 274, 17.5108, 17.5108,2, 2
52, 25, 5, 211, 243, 24.9923, 24.9923,3, 3
52, 25, 6, 211, 237, 32.7476, 32.7476,4, 4
52, 25, 7, 211, 172, 499.505, 537.007,57, 52
52, 25, 8, 211, 174, 108.927, 116.178,14, 13
52, 25, 9, 211, 229, 0, 0,0, 0
52, 25, 10, 211, 237, 34.0976, 34.0976,2, 2
52, 25, 11, 211, 228, 19.5874, 19.5874,2, 2
52, 25, 12, 211, 219, 65.5355, 65.5355,8, 8
52, 25, 13, 211, 216, 44.6456, 44.6456,5, 5
52, 25, 14, 211, 179, 420.039, 445.114,45, 42
52, 25, 15, 211, 166, 389.334, 436.171,42, 37
52, 25, 16, 211, 157, 41.6477, 48.9441,5, 4
52, 25, 17, 211, 156, 137.154, 159.884,15, 12
52, 25, 18, 211, 167, 72.3874, 79.6087,10, 9
52, 25, 19, 211, 198, 30.2143, 30.2143,4, 4
52, 25, 20, 211, 208, 596.563, 621.834,60, 57
52, 25, 21, 211, 136, 105.525, 105.525,10, 10
52, 25, 22, 211, 175, 166.782, 174.846,17, 16
52, 25, 23, 211, 213, 80.0773, 94.8326,10, 8
52, 25, 24, 211, 169, 54.3901, 65.9284,7, 6
52, 25, 26, 211, 231, 7.95209, 7.95209,1, 1
52, 25, 27, 211, 180, 27.9479, 27.9479,3, 3
52, 25, 28, 211, 195, 112.509, 119.344,11, 10
52, 25, 29, 211, 231, 18.0799, 18.0799,2, 2
52, 25, 30, 211, 206, 40.2216, 40.2216,5, 5
52, 25, 31, 211, 178, 85.9398, 92.7496,10, 9
52, 25, 32, 211, 207, 358.508, 365.265,36, 35
52, 25, 33, 211, 230, 7.30537, 7.30537,1, 1
52, 25, 34, 211, 165, 83.8684, 83.8684,9, 9
52, 25, 35, 211, 180, 80.1477, 98.4531,10, 8
52, 25, 36, 211, 217, 74.2011, 74.2011,9, 9
52, 25, 37, 211, 212, 276.295, 300.751,30, 27
52, 25, 38, 211, 234, 24.5656, 24.5656,2, 2
52, 25, 39, 211, 214, 47.4084, 61.9673,7, 5
52, 25, 40, 211, 193, 15.0073, 15.0073,2, 2
52, 25, 41, 211, 184, 18.6645, 18.6645,2, 2
52, 25, 42, 211, 186, 40.6999, 48.0441,6, 5
52, 25, 43, 211, 197, 26.1091, 26.1091,3, 3
52, 25, 44, 211, 180, 42.2044, 42.2044,5, 5
52, 25, 45, 211, 227, 7.69889, 7.69889,1, 1
52, 25, 46, 211, 216, 45.7853, 45.7853,6, 6
52, 25, 47, 211, 210, 29.4095, 29.4095,3, 3
52, 26, 1, 231, 141, 7.51979, 7.51979,1, 1
52, 26, 2, 231, 177, 14.3331, 14.3331,2, 2
52, 26, 3, 231, 133, 18.0654, 18.0654,2, 2
52, 26, 4, 231, 274, 0, 0,0, 0
52, 26, 5, 231, 243, 49.0548, 49.0548,6, 6
52, 26, 6, 231, 237, 8.66115, 8.66115,1, 1
52, 26, 7, 231, 172, 24.1009, 24.1009,3, 3
52, 26, 8, 231, 174, 60.7021, 82.1492,11, 8
52, 26, 9, 231, 229, 0, 0,0, 0
52, 26, 10, 231, 237, 9.17517, 9.17517,1, 1
52, 26, 11, 231, 228, 7.22812, 7.22812,1, 1
52, 26, 12, 231, 219, 24.7323, 24.7323,3, 3
52, 26, 13, 231, 216, 0, 0,0, 0
52, 26, 14, 231, 179, 17.394, 17.394,2, 2
52, 26, 15, 231, 166, 28.6169, 28.6169,4, 4
52, 26, 16, 231, 157, 6.94304, 6.94304,1, 1
52, 26, 17, 231, 156, 16.8213, 16.8213,2, 2
52, 26, 18, 231, 167, 20.1082, 20.1082,2, 2
52, 26, 19, 231, 198, 26.6471, 26.6471,3, 3
52, 26, 20, 231, 208, 16.7235, 16.7235,2, 2
52, 26, 21, 231, 136, 115.232, 147.278,17, 13
52, 26, 22, 231, 175, 41.295, 41.295,5, 5
52, 26, 23, 231, 213, 14.0776, 14.0776,2, 2
52, 26, 24, 231, 169, 17.885, 17.885,2, 2
52, 26, 25, 231, 211, 7.95211, 7.95211,1, 1
52, 26, 27, 231, 180, 7.23522, 7.23522,1, 1
52, 26, 28, 231, 195, 21.1085, 21.1085,3, 3
52, 26, 29, 231, 231, 0, 0,0, 0
52, 26, 30, 231, 206, 23.8146, 23.8146,3, 3
52, 26, 31, 231, 178, 7.38362, 7.38362,1, 1
52, 26, 32, 231, 207, 27.7769, 27.7769,3, 3
52, 26, 33, 231, 230, 13.5146, 13.5146,2, 2
52, 26, 34, 231, 165, 48.2026, 61.9773,7, 5
52, 26, 35, 231, 180, 7.04557, 7.04557,1, 1
52, 26, 36, 231, 217, 15.2947, 15.2947,2, 2
52, 26, 37, 231, 212, 17.648, 17.648,2, 2
52, 26, 38, 231, 234, 8.19884, 8.19884,1, 1
52, 26, 39, 231, 214, 0, 0,0, 0
52, 26, 40, 231, 193, 22.4164, 22.4164,3, 3
52, 26, 41, 231, 184, 23.0677, 23.0677,3, 3
52, 26, 42, 231, 186, 24.6275, 24.6275,3, 3
52, 26, 43, 231, 197, 10.7875, 10.7875,1, 1
52, 26, 44, 231, 180, 39.6728, 46.9709,5, 4
52, 26, 45, 231, 227, 0, 0,0, 0
52, 26, 46, 231, 216, 65.4401, 65.4401,8, 8
52, 26, 47, 231, 210, 33.3811, 33.3811,4, 4
52, 27, 1, 180, 141, 62.727, 76.6205,10, 8
52, 27, 2, 180, 177, 126.37, 143.674,16, 14
52, 27, 3, 180, 133, 66.7716, 81.5497,9, 7
52, 27, 4, 180, 274, 18.9337, 18.9337,2, 2
52, 27, 5, 180, 243, 18.0673, 18.0673,2, 2
52, 27, 6, 180, 237, 17.6909, 17.6909,2, 2
52, 27, 7, 180, 172, 23.4189, 23.4189,2, 2
52, 27, 8, 180, 174, 23.4762, 23.4762,3, 3
52, 27, 9, 180, 229, 8.24015, 8.24015,1, 1
52, 27, 10, 180, 237, 27.9837, 27.9837,3, 3
52, 27, 11, 180, 228, 23.1813, 23.1813,3, 3
52, 27, 12, 180, 219, 58.5604, 58.5604,5, 5
52, 27, 13, 180, 216, 16.5441, 16.5441,2, 2
52, 27, 14, 180, 179, 14.8149, 14.8149,1, 1
52, 27, 15, 180, 166, 10.2946, 10.2946,1, 1
52, 27, 16, 180, 157, 37.8025, 37.8025,4, 4
52, 27, 17, 180, 156, 32.8409, 32.8409,3, 3
52, 27, 18, 180, 167, 32.0709, 32.0709,4, 4
52, 27, 19, 180, 198, 26.1248, 26.1248,3, 3
52, 27, 20, 180, 208, 19.1613, 19.1613,1, 1
52, 27, 21, 180, 136, 26.3337, 26.3337,2, 2
52, 27, 22, 180, 175, 38.4405, 38.4405,3, 3
52, 27, 23, 180, 213, 10.0318, 10.0318,1, 1
52, 27, 24, 180, 169, 0, 0,0, 0
52, 27, 25, 180, 211, 27.9479, 27.9479,3, 3
52, 27, 26, 180, 231, 7.23522, 7.23522,1, 1
52, 27, 28, 180, 195, 503.241, 556.704,53, 47
52, 27, 29, 180, 231, 0, 0,0, 0
52, 27, 30, 180, 206, 124.542, 136.126,13, 12
52, 27, 31, 180, 178, 445.976, 514.795,51, 44
52, 27, 32, 180, 207, 30.9202, 30.9202,3, 3
52, 27, 33, 180, 230, 15.7234, 15.7234,2, 2
52, 27, 34, 180, 165, 39.4572, 39.4572,4, 4
52, 27, 35, 180, 180, 10.5086, 10.5086,1, 1
52, 27, 36, 180, 217, 35.8433, 35.8433,3, 3
52, 27, 37, 180, 212, 22.5863, 22.5863,2, 2
52, 27, 38, 180, 234, 47.4034, 61.7495,5, 3
52, 27, 39, 180, 214, 28.7342, 35.8082,4, 3
52, 27, 40, 180, 193, 7.6038, 7.6038,1, 1
52, 27, 41, 180, 184, 40.7598, 40.7598,5, 5
52, 27, 42, 180, 186, 7.11166, 7.11166,1, 1
52, 27, 43, 180, 197, 51.6845, 51.6845,6, 6
52, 27, 44, 180, 180, 20.6521, 20.6521,2, 2
52, 27, 45, 180, 227, 0, 0,0, 0
52, 27, 46, 180, 216, 27.2026, 27.2026,3, 3
52, 27, 47, 180, 210, 22.0676, 22.0676,2, 2
52, 28, 1, 195, 141, 33.1359, 33.1359,4, 4
52, 28, 2, 195, 177, 156.828, 204.512,19, 15
52, 28, 3, 195, 133, 67.9048, 94.8468,11, 8
52, 28, 4, 195, 274, 25.8331, 42.7091,5, 3
52, 28, 5, 195, 243, 23.6916, 31.6576,4, 3
52, 28, 6, 195, 237, 35.8106, 45.4761,5, 4
52, 28, 7, 195, 172, 61.6077, 69.3888,8, 7
52, 28, 8, 195, 174, 44.1131, 53.115,6, 5
52, 28, 9, 195, 229, 0, 0,0, 0
52, 28, 10, 195, 237, 49.3051, 77.7779,6, 4
52, 28, 11, 195, 228, 61.2752, 61.2752,7, 7
52, 28, 12, 195, 219, 49.4786, 67.3207,7, 5
52, 28, 13, 195, 216, 20.9856, 20.9856,2, 2
52, 28, 14, 195, 179, 34.6566, 45.8283,4, 3
52, 28, 15, 195, 166, 42.9672, 58.0605,5, 4
52, 28, 16, 195, 157, 27.711, 52.8678,4, 2
52, 28, 17, 195, 156, 68.2441, 99.8323,5, 4
52, 28, 18, 195, 167, 94.3225, 102.616,12, 11
52, 28, 19, 195, 198, 61.7446, 61.7446,7, 7
52, 28, 20, 195, 208, 56.3316, 70.3601,6, 5
52, 28, 21, 195, 136, 49.33, 61.4181,5, 4
52, 28, 22, 195, 175, 61.8402, 88.3534,6, 5
52, 28, 23, 195, 213, 26.5802, 41.2123,3, 2
52, 28, 24, 195, 169, 13.7558, 13.7558,2, 2
52, 28, 25, 195, 211, 104.381, 119.345,11, 10
52, 28, 26, 195, 231, 21.1085, 21.1085,3, 3
52, 28, 27, 195, 180, 495.297, 556.705,53, 46
52, 28, 29, 195, 231, 21.699, 21.699,3, 3
52, 28, 30, 195, 206, 205.008, 212.481,23, 22
52, 28, 31, 195, 178, 599.765, 668.488,63, 54
52, 28, 32, 195, 207, 37.4262, 67.8753,6, 3
52, 28, 33, 195, 230, 57.5448, 57.5448,6, 6
52, 28, 34, 195, 165, 39.9522, 58.0843,6, 4
52, 28, 35, 195, 180, 23.9655, 41.2295,2, 1
52, 28, 36, 195, 217, 78.8022, 90.1251,9, 8
52, 28, 37, 195, 212, 25.0832, 45.688,4, 2
52, 28, 38, 195, 234, 43.224, 72.0514,5, 3
52, 28, 39, 195, 214, 23.6424, 45.9444,2, 1
52, 28, 40, 195, 193, 7.58108, 7.58108,1, 1
52, 28, 41, 195, 184, 34.2314, 34.2314,4, 4
52, 28, 42, 195, 186, 46.5053, 46.5053,6, 6
52, 28, 43, 195, 197, 76.8939, 76.8939,10, 10
52, 28, 44, 195, 180, 35.1346, 43.3278,5, 4
52, 28, 45, 195, 227, 0, 0,0, 0
52, 28, 46, 195, 216, 31.6942, 43.1686,4, 3
52, 28, 47, 195, 210, 45.6926, 69.9202,6, 4
52, 29, 1, 231, 141, 0, 0,0, 0
52, 29, 2, 231, 177, 21.9456, 21.9456,3, 3
52, 29, 3, 231, 133, 0, 0,0, 0
52, 29, 4, 231, 274, 6.95603, 6.95603,1, 1
52, 29, 5, 231, 243, 15.4979, 15.4979,1, 1
52, 29, 6, 231, 237, 21.4549, 21.4549,3, 3
52, 29, 7, 231, 172, 7.09518, 7.09518,1, 1
52, 29, 8, 231, 174, 33.4867, 33.4867,4, 4
52, 29, 9, 231, 229, 25.1144, 32.0061,4, 3
52, 29, 10, 231, 237, 0, 0,0, 0
52, 29, 11, 231, 228, 52.9612, 52.9612,6, 6
52, 29, 12, 231, 219, 46.3527, 53.5604,7, 6
52, 29, 13, 231, 216, 56.141, 56.141,6, 6
52, 29, 14, 231, 179, 15.8258, 15.8258,2, 2
52, 29, 15, 231, 166, 6.81468, 6.81468,1, 1
52, 29, 16, 231, 157, 0, 0,0, 0
52, 29, 17, 231, 156, 8.14551, 8.14551,1, 1
52, 29, 18, 231, 167, 35.2782, 35.2782,4, 4
52, 29, 19, 231, 198, 52.4533, 52.4533,6, 6
52, 29, 20, 231, 208, 15.2968, 21.9984,3, 2
52, 29, 21, 231, 136, 22.3321, 22.3321,3, 3
52, 29, 22, 231, 175, 7.92434, 7.92434,1, 1
52, 29, 23, 231, 213, 7.52801, 7.52801,1, 1
52, 29, 24, 231, 169, 0, 0,0, 0
52, 29, 25, 231, 211, 18.0799, 18.0799,2, 2
52, 29, 26, 231, 231, 0, 0,0, 0
52, 29, 27, 231, 180, 0, 0,0, 0
52, 29, 28, 231, 195, 21.699, 21.699,3, 3
52, 29, 30, 231, 206, 64.6696, 64.6696,8, 8
52, 29, 31, 231, 178, 7.50777, 7.50777,1, 1
52, 29, 32, 231, 207, 0, 0,0, 0
52, 29, 33, 231, 230, 386.466, 399.305,39, 38
52, 29, 34, 231, 165, 29.2962, 29.2962,4, 4
52, 29, 35, 231, 180, 0, 0,0, 0
52, 29, 36, 231, 217, 32.9564, 32.9564,4, 4
52, 29, 37, 231, 212, 0, 0,0, 0
52, 29, 38, 231, 234, 64.5847, 71.5819,9, 8
52, 29, 39, 231, 214, 14.4511, 14.4511,2, 2
52, 29, 40, 231, 193, 121.09, 136.428,15, 13
52, 29, 41, 231, 184, 174.567, 184.862,21, 20
52, 29, 42, 231, 186, 162.915, 180.942,19, 17
52, 29, 43, 231, 197, 76.301, 84.6737,10, 9
52, 29, 44, 231, 180, 23.9197, 23.9197,3, 3
52, 29, 45, 231, 227, 13.8184, 13.8184,2, 2
52, 29, 46, 231, 216, 7.01367, 7.01367,1, 1
52, 29, 47, 231, 210, 0, 0,0, 0
52, 30, 1, 206, 141, 0, 0,0, 0
52, 30, 2, 206, 177, 101.281, 110.415,13, 12
52, 30, 3, 206, 133, 22.9747, 22.9747,3, 3
52, 30, 4, 206, 274, 21.5746, 21.5746,3, 3
52, 30, 5, 206, 243, 45.589, 45.589,5, 5
52, 30, 6, 206, 237, 8.84973, 8.84973,1, 1
52, 30, 7, 206, 172, 35.4179, 35.4179,3, 3
52, 30, 8, 206, 174, 44.4572, 44.4572,5, 5
52, 30, 9, 206, 229, 0, 0,0, 0
52, 30, 10, 206, 237, 13.8431, 13.8431,2, 2
52, 30, 11, 206, 228, 11.3445, 11.3445,1, 1
52, 30, 12, 206, 219, 46.9209, 46.9209,5, 5
52, 30, 13, 206, 216, 35.9064, 44.6858,5, 4
52, 30, 14, 206, 179, 17.6484, 24.632,3, 2
52, 30, 15, 206, 166, 19.808, 19.808,1, 1
52, 30, 16, 206, 157, 14.1757, 14.1757,2, 2
52, 30, 17, 206, 156, 26.5015, 34.7209,4, 3
52, 30, 18, 206, 167, 44.1387, 44.1387,6, 6
52, 30, 19, 206, 198, 86.7851, 86.7851,10, 10
52, 30, 20, 206, 208, 49.8222, 49.8222,6, 6
52, 30, 21, 206, 136, 48.4418, 57.6889,6, 5
52, 30, 22, 206, 175, 55.5667, 66.3488,7, 6
52, 30, 23, 206, 213, 0, 0,0, 0
52, 30, 24, 206, 169, 0, 0,0, 0
52, 30, 25, 206, 211, 32.909, 40.2213,5, 4
52, 30, 26, 206, 231, 23.8147, 23.8147,3, 3
52, 30, 27, 206, 180, 113.067, 136.127,13, 10
52, 30, 28, 206, 195, 183.846, 212.483,23, 20
52, 30, 29, 206, 231, 64.6696, 64.6696,8, 8
52, 30, 31, 206, 178, 223.016, 238.541,25, 23
52, 30, 32, 206, 207, 9.42778, 9.42778,1, 1
52, 30, 33, 206, 230, 39.1595, 39.1595,5, 5
52, 30, 34, 206, 165, 36.8843, 44.9227,6, 5
52, 30, 35, 206, 180, 0, 0,0, 0
52, 30, 36, 206, 217, 39.3476, 47.0942,6, 5
52, 30, 37, 206, 212, 9.71031, 9.71031,1, 1
52, 30, 38, 206, 234, 24.9041, 24.9041,3, 3
52, 30, 39, 206, 214, 15.3472, 15.3472,2, 2
52, 30, 40, 206, 193, 81.2386, 89.4118,10, 9
52, 30, 41, 206, 184, 50.9848, 58.8511,7, 6
52, 30, 42, 206, 186, 52.1378, 52.1378,7, 7
52, 30, 43, 206, 197, 49.1458, 49.1458,6, 6
52, 30, 44, 206, 180, 38.3869, 47.3937,5, 4
52, 30, 45, 206, 227, 0, 0,0, 0
52, 30, 46, 206, 216, 30.6282, 37.3332,5, 4
52, 30, 47, 206, 210, 23.1795, 23.1795,3, 3
52, 31, 1, 178, 141, 29.419, 29.419,4, 4
52, 31, 2, 178, 177, 140.663, 172.373,20, 16
52, 31, 3, 178, 133, 37.297, 44.1177,6, 5
52, 31, 4, 178, 274, 8.71272, 8.71272,1, 1
52, 31, 5, 178, 243, 15.4805, 15.4805,2, 2
52, 31, 6, 178, 237, 9.72639, 9.72639,1, 1
52, 31, 7, 178, 172, 50.5074, 50.5074,6, 6
52, 31, 8, 178, 174, 42.4336, 42.4336,5, 5
52, 31, 9, 178, 229, 7.11205, 7.11205,1, 1
52, 31, 10, 178, 237, 0, 0,0, 0
52, 31, 11, 178, 228, 46.3691, 46.3691,5, 5
52, 31, 12, 178, 219, 16.7917, 16.7917,2, 2
52, 31, 13, 178, 216, 31.2887, 31.2887,3, 3
52, 31, 14, 178, 179, 18.6517, 18.6517,2, 2
52, 31, 15, 178, 166, 32.4482, 32.4482,4, 4
52, 31, 16, 178, 157, 26.1737, 26.1737,3, 3
52, 31, 17, 178, 156, 46.1198, 46.1198,5, 5
52, 31, 18, 178, 167, 55.3854, 55.3854,5, 5
52, 31, 19, 178, 198, 38.1897, 38.1897,4, 4
52, 31, 20, 178, 208, 61.9999, 61.9999,6, 6
52, 31, 21, 178, 136, 36.8104, 36.8104,4, 4
52, 31, 22, 178, 175, 48.8477, 48.8477,6, 6
52, 31, 23, 178, 213, 0, 0,0, 0
52, 31, 24, 178, 169, 0, 0,0, 0
52, 31, 25, 178, 211, 92.7497, 92.7497,10, 10
52, 31, 26, 178, 231, 7.38365, 7.38365,1, 1
52, 31, 27, 178, 180, 465.259, 514.795,51, 45
52, 31, 28, 178, 195, 606.685, 668.484,63, 56
52, 31, 29, 178, 231, 7.50777, 7.50777,1, 1
52, 31, 30, 178, 206, 219.868, 238.542,25, 23
52, 31, 32, 178, 207, 0, 0,0, 0
52, 31, 33, 178, 230, 50.0514, 50.0514,6, 6
52, 31, 34, 178, 165, 39.202, 39.202,5, 5
52, 31, 35, 178, 180, 0, 0,0, 0
52, 31, 36, 178, 217, 46.2967, 46.2967,5, 5
52, 31, 37, 178, 212, 6.74341, 6.74341,1, 1
52, 31, 38, 178, 234, 6.76684, 6.76684,1, 1
52, 31, 39, 178, 214, 20.9874, 20.9874,3, 3
52, 31, 40, 178, 193, 21.2595, 21.2595,3, 3
52, 31, 41, 178, 184, 25.6805, 25.6805,3, 3
52, 31, 42, 178, 186, 60.7498, 60.7498,6, 6
52, 31, 43, 178, 197, 55.8565, 55.8565,7, 7
52, 31, 44, 178, 180, 12.4551, 12.4551,1, 1
52, 31, 45, 178, 227, 0, 0,0, 0
52, 31, 46, 178, 216, 22.6975, 22.6975,3, 3
52, 31, 47, 178, 210, 21.8988, 21.8988,3, 3
52, 32, 1, 207, 141, 24.6601, 39.8745,5, 3
52, 32, 2, 207, 177, 29.1181, 68.8763,6, 2
52, 32, 3, 207, 133, 54.9399, 100.65,9, 4
52, 32, 4, 207, 274, 23.2267, 49.5139,5, 2
52, 32, 5, 207, 243, 16.7454, 16.7454,2, 2
52, 32, 6, 207, 237, 58.6925, 108.492,14, 7
52, 32, 7, 207, 172, 224.414, 260.307,30, 26
52, 32, 8, 207, 174, 52.7498, 52.7498,7, 7
52, 32, 9, 207, 229, 8.72337, 17.2981,2, 1
52, 32, 10, 207, 237, 44.8797, 85.2774,7, 3
52, 32, 11, 207, 228, 7.02967, 13.7864,2, 1
52, 32, 12, 207, 219, 21.3492, 21.3492,2, 2
52, 32, 13, 207, 216, 0, 0,0, 0
52, 32, 14, 207, 179, 511.977, 673.341,60, 44
52, 32, 15, 207, 166, 222.572, 268.706,29, 24
52, 32, 16, 207, 157, 153.031, 203.235,21, 15
52, 32, 17, 207, 156, 71.4936, 91.4057,10, 8
52, 32, 18, 207, 167, 28.4348, 38.2093,4, 3
52, 32, 19, 207, 198, 7.42251, 7.42251,1, 1
52, 32, 20, 207, 208, 236.278, 287.062,32, 26
52, 32, 21, 207, 136, 37.8814, 56.6914,4, 3
52, 32, 22, 207, 175, 43.449, 63.9487,6, 4
52, 32, 23, 207, 213, 97.2231, 204.472,23, 10
52, 32, 24, 207, 169, 105.698, 194.889,21, 10
52, 32, 25, 207, 211, 299.815, 365.267,36, 29
52, 32, 26, 207, 231, 19.4865, 27.7769,3, 2
52, 32, 27, 207, 180, 14.3654, 30.9197,3, 1
52, 32, 28, 207, 195, 29.1914, 67.8758,6, 2
52, 32, 29, 207, 231, 0, 0,0, 0
52, 32, 30, 207, 206, 9.42801, 9.42801,1, 1
52, 32, 31, 207, 178, 0, 0,0, 0
52, 32, 33, 207, 230, 0, 0,0, 0
52, 32, 34, 207, 165, 68.8728, 90.9611,9, 7
52, 32, 35, 207, 180, 74.4559, 102.109,11, 8
52, 32, 36, 207, 217, 19.3049, 26.9603,3, 2
52, 32, 37, 207, 212, 5395.42, 5777.59,175, 139
52, 32, 38, 207, 234, 24.6289, 61.4009,6, 2
52, 32, 39, 207, 214, 27.5245, 44.8112,5, 3
52, 32, 40, 207, 193, 0, 0,0, 0
52, 32, 41, 207, 184, 0, 0,0, 0
52, 32, 42, 207, 186, 14.997, 21.8056,3, 2
52, 32, 43, 207, 197, 12.2985, 12.2985,1, 1
52, 32, 44, 207, 180, 18.6055, 18.6055,2, 2
52, 32, 45, 207, 227, 49.1576, 79.3411,10, 6
52, 32, 46, 207, 216, 52.8077, 67.5,9, 7
52, 32, 47, 207, 210, 59.479, 107.403,13, 7
52, 33, 1, 230, 141, 0, 0,0, 0
52, 33, 2, 230, 177, 17.1169, 25.1973,3, 2
52, 33, 3, 230, 133, 0, 0,0, 0
52, 33, 4, 230, 274, 0, 0,0, 0
52, 33, 5, 230, 243, 15.7556, 15.7556,2, 2
52, 33, 6, 230, 237, 156.824, 326.184,41, 19
52, 33, 7, 230, 172, 20.6514, 20.6514,3, 3
52, 33, 8, 230, 174, 32.567, 32.567,4, 4
52, 33, 9, 230, 229, 274.141, 574.073,66, 29
52, 33, 10, 230, 237, 213.209, 432.548,53, 24
52, 33, 11, 230, 228, 189.963, 372.752,44, 21
52, 33, 12, 230, 219, 64.1391, 71.8066,7, 6
52, 33, 13, 230, 216, 41.9901, 41.9901,5, 5
52, 33, 14, 230, 179, 0, 0,0, 0
52, 33, 15, 230, 166, 39.2313, 46.3182,5, 4
52, 33, 16, 230, 157, 0, 0,0, 0
52, 33, 17, 230, 156, 14.5811, 14.5811,2, 2
52, 33, 18, 230, 167, 20.2375, 20.2375,2, 2
52, 33, 19, 230, 198, 28.4697, 28.4697,3, 3
52, 33, 20, 230, 208, 47.7343, 47.7343,5, 5
52, 33, 21, 230, 136, 0, 0,0, 0
52, 33, 22, 230, 175, 9.31643, 9.31643,1, 1
52, 33, 23, 230, 213, 0, 0,0, 0
52, 33, 24, 230, 169, 23.1153, 37.8736,5, 3
52, 33, 25, 230, 211, 7.30535, 7.30535,1, 1
52, 33, 26, 230, 231, 13.5146, 13.5146,2, 2
52, 33, 27, 230, 180, 15.7235, 15.7235,2, 2
52, 33, 28, 230, 195, 47.3806, 57.5444,6, 5
52, 33, 29, 230, 231, 372.879, 399.305,39, 36
52, 33, 30, 230, 206, 31.9339, 39.1596,5, 4
52, 33, 31, 230, 178, 50.0513, 50.0513,6, 6
52, 33, 32, 230, 207, 0, 0,0, 0
52, 33, 34, 230, 165, 43.7813, 43.7813,5, 5
52, 33, 35, 230, 180, 63.6468, 93.3346,12, 8
52, 33, 36, 230, 217, 63.1964, 70.1022,8, 7
52, 33, 37, 230, 212, 0, 0,0, 0
52, 33, 38, 230, 234, 545.848, 963.57,110, 57
52, 33, 39, 230, 214, 247.442, 447.523,50, 25
52, 33, 40, 230, 193, 44.6236, 44.6236,5, 5
52, 33, 41, 230, 184, 82.4084, 93.247,10, 9
52, 33, 42, 230, 186, 151.663, 158.592,18, 17
52, 33, 43, 230, 197, 367.171, 729.512,81, 36
52, 33, 44, 230, 180, 0, 0,0, 0
52, 33, 45, 230, 227, 224.64, 409.338,49, 25
52, 33, 46, 230, 216, 18.126, 18.126,2, 2
52, 33, 47, 230, 210, 66.9209, 119.29,15, 8
52, 34, 1, 165, 141, 15.3129, 22.1367,3, 2
52, 34, 2, 165, 177, 60.5614, 60.5614,6, 6
52, 34, 3, 165, 133, 77.1374, 93.9297,9, 7
52, 34, 4, 165, 274, 15.8864, 15.8864,2, 2
52, 34, 5, 165, 243, 43.5241, 43.5241,5, 5
52, 34, 6, 165, 237, 53.2318, 68.4014,8, 6
52, 34, 7, 165, 172, 110.756, 110.756,12, 12
52, 34, 8, 165, 174, 80.9235, 80.9235,8, 8
52, 34, 9, 165, 229, 0, 0,0, 0
52, 34, 10, 165, 237, 43.0434, 67.2582,7, 4
52, 34, 11, 165, 228, 146.55, 146.55,16, 16
52, 34, 12, 165, 219, 162.076, 176.283,22, 20
52, 34, 13, 165, 216, 60.3441, 60.3441,7, 7
52, 34, 14, 165, 179, 55.5502, 55.5502,6, 6
52, 34, 15, 165, 166, 151.079, 185.02,19, 15
52, 34, 16, 165, 157, 49.5704, 75.1946,8, 5
52, 34, 17, 165, 156, 107.137, 131.538,15, 12
52, 34, 18, 165, 167, 84.7674, 95.2682,10, 9
52, 34, 19, 165, 198, 32.3288, 40.8112,5, 4
52, 34, 20, 165, 208, 145.422, 145.422,16, 16
52, 34, 21, 165, 136, 127.659, 138.166,14, 13
52, 34, 22, 165, 175, 155.751, 178.627,20, 17
52, 34, 23, 165, 213, 37.7599, 46.4193,5, 4
52, 34, 24, 165, 169, 42.0198, 63.8746,7, 4
52, 34, 25, 165, 211, 75.5371, 83.8685,9, 8
52, 34, 26, 165, 231, 52.1158, 61.9772,7, 6
52, 34, 27, 165, 180, 39.4567, 39.4567,4, 4
52, 34, 28, 165, 195, 43.6199, 58.0841,6, 4
52, 34, 29, 165, 231, 29.2963, 29.2963,4, 4
52, 34, 30, 165, 206, 44.9225, 44.9225,6, 6
52, 34, 31, 165, 178, 39.202, 39.202,5, 5
52, 34, 32, 165, 207, 63.6894, 90.9609,9, 6
52, 34, 33, 165, 230, 43.7815, 43.7815,5, 5
52, 34, 35, 165, 180, 128.207, 158.595,19, 15
52, 34, 36, 165, 217, 305.934, 344.273,40, 35
52, 34, 37, 165, 212, 42.6861, 50.3534,6, 5
52, 34, 38, 165, 234, 37.4112, 45.6102,4, 3
52, 34, 39, 165, 214, 115.563, 124.805,14, 13
52, 34, 40, 165, 193, 48.1531, 48.1531,5, 5
52, 34, 41, 165, 184, 73.576, 73.576,9, 9
52, 34, 42, 165, 186, 80.4684, 90.1982,10, 9
52, 34, 43, 165, 197, 42.7702, 42.7702,5, 5
52, 34, 44, 165, 180, 84.8391, 101.298,12, 10
52, 34, 45, 165, 227, 43.0154, 51.334,6, 5
52, 34, 46, 165, 216, 83.6271, 91.373,11, 10
52, 34, 47, 165, 210, 66.8034, 91.1439,10, 7
52, 35, 1, 180, 141, 6.80164, 6.80164,1, 1
52, 35, 2, 180, 177, 25.3622, 25.3622,2, 2
52, 35, 3, 180, 133, 28.2626, 28.2626,3, 3
52, 35, 4, 180, 274, 15.841, 15.841,2, 2
52, 35, 5, 180, 243, 6.69859, 6.69859,1, 1
52, 35, 6, 180, 237, 131.848, 163.781,17, 13
52, 35, 7, 180, 172, 51.8978, 51.8978,6, 6
52, 35, 8, 180, 174, 18.2393, 18.2393,2, 2
52, 35, 9, 180, 229, 171.486, 192.465,25, 22
52, 35, 10, 180, 237, 234.162, 265.976,28, 24
52, 35, 11, 180, 228, 156.865, 187.672,20, 16
52, 35, 12, 180, 219, 30.2463, 30.2463,4, 4
52, 35, 13, 180, 216, 0, 0,0, 0
52, 35, 14, 180, 179, 50.9744, 50.9744,5, 5
52, 35, 15, 180, 166, 43.5928, 50.4369,5, 4
52, 35, 16, 180, 157, 68.0659, 68.0659,6, 6
52, 35, 17, 180, 156, 53.3607, 62.798,5, 4
52, 35, 18, 180, 167, 36.1195, 36.1195,4, 4
52, 35, 19, 180, 198, 0, 0,0, 0
52, 35, 20, 180, 208, 40.9312, 40.9312,5, 5
52, 35, 21, 180, 136, 19.4217, 19.4217,1, 1
52, 35, 22, 180, 175, 42.9455, 42.9455,4, 4
52, 35, 23, 180, 213, 103.503, 110.229,9, 8
52, 35, 24, 180, 169, 87.9106, 103.79,12, 10
52, 35, 25, 180, 211, 91.2508, 98.4588,10, 9
52, 35, 26, 180, 231, 7.04554, 7.04554,1, 1
52, 35, 27, 180, 180, 10.5085, 10.5085,1, 1
52, 35, 28, 180, 195, 41.2312, 41.2312,2, 2
52, 35, 29, 180, 231, 0, 0,0, 0
52, 35, 30, 180, 206, 0, 0,0, 0
52, 35, 31, 180, 178, 0, 0,0, 0
52, 35, 32, 180, 207, 102.109, 102.109,11, 11
52, 35, 33, 180, 230, 72.2893, 93.3345,12, 9
52, 35, 34, 180, 165, 144.658, 158.594,19, 17
52, 35, 36, 180, 217, 67.2165, 96.8879,12, 8
52, 35, 37, 180, 212, 32.8271, 32.8271,3, 3
52, 35, 38, 180, 234, 198.722, 250.571,27, 20
52, 35, 39, 180, 214, 371.462, 434.922,46, 38
52, 35, 40, 180, 193, 0, 0,0, 0
52, 35, 41, 180, 184, 6.89707, 6.89707,1, 1
52, 35, 42, 180, 186, 16.283, 16.283,2, 2
52, 35, 43, 180, 197, 164.352, 186.197,21, 18
52, 35, 44, 180, 180, 14.1083, 14.1083,2, 2
52, 35, 45, 180, 227, 168.609, 209.51,23, 18
52, 35, 46, 180, 216, 34.5704, 34.5704,4, 4
52, 35, 47, 180, 210, 103.038, 120.21,13, 11
52, 36, 1, 217, 141, 6.74687, 6.74687,1, 1
52, 36, 2, 217, 177, 61.1585, 61.1585,7, 7
52, 36, 3, 217, 133, 24.1391, 24.1391,3, 3
52, 36, 4, 217, 274, 15.8445, 15.8445,2, 2
52, 36, 5, 217, 243, 88.2209, 97.2328,10, 9
52, 36, 6, 217, 237, 46.8858, 46.8858,4, 4
52, 36, 7, 217, 172, 75.6855, 75.6855,8, 8
52, 36, 8, 217, 174, 48.6155, 63.8597,7, 5
52, 36, 9, 217, 229, 14.1731, 14.1731,2, 2
52, 36, 10, 217, 237, 91.2977, 91.2977,9, 9
52, 36, 11, 217, 228, 214.182, 214.182,24, 24
52, 36, 12, 217, 219, 293.703, 347.442,33, 26
52, 36, 13, 217, 216, 123.609, 123.609,12, 12
52, 36, 14, 217, 179, 31.1587, 31.1587,3, 3
52, 36, 15, 217, 166, 71.1864, 77.8564,9, 8
52, 36, 16, 217, 157, 48.1464, 48.1464,5, 5
52, 36, 17, 217, 156, 52.3657, 52.3657,6, 6
52, 36, 18, 217, 167, 84.9719, 84.9719,9, 9
52, 36, 19, 217, 198, 38.206, 38.206,5, 5
52, 36, 20, 217, 208, 129.384, 136.166,14, 13
52, 36, 21, 217, 136, 72.2734, 82.7382,10, 9
52, 36, 22, 217, 175, 29.4134, 29.4134,3, 3
52, 36, 23, 217, 213, 23.9499, 23.9499,3, 3
52, 36, 24, 217, 169, 0, 0,0, 0
52, 36, 25, 217, 211, 74.201, 74.201,9, 9
52, 36, 26, 217, 231, 15.2946, 15.2946,2, 2
52, 36, 27, 217, 180, 35.8422, 35.8422,3, 3
52, 36, 28, 217, 195, 90.1252, 90.1252,9, 9
52, 36, 29, 217, 231, 32.9564, 32.9564,4, 4
52, 36, 30, 217, 206, 39.4965, 47.094,6, 5
52, 36, 31, 217, 178, 46.2967, 46.2967,5, 5
52, 36, 32, 217, 207, 26.9601, 26.9601,3, 3
52, 36, 33, 217, 230, 70.1021, 70.1021,8, 8
52, 36, 34, 217, 165, 335.057, 344.273,40, 39
52, 36, 35, 217, 180, 83.184, 96.8878,12, 10
52, 36, 37, 217, 212, 19.3774, 19.3774,2, 2
52, 36, 38, 217, 234, 29.2883, 29.2883,2, 2
52, 36, 39, 217, 214, 180.801, 203.987,22, 19
52, 36, 40, 217, 193, 36.1484, 43.6286,5, 4
52, 36, 41, 217, 184, 134.784, 150.382,17, 15
52, 36, 42, 217, 186, 115.141, 130.03,16, 14
52, 36, 43, 217, 197, 51.0389, 51.0389,6, 6
52, 36, 44, 217, 180, 71.0578, 71.0578,7, 7
52, 36, 45, 217, 227, 15.3735, 15.3735,2, 2
52, 36, 46, 217, 216, 76.6914, 83.3676,10, 9
52, 36, 47, 217, 210, 45.4959, 45.4959,4, 4
52, 37, 1, 212, 141, 15.7505, 15.7505,2, 2
52, 37, 2, 212, 177, 31.2419, 47.773,4, 2
52, 37, 3, 212, 133, 42.4214, 51.026,4, 3
52, 37, 4, 212, 274, 21.1767, 38.0755,4, 2
52, 37, 5, 212, 243, 25.6366, 25.6366,3, 3
52, 37, 6, 212, 237, 55.8235, 78.9792,10, 7
52, 37, 7, 212, 172, 277.615, 295.939,31, 29
52, 37, 8, 212, 174, 40.946, 48.8446,6, 5
52, 37, 9, 212, 229, 10.2886, 19.0565,2, 1
52, 37, 10, 212, 237, 58.1406, 65.3207,6, 5
52, 37, 11, 212, 228, 17.7366, 17.7366,2, 2
52, 37, 12, 212, 219, 29.1407, 35.8562,4, 3
52, 37, 13, 212, 216, 0, 0,0, 0
52, 37, 14, 212, 179, 455.096, 534.499,56, 47
52, 37, 15, 212, 166, 142.217, 142.217,15, 15
52, 37, 16, 212, 157, 126.928, 147.809,16, 13
52, 37, 17, 212, 156, 71.261, 87.7344,9, 7
52, 37, 18, 212, 167, 24.4443, 24.4443,3, 3
52, 37, 19, 212, 198, 7.75507, 7.75507,1, 1
52, 37, 20, 212, 208, 203.467, 237.688,25, 21
52, 37, 21, 212, 136, 25.3805, 25.3805,2, 2
52, 37, 22, 212, 175, 47.7637, 56.1647,6, 5
52, 37, 23, 212, 213, 121.36, 144.063,17, 14
52, 37, 24, 212, 169, 86.7999, 111.29,13, 10
52, 37, 25, 212, 211, 300.749, 300.749,30, 30
52, 37, 26, 212, 231, 17.648, 17.648,2, 2
52, 37, 27, 212, 180, 13.0403, 22.5862,2, 1
52, 37, 28, 212, 195, 29.8703, 45.6892,4, 2
52, 37, 29, 212, 231, 0, 0,0, 0
52, 37, 30, 212, 206, 9.71033, 9.71033,1, 1
52, 37, 31, 212, 178, 6.74341, 6.74341,1, 1
52, 37, 32, 212, 207, 5502.72, 5779.5,175, 146
52, 37, 33, 212, 230, 0, 0,0, 0
52, 37, 34, 212, 165, 50.3533, 50.3533,6, 6
52, 37, 35, 212, 180, 32.8269, 32.8269,3, 3
52, 37, 36, 212, 217, 11.5043, 19.3772,2, 1
52, 37, 38, 212, 234, 23.5165, 40.5876,4, 2
52, 37, 39, 212, 214, 18.4882, 26.1918,3, 2
52, 37, 40, 212, 193, 0, 0,0, 0
52, 37, 41, 212, 184, 0, 0,0, 0
52, 37, 42, 212, 186, 0, 0,0, 0
52, 37, 43, 212, 197, 14.048, 14.048,1, 1
52, 37, 44, 212, 180, 17.8736, 17.8736,2, 2
52, 37, 45, 212, 227, 24.285, 31.6937,4, 3
52, 37, 46, 212, 216, 31.1713, 45.988,6, 4
52, 37, 47, 212, 210, 43.9659, 59.3826,7, 5
52, 38, 1, 234, 141, 6.7112, 6.7112,1, 1
52, 38, 2, 234, 177, 47.2397, 71.0207,6, 4
52, 38, 3, 234, 133, 37.8708, 56.4949,6, 4
52, 38, 4, 234, 274, 17.1115, 32.88,4, 2
52, 38, 5, 234, 243, 18.0941, 25.8975,3, 2
52, 38, 6, 234, 237, 169.281, 353.478,42, 18
52, 38, 7, 234, 172, 12.3092, 20.3533,2, 1
52, 38, 8, 234, 174, 0, 0,0, 0
52, 38, 9, 234, 229, 367.814, 954.539,117, 42
52, 38, 10, 234, 237, 357.719, 821.47,91, 35
52, 38, 11, 234, 228, 178.824, 385.739,44, 19
52, 38, 12, 234, 219, 37.4495, 54.7006,5, 3
52, 38, 13, 234, 216, 10.5884, 10.5884,1, 1
52, 38, 14, 234, 179, 11.5357, 20.374,2, 1
52, 38, 15, 234, 166, 18.6251, 30.2411,2, 1
52, 38, 16, 234, 157, 24.059, 44.197,4, 2
52, 38, 17, 234, 156, 15.4808, 29.6253,2, 1
52, 38, 18, 234, 167, 10.3873, 18.2703,2, 1
52, 38, 19, 234, 198, 0, 0,0, 0
52, 38, 20, 234, 208, 13.4896, 25.0574,2, 1
52, 38, 21, 234, 136, 15.5415, 24.1242,2, 1
52, 38, 22, 234, 175, 17.819, 32.1268,2, 1
52, 38, 23, 234, 213, 13.7423, 24.4475,2, 1
52, 38, 24, 234, 169, 25.1841, 25.1841,3, 3
52, 38, 25, 234, 211, 15.0039, 24.5656,2, 1
52, 38, 26, 234, 231, 8.19889, 8.19889,1, 1
52, 38, 27, 234, 180, 49.6976, 61.749,5, 4
52, 38, 28, 234, 195, 43.2234, 72.0509,5, 3
52, 38, 29, 234, 231, 63.4228, 71.5817,9, 8
52, 38, 30, 234, 206, 17.3187, 24.9041,3, 2
52, 38, 31, 234, 178, 6.76684, 6.76684,1, 1
52, 38, 32, 234, 207, 36.4624, 61.4004,6, 3
52, 38, 33, 234, 230, 480.14, 963.571,110, 49
52, 38, 34, 234, 165, 35.5777, 45.6111,4, 3
52, 38, 35, 234, 180, 147.049, 250.571,27, 15
52, 38, 36, 234, 217, 19.0267, 29.2891,2, 1
52, 38, 37, 234, 212, 23.5165, 40.5877,4, 2
52, 38, 39, 234, 214, 345.911, 687.985,78, 35
52, 38, 40, 234, 193, 0, 0,0, 0
52, 38, 41, 234, 184, 14.6112, 14.6112,2, 2
52, 38, 42, 234, 186, 24.4635, 32.7777,4, 3
52, 38, 43, 234, 197, 318.349, 742.307,86, 34
52, 38, 44, 234, 180, 10.4177, 18.3389,2, 1
52, 38, 45, 234, 227, 222.355, 510.881,62, 25
52, 38, 46, 234, 216, 10.8657, 20.0932,2, 1
52, 38, 47, 234, 210, 75.2581, 145.093,18, 9
52, 39, 1, 214, 141, 24.6692, 24.6692,3, 3
52, 39, 2, 214, 177, 33.4431, 40.1564,4, 3
52, 39, 3, 214, 133, 26.2772, 26.2772,3, 3
52, 39, 4, 214, 274, 16.4186, 16.4186,2, 2
52, 39, 5, 214, 243, 36.1626, 36.1626,4, 4
52, 39, 6, 214, 237, 268.818, 489.276,52, 25
52, 39, 7, 214, 172, 7.97772, 7.97772,1, 1
52, 39, 8, 214, 174, 13.9284, 13.9284,2, 2
52, 39, 9, 214, 229, 439.607, 802.311,88, 44
52, 39, 10, 214, 237, 601.931, 981.072,110, 63
52, 39, 11, 214, 228, 303.663, 482.002,55, 32
52, 39, 12, 214, 219, 42.7609, 42.7609,5, 5
52, 39, 13, 214, 216, 0, 0,0, 0
52, 39, 14, 214, 179, 46.0078, 54.0981,6, 5
52, 39, 15, 214, 166, 12.0113, 12.0113,1, 1
52, 39, 16, 214, 157, 104.137, 117.655,15, 13
52, 39, 17, 214, 156, 38.6547, 38.6547,3, 3
52, 39, 18, 214, 167, 27.4606, 27.4606,4, 4
52, 39, 19, 214, 198, 6.957, 6.957,1, 1
52, 39, 20, 214, 208, 13.5476, 13.5476,1, 1
52, 39, 21, 214, 136, 11.3631, 11.3631,1, 1
52, 39, 22, 214, 175, 50.0066, 50.0066,4, 4
52, 39, 23, 214, 213, 63.0507, 76.736,8, 6
52, 39, 24, 214, 169, 75.1001, 82.626,9, 8
52, 39, 25, 214, 211, 54.8667, 61.9679,7, 6
52, 39, 26, 214, 231, 0, 0,0, 0
52, 39, 27, 214, 180, 35.8083, 35.8083,4, 4
52, 39, 28, 214, 195, 45.9429, 45.9429,2, 2
52, 39, 29, 214, 231, 14.4511, 14.4511,2, 2
52, 39, 30, 214, 206, 15.3472, 15.3472,2, 2
52, 39, 31, 214, 178, 14.134, 20.9874,3, 2
52, 39, 32, 214, 207, 44.8106, 44.8106,5, 5
52, 39, 33, 214, 230, 267.621, 447.523,50, 28
52, 39, 34, 214, 165, 116.84, 124.805,14, 13
52, 39, 35, 214, 180, 307.668, 434.922,46, 31
52, 39, 36, 214, 217, 196.22, 203.987,22, 21
52, 39, 37, 214, 212, 26.1918, 26.1918,3, 3
52, 39, 38, 214, 234, 405.685, 687.985,78, 42
52, 39, 40, 214, 193, 0, 0,0, 0
52, 39, 41, 214, 184, 6.80543, 6.80543,1, 1
52, 39, 42, 214, 186, 19.7876, 19.7876,2, 2
52, 39, 43, 214, 197, 283.9, 482.109,54, 29
52, 39, 44, 214, 180, 25.6792, 32.7608,4, 3
52, 39, 45, 214, 227, 305.198, 516.44,60, 33
52, 39, 46, 214, 216, 29.9106, 29.9106,3, 3
52, 39, 47, 214, 210, 126.627, 220.517,24, 13
52, 40, 1, 193, 141, 0, 0,0, 0
52, 40, 2, 193, 177, 7.39692, 14.6002,2, 1
52, 40, 3, 193, 133, 0, 0,0, 0
52, 40, 4, 193, 274, 13.7404, 13.7404,2, 2
52, 40, 5, 193, 243, 30.0101, 30.0101,4, 4
52, 40, 6, 193, 237, 15.2238, 15.2238,2, 2
52, 40, 7, 193, 172, 7.57929, 7.57929,1, 1
52, 40, 8, 193, 174, 55.6948, 63.6953,7, 6
52, 40, 9, 193, 229, 0, 0,0, 0
52, 40, 10, 193, 237, 0, 0,0, 0
52, 40, 11, 193, 228, 14.8118, 14.8118,2, 2
52, 40, 12, 193, 219, 59.3728, 59.3728,7, 7
52, 40, 13, 193, 216, 77.5717, 93.4195,11, 9
52, 40, 14, 193, 179, 0, 0,0, 0
52, 40, 15, 193, 166, 17.6217, 17.6217,2, 2
52, 40, 16, 193, 157, 0, 0,0, 0
52, 40, 17, 193, 156, 8.31112, 15.7469,2, 1
52, 40, 18, 193, 167, 15.0566, 15.0566,2, 2
52, 40, 19, 193, 198, 76.5244, 83.2311,9, 8
52, 40, 20, 193, 208, 22.0104, 22.0104,3, 3
52, 40, 21, 193, 136, 32.8255, 32.8255,3, 3
52, 40, 22, 193, 175, 28.3039, 28.3039,4, 4
52, 40, 23, 193, 213, 0, 0,0, 0
52, 40, 24, 193, 169, 0, 0,0, 0
52, 40, 25, 193, 211, 7.61333, 15.0074,2, 1
52, 40, 26, 193, 231, 22.4164, 22.4164,3, 3
52, 40, 27, 193, 180, 7.60383, 7.60383,1, 1
52, 40, 28, 193, 195, 7.58109, 7.58109,1, 1
52, 40, 29, 193, 231, 129.729, 136.428,15, 14
52, 40, 30, 193, 206, 81.3091, 89.4119,10, 9
52, 40, 31, 193, 178, 14.2357, 21.2594,3, 2
52, 40, 32, 193, 207, 0, 0,0, 0
52, 40, 33, 193, 230, 44.6239, 44.6239,5, 5
52, 40, 34, 193, 165, 36.0534, 48.1532,5, 4
52, 40, 35, 193, 180, 0, 0,0, 0
52, 40, 36, 193, 217, 34.9757, 43.6285,5, 4
52, 40, 37, 193, 212, 0, 0,0, 0
52, 40, 38, 193, 234, 0, 0,0, 0
52, 40, 39, 193, 214, 0, 0,0, 0
52, 40, 41, 193, 184, 555.236, 638.76,62, 52
52, 40, 42, 193, 186, 327.593, 345.096,36, 34
52, 40, 43, 193, 197, 98.7892, 98.7892,12, 12
52, 40, 44, 193, 180, 34.8871, 34.8871,4, 4
52, 40, 45, 193, 227, 0, 0,0, 0
52, 40, 46, 193, 216, 22.4122, 22.4122,2, 2
52, 40, 47, 193, 210, 25.6175, 25.6175,3, 3
52, 41, 1, 184, 141, 0, 0,0, 0
52, 41, 2, 184, 177, 42.514, 42.514,5, 5
52, 41, 3, 184, 133, 0, 0,0, 0
52, 41, 4, 184, 274, 6.68091, 6.68091,1, 1
52, 41, 5, 184, 243, 48.4031, 48.4031,6, 6
52, 41, 6, 184, 237, 44.1331, 44.1331,6, 6
52, 41, 7, 184, 172, 16.1697, 16.1697,2, 2
52, 41, 8, 184, 174, 47.7508, 58.2135,6, 5
52, 41, 9, 184, 229, 0, 0,0, 0
52, 41, 10, 184, 237, 0, 0,0, 0
52, 41, 11, 184, 228, 50.7018, 50.7018,6, 6
52, 41, 12, 184, 219, 125.663, 125.663,14, 14
52, 41, 13, 184, 216, 63.0425, 70.585,7, 6
52, 41, 14, 184, 179, 17.8181, 17.8181,2, 2
52, 41, 15, 184, 166, 35.3824, 35.3824,4, 4
52, 41, 16, 184, 157, 0, 0,0, 0
52, 41, 17, 184, 156, 27.8026, 27.8026,3, 3
52, 41, 18, 184, 167, 50.662, 50.662,6, 6
52, 41, 19, 184, 198, 64.5962, 64.5962,7, 7
52, 41, 20, 184, 208, 61.9936, 61.9936,7, 7
52, 41, 21, 184, 136, 55.0302, 55.0302,6, 6
52, 41, 22, 184, 175, 30.8921, 30.8921,4, 4
52, 41, 23, 184, 213, 8.36479, 8.36479,1, 1
52, 41, 24, 184, 169, 0, 0,0, 0
52, 41, 25, 184, 211, 18.6645, 18.6645,2, 2
52, 41, 26, 184, 231, 23.0678, 23.0678,3, 3
52, 41, 27, 184, 180, 40.7598, 40.7598,5, 5
52, 41, 28, 184, 195, 34.2313, 34.2313,4, 4
52, 41, 29, 184, 231, 170.833, 184.861,21, 19
52, 41, 30, 184, 206, 58.851, 58.851,7, 7
52, 41, 31, 184, 178, 25.6805, 25.6805,3, 3
52, 41, 32, 184, 207, 0, 0,0, 0
52, 41, 33, 184, 230, 86.3834, 93.2472,10, 9
52, 41, 34, 184, 165, 73.5764, 73.5764,9, 9
52, 41, 35, 184, 180, 6.89708, 6.89708,1, 1
52, 41, 36, 184, 217, 143.305, 150.381,17, 16
52, 41, 37, 184, 212, 0, 0,0, 0
52, 41, 38, 184, 234, 14.6111, 14.6111,2, 2
52, 41, 39, 184, 214, 6.80546, 6.80546,1, 1
52, 41, 40, 184, 193, 565.325, 638.763,62, 54
52, 41, 42, 184, 186, 429.519, 444.253,42, 40
52, 41, 43, 184, 197, 190.86, 199.739,21, 20
52, 41, 44, 184, 180, 26.8941, 26.8941,2, 2
52, 41, 45, 184, 227, 0, 0,0, 0
52, 41, 46, 184, 216, 7.45771, 7.45771,1, 1
52, 41, 47, 184, 210, 0, 0,0, 0
52, 42, 1, 186, 141, 6.7623, 6.7623,1, 1
52, 42, 2, 186, 177, 37.9334, 37.9334,5, 5
52, 42, 3, 186, 133, 12.2949, 12.2949,1, 1
52, 42, 4, 186, 274, 7.75463, 7.75463,1, 1
52, 42, 5, 186, 243, 8.64674, 8.64674,1, 1
52, 42, 6, 186, 237, 32.034, 32.034,4, 4
52, 42, 7, 186, 172, 28.3447, 28.3447,3, 3
52, 42, 8, 186, 174, 65.3744, 72.7955,9, 8
52, 42, 9, 186, 229, 21.8654, 21.8654,3, 3
52, 42, 10, 186, 237, 36.5707, 36.5707,5, 5
52, 42, 11, 186, 228, 98.2034, 98.2034,11, 11
52, 42, 12, 186, 219, 143.341, 165.104,19, 16
52, 42, 13, 186, 216, 90.7289, 97.84,12, 11
52, 42, 14, 186, 179, 7.68105, 7.68105,1, 1
52, 42, 15, 186, 166, 59.7038, 59.7038,7, 7
52, 42, 16, 186, 157, 0, 0,0, 0
52, 42, 17, 186, 156, 24.5642, 24.5642,3, 3
52, 42, 18, 186, 167, 128.593, 135.711,13, 12
52, 42, 19, 186, 198, 78.3881, 85.135,10, 9
52, 42, 20, 186, 208, 74.2245, 81.2507,10, 9
52, 42, 21, 186, 136, 64.3609, 64.3609,8, 8
52, 42, 22, 186, 175, 64.9449, 64.9449,7, 7
52, 42, 23, 186, 213, 15.2153, 22.3842,3, 2
52, 42, 24, 186, 169, 16.6956, 16.6956,2, 2
52, 42, 25, 186, 211, 48.0443, 48.0443,6, 6
52, 42, 26, 186, 231, 24.6273, 24.6273,3, 3
52, 42, 27, 186, 180, 7.11166, 7.11166,1, 1
52, 42, 28, 186, 195, 39.4116, 46.5057,6, 5
52, 42, 29, 186, 231, 158.056, 180.943,19, 16
52, 42, 30, 186, 206, 52.1377, 52.1377,7, 7
52, 42, 31, 186, 178, 52.7828, 60.7497,6, 5
52, 42, 32, 186, 207, 21.8057, 21.8057,3, 3
52, 42, 33, 186, 230, 151.09, 158.592,18, 17
52, 42, 34, 186, 165, 90.1975, 90.1975,10, 10
52, 42, 35, 186, 180, 16.283, 16.283,2, 2
52, 42, 36, 186, 217, 122.979, 130.03,16, 15
52, 42, 37, 186, 212, 0, 0,0, 0
52, 42, 38, 186, 234, 32.7777, 32.7777,4, 4
52, 42, 39, 186, 214, 19.7876, 19.7876,2, 2
52, 42, 40, 186, 193, 321.258, 345.097,36, 33
52, 42, 41, 186, 184, 412.16, 444.251,42, 38
52, 42, 43, 186, 197, 364.077, 371.195,40, 39
52, 42, 44, 186, 180, 35.4811, 35.4811,4, 4
52, 42, 45, 186, 227, 0, 0,0, 0
52, 42, 46, 186, 216, 66.096, 66.096,7, 7
52, 42, 47, 186, 210, 65.6941, 65.6941,7, 7
52, 43, 1, 197, 141, 0, 0,0, 0
52, 43, 2, 197, 177, 41.0864, 55.6229,7, 5
52, 43, 3, 197, 133, 9.30059, 9.30059,1, 1
52, 43, 4, 197, 274, 6.80661, 6.80661,1, 1
52, 43, 5, 197, 243, 51.1848, 51.1848,6, 6
52, 43, 6, 197, 237, 158.507, 262.366,31, 18
52, 43, 7, 197, 172, 91.663, 91.663,9, 9
52, 43, 8, 197, 174, 36.4216, 43.6306,5, 4
52, 43, 9, 197, 229, 228.15, 510.429,59, 24
52, 43, 10, 197, 237, 278.063, 490.477,58, 31
52, 43, 11, 197, 228, 192.96, 353.895,41, 20
52, 43, 12, 197, 219, 70.7345, 70.7345,7, 7
52, 43, 13, 197, 216, 28.4653, 28.4653,4, 4
52, 43, 14, 197, 179, 25.3291, 25.3291,3, 3
52, 43, 15, 197, 166, 14.2209, 14.2209,2, 2
52, 43, 16, 197, 157, 7.87761, 7.87761,1, 1
52, 43, 17, 197, 156, 36.3903, 36.3903,5, 5
52, 43, 18, 197, 167, 23.2117, 30.6688,4, 3
52, 43, 19, 197, 198, 21.6457, 28.5215,3, 2
52, 43, 20, 197, 208, 16.5377, 16.5377,2, 2
52, 43, 21, 197, 136, 25.3014, 25.3014,3, 3
52, 43, 22, 197, 175, 42.995, 49.884,6, 5
52, 43, 23, 197, 213, 0, 0,0, 0
52, 43, 24, 197, 169, 29.2988, 36.4086,5, 4
52, 43, 25, 197, 211, 26.1092, 26.1092,3, 3
52, 43, 26, 197, 231, 10.7875, 10.7875,1, 1
52, 43, 27, 197, 180, 44.5088, 51.6851,6, 5
52, 43, 28, 197, 195, 62.787, 76.8938,10, 8
52, 43, 29, 197, 231, 69.2775, 84.6736,10, 8
52, 43, 30, 197, 206, 35.3258, 49.1461,6, 4
52, 43, 31, 197, 178, 41.1656, 55.8564,7, 5
52, 43, 32, 197, 207, 12.2985, 12.2985,1, 1
52, 43, 33, 197, 230, 360, 729.511,81, 36
52, 43, 34, 197, 165, 34.9094, 42.7702,5, 4
52, 43, 35, 197, 180, 102.345, 186.197,21, 11
52, 43, 36, 197, 217, 43.656, 51.039,6, 5
52, 43, 37, 197, 212, 14.0482, 14.0482,1, 1
52, 43, 38, 197, 234, 436.145, 742.309,86, 47
52, 43, 39, 197, 214, 292.777, 482.11,54, 30
52, 43, 40, 197, 193, 92.1056, 98.7892,12, 11
52, 43, 41, 197, 184, 166.291, 199.739,21, 17
52, 43, 42, 197, 186, 299.386, 371.194,40, 32
52, 43, 44, 197, 180, 33.7461, 33.7461,4, 4
52, 43, 45, 197, 227, 134.631, 292.929,36, 15
52, 43, 46, 197, 216, 44.5289, 44.5289,5, 5
52, 43, 47, 197, 210, 96.9332, 183.898,20, 10
52, 44, 1, 180, 141, 14.54, 14.54,2, 2
52, 44, 2, 180, 177, 33.9965, 33.9965,4, 4
52, 44, 3, 180, 133, 24.9488, 24.9488,3, 3
52, 44, 4, 180, 274, 14.8519, 14.8519,2, 2
52, 44, 5, 180, 243, 192.927, 209.943,19, 17
52, 44, 6, 180, 237, 170.534, 179.031,19, 18
52, 44, 7, 180, 172, 24.2243, 24.2243,2, 2
52, 44, 8, 180, 174, 16.7232, 16.7232,2, 2
52, 44, 9, 180, 229, 0, 0,0, 0
52, 44, 10, 180, 237, 15.2071, 15.2071,2, 2
52, 44, 11, 180, 228, 14.1089, 21.0769,3, 2
52, 44, 12, 180, 219, 66.504, 66.504,5, 5
52, 44, 13, 180, 216, 60.0434, 60.0434,4, 4
52, 44, 14, 180, 179, 40.6469, 40.6469,5, 5
52, 44, 15, 180, 166, 22.7866, 22.7866,3, 3
52, 44, 16, 180, 157, 14.2463, 14.2463,2, 2
52, 44, 17, 180, 156, 34.9847, 34.9847,4, 4
52, 44, 18, 180, 167, 41.6879, 41.6879,5, 5
52, 44, 19, 180, 198, 31.0276, 31.0276,3, 3
52, 44, 20, 180, 208, 28.1366, 28.1366,3, 3
52, 44, 21, 180, 136, 114.354, 121.428,13, 12
52, 44, 22, 180, 175, 95.5365, 95.5365,11, 11
52, 44, 23, 180, 213, 31.2117, 31.2117,4, 4
52, 44, 24, 180, 169, 31.8329, 31.8329,4, 4
52, 44, 25, 180, 211, 42.2041, 42.2041,5, 5
52, 44, 26, 180, 231, 46.9706, 46.9706,5, 5
52, 44, 27, 180, 180, 20.652, 20.652,2, 2
52, 44, 28, 180, 195, 43.3281, 43.3281,5, 5
52, 44, 29, 180, 231, 23.9197, 23.9197,3, 3
52, 44, 30, 180, 206, 47.3937, 47.3937,5, 5
52, 44, 31, 180, 178, 12.455, 12.455,1, 1
52, 44, 32, 180, 207, 18.605, 18.605,2, 2
52, 44, 33, 180, 230, 0, 0,0, 0
52, 44, 34, 180, 165, 101.297, 101.297,12, 12
52, 44, 35, 180, 180, 14.1083, 14.1083,2, 2
52, 44, 36, 180, 217, 71.0563, 71.0563,7, 7
52, 44, 37, 180, 212, 17.8735, 17.8735,2, 2
52, 44, 38, 180, 234, 18.3389, 18.3389,2, 2
52, 44, 39, 180, 214, 32.7608, 32.7608,4, 4
52, 44, 40, 180, 193, 34.887, 34.887,4, 4
52, 44, 41, 180, 184, 26.8938, 26.8938,2, 2
52, 44, 42, 180, 186, 35.4811, 35.4811,4, 4
52, 44, 43, 180, 197, 33.746, 33.746,4, 4
52, 44, 45, 180, 227, 162.105, 162.105,19, 19
52, 44, 46, 180, 216, 452.686, 460.167,45, 44
52, 44, 47, 180, 210, 102.945, 102.945,10, 10
52, 45, 1, 227, 141, 6.88799, 6.88799,1, 1
52, 45, 2, 227, 177, 0, 0,0, 0
52, 45, 3, 227, 133, 6.74786, 6.74786,1, 1
52, 45, 4, 227, 274, 0, 0,0, 0
52, 45, 5, 227, 243, 30.7436, 30.7436,4, 4
52, 45, 6, 227, 237, 369.816, 605.924,64, 36
52, 45, 7, 227, 172, 0, 0,0, 0
52, 45, 8, 227, 174, 14.3384, 21.8063,3, 2
52, 45, 9, 227, 229, 340.266, 545.633,65, 38
52, 45, 10, 227, 237, 236.435, 379.496,41, 24
52, 45, 11, 227, 228, 149.499, 225.197,28, 18
52, 45, 12, 227, 219, 0, 0,0, 0
52, 45, 13, 227, 216, 0, 0,0, 0
52, 45, 14, 227, 179, 38.1132, 45.0224,6, 5
52, 45, 15, 227, 166, 0, 0,0, 0
52, 45, 16, 227, 157, 36.3649, 36.3649,5, 5
52, 45, 17, 227, 156, 22.3989, 22.3989,3, 3
52, 45, 18, 227, 167, 0, 0,0, 0
52, 45, 19, 227, 198, 0, 0,0, 0
52, 45, 20, 227, 208, 8.74436, 8.74436,1, 1
52, 45, 21, 227, 136, 0, 0,0, 0
52, 45, 22, 227, 175, 34.3649, 56.0963,7, 4
52, 45, 23, 227, 213, 45.9979, 45.9979,6, 6
52, 45, 24, 227, 169, 42.0413, 60.102,7, 5
52, 45, 25, 227, 211, 7.69892, 7.69892,1, 1
52, 45, 26, 227, 231, 0, 0,0, 0
52, 45, 27, 227, 180, 0, 0,0, 0
52, 45, 28, 227, 195, 0, 0,0, 0
52, 45, 29, 227, 231, 13.8184, 13.8184,2, 2
52, 45, 30, 227, 206, 0, 0,0, 0
52, 45, 31, 227, 178, 0, 0,0, 0
52, 45, 32, 227, 207, 64.8897, 79.3411,10, 8
52, 45, 33, 227, 230, 227.914, 409.339,49, 26
52, 45, 34, 227, 165, 44.1801, 51.334,6, 5
52, 45, 35, 227, 180, 153.556, 209.51,23, 16
52, 45, 36, 227, 217, 15.3736, 15.3736,2, 2
52, 45, 37, 227, 212, 24.2306, 31.6937,4, 3
52, 45, 38, 227, 234, 298.327, 510.882,62, 35
52, 45, 39, 227, 214, 323.529, 516.441,60, 35
52, 45, 40, 227, 193, 0, 0,0, 0
52, 45, 41, 227, 184, 0, 0,0, 0
52, 45, 42, 227, 186, 0, 0,0, 0
52, 45, 43, 227, 197, 127.77, 292.929,36, 14
52, 45, 44, 227, 180, 151.577, 162.106,19, 18
52, 45, 46, 227, 216, 295.547, 338.595,36, 31
52, 45, 47, 227, 210, 163.791, 264.834,29, 17
52, 46, 1, 216, 141, 0, 0,0, 0
52, 46, 2, 216, 177, 19.6355, 19.6355,2, 2
52, 46, 3, 216, 133, 15.3314, 15.3314,2, 2
52, 46, 4, 216, 274, 15.8521, 15.8521,2, 2
52, 46, 5, 216, 243, 129.332, 161.316,18, 14
52, 46, 6, 216, 237, 286.034, 301.029,34, 32
52, 46, 7, 216, 172, 67.3697, 76.5398,9, 8
52, 46, 8, 216, 174, 20.7514, 20.7514,3, 3
52, 46, 9, 216, 229, 8.08201, 8.08201,1, 1
52, 46, 10, 216, 237, 18.8268, 18.8268,2, 2
52, 46, 11, 216, 228, 74.0575, 74.0575,8, 8
52, 46, 12, 216, 219, 67.3537, 94.0341,10, 7
52, 46, 13, 216, 216, 8.1243, 8.1243,1, 1
52, 46, 14, 216, 179, 45.9733, 45.9733,5, 5
52, 46, 15, 216, 166, 39.5179, 47.2212,5, 4
52, 46, 16, 216, 157, 53.1092, 53.1092,6, 6
52, 46, 17, 216, 156, 26.2234, 26.2234,3, 3
52, 46, 18, 216, 167, 43.1575, 43.1575,5, 5
52, 46, 19, 216, 198, 9.26908, 9.26908,1, 1
52, 46, 20, 216, 208, 52.8935, 52.8935,6, 6
52, 46, 21, 216, 136, 93.6262, 100.314,10, 9
52, 46, 22, 216, 175, 135.153, 150.08,17, 15
52, 46, 23, 216, 213, 38.3068, 38.3068,5, 5
52, 46, 24, 216, 169, 6.86006, 6.86006,1, 1
52, 46, 25, 216, 211, 45.7852, 45.7852,6, 6
52, 46, 26, 216, 231, 50.4685, 65.4402,8, 6
52, 46, 27, 216, 180, 20.4754, 27.2026,3, 2
52, 46, 28, 216, 195, 43.1685, 43.1685,4, 4
52, 46, 29, 216, 231, 7.01358, 7.01358,1, 1
52, 46, 30, 216, 206, 29.7089, 37.3332,5, 4
52, 46, 31, 216, 178, 22.6975, 22.6975,3, 3
52, 46, 32, 216, 207, 60.592, 67.5004,9, 8
52, 46, 33, 216, 230, 18.126, 18.126,2, 2
52, 46, 34, 216, 165, 91.3724, 91.3724,11, 11
52, 46, 35, 216, 180, 34.5704, 34.5704,4, 4
52, 46, 36, 216, 217, 75.4184, 83.3674,10, 9
52, 46, 37, 216, 212, 38.3, 45.988,6, 5
52, 46, 38, 216, 234, 20.0933, 20.0933,2, 2
52, 46, 39, 216, 214, 29.9107, 29.9107,3, 3
52, 46, 40, 216, 193, 22.4121, 22.4121,2, 2
52, 46, 41, 216, 184, 7.45768, 7.45768,1, 1
52, 46, 42, 216, 186, 59.3122, 66.0958,7, 6
52, 46, 43, 216, 197, 35.5574, 44.5292,5, 4
52, 46, 44, 216, 180, 423.054, 460.166,45, 41
52, 46, 45, 216, 227, 323.447, 338.595,36, 34
52, 46, 47, 216, 210, 173.538, 181.844,18, 17
52, 47, 1, 210, 141, 0, 0,0, 0
52, 47, 2, 210, 177, 24.8966, 40.2778,4, 2
52, 47, 3, 210, 133, 17.6995, 25.1266,3, 2
52, 47, 4, 210, 274, 17.7026, 24.5276,3, 2
52, 47, 5, 210, 243, 25.761, 34.7835,4, 3
52, 47, 6, 210, 237, 233.194, 300.963,32, 25
52, 47, 7, 210, 172, 26.2557, 33.9972,4, 3
52, 47, 8, 210, 174, 29.6209, 29.6209,4, 4
52, 47, 9, 210, 229, 98.9064, 112.986,13, 11
52, 47, 10, 210, 237, 162.217, 184.307,21, 18
52, 47, 11, 210, 228, 104.058, 126.699,16, 13
52, 47, 12, 210, 219, 43.4764, 61.2075,6, 4
52, 47, 13, 210, 216, 0, 0,0, 0
52, 47, 14, 210, 179, 70.3925, 92.8505,10, 8
52, 47, 15, 210, 166, 35.2378, 41.9365,5, 4
52, 47, 16, 210, 157, 58.1337, 86.5373,10, 6
52, 47, 17, 210, 156, 30.0222, 45.5296,5, 3
52, 47, 18, 210, 167, 15.8209, 23.3252,3, 2
52, 47, 19, 210, 198, 19.8586, 19.8586,2, 2
52, 47, 20, 210, 208, 13.772, 24.8716,2, 1
52, 47, 21, 210, 136, 53.5882, 53.5882,5, 5
52, 47, 22, 210, 175, 161.819, 230.479,23, 15
52, 47, 23, 210, 213, 140.949, 179.407,20, 15
52, 47, 24, 210, 169, 98.432, 123.733,15, 12
52, 47, 25, 210, 211, 22.0414, 29.4098,3, 2
52, 47, 26, 210, 231, 26.6948, 33.3816,4, 3
52, 47, 27, 210, 180, 11.3529, 22.0676,2, 1
52, 47, 28, 210, 195, 51.0858, 69.9202,6, 4
52, 47, 29, 210, 231, 0, 0,0, 0
52, 47, 30, 210, 206, 16.2196, 23.1795,3, 2
52, 47, 31, 210, 178, 21.8988, 21.8988,3, 3
52, 47, 32, 210, 207, 84.1843, 107.402,13, 10
52, 47, 33, 210, 230, 104.801, 119.29,15, 13
52, 47, 34, 210, 165, 63.8885, 91.1445,10, 7
52, 47, 35, 210, 180, 102.98, 120.21,13, 11
52, 47, 36, 210, 217, 33.0825, 45.4959,4, 3
52, 47, 37, 210, 212, 44.0341, 59.3826,7, 5
52, 47, 38, 210, 234, 121.537, 145.094,18, 15
52, 47, 39, 210, 214, 186.187, 220.517,24, 20
52, 47, 40, 210, 193, 25.6177, 25.6177,3, 3
52, 47, 41, 210, 184, 0, 0,0, 0
52, 47, 42, 210, 186, 47.2382, 65.6941,7, 5
52, 47, 43, 210, 197, 130.182, 183.898,20, 14
52, 47, 44, 210, 180, 69.2701, 102.945,10, 7
52, 47, 45, 210, 227, 193.148, 264.836,29, 21
52, 47, 46, 210, 216, 142.167, 181.844,18, 14
