34, 1, 2, 285, 316, 286.015, 292.693,34, 33
34, 1, 3, 285, 242, 612.091, 640.038,66, 63
34, 1, 4, 285, 442, 19.0806, 37.3656,4, 2
34, 1, 5, 285, 477, 0, 0,0, 0
34, 1, 6, 285, 438, 22.0588, 22.0588,3, 3
34, 1, 7, 285, 371, 6.96347, 6.96347,1, 1
34, 1, 8, 285, 323, 0, 0,0, 0
34, 1, 9, 285, 375, 15.2256, 15.2256,2, 2
34, 1, 10, 285, 396, 13.5891, 13.5891,2, 2
34, 1, 11, 285, 425, 44.2724, 44.2724,6, 6
34, 1, 12, 285, 419, 31.6956, 31.6956,4, 4
34, 1, 13, 285, 461, 15.8842, 15.8842,2, 2
34, 1, 14, 285, 379, 70.7652, 87.4792,9, 7
34, 1, 15, 285, 317, 7.26502, 7.26502,1, 1
34, 1, 16, 285, 339, 75.0171, 75.0171,9, 9
34, 1, 17, 285, 337, 70.7854, 84.6717,10, 8
34, 1, 18, 285, 306, 40.2788, 40.2788,5, 5
34, 1, 19, 285, 363, 0, 0,0, 0
34, 1, 20, 285, 414, 0, 0,0, 0
34, 1, 21, 285, 309, 6.89006, 6.89006,1, 1
34, 1, 22, 285, 335, 8.99345, 16.3531,2, 1
34, 1, 23, 285, 440, 34.9004, 42.5581,5, 4
34, 1, 24, 285, 395, 51.5818, 59.1554,8, 7
34, 1, 25, 285, 424, 63.9585, 79.139,10, 8
34, 1, 26, 285, 453, 7.51984, 7.51984,1, 1
34, 1, 27, 285, 342, 87.3204, 125.342,16, 11
34, 1, 28, 285, 379, 66.8057, 66.8057,8, 8
34, 1, 29, 285, 461, 0, 0,0, 0
34, 1, 30, 285, 396, 23.4953, 23.4953,3, 3
34, 1, 31, 285, 340, 76.7456, 123.878,16, 10
34, 1, 32, 285, 447, 61.2347, 61.2347,8, 8
34, 1, 33, 285, 432, 0, 0,0, 0
34, 1, 34, 285, 332, 22.1368, 22.1368,3, 3
34, 1, 35, 285, 353, 25.9992, 32.8268,4, 3
34, 1, 36, 285, 386, 13.644, 13.644,2, 2
34, 1, 37, 285, 478, 61.3369, 80.1617,9, 7
34, 1, 38, 285, 424, 21.218, 21.218,3, 3
34, 1, 39, 285, 379, 31.3953, 31.3953,4, 4
34, 1, 40, 285, 391, 7.54859, 7.54859,1, 1
34, 1, 41, 285, 360, 0, 0,0, 0
34, 1, 42, 285, 375, 6.76236, 6.76236,1, 1
34, 1, 43, 285, 391, 7.35301, 7.35301,1, 1
34, 1, 44, 285, 375, 30.5137, 30.5137,4, 4
34, 1, 45, 285, 410, 6.88802, 6.88802,1, 1
34, 1, 46, 285, 410, 7.44291, 7.44291,1, 1
34, 1, 47, 285, 398, 19.4607, 27.4597,3, 2
34, 2, 1, 316, 285, 285.828, 292.693,34, 33
34, 2, 3, 316, 242, 591.162, 671.59,70, 61
34, 2, 4, 316, 442, 41.4236, 64.4604,6, 4
34, 2, 5, 316, 477, 43.2279, 50.4564,6, 5
34, 2, 6, 316, 438, 27.9714, 51.1034,6, 3
34, 2, 7, 316, 371, 101.285, 137.389,17, 12
34, 2, 8, 316, 323, 67.3173, 89.1551,10, 7
34, 2, 9, 316, 375, 0, 0,0, 0
34, 2, 10, 316, 396, 26.0508, 48.148,4, 2
34, 2, 11, 316, 425, 46.6795, 68.7562,8, 5
34, 2, 12, 316, 419, 66.3317, 104.396,12, 7
34, 2, 13, 316, 461, 27.0344, 27.0344,3, 3
34, 2, 14, 316, 379, 59.4575, 67.6013,7, 6
34, 2, 15, 316, 317, 63.9335, 85.5861,8, 6
34, 2, 16, 316, 339, 50.2437, 75.7383,8, 5
34, 2, 17, 316, 337, 98.3326, 128.475,11, 8
34, 2, 18, 316, 306, 88.7989, 105.03,10, 8
34, 2, 19, 316, 363, 69.8004, 79.9587,9, 8
34, 2, 20, 316, 414, 85.0457, 106.054,10, 8
34, 2, 21, 316, 309, 66.5957, 95.4005,10, 7
34, 2, 22, 316, 335, 127.229, 166.269,16, 12
34, 2, 23, 316, 440, 34.353, 43.9549,5, 4
34, 2, 24, 316, 395, 7.33759, 7.33759,1, 1
34, 2, 25, 316, 424, 136.935, 177.794,18, 13
34, 2, 26, 316, 453, 21.7209, 21.7209,3, 3
34, 2, 27, 316, 342, 195.766, 240.294,27, 22
34, 2, 28, 316, 379, 316.566, 410.798,42, 31
34, 2, 29, 316, 461, 64.8538, 81.2537,10, 8
34, 2, 30, 316, 396, 169.314, 190.796,23, 20
34, 2, 31, 316, 340, 269.873, 315.474,36, 30
34, 2, 32, 316, 447, 52.8923, 92.2463,9, 5
34, 2, 33, 316, 432, 59.0674, 74.5172,9, 7
34, 2, 34, 316, 332, 73.4908, 91.6257,10, 8
34, 2, 35, 316, 353, 37.3518, 47.412,5, 4
34, 2, 36, 316, 386, 106.778, 123.739,13, 11
34, 2, 37, 316, 478, 34.6931, 56.2398,5, 3
34, 2, 38, 316, 424, 45.5108, 71.0209,6, 4
34, 2, 39, 316, 379, 48.5938, 57.7239,6, 5
34, 2, 40, 316, 391, 14.6003, 14.6003,2, 2
34, 2, 41, 316, 360, 70.6051, 92.4429,11, 8
34, 2, 42, 316, 375, 85.3307, 93.1045,11, 10
34, 2, 43, 316, 391, 57.1143, 70.7582,9, 7
34, 2, 44, 316, 375, 52.7004, 67.7927,8, 6
34, 2, 45, 316, 410, 0, 0,0, 0
34, 2, 46, 316, 410, 17.8917, 26.3216,3, 2
34, 2, 47, 316, 398, 61.474, 85.8162,9, 6
34, 3, 1, 242, 285, 552.182, 640.039,66, 56
34, 3, 2, 242, 316, 577.471, 671.59,70, 59
34, 3, 4, 242, 442, 27.4071, 45.3514,4, 2
34, 3, 5, 242, 477, 7.44981, 7.44981,1, 1
34, 3, 6, 242, 438, 14.4179, 14.4179,2, 2
34, 3, 7, 242, 371, 31.3514, 31.3514,4, 4
34, 3, 8, 242, 323, 31.0798, 44.6539,6, 4
34, 3, 9, 242, 375, 17.6699, 17.6699,2, 2
34, 3, 10, 242, 396, 36.7648, 67.1938,8, 4
34, 3, 11, 242, 425, 22.8264, 22.8264,3, 3
34, 3, 12, 242, 419, 35.5347, 35.5347,4, 4
34, 3, 13, 242, 461, 0, 0,0, 0
34, 3, 14, 242, 379, 24.4962, 32.5135,4, 3
34, 3, 15, 242, 317, 31.2434, 47.6162,5, 3
34, 3, 16, 242, 339, 68.7588, 93.0917,10, 7
34, 3, 17, 242, 337, 78.6347, 101.778,12, 9
34, 3, 18, 242, 306, 56.0756, 79.6387,9, 6
34, 3, 19, 242, 363, 0, 0,0, 0
34, 3, 20, 242, 414, 12.9765, 21.9833,2, 1
34, 3, 21, 242, 309, 12.9609, 28.8282,3, 1
34, 3, 22, 242, 335, 12.3446, 22.4011,2, 1
34, 3, 23, 242, 440, 14.5424, 30.7094,3, 1
34, 3, 24, 242, 395, 38.6976, 38.6976,3, 3
34, 3, 25, 242, 424, 43.6885, 59.6047,7, 5
34, 3, 26, 242, 453, 11.2591, 18.0651,2, 1
34, 3, 27, 242, 342, 99.1265, 108.783,12, 11
34, 3, 28, 242, 379, 135.145, 160.181,19, 16
34, 3, 29, 242, 461, 17.5654, 24.532,3, 2
34, 3, 30, 242, 396, 57.0441, 64.2041,8, 7
34, 3, 31, 242, 340, 96.0196, 104.202,13, 12
34, 3, 32, 242, 447, 78.7385, 128.813,13, 7
34, 3, 33, 242, 432, 16.9608, 16.9608,2, 2
34, 3, 34, 242, 332, 62.8941, 93.9305,9, 5
34, 3, 35, 242, 353, 27.3878, 42.5436,5, 3
34, 3, 36, 242, 386, 16.4706, 24.1391,3, 2
34, 3, 37, 242, 478, 60.5564, 77.2523,7, 5
34, 3, 38, 242, 424, 30.2583, 56.495,6, 3
34, 3, 39, 242, 379, 18.2444, 26.2771,3, 2
34, 3, 40, 242, 391, 0, 0,0, 0
34, 3, 41, 242, 360, 0, 0,0, 0
34, 3, 42, 242, 375, 12.2949, 12.2949,1, 1
34, 3, 43, 242, 391, 23.1771, 23.1771,3, 3
34, 3, 44, 242, 375, 24.9488, 24.9488,3, 3
34, 3, 45, 242, 410, 6.74779, 6.74779,1, 1
34, 3, 46, 242, 410, 15.6988, 22.8734,3, 2
34, 3, 47, 242, 398, 16.5846, 25.1266,3, 2
34, 4, 1, 442, 285, 30.478, 37.3661,4, 3
34, 4, 2, 442, 316, 43.7226, 64.4602,6, 4
34, 4, 3, 442, 242, 24.3167, 45.3513,4, 2
34, 4, 5, 442, 477, 6.76134, 6.76134,1, 1
34, 4, 6, 442, 438, 63.6794, 103.771,12, 7
34, 4, 7, 442, 371, 22.9661, 44.4477,6, 3
34, 4, 8, 442, 323, 0, 0,0, 0
34, 4, 9, 442, 375, 17.1431, 33.4381,4, 2
34, 4, 10, 442, 396, 29.0827, 44.8455,5, 3
34, 4, 11, 442, 425, 21.9845, 38.3496,4, 2
34, 4, 12, 442, 419, 68.8091, 105.1,10, 6
34, 4, 13, 442, 461, 7.44265, 14.3353,2, 1
34, 4, 14, 442, 379, 29.6702, 37.8804,5, 4
34, 4, 15, 442, 317, 16.2178, 30.3872,4, 2
34, 4, 16, 442, 339, 10.4454, 18.8913,2, 1
34, 4, 17, 442, 337, 17.6255, 26.4703,3, 2
34, 4, 18, 442, 306, 0, 0,0, 0
34, 4, 19, 442, 363, 6.87818, 6.87818,1, 1
34, 4, 20, 442, 414, 18.9178, 30.1628,3, 2
34, 4, 21, 442, 309, 8.1212, 14.8522,2, 1
34, 4, 22, 442, 335, 12.09, 21.9582,2, 1
34, 4, 23, 442, 440, 7.88895, 14.6375,2, 1
34, 4, 24, 442, 395, 0, 0,0, 0
34, 4, 25, 442, 424, 17.225, 25.124,3, 2
34, 4, 26, 442, 453, 7.11094, 7.11094,1, 1
34, 4, 27, 442, 342, 17.1564, 26.4574,3, 2
34, 4, 28, 442, 379, 26.5972, 42.7089,5, 3
34, 4, 29, 442, 461, 28.8197, 42.7927,6, 4
34, 4, 30, 442, 396, 14.4425, 21.5746,3, 2
34, 4, 31, 442, 340, 8.71272, 8.71272,1, 1
34, 4, 32, 442, 447, 31.0858, 49.5141,5, 3
34, 4, 33, 442, 432, 0, 0,0, 0
34, 4, 34, 442, 332, 26.0482, 33.7201,4, 3
34, 4, 35, 442, 353, 8.57108, 15.841,2, 1
34, 4, 36, 442, 386, 48.6382, 75.8604,7, 4
34, 4, 37, 442, 478, 21.1768, 38.0755,4, 2
34, 4, 38, 442, 424, 17.4676, 32.88,4, 2
34, 4, 39, 442, 379, 8.62652, 16.4186,2, 1
34, 4, 40, 442, 391, 13.7404, 13.7404,2, 2
34, 4, 41, 442, 360, 6.68091, 6.68091,1, 1
34, 4, 42, 442, 375, 7.75466, 7.75466,1, 1
34, 4, 43, 442, 391, 6.80652, 6.80652,1, 1
34, 4, 44, 442, 375, 7.64854, 14.8519,2, 1
34, 4, 45, 442, 410, 42.1104, 58.3818,7, 5
34, 4, 46, 442, 410, 31.5191, 53.8932,7, 4
34, 4, 47, 442, 398, 30.4533, 39.0011,5, 4
34, 5, 1, 477, 285, 0, 0,0, 0
34, 5, 2, 477, 316, 50.4565, 50.4565,6, 6
34, 5, 3, 477, 242, 7.44976, 7.44976,1, 1
34, 5, 4, 477, 442, 6.76142, 6.76142,1, 1
34, 5, 6, 477, 438, 421.001, 461.067,52, 47
34, 5, 7, 477, 371, 93.2315, 117.961,14, 11
34, 5, 8, 477, 323, 62.4177, 76.7951,9, 7
34, 5, 9, 477, 375, 8.111, 8.111,1, 1
34, 5, 10, 477, 396, 15.9, 15.9,2, 2
34, 5, 11, 477, 425, 76.682, 84.2178,10, 9
34, 5, 12, 477, 419, 183.23, 220.486,22, 18
34, 5, 13, 477, 461, 89.8154, 98.3359,11, 10
34, 5, 14, 477, 379, 45.6354, 45.6354,6, 6
34, 5, 15, 477, 317, 53.1346, 60.2861,7, 6
34, 5, 16, 477, 339, 29.3958, 29.3958,4, 4
34, 5, 17, 477, 337, 38.9426, 38.9426,5, 5
34, 5, 18, 477, 306, 55.806, 64.8117,8, 7
34, 5, 19, 477, 363, 38.0506, 38.0506,5, 5
34, 5, 20, 477, 414, 92.7801, 123.449,14, 10
34, 5, 21, 477, 309, 84.4721, 84.4721,10, 10
34, 5, 22, 477, 335, 96.6415, 111.123,14, 12
34, 5, 23, 477, 440, 23.8461, 23.8461,3, 3
34, 5, 24, 477, 395, 26.9839, 26.9839,3, 3
34, 5, 25, 477, 424, 80.1225, 95.2436,12, 10
34, 5, 26, 477, 453, 50.229, 57.5822,7, 6
34, 5, 27, 477, 342, 10.449, 18.0673,2, 1
34, 5, 28, 477, 379, 45.6581, 66.6106,8, 5
34, 5, 29, 477, 461, 80.5648, 102.816,9, 7
34, 5, 30, 477, 396, 67.0816, 84.8711,10, 8
34, 5, 31, 477, 340, 41.1474, 49.4768,6, 5
34, 5, 32, 477, 447, 17.9364, 25.2203,3, 2
34, 5, 33, 477, 432, 62.0016, 69.7983,8, 7
34, 5, 34, 477, 332, 95.7676, 95.7676,11, 11
34, 5, 35, 477, 353, 6.69863, 6.69863,1, 1
34, 5, 36, 477, 386, 149.064, 172.341,19, 16
34, 5, 37, 477, 478, 40.7121, 48.291,6, 5
34, 5, 38, 477, 424, 18.4747, 25.8974,3, 2
34, 5, 39, 477, 379, 45.0984, 45.0984,5, 5
34, 5, 40, 477, 391, 31.7019, 39.3173,5, 4
34, 5, 41, 477, 360, 78.4434, 92.5016,11, 9
34, 5, 42, 477, 375, 63.2492, 63.2492,7, 7
34, 5, 43, 477, 391, 59.4534, 68.4513,8, 7
34, 5, 44, 477, 375, 386.631, 429.213,44, 39
34, 5, 45, 477, 410, 76.3659, 76.3659,9, 9
34, 5, 46, 477, 410, 251.616, 268.944,29, 27
34, 5, 47, 477, 398, 88.1352, 95.5975,11, 10
34, 6, 1, 438, 285, 22.0588, 22.0588,3, 3
34, 6, 2, 438, 316, 51.1034, 51.1034,6, 6
34, 6, 3, 438, 242, 14.4179, 14.4179,2, 2
34, 6, 4, 438, 442, 35.866, 103.772,12, 4
34, 6, 5, 438, 477, 430.939, 461.068,52, 48
34, 6, 7, 438, 371, 103.4, 103.4,10, 10
34, 6, 8, 438, 323, 63.2919, 63.2919,7, 7
34, 6, 9, 438, 375, 338.832, 695.908,81, 36
34, 6, 10, 438, 396, 335.597, 559.278,65, 37
34, 6, 11, 438, 425, 409.783, 703.645,83, 44
34, 6, 12, 438, 419, 213.895, 426.101,45, 21
34, 6, 13, 438, 461, 86.7818, 203.324,22, 9
34, 6, 14, 438, 379, 74.9154, 89.1764,11, 9
34, 6, 15, 438, 317, 42.1179, 42.1179,5, 5
34, 6, 16, 438, 339, 73.8294, 73.8294,10, 10
34, 6, 17, 438, 337, 17.6007, 17.6007,2, 2
34, 6, 18, 438, 306, 50.4458, 50.4458,6, 6
34, 6, 19, 438, 363, 22.4013, 22.4013,3, 3
34, 6, 20, 438, 414, 95.2843, 102.375,12, 11
34, 6, 21, 438, 309, 67.6679, 67.6679,8, 8
34, 6, 22, 438, 335, 154.378, 184.811,20, 16
34, 6, 23, 438, 440, 72.7478, 80.1004,9, 8
34, 6, 24, 438, 395, 90.8172, 99.7019,13, 12
34, 6, 25, 438, 424, 116.637, 116.637,11, 11
34, 6, 26, 438, 453, 25.9688, 25.9688,3, 3
34, 6, 27, 438, 342, 26.707, 26.707,3, 3
34, 6, 28, 438, 379, 90.628, 90.628,9, 9
34, 6, 29, 438, 461, 144.783, 231.538,28, 17
34, 6, 30, 438, 396, 31.3705, 31.3705,4, 4
34, 6, 31, 438, 340, 46.6387, 46.6387,6, 6
34, 6, 32, 438, 447, 108.384, 115.245,15, 14
34, 6, 33, 438, 432, 353.386, 641.389,79, 41
34, 6, 34, 438, 332, 123.971, 180.25,21, 14
34, 6, 35, 438, 353, 144.083, 266.963,30, 14
34, 6, 36, 438, 386, 147.24, 226.176,26, 16
34, 6, 37, 438, 478, 74.1672, 87.9322,11, 9
34, 6, 38, 438, 424, 450.467, 749.315,89, 50
34, 6, 39, 438, 379, 415.001, 789.225,87, 40
34, 6, 40, 438, 391, 30.1887, 30.1887,4, 4
34, 6, 41, 438, 360, 73.4152, 73.4152,9, 9
34, 6, 42, 438, 375, 73.0521, 80.1702,10, 9
34, 6, 43, 438, 391, 294.989, 566.23,68, 33
34, 6, 44, 438, 375, 425.312, 482.564,54, 47
34, 6, 45, 438, 410, 774.705, 1254.26,139, 80
34, 6, 46, 438, 410, 643.474, 856.785,97, 72
34, 6, 47, 438, 398, 453.718, 684.779,72, 44
34, 7, 1, 371, 285, 6.96345, 6.96345,1, 1
34, 7, 2, 371, 316, 109.834, 137.389,17, 13
34, 7, 3, 371, 242, 31.3519, 31.3519,4, 4
34, 7, 4, 371, 442, 29.9595, 44.448,6, 4
34, 7, 5, 371, 477, 102.562, 117.961,14, 12
34, 7, 6, 371, 438, 78.1428, 103.4,10, 7
34, 7, 8, 371, 323, 292.828, 305.224,36, 35
34, 7, 9, 371, 375, 7.97434, 22.777,3, 1
34, 7, 10, 371, 396, 15.5304, 15.5304,2, 2
34, 7, 11, 371, 425, 142.763, 179.24,18, 14
34, 7, 12, 371, 419, 136.445, 162.229,15, 12
34, 7, 13, 371, 461, 22.9949, 22.9949,3, 3
34, 7, 14, 371, 379, 845.4, 919.195,93, 84
34, 7, 15, 371, 317, 704.966, 774.955,78, 69
34, 7, 16, 371, 339, 89.215, 104.364,13, 11
34, 7, 17, 371, 337, 124.64, 132.28,16, 15
34, 7, 18, 371, 306, 222.299, 244.285,27, 24
34, 7, 19, 371, 363, 84.9258, 91.6542,11, 10
34, 7, 20, 371, 414, 665.856, 762.41,79, 67
34, 7, 21, 371, 309, 125.406, 140.426,17, 15
34, 7, 22, 371, 335, 272.67, 308.643,35, 30
34, 7, 23, 371, 440, 152.823, 188.235,23, 18
34, 7, 24, 371, 395, 54.1285, 54.1285,7, 7
34, 7, 25, 371, 424, 955.968, 1039.36,104, 94
34, 7, 26, 371, 453, 56.0743, 56.0743,7, 7
34, 7, 27, 371, 342, 59.8797, 79.8993,8, 6
34, 7, 28, 371, 379, 172.851, 238.707,25, 18
34, 7, 29, 371, 461, 56.4869, 63.3642,6, 5
34, 7, 30, 371, 396, 70.698, 70.698,7, 7
34, 7, 31, 371, 340, 115.261, 169.373,19, 12
34, 7, 32, 371, 447, 427.044, 455.085,52, 49
34, 7, 33, 371, 432, 66.9182, 85.8671,10, 8
34, 7, 34, 371, 332, 167.457, 174.684,19, 18
34, 7, 35, 371, 353, 77.7955, 77.7955,9, 9
34, 7, 36, 371, 386, 123.097, 144.252,16, 13
34, 7, 37, 371, 478, 449.309, 483.654,53, 49
34, 7, 38, 371, 424, 20.3531, 20.3531,2, 2
34, 7, 39, 371, 379, 14.8351, 14.8351,2, 2
34, 7, 40, 371, 391, 32.1961, 32.1961,4, 4
34, 7, 41, 371, 360, 54.2504, 64.3516,7, 6
34, 7, 42, 371, 375, 69.4687, 83.9042,10, 8
34, 7, 43, 371, 391, 105.669, 125.739,13, 11
34, 7, 44, 371, 375, 52.3486, 68.7287,7, 5
34, 7, 45, 371, 410, 0, 0,0, 0
34, 7, 46, 371, 410, 75.7836, 83.5938,10, 9
34, 7, 47, 371, 398, 75.8971, 75.8971,9, 9
34, 8, 1, 323, 285, 0, 0,0, 0
34, 8, 2, 323, 316, 81.8882, 89.1553,10, 9
34, 8, 3, 323, 242, 37.7324, 44.6541,6, 5
34, 8, 4, 323, 442, 0, 0,0, 0
34, 8, 5, 323, 477, 76.7951, 76.7951,9, 9
34, 8, 6, 323, 438, 63.2917, 63.2917,7, 7
34, 8, 7, 323, 371, 275.043, 305.224,36, 32
34, 8, 9, 323, 375, 0, 0,0, 0
34, 8, 10, 323, 396, 0, 0,0, 0
34, 8, 11, 323, 425, 86.166, 93.3868,10, 9
34, 8, 12, 323, 419, 115.862, 115.862,12, 12
34, 8, 13, 323, 461, 169.632, 177.04,21, 20
34, 8, 14, 323, 379, 153.277, 167.116,20, 18
34, 8, 15, 323, 317, 392.957, 416.588,45, 42
34, 8, 16, 323, 339, 25.2894, 33.0402,4, 3
34, 8, 17, 323, 337, 58.1363, 58.1363,8, 8
34, 8, 18, 323, 306, 139.59, 161.115,18, 15
34, 8, 19, 323, 363, 420.001, 434.916,48, 46
34, 8, 20, 323, 414, 471.121, 507.416,57, 52
34, 8, 21, 323, 309, 267.643, 274.821,30, 29
34, 8, 22, 323, 335, 122.383, 129.508,15, 14
34, 8, 23, 323, 440, 33.1577, 33.1577,4, 4
34, 8, 24, 323, 395, 0, 0,0, 0
34, 8, 25, 323, 424, 185.481, 199.318,22, 20
34, 8, 26, 323, 453, 131.363, 145.385,19, 17
34, 8, 27, 323, 342, 39.5889, 39.5889,5, 5
34, 8, 28, 323, 379, 134.318, 142.387,16, 15
34, 8, 29, 323, 461, 85.1669, 85.1669,10, 10
34, 8, 30, 323, 396, 119.098, 119.098,12, 12
34, 8, 31, 323, 340, 58.2704, 65.064,8, 7
34, 8, 32, 323, 447, 77.2606, 77.2606,10, 10
34, 8, 33, 323, 432, 70.077, 77.0831,9, 8
34, 8, 34, 323, 332, 110.539, 110.539,11, 11
34, 8, 35, 323, 353, 18.2395, 18.2395,2, 2
34, 8, 36, 323, 386, 109.464, 109.464,12, 12
34, 8, 37, 323, 478, 100.656, 115.427,14, 12
34, 8, 38, 323, 424, 7.2081, 7.2081,1, 1
34, 8, 39, 323, 379, 13.9284, 13.9284,2, 2
34, 8, 40, 323, 391, 130.362, 138.224,15, 14
34, 8, 41, 323, 360, 100.287, 107.461,11, 10
34, 8, 42, 323, 375, 112.276, 126.296,15, 13
34, 8, 43, 323, 391, 43.6306, 43.6306,5, 5
34, 8, 44, 323, 375, 35.3205, 35.3205,4, 4
34, 8, 45, 323, 410, 28.7568, 28.7568,4, 4
34, 8, 46, 323, 410, 28.4207, 28.4207,4, 4
34, 8, 47, 323, 398, 72.8885, 80.3934,10, 9
34, 9, 1, 375, 285, 7.85647, 15.2257,2, 1
34, 9, 2, 375, 316, 0, 0,0, 0
34, 9, 3, 375, 242, 8.91128, 17.6698,2, 1
34, 9, 4, 375, 442, 17.6907, 33.4381,4, 2
34, 9, 5, 375, 477, 8.11107, 8.11107,1, 1
34, 9, 6, 375, 438, 376.742, 695.907,81, 41
34, 9, 7, 375, 371, 22.777, 22.777,3, 3
34, 9, 8, 375, 323, 0, 0,0, 0
34, 9, 10, 375, 396, 1163.97, 1937.48,204, 106
34, 9, 11, 375, 425, 664.104, 1174.82,122, 59
34, 9, 12, 375, 419, 242.772, 365.902,39, 24
34, 9, 13, 375, 461, 39.8788, 63.1731,8, 5
34, 9, 14, 375, 379, 0, 0,0, 0
34, 9, 15, 375, 317, 0, 0,0, 0
34, 9, 16, 375, 339, 37.8714, 52.3146,7, 5
34, 9, 17, 375, 337, 0, 0,0, 0
34, 9, 18, 375, 306, 0, 0,0, 0
34, 9, 19, 375, 363, 0, 0,0, 0
34, 9, 20, 375, 414, 0, 0,0, 0
34, 9, 21, 375, 309, 0, 0,0, 0
34, 9, 22, 375, 335, 0, 0,0, 0
34, 9, 23, 375, 440, 36.5362, 36.5362,5, 5
34, 9, 24, 375, 395, 72.9842, 94.7913,12, 9
34, 9, 25, 375, 424, 0, 0,0, 0
34, 9, 26, 375, 453, 0, 0,0, 0
34, 9, 27, 375, 342, 25.3374, 25.3374,3, 3
34, 9, 28, 375, 379, 16.9069, 16.9069,2, 2
34, 9, 29, 375, 461, 78.7638, 110.624,13, 9
34, 9, 30, 375, 396, 0, 0,0, 0
34, 9, 31, 375, 340, 14.4826, 14.4826,2, 2
34, 9, 32, 375, 447, 22.6449, 22.6449,3, 3
34, 9, 33, 375, 432, 445.05, 890.738,104, 48
34, 9, 34, 375, 332, 7.02413, 7.02413,1, 1
34, 9, 35, 375, 353, 264.518, 417.145,51, 30
34, 9, 36, 375, 386, 90.0544, 118.152,13, 10
34, 9, 37, 375, 478, 40.1594, 53.6849,7, 5
34, 9, 38, 375, 424, 670.962, 1433.88,171, 74
34, 9, 39, 375, 379, 627.539, 1140.42,127, 63
34, 9, 40, 375, 391, 7.46779, 7.46779,1, 1
34, 9, 41, 375, 360, 0, 0,0, 0
34, 9, 42, 375, 375, 51.8885, 58.8196,8, 7
34, 9, 43, 375, 391, 446.317, 912.904,105, 47
34, 9, 44, 375, 375, 0, 0,0, 0
34, 9, 45, 375, 410, 521.341, 999.491,120, 57
34, 9, 46, 375, 410, 67.5909, 100.979,12, 8
34, 9, 47, 375, 398, 120.629, 231.066,28, 14
34, 10, 1, 396, 285, 13.5892, 13.5892,2, 2
34, 10, 2, 396, 316, 26.6966, 48.1479,4, 2
34, 10, 3, 396, 242, 41.7876, 67.1938,8, 5
34, 10, 4, 396, 442, 37.7712, 44.8455,5, 4
34, 10, 5, 396, 477, 15.8999, 15.8999,2, 2
34, 10, 6, 396, 438, 275.964, 559.278,65, 30
34, 10, 7, 396, 371, 15.5304, 15.5304,2, 2
34, 10, 8, 396, 323, 0, 0,0, 0
34, 10, 9, 396, 375, 1155.13, 1937.47,204, 108
34, 10, 11, 396, 425, 1139.87, 1742.36,191, 117
34, 10, 12, 396, 419, 559.127, 656.679,72, 60
34, 10, 13, 396, 461, 99.9777, 106.972,13, 12
34, 10, 14, 396, 379, 35.901, 43.7891,5, 4
34, 10, 15, 396, 317, 16.9969, 31.7656,2, 1
34, 10, 16, 396, 339, 119.518, 139.196,14, 12
34, 10, 17, 396, 337, 39.3013, 52.818,4, 3
34, 10, 18, 396, 306, 36.7504, 46.1844,5, 4
34, 10, 19, 396, 363, 0, 0,0, 0
34, 10, 20, 396, 414, 17.6862, 27.6369,3, 2
34, 10, 21, 396, 309, 24.3905, 36.8786,2, 1
34, 10, 22, 396, 335, 22.7138, 36.9311,3, 2
34, 10, 23, 396, 440, 70.9813, 93.0958,10, 8
34, 10, 24, 396, 395, 114.71, 142.982,19, 15
34, 10, 25, 396, 424, 21.2978, 34.0957,2, 1
34, 10, 26, 396, 453, 9.1751, 9.1751,1, 1
34, 10, 27, 396, 342, 26.1398, 34.6974,4, 3
34, 10, 28, 396, 379, 82.4762, 110.949,10, 8
34, 10, 29, 396, 461, 72.3414, 136.981,16, 8
34, 10, 30, 396, 396, 13.8431, 13.8431,2, 2
34, 10, 31, 396, 340, 17.3306, 17.3306,2, 2
34, 10, 32, 396, 447, 112.416, 133.309,13, 11
34, 10, 33, 396, 432, 438.574, 871.038,100, 45
34, 10, 34, 396, 332, 87.8313, 108.919,12, 10
34, 10, 35, 396, 353, 384.889, 589.403,65, 41
34, 10, 36, 396, 386, 206.894, 229.062,25, 22
34, 10, 37, 396, 478, 62.3763, 87.9105,9, 6
34, 10, 38, 396, 424, 587.541, 1266,141, 59
34, 10, 39, 396, 379, 818.791, 1372.95,157, 87
34, 10, 40, 396, 391, 23.1642, 23.1642,3, 3
34, 10, 41, 396, 360, 36.4137, 36.4137,4, 4
34, 10, 42, 396, 375, 76.841, 104.207,14, 10
34, 10, 43, 396, 391, 432.2, 864.909,105, 49
34, 10, 44, 396, 375, 30.0958, 30.0958,4, 4
34, 10, 45, 396, 410, 371.102, 738.82,83, 38
34, 10, 46, 396, 410, 89.9711, 121.855,14, 10
34, 10, 47, 396, 398, 150.135, 268.602,32, 17
34, 11, 1, 425, 285, 37.0908, 44.2724,6, 5
34, 11, 2, 425, 316, 44.8893, 68.7563,8, 5
34, 11, 3, 425, 242, 22.8262, 22.8262,3, 3
34, 11, 4, 425, 442, 20.5945, 38.3492,4, 2
34, 11, 5, 425, 477, 84.2178, 84.2178,10, 10
34, 11, 6, 425, 438, 417.866, 703.645,83, 46
34, 11, 7, 425, 371, 136.312, 179.24,18, 13
34, 11, 8, 425, 323, 76.7883, 93.3874,10, 8
34, 11, 9, 425, 375, 737.144, 1174.82,122, 69
34, 11, 10, 425, 396, 1174.54, 1742.37,191, 122
34, 11, 12, 425, 419, 1054.65, 1298.13,128, 99
34, 11, 13, 425, 461, 324.324, 341.831,43, 41
34, 11, 14, 425, 379, 38.8463, 46.3993,6, 5
34, 11, 15, 425, 317, 76.0825, 83.2393,9, 8
34, 11, 16, 425, 339, 48.2551, 55.0885,7, 6
34, 11, 17, 425, 337, 55.6076, 62.5948,8, 7
34, 11, 18, 425, 306, 80.2942, 106.593,12, 9
34, 11, 19, 425, 363, 34.0345, 51.2468,6, 4
34, 11, 20, 425, 414, 90.2987, 99.5,11, 10
34, 11, 21, 425, 309, 40.1593, 50.7102,5, 4
34, 11, 22, 425, 335, 46.611, 46.611,5, 5
34, 11, 23, 425, 440, 15.6177, 15.6177,2, 2
34, 11, 24, 425, 395, 54.6627, 97.9613,11, 6
34, 11, 25, 425, 424, 103.063, 147.911,14, 9
34, 11, 26, 425, 453, 7.22812, 7.22812,1, 1
34, 11, 27, 425, 342, 52.2229, 52.2229,6, 6
34, 11, 28, 425, 379, 135.868, 176.195,19, 14
34, 11, 29, 425, 461, 169.078, 252.669,28, 17
34, 11, 30, 425, 396, 46.138, 53.5504,6, 5
34, 11, 31, 425, 340, 110.954, 118.953,14, 13
34, 11, 32, 425, 447, 44.9049, 51.9346,7, 6
34, 11, 33, 425, 432, 478.758, 753.206,88, 54
34, 11, 34, 425, 332, 241.285, 281.827,29, 24
34, 11, 35, 425, 353, 332.308, 512.092,58, 35
34, 11, 36, 425, 386, 411.072, 507.491,54, 43
34, 11, 37, 425, 478, 23.9667, 39.3276,5, 3
34, 11, 38, 425, 424, 447.54, 699.435,83, 52
34, 11, 39, 425, 379, 611.451, 1008.16,117, 67
34, 11, 40, 425, 391, 35.8569, 42.7869,6, 5
34, 11, 41, 425, 360, 94.9407, 112.133,12, 10
34, 11, 42, 425, 375, 245.984, 348.251,39, 26
34, 11, 43, 425, 391, 487.349, 683.083,79, 53
34, 11, 44, 425, 375, 79.6289, 79.6289,9, 9
34, 11, 45, 425, 410, 335.251, 574.996,71, 40
34, 11, 46, 425, 410, 182.771, 254.603,29, 20
34, 11, 47, 425, 398, 206.527, 325.139,37, 23
34, 12, 1, 419, 285, 24.0591, 31.6955,4, 3
34, 12, 2, 419, 316, 74.0264, 104.396,12, 8
34, 12, 3, 419, 242, 27.1337, 35.5343,4, 3
34, 12, 4, 419, 442, 40.5987, 111.767,11, 4
34, 12, 5, 419, 477, 172.801, 220.486,22, 18
34, 12, 6, 419, 438, 208.406, 426.099,45, 21
34, 12, 7, 419, 371, 109.254, 162.229,15, 10
34, 12, 8, 419, 323, 77.5145, 115.862,12, 8
34, 12, 9, 419, 375, 258.512, 365.902,39, 26
34, 12, 10, 419, 396, 562.847, 656.681,72, 61
34, 12, 11, 419, 425, 1097.98, 1298.14,128, 105
34, 12, 13, 419, 461, 645.715, 750.758,83, 70
34, 12, 14, 419, 379, 31.8429, 48.5911,6, 4
34, 12, 15, 419, 317, 101.997, 132.171,13, 10
34, 12, 16, 419, 339, 74.3641, 104.597,14, 10
34, 12, 17, 419, 337, 63.1745, 72.1736,9, 8
34, 12, 18, 419, 306, 105.671, 115.438,14, 13
34, 12, 19, 419, 363, 70.8978, 87.6007,10, 8
34, 12, 20, 419, 414, 129.263, 149.524,16, 14
34, 12, 21, 419, 309, 66.9268, 66.9268,8, 8
34, 12, 22, 419, 335, 81.2212, 90.5821,9, 8
34, 12, 23, 419, 440, 30.1429, 37.4239,5, 4
34, 12, 24, 419, 395, 16.3521, 16.3521,2, 2
34, 12, 25, 419, 424, 127.836, 159.871,18, 14
34, 12, 26, 419, 453, 51.7274, 59.9062,7, 6
34, 12, 27, 419, 342, 59.3389, 74.3791,7, 6
34, 12, 28, 419, 379, 101.039, 136.569,13, 9
34, 12, 29, 419, 461, 150.236, 189.159,17, 15
34, 12, 30, 419, 396, 74.7251, 86.4128,10, 9
34, 12, 31, 419, 340, 33.2023, 33.2023,4, 4
34, 12, 32, 419, 447, 45.9469, 55.937,7, 6
34, 12, 33, 419, 432, 140.569, 171.647,17, 14
34, 12, 34, 419, 332, 277.532, 341.53,40, 32
34, 12, 35, 419, 353, 49.2081, 56.6532,7, 6
34, 12, 36, 419, 386, 466.648, 616.497,60, 46
34, 12, 37, 419, 478, 40.6264, 50.9024,6, 5
34, 12, 38, 419, 424, 55.0076, 77.9919,8, 6
34, 12, 39, 419, 379, 115.834, 125.212,15, 14
34, 12, 40, 419, 391, 118.956, 135.106,17, 15
34, 12, 41, 419, 360, 226.84, 267.901,30, 25
34, 12, 42, 419, 375, 223.06, 255.806,28, 24
34, 12, 43, 419, 391, 122.442, 136.086,14, 13
34, 12, 44, 419, 375, 143.522, 177.196,18, 15
34, 12, 45, 419, 410, 110.251, 186.139,20, 12
34, 12, 46, 419, 410, 188.998, 335.641,38, 21
34, 12, 47, 419, 398, 103.783, 156.571,17, 11
34, 13, 1, 461, 285, 15.8842, 15.8842,2, 2
34, 13, 2, 461, 316, 27.034, 27.034,3, 3
34, 13, 3, 461, 242, 0, 0,0, 0
34, 13, 4, 461, 442, 14.3353, 14.3353,2, 2
34, 13, 5, 461, 477, 98.3358, 98.3358,11, 11
34, 13, 6, 461, 438, 113.401, 203.323,22, 12
34, 13, 7, 461, 371, 22.995, 22.995,3, 3
34, 13, 8, 461, 323, 156.679, 177.04,21, 18
34, 13, 9, 461, 375, 47.9264, 63.1732,8, 6
34, 13, 10, 461, 396, 99.866, 106.972,13, 12
34, 13, 11, 461, 425, 327.898, 341.831,43, 41
34, 13, 12, 461, 419, 688.433, 750.757,83, 75
34, 13, 14, 461, 379, 30.2801, 30.2801,4, 4
34, 13, 15, 461, 317, 35.0116, 35.0116,4, 4
34, 13, 16, 461, 339, 0, 0,0, 0
34, 13, 17, 461, 337, 54.4821, 54.4821,7, 7
34, 13, 18, 461, 306, 51.6291, 51.6291,6, 6
34, 13, 19, 461, 363, 100.696, 123.419,15, 12
34, 13, 20, 461, 414, 50.0438, 50.0438,6, 6
34, 13, 21, 461, 309, 87.3381, 94.2047,11, 10
34, 13, 22, 461, 335, 31.3828, 31.3828,4, 4
34, 13, 23, 461, 440, 0, 0,0, 0
34, 13, 24, 461, 395, 0, 0,0, 0
34, 13, 25, 461, 424, 67.4936, 67.4936,8, 8
34, 13, 26, 461, 453, 50.2048, 50.2048,6, 6
34, 13, 27, 461, 342, 23.2182, 23.2182,3, 3
34, 13, 28, 461, 379, 30.5259, 30.5259,3, 3
34, 13, 29, 461, 461, 96.8184, 96.8184,11, 11
34, 13, 30, 461, 396, 77.2382, 77.2382,9, 9
34, 13, 31, 461, 340, 52.1113, 52.1113,5, 5
34, 13, 32, 461, 447, 7.0792, 7.0792,1, 1
34, 13, 33, 461, 432, 83.4382, 83.4382,10, 10
34, 13, 34, 461, 332, 119.224, 125.951,15, 14
34, 13, 35, 461, 353, 8.58336, 8.58336,1, 1
34, 13, 36, 461, 386, 239.814, 246.558,27, 26
34, 13, 37, 461, 478, 0, 0,0, 0
34, 13, 38, 461, 424, 18.1356, 18.1356,2, 2
34, 13, 39, 461, 379, 24.3818, 24.3818,3, 3
34, 13, 40, 461, 391, 164.308, 178.624,21, 19
34, 13, 41, 461, 360, 113.98, 120.65,14, 13
34, 13, 42, 461, 375, 124.615, 132.495,15, 14
34, 13, 43, 461, 391, 50.8397, 50.8397,7, 7
34, 13, 44, 461, 375, 81.0359, 90.3555,7, 6
34, 13, 45, 461, 410, 49.3536, 73.8421,8, 5
34, 13, 46, 461, 410, 88.063, 129.286,13, 9
34, 13, 47, 461, 398, 31.4755, 60.9912,6, 3
34, 14, 1, 379, 285, 68.0221, 87.4794,9, 7
34, 14, 2, 379, 316, 67.6014, 67.6014,7, 7
34, 14, 3, 379, 242, 32.5134, 32.5134,4, 4
34, 14, 4, 379, 442, 37.8806, 37.8806,5, 5
34, 14, 5, 379, 477, 45.6354, 45.6354,6, 6
34, 14, 6, 379, 438, 67.8216, 89.1764,11, 8
34, 14, 7, 379, 371, 881.623, 919.196,93, 89
34, 14, 8, 379, 323, 167.116, 167.116,20, 20
34, 14, 9, 379, 375, 0, 0,0, 0
34, 14, 10, 379, 396, 36.0017, 43.7893,5, 4
34, 14, 11, 379, 425, 38.5498, 46.3993,6, 5
34, 14, 12, 379, 419, 48.591, 48.591,6, 6
34, 14, 13, 379, 461, 30.2803, 30.2803,4, 4
34, 14, 15, 379, 317, 551.791, 590.759,66, 61
34, 14, 16, 379, 339, 188.741, 195.45,22, 21
34, 14, 17, 379, 337, 244.197, 260.775,28, 26
34, 14, 18, 379, 306, 142.21, 142.21,17, 17
34, 14, 19, 379, 363, 58.9288, 58.9288,7, 7
34, 14, 20, 379, 414, 481.755, 527.184,61, 55
34, 14, 21, 379, 309, 49.4537, 49.4537,6, 6
34, 14, 22, 379, 335, 185.379, 230.775,26, 20
34, 14, 23, 379, 440, 272.992, 302.685,33, 29
34, 14, 24, 379, 395, 183.514, 212.215,25, 21
34, 14, 25, 379, 424, 782.631, 828.195,81, 75
34, 14, 26, 379, 453, 36.6625, 36.6625,4, 4
34, 14, 27, 379, 342, 62.1603, 62.1603,6, 6
34, 14, 28, 379, 379, 106.083, 106.083,11, 11
34, 14, 29, 379, 461, 28.0597, 34.835,4, 3
34, 14, 30, 379, 396, 31.662, 31.662,4, 4
34, 14, 31, 379, 340, 35.5798, 35.5798,4, 4
34, 14, 32, 379, 447, 875.535, 1017.86,96, 81
34, 14, 33, 379, 432, 0, 0,0, 0
34, 14, 34, 379, 332, 97.8111, 97.8111,11, 11
34, 14, 35, 379, 353, 129.768, 129.768,15, 15
34, 14, 36, 379, 386, 93.6848, 100.565,12, 11
34, 14, 37, 379, 478, 813.555, 929.117,99, 85
34, 14, 38, 379, 424, 20.3741, 20.3741,2, 2
34, 14, 39, 379, 379, 62.4011, 76.157,9, 7
34, 14, 40, 379, 391, 0, 0,0, 0
34, 14, 41, 379, 360, 17.8178, 17.8178,2, 2
34, 14, 42, 379, 375, 7.68105, 7.68105,1, 1
34, 14, 43, 379, 391, 25.1884, 32.6558,4, 3
34, 14, 44, 379, 375, 74.0522, 74.0522,9, 9
34, 14, 45, 379, 410, 52.746, 59.5449,8, 7
34, 14, 46, 379, 410, 71.2047, 71.2047,8, 8
34, 14, 47, 379, 398, 117.286, 139.53,15, 12
34, 15, 1, 317, 285, 7.26497, 7.26497,1, 1
34, 15, 2, 317, 316, 85.5845, 85.5845,8, 8
34, 15, 3, 317, 242, 47.6153, 47.6153,5, 5
34, 15, 4, 317, 442, 30.3871, 30.3871,4, 4
34, 15, 5, 317, 477, 60.2861, 60.2861,7, 7
34, 15, 6, 317, 438, 42.1178, 42.1178,5, 5
34, 15, 7, 317, 371, 740.953, 774.961,78, 74
34, 15, 8, 317, 323, 392.392, 416.588,45, 42
34, 15, 9, 317, 375, 0, 0,0, 0
34, 15, 10, 317, 396, 31.765, 31.765,2, 2
34, 15, 11, 317, 425, 83.2393, 83.2393,9, 9
34, 15, 12, 317, 419, 132.172, 132.172,13, 13
34, 15, 13, 317, 461, 35.0116, 35.0116,4, 4
34, 15, 14, 317, 379, 568.867, 590.759,66, 63
34, 15, 16, 317, 339, 80.7226, 80.7226,9, 9
34, 15, 17, 317, 337, 116.946, 132.839,14, 12
34, 15, 18, 317, 306, 300.023, 333.211,34, 30
34, 15, 19, 317, 363, 193.529, 215.553,26, 23
34, 15, 20, 317, 414, 966.046, 1071.34,111, 99
34, 15, 21, 317, 309, 240.96, 257.264,26, 24
34, 15, 22, 317, 335, 305.981, 323.106,34, 32
34, 15, 23, 317, 440, 90.3462, 90.3462,10, 10
34, 15, 24, 317, 395, 46.6715, 46.6715,6, 6
34, 15, 25, 317, 424, 593.372, 604.248,62, 61
34, 15, 26, 317, 453, 45.1075, 45.1075,5, 5
34, 15, 27, 317, 342, 24.7771, 24.7771,3, 3
34, 15, 28, 317, 379, 104.353, 113.089,10, 9
34, 15, 29, 317, 461, 46.2807, 46.2807,6, 6
34, 15, 30, 317, 396, 73.3754, 81.4012,8, 7
34, 15, 31, 317, 340, 69.1956, 81.0072,9, 8
34, 15, 32, 317, 447, 345.462, 377.229,42, 38
34, 15, 33, 317, 432, 90.1271, 90.1271,10, 10
34, 15, 34, 317, 332, 252.247, 259.338,28, 27
34, 15, 35, 317, 353, 64.7676, 64.7676,7, 7
34, 15, 36, 317, 386, 133.437, 133.437,15, 15
34, 15, 37, 317, 478, 187.602, 187.602,20, 20
34, 15, 38, 317, 424, 30.2396, 30.2396,2, 2
34, 15, 39, 317, 379, 19.3143, 19.3143,2, 2
34, 15, 40, 317, 391, 64.1464, 64.1464,7, 7
34, 15, 41, 317, 360, 80.3938, 80.3938,10, 10
34, 15, 42, 317, 375, 99.3111, 99.3111,11, 11
34, 15, 43, 317, 391, 54.7497, 54.7497,7, 7
34, 15, 44, 317, 375, 88.3177, 95.0461,12, 11
34, 15, 45, 317, 410, 8.16257, 8.16257,1, 1
34, 15, 46, 317, 410, 81.077, 81.077,9, 9
34, 15, 47, 317, 398, 79.7303, 86.4267,11, 10
34, 16, 1, 339, 285, 75.0169, 75.0169,9, 9
34, 16, 2, 339, 316, 61.0362, 75.7387,8, 6
34, 16, 3, 339, 242, 77.3087, 93.093,10, 8
34, 16, 4, 339, 442, 18.8915, 18.8915,2, 2
34, 16, 5, 339, 477, 22.677, 29.3959,4, 3
34, 16, 6, 339, 438, 59.2342, 73.8292,10, 8
34, 16, 7, 339, 371, 90.0366, 104.363,13, 11
34, 16, 8, 339, 323, 33.0402, 33.0402,4, 4
34, 16, 9, 339, 375, 44.3812, 52.3145,7, 6
34, 16, 10, 339, 396, 92.0713, 139.197,14, 9
34, 16, 11, 339, 425, 55.0885, 55.0885,7, 7
34, 16, 12, 339, 419, 75.4052, 104.597,14, 10
34, 16, 13, 339, 461, 0, 0,0, 0
34, 16, 14, 339, 379, 148.889, 195.449,22, 16
34, 16, 15, 339, 317, 65.3198, 80.7236,9, 7
34, 16, 17, 339, 337, 442.864, 512.003,56, 47
34, 16, 18, 339, 306, 173.231, 188.095,21, 19
34, 16, 19, 339, 363, 72.5511, 72.5511,9, 9
34, 16, 20, 339, 414, 46.4648, 54.0786,6, 5
34, 16, 21, 339, 309, 14.0422, 20.7493,2, 1
34, 16, 22, 339, 335, 54.9538, 79.3249,8, 5
34, 16, 23, 339, 440, 54.7981, 63.5343,6, 5
34, 16, 24, 339, 395, 88.3503, 88.3503,11, 11
34, 16, 25, 339, 424, 79.2, 86.1898,10, 9
34, 16, 26, 339, 453, 14.7052, 14.7052,2, 2
34, 16, 27, 339, 342, 83.622, 101.819,12, 10
34, 16, 28, 339, 379, 103.186, 119.351,12, 10
34, 16, 29, 339, 461, 16.0389, 31.1667,4, 2
34, 16, 30, 339, 396, 36.2011, 36.2011,5, 5
34, 16, 31, 339, 340, 69.0371, 76.6482,10, 9
34, 16, 32, 339, 447, 226.032, 312.343,32, 22
34, 16, 33, 339, 432, 0, 0,0, 0
34, 16, 34, 339, 332, 71.7062, 97.9301,11, 8
34, 16, 35, 339, 353, 138.7, 155.975,17, 15
34, 16, 36, 339, 386, 74.8524, 84.1096,10, 9
34, 16, 37, 339, 478, 207.199, 297.193,32, 21
34, 16, 38, 339, 424, 25.0269, 44.1975,4, 2
34, 16, 39, 339, 379, 120.032, 142.098,18, 15
34, 16, 40, 339, 391, 0, 0,0, 0
34, 16, 41, 339, 360, 0, 0,0, 0
34, 16, 42, 339, 375, 0, 0,0, 0
34, 16, 43, 339, 391, 7.87756, 7.87756,1, 1
34, 16, 44, 339, 375, 19.6081, 35.9338,4, 2
34, 16, 45, 339, 410, 28.9472, 36.3649,5, 4
34, 16, 46, 339, 410, 71.2534, 87.0386,10, 8
34, 16, 47, 339, 398, 55.8615, 86.538,10, 6
34, 17, 1, 337, 285, 70.2896, 84.6717,10, 8
34, 17, 2, 337, 316, 128.47, 128.47,11, 11
34, 17, 3, 337, 242, 101.778, 101.778,12, 12
34, 17, 4, 337, 442, 26.4704, 26.4704,3, 3
34, 17, 5, 337, 477, 38.9426, 38.9426,5, 5
34, 17, 6, 337, 438, 17.6006, 17.6006,2, 2
34, 17, 7, 337, 371, 132.28, 132.28,16, 16
34, 17, 8, 337, 323, 58.1362, 58.1362,8, 8
34, 17, 9, 337, 375, 0, 0,0, 0
34, 17, 10, 337, 396, 52.8189, 52.8189,4, 4
34, 17, 11, 337, 425, 62.5947, 62.5947,8, 8
34, 17, 12, 337, 419, 64.8534, 72.1736,9, 8
34, 17, 13, 337, 461, 47.6844, 54.4821,7, 6
34, 17, 14, 337, 379, 250.762, 260.775,28, 27
34, 17, 15, 337, 317, 132.839, 132.839,14, 14
34, 17, 16, 337, 339, 496.069, 512.001,56, 54
34, 17, 18, 337, 306, 430.126, 464.527,50, 46
34, 17, 19, 337, 363, 190.291, 190.291,22, 22
34, 17, 20, 337, 414, 138.156, 138.156,16, 16
34, 17, 21, 337, 309, 54.778, 54.778,6, 6
34, 17, 22, 337, 335, 149.049, 187.039,18, 13
34, 17, 23, 337, 440, 70.9244, 78.4942,8, 7
34, 17, 24, 337, 395, 48.4266, 55.6848,7, 6
34, 17, 25, 337, 424, 251.669, 279.869,30, 26
34, 17, 26, 337, 453, 23.9789, 23.9789,3, 3
34, 17, 27, 337, 342, 47.4429, 47.4429,5, 5
34, 17, 28, 337, 379, 155.693, 155.693,12, 12
34, 17, 29, 337, 461, 27.5439, 27.5439,3, 3
34, 17, 30, 337, 396, 75.8567, 75.8567,9, 9
34, 17, 31, 337, 340, 119.1, 125.934,15, 14
34, 17, 32, 337, 447, 169.037, 189.802,21, 18
34, 17, 33, 337, 432, 40.2495, 40.2495,5, 5
34, 17, 34, 337, 332, 187.396, 202.282,23, 21
34, 17, 35, 337, 353, 105.293, 105.293,10, 10
34, 17, 36, 337, 386, 115.004, 121.756,14, 13
34, 17, 37, 337, 478, 141.473, 148.476,16, 15
34, 17, 38, 337, 424, 29.6259, 29.6259,2, 2
34, 17, 39, 337, 379, 74.6607, 74.6607,8, 8
34, 17, 40, 337, 391, 23.0461, 23.0461,3, 3
34, 17, 41, 337, 360, 42.9573, 42.9573,5, 5
34, 17, 42, 337, 375, 24.5642, 24.5642,3, 3
34, 17, 43, 337, 391, 47.1529, 53.9663,7, 6
34, 17, 44, 337, 375, 55.8137, 62.5256,8, 7
34, 17, 45, 337, 410, 29.1587, 29.1587,4, 4
34, 17, 46, 337, 410, 48.2951, 48.2951,6, 6
34, 17, 47, 337, 398, 46.2788, 53.1161,6, 5
34, 18, 1, 306, 285, 32.2665, 40.2786,5, 4
34, 18, 2, 306, 316, 88.5975, 105.03,10, 8
34, 18, 3, 306, 242, 64.8987, 79.6388,9, 7
34, 18, 4, 306, 442, 0, 0,0, 0
34, 18, 5, 306, 477, 56.4206, 64.8118,8, 7
34, 18, 6, 306, 438, 43.3538, 50.4458,6, 5
34, 18, 7, 306, 371, 221.545, 244.284,27, 24
34, 18, 8, 306, 323, 161.116, 161.116,18, 18
34, 18, 9, 306, 375, 0, 0,0, 0
34, 18, 10, 306, 396, 37.3407, 46.1845,5, 4
34, 18, 11, 306, 425, 106.593, 106.593,12, 12
34, 18, 12, 306, 419, 101.708, 115.438,14, 12
34, 18, 13, 306, 461, 51.6295, 51.6295,6, 6
34, 18, 14, 306, 379, 113.941, 142.21,17, 13
34, 18, 15, 306, 317, 293.075, 333.208,34, 29
34, 18, 16, 306, 339, 173.222, 188.095,21, 19
34, 18, 17, 306, 337, 432.759, 464.525,50, 46
34, 18, 19, 306, 363, 439.978, 484.758,55, 49
34, 18, 20, 306, 414, 337.634, 405.941,42, 34
34, 18, 21, 306, 309, 87.6105, 96.369,11, 10
34, 18, 22, 306, 335, 123.475, 138.931,16, 14
34, 18, 23, 306, 440, 43.6553, 43.6553,5, 5
34, 18, 24, 306, 395, 26.4657, 26.4657,3, 3
34, 18, 25, 306, 424, 188.017, 204.994,22, 20
34, 18, 26, 306, 453, 35.0559, 35.0559,4, 4
34, 18, 27, 306, 342, 66.0269, 66.0269,8, 8
34, 18, 28, 306, 379, 193.976, 215.086,26, 23
34, 18, 29, 306, 461, 45.9121, 45.9121,5, 5
34, 18, 30, 306, 396, 115.58, 122.434,16, 15
34, 18, 31, 306, 340, 123.909, 141.699,14, 12
34, 18, 32, 306, 447, 78.9458, 86.9894,10, 9
34, 18, 33, 306, 432, 27.824, 27.824,3, 3
34, 18, 34, 306, 332, 231.869, 249.282,26, 24
34, 18, 35, 306, 353, 86.1009, 103.017,12, 10
34, 18, 36, 306, 386, 160.861, 175.67,18, 16
34, 18, 37, 306, 478, 60.7116, 60.7116,8, 8
34, 18, 38, 306, 424, 18.2703, 18.2703,2, 2
34, 18, 39, 306, 379, 48.7173, 48.7173,7, 7
34, 18, 40, 306, 391, 35.5978, 35.5978,4, 4
34, 18, 41, 306, 360, 62.4, 71.6931,9, 8
34, 18, 42, 306, 375, 171.032, 186.876,19, 17
34, 18, 43, 306, 391, 49.1372, 49.1372,6, 6
34, 18, 44, 306, 375, 67.5903, 77.287,9, 8
34, 18, 45, 306, 410, 0, 0,0, 0
34, 18, 46, 306, 410, 58.3482, 58.3482,7, 7
34, 18, 47, 306, 398, 64.7986, 72.2018,8, 7
34, 19, 1, 363, 285, 0, 0,0, 0
34, 19, 2, 363, 316, 79.9591, 79.9591,9, 9
34, 19, 3, 363, 242, 0, 0,0, 0
34, 19, 4, 363, 442, 6.87814, 6.87814,1, 1
34, 19, 5, 363, 477, 38.0505, 38.0505,5, 5
34, 19, 6, 363, 438, 15.7084, 22.4013,3, 2
34, 19, 7, 363, 371, 91.6543, 91.6543,11, 11
34, 19, 8, 363, 323, 406.514, 434.916,48, 44
34, 19, 9, 363, 375, 0, 0,0, 0
34, 19, 10, 363, 396, 0, 0,0, 0
34, 19, 11, 363, 425, 42.8922, 51.2467,6, 5
34, 19, 12, 363, 419, 87.6006, 87.6006,10, 10
34, 19, 13, 363, 461, 123.419, 123.419,15, 15
34, 19, 14, 363, 379, 58.9288, 58.9288,7, 7
34, 19, 15, 363, 317, 208.826, 215.554,26, 25
34, 19, 16, 363, 339, 72.5511, 72.5511,9, 9
34, 19, 17, 363, 337, 190.291, 190.291,22, 22
34, 19, 18, 363, 306, 484.758, 484.758,55, 55
34, 19, 20, 363, 414, 232.528, 239.734,29, 28
34, 19, 21, 363, 309, 102.938, 111.665,12, 11
34, 19, 22, 363, 335, 57.6781, 66.5078,7, 6
34, 19, 23, 363, 440, 19.0631, 19.0631,2, 2
34, 19, 24, 363, 395, 14.1189, 14.1189,2, 2
34, 19, 25, 363, 424, 116.701, 130.668,15, 13
34, 19, 26, 363, 453, 88.7151, 118.905,15, 11
34, 19, 27, 363, 342, 62.3492, 62.3492,7, 7
34, 19, 28, 363, 379, 138.669, 154.369,18, 16
34, 19, 29, 363, 461, 80.9068, 89.0353,11, 10
34, 19, 30, 363, 396, 204.023, 236.024,28, 24
34, 19, 31, 363, 340, 87.0559, 87.0559,10, 10
34, 19, 32, 363, 447, 30.492, 30.492,4, 4
34, 19, 33, 363, 432, 88.7827, 97.9759,11, 10
34, 19, 34, 363, 332, 107.869, 114.773,14, 13
34, 19, 35, 363, 353, 23.4889, 23.4889,3, 3
34, 19, 36, 363, 386, 111.228, 125.733,15, 13
34, 19, 37, 363, 478, 29.5464, 29.5464,4, 4
34, 19, 38, 363, 424, 0, 0,0, 0
34, 19, 39, 363, 379, 6.95704, 6.95704,1, 1
34, 19, 40, 363, 391, 152.068, 158.937,18, 17
34, 19, 41, 363, 360, 133.742, 142.61,16, 15
34, 19, 42, 363, 375, 164.106, 179.818,21, 19
34, 19, 43, 363, 391, 79.8352, 79.8352,10, 10
34, 19, 44, 363, 375, 49.0486, 56.3094,6, 5
34, 19, 45, 363, 410, 7.30443, 7.30443,1, 1
34, 19, 46, 363, 410, 31.0561, 31.0561,4, 4
34, 19, 47, 363, 398, 45.7314, 60.6516,7, 5
34, 20, 1, 414, 285, 0, 0,0, 0
34, 20, 2, 414, 316, 106.054, 106.054,10, 10
34, 20, 3, 414, 242, 21.9834, 21.9834,2, 2
34, 20, 4, 414, 442, 30.1628, 30.1628,3, 3
34, 20, 5, 414, 477, 107.717, 123.448,14, 12
34, 20, 6, 414, 438, 88.1716, 102.375,12, 10
34, 20, 7, 414, 371, 714.922, 762.41,79, 73
34, 20, 8, 414, 323, 441.825, 507.414,57, 49
34, 20, 9, 414, 375, 0, 0,0, 0
34, 20, 10, 414, 396, 27.6369, 27.6369,3, 3
34, 20, 11, 414, 425, 90.8884, 99.4995,11, 10
34, 20, 12, 414, 419, 131.598, 149.524,16, 14
34, 20, 13, 414, 461, 43.1112, 50.0435,6, 5
34, 20, 14, 414, 379, 496.204, 527.183,61, 57
34, 20, 15, 414, 317, 965.865, 1071.34,111, 99
34, 20, 16, 414, 339, 45.0053, 54.0785,6, 5
34, 20, 17, 414, 337, 128.716, 138.155,16, 15
34, 20, 18, 414, 306, 332.204, 405.94,42, 33
34, 20, 19, 414, 363, 218.282, 239.733,29, 26
34, 20, 21, 414, 309, 202.772, 211.379,24, 23
34, 20, 22, 414, 335, 231.262, 245.141,25, 23
34, 20, 23, 414, 440, 94.12, 117.075,14, 11
34, 20, 24, 414, 395, 59.7767, 59.7767,8, 8
34, 20, 25, 414, 424, 1032.94, 1157.73,114, 98
34, 20, 26, 414, 453, 55.6427, 62.3926,8, 7
34, 20, 27, 414, 342, 36.0858, 44.4055,4, 3
34, 20, 28, 414, 379, 110.518, 119.865,12, 11
34, 20, 29, 414, 461, 101.839, 101.839,11, 11
34, 20, 30, 414, 396, 112.533, 112.533,14, 14
34, 20, 31, 414, 340, 85.2353, 95.4856,10, 9
34, 20, 32, 414, 447, 450.708, 490.734,56, 51
34, 20, 33, 414, 432, 79.423, 98.2122,11, 9
34, 20, 34, 414, 332, 192.66, 244.155,27, 21
34, 20, 35, 414, 353, 40.9312, 40.9312,5, 5
34, 20, 36, 414, 386, 167.966, 192.414,20, 18
34, 20, 37, 414, 478, 395.655, 452.871,50, 43
34, 20, 38, 414, 424, 32.2797, 32.2797,3, 3
34, 20, 39, 414, 379, 20.4021, 20.4021,2, 2
34, 20, 40, 414, 391, 43.3679, 50.2406,6, 5
34, 20, 41, 414, 360, 67.0813, 87.2438,10, 8
34, 20, 42, 414, 375, 105.011, 119.806,14, 12
34, 20, 43, 414, 391, 16.5375, 16.5375,2, 2
34, 20, 44, 414, 375, 77.2277, 77.2277,8, 8
34, 20, 45, 414, 410, 8.74444, 8.74444,1, 1
34, 20, 46, 414, 410, 67.6263, 67.6263,8, 8
34, 20, 47, 414, 398, 77.197, 77.197,8, 8
34, 21, 1, 309, 285, 6.89004, 6.89004,1, 1
34, 21, 2, 309, 316, 95.4001, 95.4001,10, 10
34, 21, 3, 309, 242, 28.828, 28.828,3, 3
34, 21, 4, 309, 442, 14.8523, 14.8523,2, 2
34, 21, 5, 309, 477, 77.787, 84.472,10, 9
34, 21, 6, 309, 438, 67.6677, 67.6677,8, 8
34, 21, 7, 309, 371, 133.423, 140.426,17, 16
34, 21, 8, 309, 323, 247.244, 274.821,30, 26
34, 21, 9, 309, 375, 0, 0,0, 0
34, 21, 10, 309, 396, 36.8795, 36.8795,2, 2
34, 21, 11, 309, 425, 50.7104, 50.7104,5, 5
34, 21, 12, 309, 419, 66.9266, 66.9266,8, 8
34, 21, 13, 309, 461, 87.0188, 94.2046,11, 10
34, 21, 14, 309, 379, 41.9897, 49.4538,6, 5
34, 21, 15, 309, 317, 238.398, 257.264,26, 24
34, 21, 16, 309, 339, 20.749, 20.749,2, 2
34, 21, 17, 309, 337, 47.2692, 54.778,6, 5
34, 21, 18, 309, 306, 89.553, 96.3693,11, 10
34, 21, 19, 309, 363, 95.3921, 111.665,12, 10
34, 21, 20, 309, 414, 211.379, 211.379,24, 24
34, 21, 22, 309, 335, 611.196, 636.211,68, 65
34, 21, 23, 309, 440, 171.097, 178.736,21, 20
34, 21, 24, 309, 395, 63.1002, 63.1002,8, 8
34, 21, 25, 309, 424, 152.046, 159.128,16, 15
34, 21, 26, 309, 453, 226.621, 259.231,31, 27
34, 21, 27, 309, 342, 33.1717, 33.1717,3, 3
34, 21, 28, 309, 379, 110.422, 129.963,12, 10
34, 21, 29, 309, 461, 53.062, 53.062,7, 7
34, 21, 30, 309, 396, 88.209, 96.626,10, 9
34, 21, 31, 309, 340, 53.6105, 60.6047,7, 6
34, 21, 32, 309, 447, 56.6919, 56.6919,4, 4
34, 21, 33, 309, 432, 29.3844, 44.4087,5, 3
34, 21, 34, 309, 332, 165.285, 180.085,18, 16
34, 21, 35, 309, 353, 19.421, 19.421,1, 1
34, 21, 36, 309, 386, 107.304, 116.212,13, 12
34, 21, 37, 309, 478, 34.0509, 34.0509,3, 3
34, 21, 38, 309, 424, 31.4275, 31.4275,3, 3
34, 21, 39, 309, 379, 11.3629, 11.3629,1, 1
34, 21, 40, 309, 391, 62.2064, 62.2064,6, 6
34, 21, 41, 309, 360, 77.6169, 87.0596,9, 8
34, 21, 42, 309, 375, 93.8865, 116.262,14, 11
34, 21, 43, 309, 391, 32.0001, 32.0001,4, 4
34, 21, 44, 309, 375, 174.116, 201.61,23, 19
34, 21, 45, 309, 410, 8.03111, 8.03111,1, 1
34, 21, 46, 309, 410, 115.063, 122.263,13, 12
34, 21, 47, 309, 398, 88.1896, 95.0881,9, 8
34, 22, 1, 335, 285, 16.353, 16.353,2, 2
34, 22, 2, 335, 316, 151.719, 166.268,16, 14
34, 22, 3, 335, 242, 22.4015, 22.4015,2, 2
34, 22, 4, 335, 442, 21.9587, 21.9587,2, 2
34, 22, 5, 335, 477, 96.5308, 111.123,14, 12
34, 22, 6, 335, 438, 125.858, 184.812,20, 13
34, 22, 7, 335, 371, 295.019, 308.643,35, 33
34, 22, 8, 335, 323, 114.372, 129.508,15, 13
34, 22, 9, 335, 375, 0, 0,0, 0
34, 22, 10, 335, 396, 36.9309, 36.9309,3, 3
34, 22, 11, 335, 425, 46.6107, 46.6107,5, 5
34, 22, 12, 335, 419, 90.5819, 90.5819,9, 9
34, 22, 13, 335, 461, 31.3828, 31.3828,4, 4
34, 22, 14, 335, 379, 185.521, 230.776,26, 20
34, 22, 15, 335, 317, 323.105, 323.105,34, 34
34, 22, 16, 335, 339, 64.8847, 79.3244,8, 6
34, 22, 17, 335, 337, 137.935, 187.038,18, 12
34, 22, 18, 335, 306, 132.133, 138.93,16, 15
34, 22, 19, 335, 363, 66.5078, 66.5078,7, 7
34, 22, 20, 335, 414, 224.21, 245.141,25, 22
34, 22, 21, 335, 309, 565.056, 636.211,68, 59
34, 22, 23, 335, 440, 437.344, 488.582,56, 49
34, 22, 24, 335, 395, 136.509, 186.833,21, 15
34, 22, 25, 335, 424, 304.926, 327.036,34, 31
34, 22, 26, 335, 453, 88.7815, 88.7815,11, 11
34, 22, 27, 335, 342, 44.0378, 55.2495,5, 4
34, 22, 28, 335, 379, 159.048, 159.048,14, 14
34, 22, 29, 335, 461, 37.3449, 37.3449,4, 4
34, 22, 30, 335, 396, 66.1981, 83.805,9, 7
34, 22, 31, 335, 340, 58.2944, 73.5326,9, 7
34, 22, 32, 335, 447, 57.0025, 71.5021,7, 5
34, 22, 33, 335, 432, 40.7379, 40.7379,5, 5
34, 22, 34, 335, 332, 207.361, 274.403,30, 22
34, 22, 35, 335, 353, 72.3011, 79.8152,8, 7
34, 22, 36, 335, 386, 109.495, 132.006,15, 12
34, 22, 37, 335, 478, 74.0576, 74.0576,8, 8
34, 22, 38, 335, 424, 32.1269, 32.1269,2, 2
34, 22, 39, 335, 379, 74.0847, 97.2293,9, 6
34, 22, 40, 335, 391, 35.1366, 35.1366,5, 5
34, 22, 41, 335, 360, 62.4169, 62.4169,8, 8
34, 22, 42, 335, 375, 81.9612, 97.3263,11, 9
34, 22, 43, 335, 391, 62.5361, 62.5361,7, 7
34, 22, 44, 335, 375, 161.281, 215.927,26, 19
34, 22, 45, 335, 410, 59.162, 99.5779,12, 7
34, 22, 46, 335, 410, 179.912, 195.497,23, 21
34, 22, 47, 335, 398, 269.216, 362.703,37, 26
34, 23, 1, 440, 285, 42.5579, 42.5579,5, 5
34, 23, 2, 440, 316, 43.9547, 43.9547,5, 5
34, 23, 3, 440, 242, 30.7093, 30.7093,3, 3
34, 23, 4, 440, 442, 14.6374, 14.6374,2, 2
34, 23, 5, 440, 477, 23.846, 23.846,3, 3
34, 23, 6, 440, 438, 72.7479, 80.1006,9, 8
34, 23, 7, 440, 371, 172.368, 188.234,23, 21
34, 23, 8, 440, 323, 26.4403, 33.158,4, 3
34, 23, 9, 440, 375, 29.3101, 36.5362,5, 4
34, 23, 10, 440, 396, 86.307, 93.0953,10, 9
34, 23, 11, 440, 425, 15.6179, 15.6179,2, 2
34, 23, 12, 440, 419, 37.4237, 37.4237,5, 5
34, 23, 13, 440, 461, 0, 0,0, 0
34, 23, 14, 440, 379, 279.405, 302.685,33, 30
34, 23, 15, 440, 317, 83.5195, 90.3463,10, 9
34, 23, 16, 440, 339, 56.5862, 63.5321,6, 5
34, 23, 17, 440, 337, 78.4936, 78.4936,8, 8
34, 23, 18, 440, 306, 43.6551, 43.6551,5, 5
34, 23, 19, 440, 363, 19.0633, 19.0633,2, 2
34, 23, 20, 440, 414, 117.074, 117.074,14, 14
34, 23, 21, 440, 309, 156.049, 178.735,21, 18
34, 23, 22, 440, 335, 450.146, 488.582,56, 51
34, 23, 24, 440, 395, 860.753, 962.955,102, 89
34, 23, 25, 440, 424, 176.072, 183.549,19, 18
34, 23, 26, 440, 453, 36.6491, 36.6491,5, 5
34, 23, 27, 440, 342, 10.0318, 10.0318,1, 1
34, 23, 28, 440, 379, 41.2119, 41.2119,3, 3
34, 23, 29, 440, 461, 22.2324, 22.2324,3, 3
34, 23, 30, 440, 396, 9.28691, 9.28691,1, 1
34, 23, 31, 440, 340, 0, 0,0, 0
34, 23, 32, 440, 447, 270.032, 344.073,39, 29
34, 23, 33, 440, 432, 0, 0,0, 0
34, 23, 34, 440, 332, 69.0635, 69.0635,8, 8
34, 23, 35, 440, 353, 150.12, 188.745,18, 14
34, 23, 36, 440, 386, 43.9146, 43.9146,5, 5
34, 23, 37, 440, 478, 275.325, 312.762,37, 32
34, 23, 38, 440, 424, 24.4474, 24.4474,2, 2
34, 23, 39, 440, 379, 54.5571, 76.7362,8, 5
34, 23, 40, 440, 391, 0, 0,0, 0
34, 23, 41, 440, 360, 8.36479, 8.36479,1, 1
34, 23, 42, 440, 375, 22.3842, 22.3842,3, 3
34, 23, 43, 440, 391, 7.74522, 7.74522,1, 1
34, 23, 44, 440, 375, 45.5189, 45.5189,6, 6
34, 23, 45, 440, 410, 86.3321, 100.199,13, 11
34, 23, 46, 440, 410, 79.0544, 79.0544,9, 9
34, 23, 47, 440, 398, 250.981, 282.057,31, 27
34, 24, 1, 395, 285, 52.0608, 59.1554,8, 7
34, 24, 2, 395, 316, 7.33752, 7.33752,1, 1
34, 24, 3, 395, 242, 23.242, 38.6996,3, 2
34, 24, 4, 395, 442, 0, 0,0, 0
34, 24, 5, 395, 477, 26.9841, 26.9841,3, 3
34, 24, 6, 395, 438, 85.723, 99.7017,13, 11
34, 24, 7, 395, 371, 54.1286, 54.1286,7, 7
34, 24, 8, 395, 323, 0, 0,0, 0
34, 24, 9, 395, 375, 81.2218, 94.7913,12, 10
34, 24, 10, 395, 396, 128.285, 142.982,19, 17
34, 24, 11, 395, 425, 97.9612, 97.9612,11, 11
34, 24, 12, 395, 419, 8.42814, 16.3521,2, 1
34, 24, 13, 395, 461, 0, 0,0, 0
34, 24, 14, 395, 379, 195.479, 212.215,25, 23
34, 24, 15, 395, 317, 39.7729, 46.6715,6, 5
34, 24, 16, 395, 339, 88.3503, 88.3503,11, 11
34, 24, 17, 395, 337, 55.6847, 55.6847,7, 7
34, 24, 18, 395, 306, 17.3727, 26.4657,3, 2
34, 24, 19, 395, 363, 14.1189, 14.1189,2, 2
34, 24, 20, 395, 414, 59.7765, 59.7765,8, 8
34, 24, 21, 395, 309, 55.1781, 63.1002,8, 7
34, 24, 22, 395, 335, 161.585, 186.833,21, 18
34, 24, 23, 395, 440, 823.65, 962.953,102, 85
34, 24, 25, 395, 424, 104.662, 118.282,13, 11
34, 24, 26, 395, 453, 9.41704, 17.885,2, 1
34, 24, 27, 395, 342, 21.8297, 21.8297,3, 3
34, 24, 28, 395, 379, 13.8223, 20.4963,3, 2
34, 24, 29, 395, 461, 0, 0,0, 0
34, 24, 30, 395, 396, 10.1265, 10.1265,1, 1
34, 24, 31, 395, 340, 7.11261, 7.11261,1, 1
34, 24, 32, 395, 447, 200.143, 269.949,31, 23
34, 24, 33, 395, 432, 37.8735, 37.8735,5, 5
34, 24, 34, 395, 332, 81.9998, 115.814,13, 9
34, 24, 35, 395, 353, 161.824, 183.864,20, 17
34, 24, 36, 395, 386, 31.066, 37.7578,5, 4
34, 24, 37, 395, 478, 205.342, 238.242,29, 25
34, 24, 38, 395, 424, 50.9477, 50.9477,6, 6
34, 24, 39, 395, 379, 117.574, 133.254,15, 13
34, 24, 40, 395, 391, 0, 0,0, 0
34, 24, 41, 395, 360, 0, 0,0, 0
34, 24, 42, 395, 375, 15.3782, 23.6292,3, 2
34, 24, 43, 395, 391, 43.2994, 43.2994,6, 6
34, 24, 44, 395, 375, 40.0993, 54.6885,7, 5
34, 24, 45, 395, 410, 150.226, 150.226,18, 18
34, 24, 46, 395, 410, 54.8365, 54.8365,7, 7
34, 24, 47, 395, 398, 185.631, 203.495,25, 23
34, 25, 1, 424, 285, 72.2761, 79.1388,10, 9
34, 25, 2, 424, 316, 142.305, 177.794,18, 13
34, 25, 3, 424, 242, 59.6047, 59.6047,7, 7
34, 25, 4, 424, 442, 25.124, 25.124,3, 3
34, 25, 5, 424, 477, 78.6543, 95.2432,12, 10
34, 25, 6, 424, 438, 92.3373, 116.636,11, 9
34, 25, 7, 424, 371, 956.134, 1039.36,104, 94
34, 25, 8, 424, 323, 171.293, 199.319,22, 19
34, 25, 9, 424, 375, 0, 0,0, 0
34, 25, 10, 424, 396, 34.0956, 34.0956,2, 2
34, 25, 11, 424, 425, 110.644, 147.91,14, 10
34, 25, 12, 424, 419, 130.373, 159.872,18, 15
34, 25, 13, 424, 461, 67.4939, 67.4939,8, 8
34, 25, 14, 424, 379, 795.047, 828.201,81, 77
34, 25, 15, 424, 317, 540.781, 604.248,62, 55
34, 25, 16, 424, 339, 78.8921, 86.1885,10, 9
34, 25, 17, 424, 337, 257.14, 279.871,30, 27
34, 25, 18, 424, 306, 188.093, 204.996,22, 20
34, 25, 19, 424, 363, 107.635, 130.669,15, 12
34, 25, 20, 424, 414, 1067.49, 1157.73,114, 104
34, 25, 21, 424, 309, 148.571, 159.128,16, 15
34, 25, 22, 424, 335, 289.056, 327.035,34, 29
34, 25, 23, 424, 440, 161.453, 183.549,19, 16
34, 25, 24, 424, 395, 106.744, 118.282,13, 12
34, 25, 26, 424, 453, 45.5185, 45.5185,6, 6
34, 25, 27, 424, 342, 95.1028, 95.1028,11, 11
34, 25, 28, 424, 379, 184.253, 213.222,20, 17
34, 25, 29, 424, 461, 71.3712, 71.3712,8, 8
34, 25, 30, 424, 396, 61.4289, 68.1573,9, 8
34, 25, 31, 424, 340, 142.542, 156.484,18, 16
34, 25, 32, 424, 447, 797.947, 862.601,91, 84
34, 25, 33, 424, 432, 57.9406, 95.4264,10, 6
34, 25, 34, 424, 332, 186.132, 220.314,23, 19
34, 25, 35, 424, 353, 124.134, 142.44,15, 13
34, 25, 36, 424, 386, 132.657, 141.834,17, 16
34, 25, 37, 424, 478, 726.672, 805.126,82, 73
34, 25, 38, 424, 424, 24.5656, 24.5656,2, 2
34, 25, 39, 424, 379, 71.4211, 85.98,10, 8
34, 25, 40, 424, 391, 37.1971, 37.1971,5, 5
34, 25, 41, 424, 360, 53.1085, 73.8673,7, 5
34, 25, 42, 424, 375, 91.3066, 124.934,15, 11
34, 25, 43, 424, 391, 48.6214, 48.6214,6, 6
34, 25, 44, 424, 375, 59.437, 75.7148,9, 7
34, 25, 45, 424, 410, 15.2783, 15.2783,2, 2
34, 25, 46, 424, 410, 60.8627, 68.5199,9, 8
34, 25, 47, 424, 398, 94.3698, 118.608,10, 8
34, 26, 1, 453, 285, 7.51981, 7.51981,1, 1
34, 26, 2, 453, 316, 21.721, 21.721,3, 3
34, 26, 3, 453, 242, 18.0655, 18.0655,2, 2
34, 26, 4, 453, 442, 7.11094, 7.11094,1, 1
34, 26, 5, 453, 477, 57.5823, 57.5823,7, 7
34, 26, 6, 453, 438, 25.9689, 25.9689,3, 3
34, 26, 7, 453, 371, 56.0744, 56.0744,7, 7
34, 26, 8, 453, 323, 117.24, 145.385,19, 15
34, 26, 9, 453, 375, 0, 0,0, 0
34, 26, 10, 453, 396, 9.17512, 9.17512,1, 1
34, 26, 11, 453, 425, 7.22812, 7.22812,1, 1
34, 26, 12, 453, 419, 52.6336, 59.9059,7, 6
34, 26, 13, 453, 461, 41.9913, 50.2048,6, 5
34, 26, 14, 453, 379, 36.6624, 36.6624,4, 4
34, 26, 15, 453, 317, 45.1078, 45.1078,5, 5
34, 26, 16, 453, 339, 14.7053, 14.7053,2, 2
34, 26, 17, 453, 337, 23.9789, 23.9789,3, 3
34, 26, 18, 453, 306, 35.0559, 35.0559,4, 4
34, 26, 19, 453, 363, 104.541, 118.905,15, 13
34, 26, 20, 453, 414, 55.3002, 62.3926,8, 7
34, 26, 21, 453, 309, 220.441, 259.231,31, 26
34, 26, 22, 453, 335, 80.8935, 88.7817,11, 10
34, 26, 23, 453, 440, 36.6492, 36.6492,5, 5
34, 26, 24, 453, 395, 17.8849, 17.8849,2, 2
34, 26, 25, 453, 424, 38.4, 45.5187,6, 5
34, 26, 27, 453, 342, 7.23522, 7.23522,1, 1
34, 26, 28, 453, 379, 38.2312, 38.2312,5, 5
34, 26, 29, 453, 461, 37.7544, 37.7544,5, 5
34, 26, 30, 453, 396, 23.8146, 23.8146,3, 3
34, 26, 31, 453, 340, 22.7296, 29.6329,4, 3
34, 26, 32, 453, 447, 34.5096, 34.5096,4, 4
34, 26, 33, 453, 432, 13.5146, 13.5146,2, 2
34, 26, 34, 453, 332, 57.3619, 71.1366,8, 6
34, 26, 35, 453, 353, 22.6867, 22.6867,3, 3
34, 26, 36, 453, 386, 31.7506, 38.5932,5, 4
34, 26, 37, 453, 478, 17.648, 17.648,2, 2
34, 26, 38, 453, 424, 8.19884, 8.19884,1, 1
34, 26, 39, 453, 379, 0, 0,0, 0
34, 26, 40, 453, 391, 29.7675, 29.7675,4, 4
34, 26, 41, 453, 360, 62.2833, 62.2833,8, 8
34, 26, 42, 453, 375, 32.0307, 32.0307,4, 4
34, 26, 43, 453, 391, 10.7875, 10.7875,1, 1
34, 26, 44, 453, 375, 91.6783, 107.934,12, 10
34, 26, 45, 453, 410, 6.6861, 6.6861,1, 1
34, 26, 46, 453, 410, 86.246, 86.246,11, 11
34, 26, 47, 453, 398, 52.4287, 59.1989,7, 6
34, 27, 1, 342, 285, 88.7037, 125.341,16, 11
34, 27, 2, 342, 316, 208.768, 240.294,27, 23
34, 27, 3, 342, 242, 94.0052, 108.783,12, 10
34, 27, 4, 342, 442, 26.4574, 26.4574,3, 3
34, 27, 5, 342, 477, 18.0673, 18.0673,2, 2
34, 27, 6, 342, 438, 26.707, 26.707,3, 3
34, 27, 7, 342, 371, 71.1022, 79.8991,8, 7
34, 27, 8, 342, 323, 39.5889, 39.5889,5, 5
34, 27, 9, 342, 375, 25.3374, 25.3374,3, 3
34, 27, 10, 342, 396, 34.6974, 34.6974,4, 4
34, 27, 11, 342, 425, 52.2231, 52.2231,6, 6
34, 27, 12, 342, 419, 74.3799, 74.3799,7, 7
34, 27, 13, 342, 461, 23.2183, 23.2183,3, 3
34, 27, 14, 342, 379, 62.1605, 62.1605,6, 6
34, 27, 15, 342, 317, 24.7769, 24.7769,3, 3
34, 27, 16, 342, 339, 94.034, 101.819,12, 11
34, 27, 17, 342, 337, 47.4432, 47.4432,5, 5
34, 27, 18, 342, 306, 59.0217, 66.0269,8, 7
34, 27, 19, 342, 363, 62.35, 62.35,7, 7
34, 27, 20, 342, 414, 44.4055, 44.4055,4, 4
34, 27, 21, 342, 309, 33.172, 33.172,3, 3
34, 27, 22, 342, 335, 55.2486, 55.2486,5, 5
34, 27, 23, 342, 440, 10.0318, 10.0318,1, 1
34, 27, 24, 342, 395, 21.8296, 21.8296,3, 3
34, 27, 25, 342, 424, 87.6622, 95.103,11, 10
34, 27, 26, 342, 453, 7.23522, 7.23522,1, 1
34, 27, 28, 342, 379, 1068.93, 1163.54,111, 101
34, 27, 29, 342, 461, 65.1724, 65.1724,7, 7
34, 27, 30, 342, 396, 279.924, 299.695,33, 31
34, 27, 31, 342, 340, 901.106, 1050.28,103, 87
34, 27, 32, 342, 447, 46.0555, 46.0555,5, 5
34, 27, 33, 342, 432, 41.9099, 41.9099,5, 5
34, 27, 34, 342, 332, 65.0625, 65.0625,7, 7
34, 27, 35, 342, 353, 18.4063, 18.4063,2, 2
34, 27, 36, 342, 386, 44.1306, 52.1822,5, 4
34, 27, 37, 342, 478, 36.3153, 36.3153,4, 4
34, 27, 38, 342, 424, 47.4034, 61.7495,5, 3
34, 27, 39, 342, 379, 57.5568, 64.6308,8, 7
34, 27, 40, 342, 391, 7.6038, 7.6038,1, 1
34, 27, 41, 342, 360, 48.5241, 48.5241,6, 6
34, 27, 42, 342, 375, 35.6621, 35.6621,4, 4
34, 27, 43, 342, 391, 92.5704, 92.5704,11, 11
34, 27, 44, 342, 375, 20.6521, 20.6521,2, 2
34, 27, 45, 342, 410, 0, 0,0, 0
34, 27, 46, 342, 410, 27.2026, 27.2026,3, 3
34, 27, 47, 342, 398, 30.544, 30.544,3, 3
34, 28, 1, 379, 285, 58.391, 66.8057,8, 7
34, 28, 2, 379, 316, 313.617, 410.799,42, 32
34, 28, 3, 379, 242, 133.239, 160.181,19, 16
34, 28, 4, 379, 442, 25.8331, 42.7091,5, 3
34, 28, 5, 379, 477, 58.6445, 66.6104,8, 7
34, 28, 6, 379, 438, 73.3211, 90.6277,9, 7
34, 28, 7, 379, 371, 186.442, 238.707,25, 19
34, 28, 8, 379, 323, 117.145, 142.387,16, 13
34, 28, 9, 379, 375, 8.70167, 16.9069,2, 1
34, 28, 10, 379, 396, 75.5825, 110.95,10, 7
34, 28, 11, 379, 425, 152.76, 176.195,19, 16
34, 28, 12, 379, 419, 118.727, 136.57,13, 11
34, 28, 13, 379, 461, 30.526, 30.526,3, 3
34, 28, 14, 379, 379, 80.2634, 106.084,11, 8
34, 28, 15, 379, 317, 86.0233, 113.09,10, 8
34, 28, 16, 379, 339, 72.459, 119.35,12, 7
34, 28, 17, 379, 337, 116.722, 155.7,12, 10
34, 28, 18, 379, 306, 152.054, 215.086,26, 18
34, 28, 19, 379, 363, 130.967, 154.369,18, 15
34, 28, 20, 379, 414, 98.3284, 119.865,12, 10
34, 28, 21, 379, 309, 83.7423, 129.963,12, 7
34, 28, 22, 379, 335, 116.504, 159.049,14, 11
34, 28, 23, 379, 440, 26.5802, 41.2123,3, 2
34, 28, 24, 379, 395, 20.4963, 20.4963,3, 3
34, 28, 25, 379, 424, 182.265, 213.222,20, 17
34, 28, 26, 379, 453, 38.2312, 38.2312,5, 5
34, 28, 27, 379, 342, 1036.79, 1163.54,111, 97
34, 28, 29, 379, 461, 86.8544, 106.436,12, 10
34, 28, 30, 379, 396, 448.685, 505.409,54, 48
34, 28, 31, 379, 340, 1102.22, 1230.02,118, 102
34, 28, 32, 379, 447, 45.5642, 76.0134,7, 4
34, 28, 33, 379, 432, 116.914, 125.039,13, 12
34, 28, 34, 379, 332, 73.6859, 91.818,10, 8
34, 28, 35, 379, 353, 74.8511, 100.165,9, 7
34, 28, 36, 379, 386, 141.688, 202.784,20, 13
34, 28, 37, 379, 478, 48.8513, 77.8466,8, 5
34, 28, 38, 379, 424, 43.224, 72.0514,5, 3
34, 28, 39, 379, 379, 23.6424, 45.9444,2, 1
34, 28, 40, 379, 391, 14.6012, 14.6012,2, 2
34, 28, 41, 379, 360, 80.1172, 88.3083,9, 8
34, 28, 42, 379, 375, 112.655, 152.546,18, 13
34, 28, 43, 379, 391, 105.717, 120.707,15, 13
34, 28, 44, 379, 375, 45.0604, 53.2537,6, 5
34, 28, 45, 379, 410, 0, 0,0, 0
34, 28, 46, 379, 410, 38.6167, 50.0912,5, 4
34, 28, 47, 379, 398, 87.7705, 149.292,15, 8
34, 29, 1, 461, 285, 0, 0,0, 0
34, 29, 2, 461, 316, 63.8947, 81.2541,10, 8
34, 29, 3, 461, 242, 16.1009, 24.5322,3, 2
34, 29, 4, 461, 442, 28.8197, 42.7928,6, 4
34, 29, 5, 461, 477, 78.3409, 102.816,9, 7
34, 29, 6, 461, 438, 137.132, 231.538,28, 16
34, 29, 7, 461, 371, 49.9427, 63.364,6, 5
34, 29, 8, 461, 323, 68.3239, 85.1669,10, 8
34, 29, 9, 461, 375, 86.6869, 110.624,13, 10
34, 29, 10, 461, 396, 88.3348, 136.982,16, 10
34, 29, 11, 461, 425, 190.093, 252.669,28, 20
34, 29, 12, 461, 419, 133.847, 189.16,17, 13
34, 29, 13, 461, 461, 96.8183, 96.8183,11, 11
34, 29, 14, 461, 379, 25.6968, 34.8351,4, 3
34, 29, 15, 461, 317, 30.4627, 46.2808,6, 4
34, 29, 16, 461, 339, 16.2192, 31.1667,4, 2
34, 29, 17, 461, 337, 18.6543, 27.544,3, 2
34, 29, 18, 461, 306, 45.9123, 45.9123,5, 5
34, 29, 19, 461, 363, 81.6893, 89.0354,11, 10
34, 29, 20, 461, 414, 64.3027, 101.839,11, 7
34, 29, 21, 461, 309, 45.9676, 53.0622,7, 6
34, 29, 22, 461, 335, 28.0011, 37.3451,4, 3
34, 29, 23, 461, 440, 15.3137, 22.2325,3, 2
34, 29, 24, 461, 395, 0, 0,0, 0
34, 29, 25, 461, 424, 48.2726, 71.3708,8, 5
34, 29, 26, 461, 453, 23.6303, 37.7544,5, 3
34, 29, 27, 461, 342, 51.3008, 65.1723,7, 6
34, 29, 28, 461, 379, 86.4941, 106.436,12, 10
34, 29, 30, 461, 396, 170.529, 184.565,21, 20
34, 29, 31, 461, 340, 73.2631, 87.9217,11, 9
34, 29, 32, 461, 447, 17.66, 26.9154,3, 2
34, 29, 33, 461, 432, 916.502, 1081.64,115, 94
34, 29, 34, 461, 332, 72.1447, 87.7215,11, 9
34, 29, 35, 461, 353, 16.8308, 31.1997,4, 2
34, 29, 36, 461, 386, 89.5351, 105.595,11, 10
34, 29, 37, 461, 478, 18.2576, 27.4732,3, 2
34, 29, 38, 461, 424, 351.116, 465.465,56, 41
34, 29, 39, 461, 379, 93.3095, 139.327,17, 11
34, 29, 40, 461, 391, 279.885, 302.532,34, 31
34, 29, 41, 461, 360, 286.74, 313.965,35, 32
34, 29, 42, 461, 375, 305.593, 425.877,47, 32
34, 29, 43, 461, 391, 201.911, 255.266,30, 23
34, 29, 44, 461, 375, 63.6915, 78.8776,8, 7
34, 29, 45, 461, 410, 54.4068, 83.2991,11, 7
34, 29, 46, 461, 410, 44.2681, 69.6541,8, 5
34, 29, 47, 461, 398, 75.0786, 109.021,13, 9
34, 30, 1, 396, 285, 23.4954, 23.4954,3, 3
34, 30, 2, 396, 316, 181.662, 190.796,23, 22
34, 30, 3, 396, 242, 64.2042, 64.2042,8, 8
34, 30, 4, 396, 442, 21.5746, 21.5746,3, 3
34, 30, 5, 396, 477, 84.871, 84.871,10, 10
34, 30, 6, 396, 438, 31.3705, 31.3705,4, 4
34, 30, 7, 396, 371, 70.6973, 70.6973,7, 7
34, 30, 8, 396, 323, 104.349, 119.097,12, 11
34, 30, 9, 396, 375, 0, 0,0, 0
34, 30, 10, 396, 396, 13.8431, 13.8431,2, 2
34, 30, 11, 396, 425, 53.5506, 53.5506,6, 6
34, 30, 12, 396, 419, 86.4125, 86.4125,10, 10
34, 30, 13, 396, 461, 68.4588, 77.2381,9, 8
34, 30, 14, 396, 379, 24.6786, 31.6622,4, 3
34, 30, 15, 396, 317, 81.4023, 81.4023,8, 8
34, 30, 16, 396, 339, 29.3215, 36.2011,5, 4
34, 30, 17, 396, 337, 67.6382, 75.8576,9, 8
34, 30, 18, 396, 306, 100.223, 122.434,16, 13
34, 30, 19, 396, 363, 227.85, 236.024,28, 27
34, 30, 20, 396, 414, 98.1625, 112.533,14, 12
34, 30, 21, 396, 309, 87.3792, 96.6263,10, 9
34, 30, 22, 396, 335, 73.0222, 83.8044,9, 8
34, 30, 23, 396, 440, 9.28681, 9.28681,1, 1
34, 30, 24, 396, 395, 10.1263, 10.1263,1, 1
34, 30, 25, 396, 424, 54.0074, 68.1573,9, 7
34, 30, 26, 396, 453, 23.8147, 23.8147,3, 3
34, 30, 27, 396, 342, 276.636, 299.695,33, 30
34, 30, 28, 396, 379, 444.273, 505.409,54, 47
34, 30, 29, 396, 461, 170.862, 184.565,21, 19
34, 30, 31, 396, 340, 457.19, 472.715,50, 48
34, 30, 32, 396, 447, 9.42778, 9.42778,1, 1
34, 30, 33, 396, 432, 114.521, 114.521,14, 14
34, 30, 34, 396, 332, 58.7886, 66.827,9, 8
34, 30, 35, 396, 353, 0, 0,0, 0
34, 30, 36, 396, 386, 87.6553, 95.4018,12, 11
34, 30, 37, 396, 478, 23.2724, 23.2724,3, 3
34, 30, 38, 396, 424, 59.8527, 59.8527,7, 7
34, 30, 39, 396, 379, 22.2349, 22.2349,3, 3
34, 30, 40, 396, 391, 133.49, 148.499,17, 15
34, 30, 41, 396, 360, 128.272, 136.138,15, 14
34, 30, 42, 396, 375, 132.252, 138.986,18, 17
34, 30, 43, 396, 391, 73.324, 73.324,9, 9
34, 30, 44, 396, 375, 55.9494, 64.9561,7, 6
34, 30, 45, 396, 410, 0, 0,0, 0
34, 30, 46, 396, 410, 45.8315, 52.5365,7, 6
34, 30, 47, 396, 398, 30.2351, 30.2351,4, 4
34, 31, 1, 340, 285, 98.4756, 123.878,16, 13
34, 31, 2, 340, 316, 268.691, 315.474,36, 30
34, 31, 3, 340, 242, 82.8961, 104.202,13, 10
34, 31, 4, 340, 442, 8.71272, 8.71272,1, 1
34, 31, 5, 340, 477, 40.2068, 49.4768,6, 5
34, 31, 6, 340, 438, 39.2369, 46.6386,6, 5
34, 31, 7, 340, 371, 145.61, 169.371,19, 16
34, 31, 8, 340, 323, 65.0643, 65.0643,8, 8
34, 31, 9, 340, 375, 14.4825, 14.4825,2, 2
34, 31, 10, 340, 396, 8.92218, 17.3306,2, 1
34, 31, 11, 340, 425, 118.952, 118.952,14, 14
34, 31, 12, 340, 419, 33.2025, 33.2025,4, 4
34, 31, 13, 340, 461, 52.1112, 52.1112,5, 5
34, 31, 14, 340, 379, 35.5796, 35.5796,4, 4
34, 31, 15, 340, 317, 72.9106, 81.0072,9, 8
34, 31, 16, 340, 339, 62.4375, 76.6483,10, 8
34, 31, 17, 340, 337, 119.1, 125.935,15, 14
34, 31, 18, 340, 306, 123.909, 141.699,14, 12
34, 31, 19, 340, 363, 87.056, 87.056,10, 10
34, 31, 20, 340, 414, 84.8332, 95.4858,10, 9
34, 31, 21, 340, 309, 52.0469, 60.604,7, 6
34, 31, 22, 340, 335, 58.2943, 73.5326,9, 7
34, 31, 23, 340, 440, 0, 0,0, 0
34, 31, 24, 340, 395, 7.11268, 7.11268,1, 1
34, 31, 25, 340, 424, 135.266, 156.484,18, 15
34, 31, 26, 340, 453, 29.6328, 29.6328,4, 4
34, 31, 27, 340, 342, 958.03, 1050.28,103, 92
34, 31, 28, 340, 379, 1110.58, 1230.01,118, 104
34, 31, 29, 340, 461, 81.1951, 87.9217,11, 10
34, 31, 30, 340, 396, 426.603, 472.716,50, 45
34, 31, 32, 340, 447, 0, 0,0, 0
34, 31, 33, 340, 432, 90.967, 90.967,11, 11
34, 31, 34, 340, 332, 80.0944, 80.0944,10, 10
34, 31, 35, 340, 353, 7.43203, 14.6189,2, 1
34, 31, 36, 340, 386, 77.0519, 84.0711,10, 9
34, 31, 37, 340, 478, 14.1108, 14.1108,2, 2
34, 31, 38, 340, 424, 29.5253, 29.5253,4, 4
34, 31, 39, 340, 379, 35.8007, 35.8007,5, 5
34, 31, 40, 340, 391, 62.6646, 62.6646,6, 6
34, 31, 41, 340, 360, 32.7306, 32.7306,4, 4
34, 31, 42, 340, 375, 99.0892, 113.708,13, 11
34, 31, 43, 340, 391, 93.7175, 93.7175,11, 11
34, 31, 44, 340, 375, 34.1092, 44.2467,4, 3
34, 31, 45, 340, 410, 0, 0,0, 0
34, 31, 46, 340, 410, 22.6975, 22.6975,3, 3
34, 31, 47, 340, 398, 42.6024, 42.6024,5, 5
34, 32, 1, 447, 285, 46.0202, 61.2346,8, 6
34, 32, 2, 447, 316, 52.4876, 92.2458,9, 5
34, 32, 3, 447, 242, 83.1046, 128.815,13, 8
34, 32, 4, 447, 442, 23.2267, 49.5139,5, 2
34, 32, 5, 447, 477, 25.2205, 25.2205,3, 3
34, 32, 6, 447, 438, 58.6925, 115.245,15, 7
34, 32, 7, 447, 371, 419.192, 455.085,52, 48
34, 32, 8, 447, 323, 77.2606, 77.2606,10, 10
34, 32, 9, 447, 375, 22.6449, 22.6449,3, 3
34, 32, 10, 447, 396, 61.2785, 133.312,13, 5
34, 32, 11, 447, 425, 30.3008, 51.9347,7, 4
34, 32, 12, 447, 419, 49.2238, 55.9372,7, 6
34, 32, 13, 447, 461, 7.07919, 7.07919,1, 1
34, 32, 14, 447, 379, 847.679, 1017.86,96, 79
34, 32, 15, 447, 317, 331.098, 377.232,42, 37
34, 32, 16, 447, 339, 250.652, 312.343,32, 25
34, 32, 17, 447, 337, 169.89, 189.802,21, 19
34, 32, 18, 447, 306, 77.2152, 86.9898,10, 9
34, 32, 19, 447, 363, 30.4919, 30.4919,4, 4
34, 32, 20, 447, 414, 425.43, 490.733,56, 48
34, 32, 21, 447, 309, 37.8814, 56.6914,4, 3
34, 32, 22, 447, 335, 51.0029, 71.5026,7, 5
34, 32, 23, 447, 440, 236.822, 344.071,39, 26
34, 32, 24, 447, 395, 180.757, 269.948,31, 20
34, 32, 25, 447, 424, 745.95, 862.601,91, 78
34, 32, 26, 447, 453, 26.2192, 34.5096,4, 3
34, 32, 27, 447, 342, 29.5007, 46.055,5, 3
34, 32, 28, 447, 379, 37.3294, 76.0139,7, 3
34, 32, 29, 447, 461, 19.7601, 26.9155,3, 2
34, 32, 30, 447, 396, 9.42801, 9.42801,1, 1
34, 32, 31, 447, 340, 0, 0,0, 0
34, 32, 33, 447, 432, 0, 0,0, 0
34, 32, 34, 447, 332, 98.5809, 120.669,13, 11
34, 32, 35, 447, 353, 194.639, 229.94,26, 22
34, 32, 36, 447, 386, 42.223, 70.4136,9, 5
34, 32, 37, 447, 478, 8642.03, 9288.52,352, 287
34, 32, 38, 447, 424, 32.7752, 77.0965,8, 3
34, 32, 39, 447, 379, 56.5163, 73.803,9, 7
34, 32, 40, 447, 391, 0, 0,0, 0
34, 32, 41, 447, 360, 0, 0,0, 0
34, 32, 42, 447, 375, 14.997, 21.8056,3, 2
34, 32, 43, 447, 391, 19.6451, 19.6451,2, 2
34, 32, 44, 447, 375, 47.8196, 58.0592,6, 5
34, 32, 45, 447, 410, 70.9753, 101.159,13, 9
34, 32, 46, 447, 410, 67.2152, 88.5855,12, 9
34, 32, 47, 447, 398, 73.9256, 121.849,15, 9
34, 33, 1, 432, 285, 0, 0,0, 0
34, 33, 2, 432, 316, 50.987, 74.5171,9, 6
34, 33, 3, 432, 242, 16.9608, 16.9608,2, 2
34, 33, 4, 432, 442, 0, 0,0, 0
34, 33, 5, 432, 477, 54.888, 69.7987,8, 6
34, 33, 6, 432, 438, 286.078, 641.389,79, 33
34, 33, 7, 432, 371, 66.7258, 85.8669,10, 8
34, 33, 8, 432, 323, 66.1446, 77.0832,9, 8
34, 33, 9, 432, 375, 409.143, 890.739,104, 44
34, 33, 10, 432, 396, 416.145, 871.039,100, 43
34, 33, 11, 432, 425, 380.266, 753.206,88, 41
34, 33, 12, 432, 419, 144.175, 171.647,17, 14
34, 33, 13, 432, 461, 76.7014, 83.4385,10, 9
34, 33, 14, 432, 379, 0, 0,0, 0
34, 33, 15, 432, 317, 83.0397, 90.1265,10, 9
34, 33, 16, 432, 339, 0, 0,0, 0
34, 33, 17, 432, 337, 33.34, 40.2494,5, 4
34, 33, 18, 432, 306, 27.8239, 27.8239,3, 3
34, 33, 19, 432, 363, 82.8605, 97.9761,11, 9
34, 33, 20, 432, 414, 98.2121, 98.2121,11, 11
34, 33, 21, 432, 309, 44.4084, 44.4084,5, 5
34, 33, 22, 432, 335, 40.7377, 40.7377,5, 5
34, 33, 23, 432, 440, 0, 0,0, 0
34, 33, 24, 432, 395, 23.1153, 37.8736,5, 3
34, 33, 25, 432, 424, 72.8666, 95.4264,10, 8
34, 33, 26, 432, 453, 13.5146, 13.5146,2, 2
34, 33, 27, 432, 342, 41.9099, 41.9099,5, 5
34, 33, 28, 432, 379, 103.86, 125.039,13, 11
34, 33, 29, 432, 461, 850.356, 1081.65,115, 86
34, 33, 30, 432, 396, 107.296, 114.521,14, 13
34, 33, 31, 432, 340, 90.967, 90.967,11, 11
34, 33, 32, 432, 447, 0, 0,0, 0
34, 33, 34, 432, 332, 86.7735, 86.7735,9, 9
34, 33, 35, 432, 353, 135.994, 231.506,30, 17
34, 33, 36, 432, 386, 106.198, 120.923,14, 12
34, 33, 37, 432, 478, 0, 0,0, 0
34, 33, 38, 432, 424, 1204.79, 2139.08,242, 124
34, 33, 39, 432, 379, 461.709, 898.165,102, 47
34, 33, 40, 432, 391, 94.3525, 94.3525,11, 11
34, 33, 41, 432, 360, 222.555, 251.419,27, 24
34, 33, 42, 432, 375, 334.027, 387.871,45, 38
34, 33, 43, 432, 391, 812.781, 1497.13,169, 83
34, 33, 44, 432, 375, 38.5848, 38.5848,4, 4
34, 33, 45, 432, 410, 331.383, 650.842,78, 37
34, 33, 46, 432, 410, 40.8384, 40.8384,5, 5
34, 33, 47, 432, 398, 136.819, 269.393,33, 16
34, 34, 1, 332, 285, 15.3129, 22.1366,3, 2
34, 34, 2, 332, 316, 91.6255, 91.6255,10, 10
34, 34, 3, 332, 242, 77.1388, 93.9309,9, 7
34, 34, 4, 332, 442, 33.7201, 33.7201,4, 4
34, 34, 5, 332, 477, 84.9674, 95.7678,11, 10
34, 34, 6, 332, 438, 157.3, 180.25,21, 18
34, 34, 7, 332, 371, 174.685, 174.685,19, 19
34, 34, 8, 332, 323, 110.54, 110.54,11, 11
34, 34, 9, 332, 375, 7.02413, 7.02413,1, 1
34, 34, 10, 332, 396, 84.7035, 108.918,12, 9
34, 34, 11, 332, 425, 281.826, 281.826,29, 29
34, 34, 12, 332, 419, 311.147, 341.531,40, 36
34, 34, 13, 332, 461, 116.189, 125.951,15, 14
34, 34, 14, 332, 379, 90.3398, 97.8117,11, 10
34, 34, 15, 332, 317, 217.072, 259.338,28, 23
34, 34, 16, 332, 339, 72.3059, 97.9299,11, 8
34, 34, 17, 332, 337, 177.881, 202.281,23, 20
34, 34, 18, 332, 306, 231.643, 249.282,26, 24
34, 34, 19, 332, 363, 106.291, 114.774,14, 13
34, 34, 20, 332, 414, 244.156, 244.156,27, 27
34, 34, 21, 332, 309, 169.577, 180.084,18, 17
34, 34, 22, 332, 335, 228.394, 274.402,30, 24
34, 34, 23, 332, 440, 52.7061, 69.0634,8, 6
34, 34, 24, 332, 395, 87.0136, 115.813,13, 9
34, 34, 25, 332, 424, 205.08, 220.314,23, 21
34, 34, 26, 332, 453, 61.2748, 71.1363,8, 7
34, 34, 27, 332, 342, 65.0624, 65.0624,7, 7
34, 34, 28, 332, 379, 77.3535, 91.8178,10, 8
34, 34, 29, 332, 461, 87.7216, 87.7216,11, 11
34, 34, 30, 332, 396, 66.827, 66.827,9, 9
34, 34, 31, 332, 340, 80.0945, 80.0945,10, 10
34, 34, 32, 332, 447, 93.3967, 120.668,13, 10
34, 34, 33, 332, 432, 86.7737, 86.7737,9, 9
34, 34, 35, 332, 353, 310.103, 354.562,41, 35
34, 34, 36, 332, 386, 485.544, 572.054,67, 56
34, 34, 37, 332, 478, 87.2024, 94.8698,12, 11
34, 34, 38, 332, 424, 44.8753, 53.0742,5, 4
34, 34, 39, 332, 379, 245.16, 276.355,33, 29
34, 34, 40, 332, 391, 71.9121, 71.9121,8, 8
34, 34, 41, 332, 360, 115.464, 115.464,14, 14
34, 34, 42, 332, 375, 131.751, 141.481,15, 14
34, 34, 43, 332, 391, 63.0893, 63.0893,7, 7
34, 34, 44, 332, 375, 175.94, 201.775,24, 21
34, 34, 45, 332, 410, 58.1087, 66.4273,8, 7
34, 34, 46, 332, 410, 193.008, 200.754,24, 23
34, 34, 47, 332, 398, 114.748, 139.089,15, 12
34, 35, 1, 353, 285, 32.8268, 32.8268,4, 4
34, 35, 2, 353, 316, 47.4118, 47.4118,5, 5
34, 35, 3, 353, 242, 42.5432, 42.5432,5, 5
34, 35, 4, 353, 442, 15.8409, 15.8409,2, 2
34, 35, 5, 353, 477, 6.69863, 6.69863,1, 1
34, 35, 6, 353, 438, 213.49, 266.964,30, 23
34, 35, 7, 353, 371, 77.7958, 77.7958,9, 9
34, 35, 8, 353, 323, 18.2394, 18.2394,2, 2
34, 35, 9, 353, 375, 323.257, 417.146,51, 38
34, 35, 10, 353, 396, 432.856, 589.404,65, 46
34, 35, 11, 353, 425, 352.528, 512.092,58, 38
34, 35, 12, 353, 419, 49.5782, 56.6532,7, 6
34, 35, 13, 353, 461, 8.58336, 8.58336,1, 1
34, 35, 14, 353, 379, 129.768, 129.768,15, 15
34, 35, 15, 353, 317, 57.9238, 64.7678,7, 6
34, 35, 16, 353, 339, 155.974, 155.974,17, 17
34, 35, 17, 353, 337, 94.6057, 105.292,10, 9
34, 35, 18, 353, 306, 103.017, 103.017,12, 12
34, 35, 19, 353, 363, 23.4889, 23.4889,3, 3
34, 35, 20, 353, 414, 40.9314, 40.9314,5, 5
34, 35, 21, 353, 309, 19.4208, 19.4208,1, 1
34, 35, 22, 353, 335, 79.8157, 79.8157,8, 8
34, 35, 23, 353, 440, 166.322, 188.748,18, 15
34, 35, 24, 353, 395, 133.892, 183.864,20, 14
34, 35, 25, 353, 424, 127.836, 142.434,15, 13
34, 35, 26, 353, 453, 22.6867, 22.6867,3, 3
34, 35, 27, 353, 342, 18.4061, 18.4061,2, 2
34, 35, 28, 353, 379, 100.165, 100.165,9, 9
34, 35, 29, 353, 461, 31.1996, 31.1996,4, 4
34, 35, 30, 353, 396, 0, 0,0, 0
34, 35, 31, 353, 340, 14.6189, 14.6189,2, 2
34, 35, 32, 353, 447, 198.453, 229.939,26, 22
34, 35, 33, 353, 432, 203.628, 231.505,30, 26
34, 35, 34, 353, 332, 314.383, 354.562,41, 36
34, 35, 36, 353, 386, 132.38, 169.623,21, 16
34, 35, 37, 353, 478, 89.2633, 96.873,10, 9
34, 35, 38, 353, 424, 357.313, 463.368,52, 38
34, 35, 39, 353, 379, 617.836, 799.453,87, 64
34, 35, 40, 353, 391, 0, 0,0, 0
34, 35, 41, 353, 360, 13.6756, 13.6756,2, 2
34, 35, 42, 353, 375, 33.7999, 54.3956,7, 4
34, 35, 43, 353, 391, 284.561, 412.156,48, 31
34, 35, 44, 353, 375, 36.9405, 36.9405,5, 5
34, 35, 45, 353, 410, 274.271, 337.235,38, 30
34, 35, 46, 353, 410, 78.2263, 85.2576,11, 10
34, 35, 47, 353, 398, 194.006, 242.489,25, 19
34, 36, 1, 386, 285, 13.644, 13.644,2, 2
34, 36, 2, 386, 316, 111.295, 123.74,13, 12
34, 36, 3, 386, 242, 24.1391, 24.1391,3, 3
34, 36, 4, 386, 442, 46.8431, 75.8606,7, 4
34, 36, 5, 386, 477, 163.329, 172.341,19, 18
34, 36, 6, 386, 438, 161.863, 226.177,26, 18
34, 36, 7, 386, 371, 144.252, 144.252,16, 16
34, 36, 8, 386, 323, 84.469, 109.464,12, 9
34, 36, 9, 386, 375, 90.1396, 118.153,13, 10
34, 36, 10, 386, 396, 192.214, 229.062,25, 21
34, 36, 11, 386, 425, 440.494, 507.49,54, 47
34, 36, 12, 386, 419, 485.812, 616.499,60, 45
34, 36, 13, 386, 461, 232.242, 246.558,27, 25
34, 36, 14, 386, 379, 86.6143, 100.566,12, 10
34, 36, 15, 386, 317, 126.766, 133.436,15, 14
34, 36, 16, 386, 339, 76.9052, 84.1096,10, 9
34, 36, 17, 386, 337, 113.268, 121.756,14, 13
34, 36, 18, 386, 306, 166.644, 175.67,18, 17
34, 36, 19, 386, 363, 117.364, 125.733,15, 14
34, 36, 20, 386, 414, 177.078, 192.414,20, 18
34, 36, 21, 386, 309, 98.0515, 116.212,13, 11
34, 36, 22, 386, 335, 114.693, 132.006,15, 13
34, 36, 23, 386, 440, 36.8081, 43.9148,5, 4
34, 36, 24, 386, 395, 31.0312, 37.7579,5, 4
34, 36, 25, 386, 424, 132.907, 141.834,17, 16
34, 36, 26, 386, 453, 38.5931, 38.5931,5, 5
34, 36, 27, 386, 342, 52.1822, 52.1822,5, 5
34, 36, 28, 386, 379, 187.118, 202.784,20, 18
34, 36, 29, 386, 461, 98.6531, 105.596,11, 10
34, 36, 30, 386, 396, 87.8045, 95.4019,12, 11
34, 36, 31, 386, 340, 84.0711, 84.0711,10, 10
34, 36, 32, 386, 447, 63.6735, 70.4128,9, 8
34, 36, 33, 386, 432, 113.642, 120.923,14, 13
34, 36, 34, 386, 332, 525.382, 572.055,67, 61
34, 36, 35, 386, 353, 148.922, 169.623,21, 18
34, 36, 37, 386, 478, 59.0285, 65.7157,8, 7
34, 36, 38, 386, 424, 29.2893, 29.2893,2, 2
34, 36, 39, 386, 379, 336.891, 375.639,39, 35
34, 36, 40, 386, 391, 78.228, 100.356,12, 9
34, 36, 41, 386, 360, 206.749, 222.347,26, 24
34, 36, 42, 386, 375, 180.898, 210.58,25, 21
34, 36, 43, 386, 391, 80.7615, 80.7615,10, 10
34, 36, 44, 386, 375, 137.958, 137.958,16, 16
34, 36, 45, 386, 410, 140.91, 192.784,23, 17
34, 36, 46, 386, 410, 161.944, 191.965,23, 19
34, 36, 47, 386, 398, 127.789, 177.753,19, 13
34, 37, 1, 478, 285, 80.162, 80.162,9, 9
34, 37, 2, 478, 316, 39.7084, 56.2394,5, 3
34, 37, 3, 478, 242, 68.6474, 77.2521,7, 6
34, 37, 4, 478, 442, 21.1767, 38.0755,4, 2
34, 37, 5, 478, 477, 48.291, 48.291,6, 6
34, 37, 6, 478, 438, 64.7766, 87.9323,11, 8
34, 37, 7, 478, 371, 458.445, 483.654,53, 50
34, 37, 8, 478, 323, 89.8943, 115.427,14, 11
34, 37, 9, 478, 375, 44.9173, 53.6852,7, 6
34, 37, 10, 478, 396, 73.7606, 87.9104,9, 7
34, 37, 11, 478, 425, 39.3276, 39.3276,5, 5
34, 37, 12, 478, 419, 44.1864, 50.9019,6, 5
34, 37, 13, 478, 461, 0, 0,0, 0
34, 37, 14, 478, 379, 789.958, 929.116,99, 83
34, 37, 15, 478, 317, 187.604, 187.604,20, 20
34, 37, 16, 478, 339, 218.115, 297.194,32, 23
34, 37, 17, 478, 337, 124.998, 148.475,16, 13
34, 37, 18, 478, 306, 60.7115, 60.7115,8, 8
34, 37, 19, 478, 363, 29.5464, 29.5464,4, 4
34, 37, 20, 478, 414, 390.174, 452.871,50, 42
34, 37, 21, 478, 309, 34.0503, 34.0503,3, 3
34, 37, 22, 478, 335, 65.6569, 74.0579,8, 7
34, 37, 23, 478, 440, 274.165, 312.762,37, 32
34, 37, 24, 478, 395, 206.865, 238.242,29, 25
34, 37, 25, 478, 424, 737.52, 805.127,82, 74
34, 37, 26, 478, 453, 17.648, 17.648,2, 2
34, 37, 27, 478, 342, 26.7693, 36.3152,4, 3
34, 37, 28, 478, 379, 62.0288, 77.8477,8, 6
34, 37, 29, 478, 461, 20.124, 27.4728,3, 2
34, 37, 30, 478, 396, 23.2725, 23.2725,3, 3
34, 37, 31, 478, 340, 14.1108, 14.1108,2, 2
34, 37, 32, 478, 447, 8618.79, 9290.06,352, 284
34, 37, 33, 478, 432, 0, 0,0, 0
34, 37, 34, 478, 332, 94.8698, 94.8698,12, 12
34, 37, 35, 478, 353, 96.8722, 96.8722,10, 10
34, 37, 36, 478, 386, 57.8428, 65.7158,8, 7
34, 37, 38, 478, 424, 31.5716, 55.6885,6, 3
34, 37, 39, 478, 379, 71.0927, 78.7962,10, 9
34, 37, 40, 478, 391, 0, 0,0, 0
34, 37, 41, 478, 360, 0, 0,0, 0
34, 37, 42, 478, 375, 0, 0,0, 0
34, 37, 43, 478, 391, 28.3882, 28.3882,3, 3
34, 37, 44, 478, 375, 39.7756, 59.5919,6, 4
34, 37, 45, 478, 410, 24.285, 31.6937,4, 3
34, 37, 46, 478, 410, 60.629, 82.4076,11, 8
34, 37, 47, 478, 398, 113.094, 137.345,15, 12
34, 38, 1, 424, 285, 21.2181, 21.2181,3, 3
34, 38, 2, 424, 316, 47.2397, 71.0207,6, 4
34, 38, 3, 424, 242, 37.8708, 56.4949,6, 4
34, 38, 4, 424, 442, 17.1115, 32.88,4, 2
34, 38, 5, 424, 477, 18.0941, 25.8975,3, 2
34, 38, 6, 424, 438, 275.651, 749.315,89, 29
34, 38, 7, 424, 371, 12.3092, 20.3533,2, 1
34, 38, 8, 424, 323, 7.20813, 7.20813,1, 1
34, 38, 9, 424, 375, 508.83, 1433.88,171, 56
34, 38, 10, 424, 396, 501.46, 1266,141, 48
34, 38, 11, 424, 425, 275.252, 699.436,83, 30
34, 38, 12, 424, 419, 53.1296, 77.9923,8, 5
34, 38, 13, 424, 461, 18.1356, 18.1356,2, 2
34, 38, 14, 424, 379, 11.5357, 20.374,2, 1
34, 38, 15, 424, 317, 18.6251, 30.2411,2, 1
34, 38, 16, 424, 339, 24.059, 44.197,4, 2
34, 38, 17, 424, 337, 15.4808, 29.6253,2, 1
34, 38, 18, 424, 306, 10.3873, 18.2703,2, 1
34, 38, 19, 424, 363, 0, 0,0, 0
34, 38, 20, 424, 414, 20.7118, 32.2796,3, 2
34, 38, 21, 424, 309, 22.8433, 31.426,3, 2
34, 38, 22, 424, 335, 17.819, 32.1268,2, 1
34, 38, 23, 424, 440, 13.7423, 24.4475,2, 1
34, 38, 24, 424, 395, 33.1879, 50.9477,6, 4
34, 38, 25, 424, 424, 15.0039, 24.5656,2, 1
34, 38, 26, 424, 453, 8.19889, 8.19889,1, 1
34, 38, 27, 424, 342, 49.6976, 61.749,5, 4
34, 38, 28, 424, 379, 43.2234, 72.0509,5, 3
34, 38, 29, 424, 461, 313.908, 465.465,56, 36
34, 38, 30, 424, 396, 45.4056, 59.8527,7, 5
34, 38, 31, 424, 340, 29.5252, 29.5252,4, 4
34, 38, 32, 424, 447, 52.1579, 77.0959,8, 5
34, 38, 33, 424, 432, 1014.72, 2139.08,242, 101
34, 38, 34, 424, 332, 43.0413, 53.0747,5, 4
34, 38, 35, 424, 353, 229.735, 463.368,52, 24
34, 38, 36, 424, 386, 19.0267, 29.2891,2, 1
34, 38, 37, 424, 478, 38.6174, 55.6886,6, 4
34, 38, 39, 424, 379, 534.322, 1195.07,134, 54
34, 38, 40, 424, 391, 16.136, 16.136,2, 2
34, 38, 41, 424, 360, 61.849, 78.6278,10, 8
34, 38, 42, 424, 375, 120.167, 190.431,23, 14
34, 38, 43, 424, 391, 678.188, 1653.98,191, 70
34, 38, 44, 424, 375, 10.4177, 18.3389,2, 1
34, 38, 45, 424, 410, 327.416, 891.556,106, 35
34, 38, 46, 424, 410, 26.5476, 49.7344,6, 3
34, 38, 47, 424, 398, 108.924, 275.203,35, 13
34, 39, 1, 379, 285, 31.3955, 31.3955,4, 4
34, 39, 2, 379, 316, 51.011, 57.7243,6, 5
34, 39, 3, 379, 242, 26.2772, 26.2772,3, 3
34, 39, 4, 379, 442, 16.4186, 16.4186,2, 2
34, 39, 5, 379, 477, 45.0985, 45.0985,5, 5
34, 39, 6, 379, 438, 398.887, 789.226,87, 39
34, 39, 7, 379, 371, 14.8351, 14.8351,2, 2
34, 39, 8, 379, 323, 13.9284, 13.9284,2, 2
34, 39, 9, 379, 375, 635.537, 1140.42,127, 66
34, 39, 10, 379, 396, 840.024, 1372.95,157, 90
34, 39, 11, 379, 425, 600.381, 1008.15,117, 64
34, 39, 12, 379, 419, 118.021, 125.212,15, 14
34, 39, 13, 379, 461, 24.3818, 24.3818,3, 3
34, 39, 14, 379, 379, 68.0666, 76.157,9, 8
34, 39, 15, 379, 317, 19.3144, 19.3144,2, 2
34, 39, 16, 379, 339, 128.58, 142.098,18, 16
34, 39, 17, 379, 337, 74.6603, 74.6603,8, 8
34, 39, 18, 379, 306, 48.7172, 48.7172,7, 7
34, 39, 19, 379, 363, 6.95702, 6.95702,1, 1
34, 39, 20, 379, 414, 20.403, 20.403,2, 2
34, 39, 21, 379, 309, 11.3627, 11.3627,1, 1
34, 39, 22, 379, 335, 89.005, 97.2291,9, 8
34, 39, 23, 379, 440, 63.0508, 76.7361,8, 6
34, 39, 24, 379, 395, 117.997, 133.255,15, 13
34, 39, 25, 379, 424, 78.8782, 85.9794,10, 9
34, 39, 26, 379, 453, 0, 0,0, 0
34, 39, 27, 379, 342, 64.6308, 64.6308,8, 8
34, 39, 28, 379, 379, 45.9441, 45.9441,2, 2
34, 39, 29, 379, 461, 66.4148, 139.326,17, 8
34, 39, 30, 379, 396, 15.3472, 22.2349,3, 2
34, 39, 31, 379, 340, 22.2205, 35.8008,5, 3
34, 39, 32, 379, 447, 73.8029, 73.8029,9, 9
34, 39, 33, 379, 432, 509.715, 898.166,102, 54
34, 39, 34, 379, 332, 261.198, 276.355,33, 31
34, 39, 35, 379, 353, 574.535, 799.452,87, 59
34, 39, 36, 379, 386, 367.872, 375.638,39, 38
34, 39, 37, 379, 478, 71.8244, 78.7961,10, 9
34, 39, 38, 379, 424, 700.674, 1195.06,134, 72
34, 39, 40, 379, 391, 23.5362, 23.5362,3, 3
34, 39, 41, 379, 360, 25.0894, 31.8948,4, 3
34, 39, 42, 379, 375, 71.3772, 85.9411,10, 8
34, 39, 43, 379, 391, 500.556, 867.497,100, 53
34, 39, 44, 379, 375, 48.639, 55.7207,7, 6
34, 39, 45, 379, 410, 509.898, 911.076,106, 56
34, 39, 46, 379, 410, 75.3485, 82.3427,10, 9
34, 39, 47, 379, 398, 212.347, 382.683,44, 23
34, 40, 1, 391, 285, 7.54863, 7.54863,1, 1
34, 40, 2, 391, 316, 7.39695, 14.6003,2, 1
34, 40, 3, 391, 242, 0, 0,0, 0
34, 40, 4, 391, 442, 13.7404, 13.7404,2, 2
34, 40, 5, 391, 477, 39.3172, 39.3172,5, 5
34, 40, 6, 391, 438, 30.1886, 30.1886,4, 4
34, 40, 7, 391, 371, 32.1961, 32.1961,4, 4
34, 40, 8, 391, 323, 119.548, 138.224,15, 13
34, 40, 9, 391, 375, 7.46782, 7.46782,1, 1
34, 40, 10, 391, 396, 15.838, 23.1643,3, 2
34, 40, 11, 391, 425, 42.787, 42.787,6, 6
34, 40, 12, 391, 419, 121.441, 135.105,17, 15
34, 40, 13, 391, 461, 156.004, 178.624,21, 18
34, 40, 14, 391, 379, 0, 0,0, 0
34, 40, 15, 391, 317, 56.3725, 64.1463,7, 6
34, 40, 16, 391, 339, 0, 0,0, 0
34, 40, 17, 391, 337, 15.6104, 23.0462,3, 2
34, 40, 18, 391, 306, 35.598, 35.598,4, 4
34, 40, 19, 391, 363, 152.23, 158.937,18, 17
34, 40, 20, 391, 414, 39.7779, 50.241,6, 5
34, 40, 21, 391, 309, 52.8262, 62.2064,6, 5
34, 40, 22, 391, 335, 35.1366, 35.1366,5, 5
34, 40, 23, 391, 440, 0, 0,0, 0
34, 40, 24, 391, 395, 0, 0,0, 0
34, 40, 25, 391, 424, 29.803, 37.197,5, 4
34, 40, 26, 391, 453, 29.7674, 29.7674,4, 4
34, 40, 27, 391, 342, 7.60383, 7.60383,1, 1
34, 40, 28, 391, 379, 14.6012, 14.6012,2, 2
34, 40, 29, 391, 461, 263.578, 302.531,34, 29
34, 40, 30, 391, 396, 126.257, 148.499,17, 14
34, 40, 31, 391, 340, 55.6406, 62.6643,6, 5
34, 40, 32, 391, 447, 0, 0,0, 0
34, 40, 33, 391, 432, 94.353, 94.353,11, 11
34, 40, 34, 391, 332, 59.8125, 71.9123,8, 7
34, 40, 35, 391, 353, 0, 0,0, 0
34, 40, 36, 391, 386, 91.7028, 100.356,12, 11
34, 40, 37, 391, 478, 0, 0,0, 0
34, 40, 38, 391, 424, 16.136, 16.136,2, 2
34, 40, 39, 391, 379, 16.5779, 23.5362,3, 2
34, 40, 41, 391, 360, 1034.72, 1175.56,118, 100
34, 40, 42, 391, 375, 577.287, 602.764,64, 61
34, 40, 43, 391, 391, 218.269, 218.269,25, 25
34, 40, 44, 391, 375, 42.1122, 42.1122,5, 5
34, 40, 45, 391, 410, 9.95284, 18.5685,2, 1
34, 40, 46, 391, 410, 30.3944, 30.3944,3, 3
34, 40, 47, 391, 398, 44.0811, 44.0811,5, 5
34, 41, 1, 360, 285, 0, 0,0, 0
34, 41, 2, 360, 316, 92.4429, 92.4429,11, 11
34, 41, 3, 360, 242, 0, 0,0, 0
34, 41, 4, 360, 442, 6.68091, 6.68091,1, 1
34, 41, 5, 360, 477, 92.5016, 92.5016,11, 11
34, 41, 6, 360, 438, 73.4152, 73.4152,9, 9
34, 41, 7, 360, 371, 64.3512, 64.3512,7, 7
34, 41, 8, 360, 323, 96.998, 107.461,11, 10
34, 41, 9, 360, 375, 0, 0,0, 0
34, 41, 10, 360, 396, 28.6466, 36.4137,4, 3
34, 41, 11, 360, 425, 112.133, 112.133,12, 12
34, 41, 12, 360, 419, 253.684, 267.901,30, 28
34, 41, 13, 360, 461, 113.108, 120.651,14, 13
34, 41, 14, 360, 379, 17.8181, 17.8181,2, 2
34, 41, 15, 360, 317, 80.3943, 80.3943,10, 10
34, 41, 16, 360, 339, 0, 0,0, 0
34, 41, 17, 360, 337, 42.9574, 42.9574,5, 5
34, 41, 18, 360, 306, 71.6931, 71.6931,9, 9
34, 41, 19, 360, 363, 142.611, 142.611,16, 16
34, 41, 20, 360, 414, 87.2437, 87.2437,10, 10
34, 41, 21, 360, 309, 87.0596, 87.0596,9, 9
34, 41, 22, 360, 335, 62.4167, 62.4167,8, 8
34, 41, 23, 360, 440, 8.36479, 8.36479,1, 1
34, 41, 24, 360, 395, 0, 0,0, 0
34, 41, 25, 360, 424, 73.8675, 73.8675,7, 7
34, 41, 26, 360, 453, 62.2833, 62.2833,8, 8
34, 41, 27, 360, 342, 40.7598, 48.524,6, 5
34, 41, 28, 360, 379, 88.3087, 88.3087,9, 9
34, 41, 29, 360, 461, 299.937, 313.966,35, 33
34, 41, 30, 360, 396, 128.348, 136.138,15, 14
34, 41, 31, 360, 340, 32.7306, 32.7306,4, 4
34, 41, 32, 360, 447, 0, 0,0, 0
34, 41, 33, 360, 432, 244.555, 251.419,27, 26
34, 41, 34, 360, 332, 115.464, 115.464,14, 14
34, 41, 35, 360, 353, 13.6756, 13.6756,2, 2
34, 41, 36, 360, 386, 215.27, 222.346,26, 25
34, 41, 37, 360, 478, 0, 0,0, 0
34, 41, 38, 360, 424, 78.6277, 78.6277,10, 10
34, 41, 39, 360, 379, 31.8949, 31.8949,4, 4
34, 41, 40, 360, 391, 1054.53, 1175.56,118, 104
34, 41, 42, 360, 375, 845, 918.196,90, 82
34, 41, 43, 360, 391, 441.851, 464.958,52, 49
34, 41, 44, 360, 375, 81.9958, 81.9958,9, 9
34, 41, 45, 360, 410, 8.99774, 16.0543,2, 1
34, 41, 46, 360, 410, 23.3501, 23.3501,3, 3
34, 41, 47, 360, 398, 20.6391, 20.6391,2, 2
34, 42, 1, 375, 285, 6.76234, 6.76234,1, 1
34, 42, 2, 375, 316, 84.8523, 93.1046,11, 10
34, 42, 3, 375, 242, 12.2949, 12.2949,1, 1
34, 42, 4, 375, 442, 7.75466, 7.75466,1, 1
34, 42, 5, 375, 477, 55.9128, 63.2489,7, 6
34, 42, 6, 375, 438, 64.8835, 80.1704,10, 8
34, 42, 7, 375, 371, 76.7025, 83.9042,10, 9
34, 42, 8, 375, 323, 111.414, 126.296,15, 13
34, 42, 9, 375, 375, 52.014, 58.8197,8, 7
34, 42, 10, 375, 396, 97.4848, 104.207,14, 13
34, 42, 11, 375, 425, 301.22, 348.252,39, 33
34, 42, 12, 375, 419, 225.73, 255.807,28, 24
34, 42, 13, 375, 461, 125.384, 132.495,15, 14
34, 42, 14, 375, 379, 7.68105, 7.68105,1, 1
34, 42, 15, 375, 317, 92.5365, 99.3111,11, 10
34, 42, 16, 375, 339, 0, 0,0, 0
34, 42, 17, 375, 337, 24.5642, 24.5642,3, 3
34, 42, 18, 375, 306, 172.34, 186.877,19, 17
34, 42, 19, 375, 363, 156.477, 179.818,21, 18
34, 42, 20, 375, 414, 105.376, 119.805,14, 12
34, 42, 21, 375, 309, 98.813, 116.262,14, 12
34, 42, 22, 375, 335, 90.4276, 97.3264,11, 10
34, 42, 23, 375, 440, 15.2154, 22.3843,3, 2
34, 42, 24, 375, 395, 23.6292, 23.6292,3, 3
34, 42, 25, 375, 424, 110.135, 124.934,15, 13
34, 42, 26, 375, 453, 32.0307, 32.0307,4, 4
34, 42, 27, 375, 342, 28.2524, 35.6621,4, 3
34, 42, 28, 375, 379, 119.132, 152.546,18, 14
34, 42, 29, 375, 461, 350.968, 425.876,47, 38
34, 42, 30, 375, 396, 138.986, 138.986,18, 18
34, 42, 31, 375, 340, 105.741, 113.708,13, 12
34, 42, 32, 375, 447, 21.8056, 21.8056,3, 3
34, 42, 33, 375, 432, 334.98, 387.872,45, 38
34, 42, 34, 375, 332, 134.327, 141.481,15, 14
34, 42, 35, 375, 353, 54.3957, 54.3957,7, 7
34, 42, 36, 375, 386, 187.991, 210.58,25, 22
34, 42, 37, 375, 478, 0, 0,0, 0
34, 42, 38, 375, 424, 169.191, 190.431,23, 20
34, 42, 39, 375, 379, 85.9412, 85.9412,10, 10
34, 42, 40, 375, 391, 571.32, 602.764,64, 60
34, 42, 41, 375, 360, 834.955, 918.194,90, 80
34, 42, 43, 375, 391, 827.269, 981.264,105, 87
34, 42, 44, 375, 375, 78.8688, 78.8688,9, 9
34, 42, 45, 375, 410, 7.41416, 7.41416,1, 1
34, 42, 46, 375, 410, 99.0963, 113.102,13, 11
34, 42, 47, 375, 398, 111.97, 128.314,14, 12
34, 43, 1, 391, 285, 7.35298, 7.35298,1, 1
34, 43, 2, 391, 316, 49.4935, 70.7584,9, 6
34, 43, 3, 391, 242, 23.1771, 23.1771,3, 3
34, 43, 4, 391, 442, 6.80663, 6.80663,1, 1
34, 43, 5, 391, 477, 68.4514, 68.4514,8, 8
34, 43, 6, 391, 438, 261.927, 566.23,68, 29
34, 43, 7, 391, 371, 118.244, 125.739,13, 12
34, 43, 8, 391, 323, 36.4218, 43.6307,5, 4
34, 43, 9, 391, 375, 463.335, 912.904,105, 49
34, 43, 10, 391, 396, 493.879, 864.911,105, 56
34, 43, 11, 391, 425, 369.638, 683.084,79, 39
34, 43, 12, 391, 419, 121.377, 136.086,14, 12
34, 43, 13, 391, 461, 50.8397, 50.8397,7, 7
34, 43, 14, 391, 379, 32.6559, 32.6559,4, 4
34, 43, 15, 391, 317, 47.3432, 54.7498,7, 6
34, 43, 16, 391, 339, 7.87761, 7.87761,1, 1
34, 43, 17, 391, 337, 53.9664, 53.9664,7, 7
34, 43, 18, 391, 306, 41.6803, 49.1374,6, 5
34, 43, 19, 391, 363, 72.9595, 79.8352,10, 9
34, 43, 20, 391, 414, 16.5378, 16.5378,2, 2
34, 43, 21, 391, 309, 25.3013, 32,4, 3
34, 43, 22, 391, 335, 55.6473, 62.5363,7, 6
34, 43, 23, 391, 440, 7.74522, 7.74522,1, 1
34, 43, 24, 391, 395, 36.1896, 43.2994,6, 5
34, 43, 25, 391, 424, 48.6212, 48.6212,6, 6
34, 43, 26, 391, 453, 10.7875, 10.7875,1, 1
34, 43, 27, 391, 342, 85.3949, 92.5711,11, 10
34, 43, 28, 391, 379, 106.601, 120.707,15, 13
34, 43, 29, 391, 461, 217.924, 255.266,30, 25
34, 43, 30, 391, 396, 59.504, 73.3244,9, 7
34, 43, 31, 391, 340, 79.0275, 93.7185,11, 9
34, 43, 32, 391, 447, 19.6451, 19.6451,2, 2
34, 43, 33, 391, 432, 787.998, 1497.13,169, 80
34, 43, 34, 391, 332, 55.2281, 63.089,7, 6
34, 43, 35, 391, 353, 228.911, 412.155,48, 25
34, 43, 36, 391, 386, 73.379, 80.7621,10, 9
34, 43, 37, 391, 478, 28.3884, 28.3884,3, 3
34, 43, 38, 391, 424, 891.752, 1653.98,191, 93
34, 43, 39, 391, 379, 506.919, 867.498,100, 54
34, 43, 40, 391, 391, 211.585, 218.269,25, 24
34, 43, 41, 391, 360, 408.36, 464.959,52, 45
34, 43, 42, 391, 375, 725.234, 981.265,105, 76
34, 43, 44, 391, 375, 51.6052, 51.6052,6, 6
34, 43, 45, 391, 410, 287.875, 542.596,66, 32
34, 43, 46, 391, 410, 99.2662, 116.078,13, 11
34, 43, 47, 391, 398, 210.597, 341.313,37, 21
34, 44, 1, 375, 285, 30.5137, 30.5137,4, 4
34, 44, 2, 375, 316, 67.7926, 67.7926,8, 8
34, 44, 3, 375, 242, 24.9488, 24.9488,3, 3
34, 44, 4, 375, 442, 14.8518, 14.8518,2, 2
34, 44, 5, 375, 477, 382.984, 429.212,44, 38
34, 44, 6, 375, 438, 427.777, 482.563,54, 48
34, 44, 7, 375, 371, 68.7285, 68.7285,7, 7
34, 44, 8, 375, 323, 35.3205, 35.3205,4, 4
34, 44, 9, 375, 375, 0, 0,0, 0
34, 44, 10, 375, 396, 30.0957, 30.0957,4, 4
34, 44, 11, 375, 425, 72.6609, 79.6287,9, 8
34, 44, 12, 375, 419, 169.7, 177.195,18, 17
34, 44, 13, 375, 461, 90.3522, 90.3522,7, 7
34, 44, 14, 375, 379, 74.0522, 74.0522,9, 9
34, 44, 15, 375, 317, 95.0457, 95.0457,12, 12
34, 44, 16, 375, 339, 35.9339, 35.9339,4, 4
34, 44, 17, 375, 337, 62.5256, 62.5256,8, 8
34, 44, 18, 375, 306, 77.2872, 77.2872,9, 9
34, 44, 19, 375, 363, 56.3097, 56.3097,6, 6
34, 44, 20, 375, 414, 77.2284, 77.2284,8, 8
34, 44, 21, 375, 309, 194.538, 201.611,23, 22
34, 44, 22, 375, 335, 176.392, 215.927,26, 21
34, 44, 23, 375, 440, 45.5187, 45.5187,6, 6
34, 44, 24, 375, 395, 54.6884, 54.6884,7, 7
34, 44, 25, 375, 424, 75.7151, 75.7151,9, 9
34, 44, 26, 375, 453, 91.2399, 107.933,12, 10
34, 44, 27, 375, 342, 20.6519, 20.6519,2, 2
34, 44, 28, 375, 379, 53.2535, 53.2535,6, 6
34, 44, 29, 375, 461, 78.8773, 78.8773,8, 8
34, 44, 30, 375, 396, 64.9559, 64.9559,7, 7
34, 44, 31, 375, 340, 44.2465, 44.2465,4, 4
34, 44, 32, 375, 447, 49.0594, 58.0591,6, 5
34, 44, 33, 375, 432, 38.5843, 38.5843,4, 4
34, 44, 34, 375, 332, 183.963, 201.776,24, 22
34, 44, 35, 375, 353, 36.9405, 36.9405,5, 5
34, 44, 36, 375, 386, 137.959, 137.959,16, 16
34, 44, 37, 375, 478, 43.1528, 59.5914,6, 4
34, 44, 38, 375, 424, 18.3388, 18.3388,2, 2
34, 44, 39, 375, 379, 48.639, 55.7207,7, 6
34, 44, 40, 375, 391, 42.1122, 42.1122,5, 5
34, 44, 41, 375, 360, 81.9966, 81.9966,9, 9
34, 44, 42, 375, 375, 78.8687, 78.8687,9, 9
34, 44, 43, 375, 391, 51.605, 51.605,6, 6
34, 44, 45, 375, 410, 296.928, 320.093,36, 33
34, 44, 46, 375, 410, 853.201, 932.245,93, 83
34, 44, 47, 375, 398, 192.109, 245.91,26, 19
34, 45, 1, 410, 285, 6.88796, 6.88796,1, 1
34, 45, 2, 410, 316, 0, 0,0, 0
34, 45, 3, 410, 242, 6.74782, 6.74782,1, 1
34, 45, 4, 410, 442, 28.6183, 58.3819,7, 3
34, 45, 5, 410, 477, 69.6916, 76.3658,9, 8
34, 45, 6, 410, 438, 708.673, 1254.26,139, 72
34, 45, 7, 410, 371, 0, 0,0, 0
34, 45, 8, 410, 323, 21.2891, 28.757,4, 3
34, 45, 9, 410, 375, 517.071, 999.491,120, 58
34, 45, 10, 410, 396, 456.676, 738.821,83, 49
34, 45, 11, 410, 425, 337.848, 574.996,71, 41
34, 45, 12, 410, 419, 96.594, 186.139,20, 9
34, 45, 13, 410, 461, 50.8929, 73.8421,8, 5
34, 45, 14, 410, 379, 52.6358, 59.545,8, 7
34, 45, 15, 410, 317, 8.16251, 8.16251,1, 1
34, 45, 16, 410, 339, 36.365, 36.365,5, 5
34, 45, 17, 410, 337, 29.1589, 29.1589,4, 4
34, 45, 18, 410, 306, 0, 0,0, 0
34, 45, 19, 410, 363, 7.30444, 7.30444,1, 1
34, 45, 20, 410, 414, 8.74444, 8.74444,1, 1
34, 45, 21, 410, 309, 8.03108, 8.03108,1, 1
34, 45, 22, 410, 335, 77.8472, 99.5786,12, 9
34, 45, 23, 410, 440, 92.513, 100.199,13, 12
34, 45, 24, 410, 395, 123.238, 150.227,18, 15
34, 45, 25, 410, 424, 15.2784, 15.2784,2, 2
34, 45, 26, 410, 453, 6.68618, 6.68618,1, 1
34, 45, 27, 410, 342, 0, 0,0, 0
34, 45, 28, 410, 379, 0, 0,0, 0
34, 45, 29, 410, 461, 51.9036, 83.2994,11, 7
34, 45, 30, 410, 396, 0, 0,0, 0
34, 45, 31, 410, 340, 0, 0,0, 0
34, 45, 32, 410, 447, 86.7072, 101.159,13, 11
34, 45, 33, 410, 432, 351.877, 650.843,78, 41
34, 45, 34, 410, 332, 59.2735, 66.4274,8, 7
34, 45, 35, 410, 353, 218.793, 337.238,38, 24
34, 45, 36, 410, 386, 128.848, 192.783,23, 15
34, 45, 37, 410, 478, 24.2306, 31.6936,4, 3
34, 45, 38, 410, 424, 421.084, 891.557,106, 48
34, 45, 39, 410, 379, 489.939, 911.077,106, 54
34, 45, 40, 410, 391, 18.5685, 18.5685,2, 2
34, 45, 41, 410, 360, 16.0543, 16.0543,2, 2
34, 45, 42, 410, 375, 7.41416, 7.41416,1, 1
34, 45, 43, 410, 391, 240.301, 542.596,66, 27
34, 45, 44, 410, 375, 290.405, 320.094,36, 33
34, 45, 46, 410, 410, 580.242, 761.28,77, 57
34, 45, 47, 410, 398, 372.959, 588.399,65, 39
34, 46, 1, 410, 285, 7.44289, 7.44289,1, 1
34, 46, 2, 410, 316, 26.3216, 26.3216,3, 3
34, 46, 3, 410, 242, 22.8734, 22.8734,3, 3
34, 46, 4, 410, 442, 32.5925, 53.8934,7, 4
34, 46, 5, 410, 477, 229.695, 268.946,29, 24
34, 46, 6, 410, 438, 665.587, 856.786,97, 73
34, 46, 7, 410, 371, 74.4238, 83.594,10, 9
34, 46, 8, 410, 323, 28.4208, 28.4208,4, 4
34, 46, 9, 410, 375, 72.465, 100.98,12, 8
34, 46, 10, 410, 396, 99.5438, 121.856,14, 11
34, 46, 11, 410, 425, 214.91, 254.602,29, 24
34, 46, 12, 410, 419, 194.779, 335.642,38, 21
34, 46, 13, 410, 461, 83.8615, 129.287,13, 8
34, 46, 14, 410, 379, 71.2051, 71.2051,8, 8
34, 46, 15, 410, 317, 73.3741, 81.0774,9, 8
34, 46, 16, 410, 339, 87.039, 87.039,10, 10
34, 46, 17, 410, 337, 48.2952, 48.2952,6, 6
34, 46, 18, 410, 306, 58.3481, 58.3481,7, 7
34, 46, 19, 410, 363, 31.0561, 31.0561,4, 4
34, 46, 20, 410, 414, 67.6263, 67.6263,8, 8
34, 46, 21, 410, 309, 115.577, 122.264,13, 12
34, 46, 22, 410, 335, 165.312, 195.497,23, 19
34, 46, 23, 410, 440, 79.0544, 79.0544,9, 9
34, 46, 24, 410, 395, 54.8365, 54.8365,7, 7
34, 46, 25, 410, 424, 68.5199, 68.5199,9, 9
34, 46, 26, 410, 453, 71.2744, 86.2461,11, 9
34, 46, 27, 410, 342, 20.4754, 27.2026,3, 2
34, 46, 28, 410, 379, 50.091, 50.091,5, 5
34, 46, 29, 410, 461, 52.2282, 69.6535,8, 6
34, 46, 30, 410, 396, 44.9122, 52.5365,7, 6
34, 46, 31, 410, 340, 22.6975, 22.6975,3, 3
34, 46, 32, 410, 447, 74.6453, 88.5858,12, 10
34, 46, 33, 410, 432, 40.8384, 40.8384,5, 5
34, 46, 34, 410, 332, 186.932, 200.754,24, 22
34, 46, 35, 410, 353, 85.2578, 85.2578,11, 11
34, 46, 36, 410, 386, 145.086, 191.965,23, 17
34, 46, 37, 410, 478, 74.7196, 82.4076,11, 10
34, 46, 38, 410, 424, 49.7344, 49.7344,6, 6
34, 46, 39, 410, 379, 82.343, 82.343,10, 10
34, 46, 40, 410, 391, 30.3943, 30.3943,3, 3
34, 46, 41, 410, 360, 23.3501, 23.3501,3, 3
34, 46, 42, 410, 375, 106.317, 113.1,13, 12
34, 46, 43, 410, 391, 107.106, 116.078,13, 12
34, 46, 44, 410, 375, 798.369, 932.246,93, 77
34, 46, 45, 410, 410, 629.676, 761.281,77, 61
34, 46, 47, 410, 398, 365.284, 443.397,45, 37
34, 47, 1, 398, 285, 18.2411, 27.4599,3, 2
34, 47, 2, 398, 316, 53.5639, 85.8161,9, 5
34, 47, 3, 398, 242, 17.6995, 25.1266,3, 2
34, 47, 4, 398, 442, 32.1761, 39.0011,5, 4
34, 47, 5, 398, 477, 86.5749, 95.5974,11, 10
34, 47, 6, 398, 438, 487.041, 684.778,72, 51
34, 47, 7, 398, 371, 59.0738, 75.8977,9, 7
34, 47, 8, 398, 323, 72.8887, 80.3936,10, 9
34, 47, 9, 398, 375, 188.014, 231.066,28, 22
34, 47, 10, 398, 396, 232.965, 268.602,32, 27
34, 47, 11, 398, 425, 221.364, 325.139,37, 25
34, 47, 12, 398, 419, 106.622, 156.571,17, 11
34, 47, 13, 398, 461, 38.6822, 60.9908,6, 4
34, 47, 14, 398, 379, 109, 139.53,15, 12
34, 47, 15, 398, 317, 79.7274, 86.4261,11, 10
34, 47, 16, 398, 339, 58.1337, 86.5373,10, 6
34, 47, 17, 398, 337, 37.6078, 53.1153,6, 4
34, 47, 18, 398, 306, 45.6754, 72.2017,8, 5
34, 47, 19, 398, 363, 45.7317, 60.6519,7, 5
34, 47, 20, 398, 414, 55.1436, 77.1968,8, 6
34, 47, 21, 398, 309, 83.6058, 95.0882,9, 8
34, 47, 22, 398, 335, 249.834, 362.704,37, 24
34, 47, 23, 398, 440, 225.618, 282.057,31, 24
34, 47, 24, 398, 395, 170.511, 203.496,25, 21
34, 47, 25, 398, 424, 78.4216, 118.608,10, 6
34, 47, 26, 398, 453, 52.5126, 59.1993,7, 6
34, 47, 27, 398, 342, 19.8293, 30.544,3, 2
34, 47, 28, 398, 379, 97.8989, 149.292,15, 9
34, 47, 29, 398, 461, 83.2763, 109.02,13, 10
34, 47, 30, 398, 396, 23.2752, 30.2351,4, 3
34, 47, 31, 398, 340, 42.6025, 42.6025,5, 5
34, 47, 32, 398, 447, 98.631, 121.849,15, 12
34, 47, 33, 398, 432, 192.476, 269.393,33, 23
34, 47, 34, 398, 332, 101.404, 139.089,15, 11
34, 47, 35, 398, 353, 189.782, 242.491,25, 19
34, 47, 36, 398, 386, 132.334, 177.752,19, 14
34, 47, 37, 398, 478, 112.155, 137.345,15, 12
34, 47, 38, 398, 424, 222.628, 275.204,35, 28
34, 47, 39, 398, 379, 292.927, 382.682,44, 33
34, 47, 40, 398, 391, 44.0808, 44.0808,5, 5
34, 47, 41, 398, 360, 11.7003, 20.6389,2, 1
34, 47, 42, 398, 375, 91.1899, 128.315,14, 10
34, 47, 43, 398, 391, 261.954, 341.314,37, 28
34, 47, 44, 398, 375, 181.583, 245.909,26, 19
34, 47, 45, 398, 410, 395.791, 588.399,65, 42
34, 47, 46, 398, 410, 328.732, 443.396,45, 33
