66, 1, 2, 83, 110, 44.4838, 44.4838,6, 6
66, 1, 3, 83, 78, 168.16, 168.16,18, 18
66, 1, 4, 83, 181, 19.0805, 37.3655,4, 2
66, 1, 5, 83, 146, 0, 0,0, 0
66, 1, 6, 83, 131, 6.85684, 6.85684,1, 1
66, 1, 7, 83, 118, 0, 0,0, 0
66, 1, 8, 83, 112, 0, 0,0, 0
66, 1, 9, 83, 146, 0, 0,0, 0
66, 1, 10, 83, 134, 6.88684, 6.88684,1, 1
66, 1, 11, 83, 127, 8.11925, 8.11925,1, 1
66, 1, 12, 83, 137, 0, 0,0, 0
66, 1, 13, 83, 138, 0, 0,0, 0
66, 1, 14, 83, 125, 0, 0,0, 0
66, 1, 15, 83, 96, 7.26502, 7.26502,1, 1
66, 1, 16, 83, 91, 21.7665, 21.7665,3, 3
66, 1, 17, 83, 101, 30.3465, 37.5264,5, 4
66, 1, 18, 83, 101, 8.4034, 8.4034,1, 1
66, 1, 19, 83, 109, 0, 0,0, 0
66, 1, 20, 83, 131, 0, 0,0, 0
66, 1, 21, 83, 84, 0, 0,0, 0
66, 1, 22, 83, 102, 0, 0,0, 0
66, 1, 23, 83, 134, 15.8667, 15.8667,2, 2
66, 1, 24, 83, 106, 21.7155, 21.7155,3, 3
66, 1, 25, 83, 139, 0, 0,0, 0
66, 1, 26, 83, 159, 0, 0,0, 0
66, 1, 27, 83, 98, 31.7529, 38.6204,5, 4
66, 1, 28, 83, 136, 14.7261, 14.7261,2, 2
66, 1, 29, 83, 159, 0, 0,0, 0
66, 1, 30, 83, 141, 0, 0,0, 0
66, 1, 31, 83, 113, 14.0977, 14.0977,2, 2
66, 1, 32, 83, 136, 39.8746, 39.8746,5, 5
66, 1, 33, 83, 134, 0, 0,0, 0
66, 1, 34, 83, 101, 7.98954, 7.98954,1, 1
66, 1, 35, 83, 99, 6.80162, 6.80162,1, 1
66, 1, 36, 83, 141, 6.74685, 6.74685,1, 1
66, 1, 37, 83, 137, 15.7506, 15.7506,2, 2
66, 1, 38, 83, 138, 0, 0,0, 0
66, 1, 39, 83, 139, 17.4058, 17.4058,2, 2
66, 1, 40, 83, 119, 0, 0,0, 0
66, 1, 41, 83, 112, 0, 0,0, 0
66, 1, 42, 83, 108, 0, 0,0, 0
66, 1, 43, 83, 115, 0, 0,0, 0
66, 1, 44, 83, 98, 7.22946, 7.22946,1, 1
66, 1, 45, 83, 133, 0, 0,0, 0
66, 1, 46, 83, 121, 0, 0,0, 0
66, 1, 47, 83, 119, 0, 0,0, 0
66, 2, 1, 110, 83, 44.4839, 44.4839,6, 6
66, 2, 3, 110, 78, 147.019, 182.708,19, 15
66, 2, 4, 110, 181, 32.0475, 55.0842,5, 3
66, 2, 5, 110, 146, 0, 0,0, 0
66, 2, 6, 110, 131, 9.31352, 16.9761,2, 1
66, 2, 7, 110, 118, 26.3689, 34.2056,4, 3
66, 2, 8, 110, 112, 6.74217, 6.74217,1, 1
66, 2, 9, 110, 146, 0, 0,0, 0
66, 2, 10, 110, 134, 26.0508, 48.148,4, 2
66, 2, 11, 110, 127, 0, 0,0, 0
66, 2, 12, 110, 137, 15.9941, 23.9199,3, 2
66, 2, 13, 110, 138, 16.3627, 16.3627,2, 2
66, 2, 14, 110, 125, 11.9158, 20.0595,2, 1
66, 2, 15, 110, 96, 25.1163, 39.4615,3, 2
66, 2, 16, 110, 91, 26.8141, 45.2812,4, 2
66, 2, 17, 110, 101, 45.1792, 59.1336,4, 3
66, 2, 18, 110, 101, 16.3265, 24.6846,3, 2
66, 2, 19, 110, 109, 23.8451, 23.8451,3, 3
66, 2, 20, 110, 131, 36.4669, 49.476,4, 3
66, 2, 21, 110, 84, 6.70175, 6.70175,1, 1
66, 2, 22, 110, 102, 54.2998, 70.4044,5, 4
66, 2, 23, 110, 134, 19.936, 29.5379,3, 2
66, 2, 24, 110, 106, 0, 0,0, 0
66, 2, 25, 110, 139, 47.5719, 60.4853,5, 4
66, 2, 26, 110, 159, 0, 0,0, 0
66, 2, 27, 110, 98, 44.8364, 55.6241,6, 5
66, 2, 28, 110, 136, 100.492, 124.772,10, 8
66, 2, 29, 110, 159, 15.2433, 15.2433,2, 2
66, 2, 30, 110, 141, 47.6704, 54.6102,6, 5
66, 2, 31, 110, 113, 42.6292, 42.6292,5, 5
66, 2, 32, 110, 136, 36.5655, 68.8769,6, 3
66, 2, 33, 110, 134, 17.1169, 17.1169,2, 2
66, 2, 34, 110, 101, 41.5597, 52.8275,5, 4
66, 2, 35, 110, 99, 15.302, 25.3623,2, 1
66, 2, 36, 110, 141, 15.0358, 15.0358,2, 2
66, 2, 37, 110, 137, 26.2267, 47.7734,4, 2
66, 2, 38, 110, 138, 0, 0,0, 0
66, 2, 39, 110, 139, 15.5311, 24.6612,2, 1
66, 2, 40, 110, 119, 14.6003, 14.6003,2, 2
66, 2, 41, 110, 112, 31.8915, 31.8915,4, 4
66, 2, 42, 110, 108, 15.9726, 15.9726,2, 2
66, 2, 43, 110, 115, 0, 0,0, 0
66, 2, 44, 110, 98, 7.32125, 7.32125,1, 1
66, 2, 45, 110, 133, 0, 0,0, 0
66, 2, 46, 110, 121, 11.2056, 19.6355,2, 1
66, 2, 47, 110, 119, 23.2133, 40.2779,4, 2
66, 3, 1, 78, 83, 150.351, 168.16,18, 16
66, 3, 2, 78, 110, 153.067, 182.708,19, 16
66, 3, 4, 78, 181, 27.4071, 45.3514,4, 2
66, 3, 5, 78, 146, 0, 0,0, 0
66, 3, 6, 78, 131, 7.66252, 7.66252,1, 1
66, 3, 7, 78, 118, 17.8093, 17.8093,2, 2
66, 3, 8, 78, 112, 0, 0,0, 0
66, 3, 9, 78, 146, 0, 0,0, 0
66, 3, 10, 78, 134, 22.1007, 52.5296,6, 2
66, 3, 11, 78, 127, 0, 0,0, 0
66, 3, 12, 78, 137, 9.36146, 9.36146,1, 1
66, 3, 13, 78, 138, 0, 0,0, 0
66, 3, 14, 78, 125, 9.24497, 17.2622,2, 1
66, 3, 15, 78, 96, 16.9834, 33.3563,3, 1
66, 3, 16, 78, 91, 25.8751, 50.2081,5, 2
66, 3, 17, 78, 101, 32.6148, 48.5981,5, 3
66, 3, 18, 78, 101, 14.6924, 23.5155,2, 1
66, 3, 19, 78, 109, 0, 0,0, 0
66, 3, 20, 78, 131, 12.9765, 21.9833,2, 1
66, 3, 21, 78, 84, 0, 0,0, 0
66, 3, 22, 78, 102, 12.3446, 22.4011,2, 1
66, 3, 23, 78, 134, 14.5424, 30.7094,3, 1
66, 3, 24, 78, 106, 31.3975, 31.3975,2, 2
66, 3, 25, 78, 139, 29.7328, 45.649,5, 3
66, 3, 26, 78, 159, 0, 0,0, 0
66, 3, 27, 78, 98, 53.3919, 63.0487,7, 6
66, 3, 28, 78, 136, 52.7556, 77.7911,9, 6
66, 3, 29, 78, 159, 0, 0,0, 0
66, 3, 30, 78, 141, 0, 0,0, 0
66, 3, 31, 78, 113, 22.4392, 22.4392,3, 3
66, 3, 32, 78, 136, 50.1557, 93.3692,8, 3
66, 3, 33, 78, 134, 0, 0,0, 0
66, 3, 34, 78, 101, 33.1068, 50.0507,4, 2
66, 3, 35, 78, 99, 13.1069, 28.2626,3, 1
66, 3, 36, 78, 141, 6.83487, 6.83487,1, 1
66, 3, 37, 78, 137, 34.3303, 51.0263,4, 2
66, 3, 38, 78, 138, 0, 0,0, 0
66, 3, 39, 78, 139, 18.2444, 26.2771,3, 2
66, 3, 40, 78, 119, 0, 0,0, 0
66, 3, 41, 78, 112, 0, 0,0, 0
66, 3, 42, 78, 108, 0, 0,0, 0
66, 3, 43, 78, 115, 0, 0,0, 0
66, 3, 44, 78, 98, 0, 0,0, 0
66, 3, 45, 78, 133, 6.74779, 6.74779,1, 1
66, 3, 46, 78, 121, 8.15687, 15.3314,2, 1
66, 3, 47, 78, 119, 16.5846, 25.1266,3, 2
66, 4, 1, 181, 83, 30.4775, 37.3656,4, 3
66, 4, 2, 181, 110, 34.3465, 55.0839,5, 3
66, 4, 3, 181, 78, 24.3167, 45.3514,4, 2
66, 4, 5, 181, 146, 0, 0,0, 0
66, 4, 6, 181, 131, 7.35889, 14.5527,2, 1
66, 4, 7, 181, 118, 7.96712, 15.4709,2, 1
66, 4, 8, 181, 112, 0, 0,0, 0
66, 4, 9, 181, 146, 0, 0,0, 0
66, 4, 10, 181, 134, 16.1475, 23.4577,3, 2
66, 4, 11, 181, 127, 0, 0,0, 0
66, 4, 12, 181, 137, 7.29838, 14.3746,2, 1
66, 4, 13, 181, 138, 0, 0,0, 0
66, 4, 14, 181, 125, 8.31105, 16.5214,2, 1
66, 4, 15, 181, 96, 9.06954, 16.4064,2, 1
66, 4, 16, 181, 91, 10.4452, 18.8912,2, 1
66, 4, 17, 181, 101, 10.8763, 19.7212,2, 1
66, 4, 18, 181, 101, 0, 0,0, 0
66, 4, 19, 181, 109, 6.87814, 6.87814,1, 1
66, 4, 20, 181, 131, 11.6197, 22.8644,2, 1
66, 4, 21, 181, 84, 0, 0,0, 0
66, 4, 22, 181, 102, 12.0902, 21.9587,2, 1
66, 4, 23, 181, 134, 7.88904, 14.6375,2, 1
66, 4, 24, 181, 106, 0, 0,0, 0
66, 4, 25, 181, 139, 9.61182, 17.5108,2, 1
66, 4, 26, 181, 159, 0, 0,0, 0
66, 4, 27, 181, 98, 9.6328, 18.9337,2, 1
66, 4, 28, 181, 136, 26.5974, 42.709,5, 3
66, 4, 29, 181, 159, 6.95602, 6.95602,1, 1
66, 4, 30, 181, 141, 7.09249, 7.09249,1, 1
66, 4, 31, 181, 113, 8.71272, 8.71272,1, 1
66, 4, 32, 181, 136, 31.0852, 49.5133,5, 3
66, 4, 33, 181, 134, 0, 0,0, 0
66, 4, 34, 181, 101, 15.8864, 15.8864,2, 2
66, 4, 35, 181, 99, 8.57093, 15.8409,2, 1
66, 4, 36, 181, 141, 0, 0,0, 0
66, 4, 37, 181, 137, 21.1767, 38.0755,4, 2
66, 4, 38, 181, 138, 0, 0,0, 0
66, 4, 39, 181, 139, 8.62664, 16.4186,2, 1
66, 4, 40, 181, 119, 6.9788, 6.9788,1, 1
66, 4, 41, 181, 112, 6.68091, 6.68091,1, 1
66, 4, 42, 181, 108, 7.75471, 7.75471,1, 1
66, 4, 43, 181, 115, 0, 0,0, 0
66, 4, 44, 181, 98, 0, 0,0, 0
66, 4, 45, 181, 133, 0, 0,0, 0
66, 4, 46, 181, 121, 7.97141, 15.852,2, 1
66, 4, 47, 181, 119, 15.98, 24.5278,3, 2
66, 5, 1, 146, 83, 0, 0,0, 0
66, 5, 2, 146, 110, 0, 0,0, 0
66, 5, 3, 146, 78, 0, 0,0, 0
66, 5, 4, 146, 181, 0, 0,0, 0
66, 5, 6, 146, 131, 84.3475, 84.3475,10, 10
66, 5, 7, 146, 118, 17.9579, 17.9579,2, 2
66, 5, 8, 146, 112, 51.1671, 51.1671,6, 6
66, 5, 9, 146, 146, 0, 0,0, 0
66, 5, 10, 146, 134, 0, 0,0, 0
66, 5, 11, 146, 127, 25.7111, 25.7111,3, 3
66, 5, 12, 146, 137, 63.5487, 63.5487,7, 7
66, 5, 13, 146, 138, 36.8727, 36.8727,4, 4
66, 5, 14, 146, 125, 23.1107, 23.1107,3, 3
66, 5, 15, 146, 96, 17.2525, 17.2525,2, 2
66, 5, 16, 146, 91, 0, 0,0, 0
66, 5, 17, 146, 101, 16.4345, 16.4345,2, 2
66, 5, 18, 146, 101, 16.2668, 16.2668,2, 2
66, 5, 19, 146, 109, 7.17141, 7.17141,1, 1
66, 5, 20, 146, 131, 7.03255, 7.03255,1, 1
66, 5, 21, 146, 84, 33.9097, 33.9097,4, 4
66, 5, 22, 146, 102, 17.4765, 17.4765,2, 2
66, 5, 23, 146, 134, 0, 0,0, 0
66, 5, 24, 146, 106, 9.15715, 9.15715,1, 1
66, 5, 25, 146, 139, 17.461, 17.461,2, 2
66, 5, 26, 146, 159, 32.464, 32.464,4, 4
66, 5, 27, 146, 98, 0, 0,0, 0
66, 5, 28, 146, 136, 0, 0,0, 0
66, 5, 29, 146, 159, 0, 0,0, 0
66, 5, 30, 146, 141, 22.9473, 22.9473,3, 3
66, 5, 31, 146, 113, 0, 0,0, 0
66, 5, 32, 146, 136, 0, 0,0, 0
66, 5, 33, 146, 134, 7.95876, 15.7556,2, 1
66, 5, 34, 146, 101, 9.0553, 9.0553,1, 1
66, 5, 35, 146, 99, 0, 0,0, 0
66, 5, 36, 146, 141, 40.9598, 40.9598,4, 4
66, 5, 37, 146, 137, 0, 0,0, 0
66, 5, 38, 146, 138, 0, 0,0, 0
66, 5, 39, 146, 139, 9.98644, 9.98644,1, 1
66, 5, 40, 146, 119, 15.6931, 23.3085,3, 2
66, 5, 41, 146, 112, 24.0665, 31.2383,4, 3
66, 5, 42, 146, 108, 8.64678, 8.64678,1, 1
66, 5, 43, 146, 115, 7.51212, 7.51212,1, 1
66, 5, 44, 146, 98, 96.0663, 96.0663,10, 10
66, 5, 45, 146, 133, 8.71679, 8.71679,1, 1
66, 5, 46, 146, 121, 60.3557, 60.3557,7, 7
66, 5, 47, 146, 119, 0, 0,0, 0
66, 6, 1, 131, 83, 6.85684, 6.85684,1, 1
66, 6, 2, 131, 110, 16.9761, 16.9761,2, 2
66, 6, 3, 131, 78, 7.66257, 7.66257,1, 1
66, 6, 4, 131, 181, 14.5527, 14.5527,2, 2
66, 6, 5, 131, 146, 84.3473, 84.3473,10, 10
66, 6, 7, 131, 118, 39.6359, 39.6359,4, 4
66, 6, 8, 131, 112, 9.27354, 9.27354,1, 1
66, 6, 9, 131, 146, 63.5564, 86.9261,11, 8
66, 6, 10, 131, 134, 79.3082, 95.0256,11, 9
66, 6, 11, 131, 127, 81.1736, 87.9736,10, 9
66, 6, 12, 131, 137, 35.4586, 35.4586,4, 4
66, 6, 13, 131, 138, 7.53586, 7.53586,1, 1
66, 6, 14, 131, 125, 37.5157, 37.5157,4, 4
66, 6, 15, 131, 96, 15.238, 15.238,2, 2
66, 6, 16, 131, 91, 29.9438, 29.9438,4, 4
66, 6, 17, 131, 101, 9.70545, 9.70545,1, 1
66, 6, 18, 131, 101, 24.3757, 24.3757,3, 3
66, 6, 19, 131, 109, 0, 0,0, 0
66, 6, 20, 131, 131, 20.3251, 20.3251,2, 2
66, 6, 21, 131, 84, 23.403, 23.403,3, 3
66, 6, 22, 131, 102, 10.419, 10.419,1, 1
66, 6, 23, 131, 134, 26.0811, 26.0811,3, 3
66, 6, 24, 131, 106, 29.0666, 29.0666,4, 4
66, 6, 25, 131, 139, 25.6546, 25.6546,3, 3
66, 6, 26, 131, 159, 0, 0,0, 0
66, 6, 27, 131, 98, 17.6907, 17.6907,2, 2
66, 6, 28, 131, 136, 45.4761, 45.4761,5, 5
66, 6, 29, 131, 159, 14.5956, 14.5956,2, 2
66, 6, 30, 131, 141, 0, 0,0, 0
66, 6, 31, 131, 113, 9.72666, 9.72666,1, 1
66, 6, 32, 131, 136, 71.1793, 78.0403,10, 9
66, 6, 33, 131, 134, 45.7122, 45.7122,6, 6
66, 6, 34, 131, 101, 17.0029, 17.0029,2, 2
66, 6, 35, 131, 99, 62.4128, 106.59,12, 6
66, 6, 36, 131, 141, 30.5315, 30.5315,3, 3
66, 6, 37, 131, 137, 41.9105, 48.6716,6, 5
66, 6, 38, 131, 138, 84.0783, 124.174,15, 10
66, 6, 39, 131, 139, 131.801, 192.189,22, 14
66, 6, 40, 131, 119, 7.94597, 7.94597,1, 1
66, 6, 41, 131, 112, 29.4858, 29.4858,4, 4
66, 6, 42, 131, 108, 7.08417, 7.08417,1, 1
66, 6, 43, 131, 115, 47.4056, 47.4056,6, 6
66, 6, 44, 131, 98, 84.0248, 84.0248,10, 10
66, 6, 45, 131, 133, 230.689, 327.859,34, 23
66, 6, 46, 131, 121, 176.901, 188.42,19, 18
66, 6, 47, 131, 119, 119.153, 156.533,17, 12
66, 7, 1, 118, 83, 0, 0,0, 0
66, 7, 2, 118, 110, 34.2056, 34.2056,4, 4
66, 7, 3, 118, 78, 17.8093, 17.8093,2, 2
66, 7, 4, 118, 181, 15.4708, 15.4708,2, 2
66, 7, 5, 118, 146, 17.958, 17.958,2, 2
66, 7, 6, 118, 131, 32.0668, 39.6362,4, 3
66, 7, 8, 118, 112, 71.4775, 71.4775,9, 9
66, 7, 9, 118, 146, 0, 0,0, 0
66, 7, 10, 118, 134, 8.10886, 8.10886,1, 1
66, 7, 11, 118, 127, 52.7479, 72.3816,7, 5
66, 7, 12, 118, 137, 84.1372, 84.1372,8, 8
66, 7, 13, 118, 138, 13.9972, 13.9972,2, 2
66, 7, 14, 118, 125, 344.709, 354.641,36, 35
66, 7, 15, 118, 96, 208.954, 222.924,23, 21
66, 7, 16, 118, 91, 16.1551, 16.1551,2, 2
66, 7, 17, 118, 101, 25.6553, 33.2955,4, 3
66, 7, 18, 118, 101, 61.0602, 69.206,8, 7
66, 7, 19, 118, 109, 14.4193, 14.4193,2, 2
66, 7, 20, 118, 131, 254.309, 261.417,26, 25
66, 7, 21, 118, 84, 17.7292, 17.7292,2, 2
66, 7, 22, 118, 102, 62.9708, 62.9708,7, 7
66, 7, 23, 118, 134, 23.9729, 23.9729,3, 3
66, 7, 24, 118, 106, 0, 0,0, 0
66, 7, 25, 118, 139, 385.504, 425.708,45, 40
66, 7, 26, 118, 159, 8.69251, 8.69251,1, 1
66, 7, 27, 118, 98, 15.3538, 15.3538,1, 1
66, 7, 28, 118, 136, 54.3242, 62.7198,7, 6
66, 7, 29, 118, 159, 7.09513, 7.09513,1, 1
66, 7, 30, 118, 141, 14.4376, 14.4376,1, 1
66, 7, 31, 118, 113, 27.5951, 35.6068,4, 3
66, 7, 32, 118, 136, 186.22, 186.22,22, 22
66, 7, 33, 118, 134, 13.9082, 13.9082,2, 2
66, 7, 34, 118, 101, 83.7939, 83.7939,9, 9
66, 7, 35, 118, 99, 37.9863, 37.9863,5, 5
66, 7, 36, 118, 141, 24.4254, 31.2856,4, 3
66, 7, 37, 118, 137, 191.037, 198.335,21, 20
66, 7, 38, 118, 138, 0, 0,0, 0
66, 7, 39, 118, 139, 7.97774, 7.97774,1, 1
66, 7, 40, 118, 119, 7.57929, 7.57929,1, 1
66, 7, 41, 118, 112, 8.18425, 8.18425,1, 1
66, 7, 42, 118, 108, 28.3447, 28.3447,3, 3
66, 7, 43, 118, 115, 35.0738, 47.648,5, 4
66, 7, 44, 118, 98, 7.41822, 7.41822,1, 1
66, 7, 45, 118, 133, 0, 0,0, 0
66, 7, 46, 118, 121, 37.0543, 44.8644,5, 4
66, 7, 47, 118, 119, 16.9582, 16.9582,2, 2
66, 8, 1, 112, 83, 0, 0,0, 0
66, 8, 2, 112, 110, 6.74216, 6.74216,1, 1
66, 8, 3, 112, 78, 0, 0,0, 0
66, 8, 4, 112, 181, 0, 0,0, 0
66, 8, 5, 112, 146, 51.1671, 51.1671,6, 6
66, 8, 6, 112, 131, 9.27347, 9.27347,1, 1
66, 8, 7, 112, 118, 56.5652, 71.4775,9, 7
66, 8, 9, 112, 146, 0, 0,0, 0
66, 8, 10, 112, 134, 0, 0,0, 0
66, 8, 11, 112, 127, 24.704, 24.704,3, 3
66, 8, 12, 112, 137, 41.7382, 41.7382,4, 4
66, 8, 13, 112, 138, 50.1272, 50.1272,6, 6
66, 8, 14, 112, 125, 85.7668, 92.5827,11, 10
66, 8, 15, 112, 96, 149.57, 158.651,16, 15
66, 8, 16, 112, 91, 8.31497, 16.0659,2, 1
66, 8, 17, 112, 101, 43.7956, 43.7956,5, 5
66, 8, 18, 112, 101, 78.4119, 92.7811,10, 8
66, 8, 19, 112, 109, 105.858, 105.858,11, 11
66, 8, 20, 112, 131, 155.29, 177.49,19, 16
66, 8, 21, 112, 84, 108.58, 108.58,13, 13
66, 8, 22, 112, 102, 29.6267, 29.6267,3, 3
66, 8, 23, 112, 134, 18.2439, 18.2439,2, 2
66, 8, 24, 112, 106, 0, 0,0, 0
66, 8, 25, 112, 139, 116.298, 123.429,14, 13
66, 8, 26, 112, 159, 40.2813, 40.2813,5, 5
66, 8, 27, 112, 98, 0, 0,0, 0
66, 8, 28, 112, 136, 18.9952, 18.9952,2, 2
66, 8, 29, 112, 159, 17.7355, 17.7355,2, 2
66, 8, 30, 112, 141, 23.7868, 23.7868,3, 3
66, 8, 31, 112, 113, 9.63101, 9.63101,1, 1
66, 8, 32, 112, 136, 37.5037, 37.5037,5, 5
66, 8, 33, 112, 134, 24.458, 24.458,3, 3
66, 8, 34, 112, 101, 54.1226, 54.1226,6, 6
66, 8, 35, 112, 99, 8.50848, 8.50848,1, 1
66, 8, 36, 112, 141, 34.1919, 34.1919,3, 3
66, 8, 37, 112, 137, 34.1284, 34.1284,4, 4
66, 8, 38, 112, 138, 0, 0,0, 0
66, 8, 39, 112, 139, 13.9284, 13.9284,2, 2
66, 8, 40, 112, 119, 27.0164, 27.0164,3, 3
66, 8, 41, 112, 112, 28.2489, 28.2489,3, 3
66, 8, 42, 112, 108, 39.6395, 39.6395,5, 5
66, 8, 43, 112, 115, 14.7829, 14.7829,2, 2
66, 8, 44, 112, 98, 23.6901, 23.6901,2, 2
66, 8, 45, 112, 133, 0, 0,0, 0
66, 8, 46, 112, 121, 6.71073, 6.71073,1, 1
66, 8, 47, 112, 119, 15.3607, 15.3607,2, 2
66, 9, 1, 146, 83, 0, 0,0, 0
66, 9, 2, 146, 110, 0, 0,0, 0
66, 9, 3, 146, 78, 0, 0,0, 0
66, 9, 4, 146, 181, 0, 0,0, 0
66, 9, 5, 146, 146, 0, 0,0, 0
66, 9, 6, 146, 131, 65.7827, 86.9265,11, 8
66, 9, 7, 146, 118, 0, 0,0, 0
66, 9, 8, 146, 112, 0, 0,0, 0
66, 9, 10, 146, 134, 413.05, 684.695,73, 38
66, 9, 11, 146, 127, 144.398, 241.037,24, 11
66, 9, 12, 146, 137, 64.5384, 106.74,12, 7
66, 9, 13, 146, 138, 0, 0,0, 0
66, 9, 14, 146, 125, 0, 0,0, 0
66, 9, 15, 146, 96, 0, 0,0, 0
66, 9, 16, 146, 91, 14.7792, 14.7792,2, 2
66, 9, 17, 146, 101, 0, 0,0, 0
66, 9, 18, 146, 101, 0, 0,0, 0
66, 9, 19, 146, 109, 0, 0,0, 0
66, 9, 20, 146, 131, 0, 0,0, 0
66, 9, 21, 146, 84, 0, 0,0, 0
66, 9, 22, 146, 102, 0, 0,0, 0
66, 9, 23, 146, 134, 8.20027, 8.20027,1, 1
66, 9, 24, 146, 106, 8.7963, 16.7521,2, 1
66, 9, 25, 146, 139, 0, 0,0, 0
66, 9, 26, 146, 159, 0, 0,0, 0
66, 9, 27, 146, 98, 8.24013, 8.24013,1, 1
66, 9, 28, 146, 136, 0, 0,0, 0
66, 9, 29, 146, 159, 7.89593, 7.89593,1, 1
66, 9, 30, 146, 141, 0, 0,0, 0
66, 9, 31, 146, 113, 0, 0,0, 0
66, 9, 32, 146, 136, 0, 0,0, 0
66, 9, 33, 146, 134, 154.769, 341.795,38, 15
66, 9, 34, 146, 101, 0, 0,0, 0
66, 9, 35, 146, 99, 70.2766, 105.875,14, 9
66, 9, 36, 146, 141, 7.11306, 7.11306,1, 1
66, 9, 37, 146, 137, 0, 0,0, 0
66, 9, 38, 146, 138, 251.154, 492.697,60, 28
66, 9, 39, 146, 139, 252.613, 476.089,51, 22
66, 9, 40, 146, 119, 0, 0,0, 0
66, 9, 41, 146, 112, 0, 0,0, 0
66, 9, 42, 146, 108, 0, 0,0, 0
66, 9, 43, 146, 115, 208.244, 416.353,48, 22
66, 9, 44, 146, 98, 0, 0,0, 0
66, 9, 45, 146, 133, 237.528, 377.584,45, 26
66, 9, 46, 146, 121, 8.08199, 8.08199,1, 1
66, 9, 47, 146, 119, 0, 0,0, 0
66, 10, 1, 134, 83, 6.88681, 6.88681,1, 1
66, 10, 2, 134, 110, 26.6966, 48.1479,4, 2
66, 10, 3, 134, 78, 27.1236, 52.5297,6, 3
66, 10, 4, 134, 181, 16.3835, 23.4578,3, 2
66, 10, 5, 134, 146, 0, 0,0, 0
66, 10, 6, 134, 131, 57.6663, 95.0257,11, 6
66, 10, 7, 134, 118, 8.10886, 8.10886,1, 1
66, 10, 8, 134, 112, 0, 0,0, 0
66, 10, 9, 134, 146, 466.07, 684.694,73, 45
66, 10, 11, 134, 127, 246.376, 306.132,35, 27
66, 10, 12, 134, 137, 111.587, 119.186,12, 11
66, 10, 13, 134, 138, 14.1409, 14.1409,2, 2
66, 10, 14, 134, 125, 10.4982, 18.3863,2, 1
66, 10, 15, 134, 96, 16.9969, 31.7656,2, 1
66, 10, 16, 134, 91, 25.0536, 37.9461,3, 2
66, 10, 17, 134, 101, 16.8293, 30.346,2, 1
66, 10, 18, 134, 101, 9.44624, 18.8803,2, 1
66, 10, 19, 134, 109, 0, 0,0, 0
66, 10, 20, 134, 131, 10.2697, 20.2204,2, 1
66, 10, 21, 134, 84, 0, 0,0, 0
66, 10, 22, 134, 102, 15.6419, 29.8592,2, 1
66, 10, 23, 134, 134, 25.2199, 39.7543,3, 2
66, 10, 24, 134, 106, 30.4662, 37.4362,5, 4
66, 10, 25, 134, 139, 21.2978, 34.0957,2, 1
66, 10, 26, 134, 159, 0, 0,0, 0
66, 10, 27, 134, 98, 12.4469, 21.0045,2, 1
66, 10, 28, 134, 136, 42.2456, 70.7188,5, 3
66, 10, 29, 134, 159, 0, 0,0, 0
66, 10, 30, 134, 141, 6.82832, 6.82832,1, 1
66, 10, 31, 134, 113, 0, 0,0, 0
66, 10, 32, 134, 136, 46.5781, 67.4711,5, 3
66, 10, 33, 134, 134, 116.11, 199.805,24, 13
66, 10, 34, 134, 101, 20.7941, 34.0724,3, 2
66, 10, 35, 134, 99, 70.5428, 93.1581,10, 8
66, 10, 36, 134, 141, 44.6648, 44.6648,4, 4
66, 10, 37, 134, 137, 39.7866, 50.6044,4, 3
66, 10, 38, 134, 138, 202.537, 422.557,48, 21
66, 10, 39, 134, 139, 322.777, 468.482,49, 31
66, 10, 40, 134, 119, 0, 0,0, 0
66, 10, 41, 134, 112, 0, 0,0, 0
66, 10, 42, 134, 108, 0, 0,0, 0
66, 10, 43, 134, 115, 180.805, 334.198,38, 19
66, 10, 44, 134, 98, 0, 0,0, 0
66, 10, 45, 134, 133, 128.259, 226.837,24, 12
66, 10, 46, 134, 121, 10.6241, 18.8268,2, 1
66, 10, 47, 134, 119, 29.2085, 40.9156,4, 3
66, 11, 1, 127, 83, 8.11925, 8.11925,1, 1
66, 11, 2, 127, 110, 0, 0,0, 0
66, 11, 3, 127, 78, 0, 0,0, 0
66, 11, 4, 127, 181, 0, 0,0, 0
66, 11, 5, 127, 146, 25.711, 25.711,3, 3
66, 11, 6, 127, 131, 78.0307, 87.9735,10, 9
66, 11, 7, 127, 118, 53.3992, 72.3822,7, 5
66, 11, 8, 127, 112, 24.7042, 24.7042,3, 3
66, 11, 9, 127, 146, 234.055, 241.032,24, 23
66, 11, 10, 127, 134, 285.582, 306.132,35, 32
66, 11, 12, 127, 137, 245.102, 283.856,28, 24
66, 11, 13, 127, 138, 94.9736, 112.481,14, 12
66, 11, 14, 127, 125, 6.67383, 6.67383,1, 1
66, 11, 15, 127, 96, 40.6546, 47.8114,5, 4
66, 11, 16, 127, 91, 25.1669, 25.1669,3, 3
66, 11, 17, 127, 101, 23.6127, 30.5999,4, 3
66, 11, 18, 127, 101, 38.7863, 47.7625,5, 4
66, 11, 19, 127, 109, 6.73515, 6.73515,1, 1
66, 11, 20, 127, 131, 17.7366, 17.7366,2, 2
66, 11, 21, 127, 84, 23.7334, 23.7334,3, 3
66, 11, 22, 127, 102, 0, 0,0, 0
66, 11, 23, 127, 134, 0, 0,0, 0
66, 11, 24, 127, 106, 0, 0,0, 0
66, 11, 25, 127, 139, 11.4224, 19.5874,2, 1
66, 11, 26, 127, 159, 7.22812, 7.22812,1, 1
66, 11, 27, 127, 98, 23.1812, 23.1812,3, 3
66, 11, 28, 127, 136, 52.7956, 61.2752,7, 6
66, 11, 29, 127, 159, 36.3591, 45.0908,5, 4
66, 11, 30, 127, 141, 11.3444, 11.3444,1, 1
66, 11, 31, 127, 113, 30.616, 38.6143,4, 3
66, 11, 32, 127, 136, 0, 0,0, 0
66, 11, 33, 127, 134, 158.281, 172.651,21, 19
66, 11, 34, 127, 101, 86.3951, 94.7331,11, 10
66, 11, 35, 127, 99, 61.9452, 69.1118,7, 6
66, 11, 36, 127, 141, 120.958, 129.722,14, 13
66, 11, 37, 127, 137, 0, 0,0, 0
66, 11, 38, 127, 138, 177.977, 195.114,22, 20
66, 11, 39, 127, 139, 177.246, 177.246,21, 21
66, 11, 40, 127, 119, 7.09999, 7.09999,1, 1
66, 11, 41, 127, 112, 43.3825, 43.3825,5, 5
66, 11, 42, 127, 108, 50.5792, 57.8629,6, 5
66, 11, 43, 127, 115, 183.927, 199.59,23, 21
66, 11, 44, 127, 98, 21.0768, 21.0768,3, 3
66, 11, 45, 127, 133, 87.2441, 94.0343,12, 11
66, 11, 46, 127, 121, 20.5081, 28.644,3, 2
66, 11, 47, 127, 119, 28.8721, 28.8721,4, 4
66, 12, 1, 137, 83, 0, 0,0, 0
66, 12, 2, 137, 110, 23.92, 23.92,3, 3
66, 12, 3, 137, 78, 9.36151, 9.36151,1, 1
66, 12, 4, 137, 181, 14.3746, 14.3746,2, 2
66, 12, 5, 137, 146, 45.7207, 63.5493,7, 5
66, 12, 6, 137, 131, 28.5937, 35.4588,4, 3
66, 12, 7, 137, 118, 69.1748, 84.1388,8, 6
66, 12, 8, 137, 112, 27.9352, 41.7391,4, 3
66, 12, 9, 137, 146, 81.4372, 106.741,12, 9
66, 12, 10, 137, 134, 110.72, 119.188,12, 11
66, 12, 11, 137, 127, 240.797, 283.856,28, 23
66, 12, 13, 137, 138, 192.086, 225.332,25, 21
66, 12, 14, 137, 125, 17.5851, 17.5851,2, 2
66, 12, 15, 137, 96, 53.425, 69.2504,6, 5
66, 12, 16, 137, 91, 23.1489, 23.1489,3, 3
66, 12, 17, 137, 101, 33.8844, 33.8844,4, 4
66, 12, 18, 137, 101, 37.4464, 47.2137,5, 4
66, 12, 19, 137, 109, 18.9028, 28.0367,3, 2
66, 12, 20, 137, 131, 75.1054, 83.1931,9, 8
66, 12, 21, 137, 84, 33.9771, 33.9771,4, 4
66, 12, 22, 137, 102, 40.33, 40.33,4, 4
66, 12, 23, 137, 134, 16.5831, 16.5831,2, 2
66, 12, 24, 137, 106, 0, 0,0, 0
66, 12, 25, 137, 139, 51.3932, 58.6514,7, 6
66, 12, 26, 137, 159, 7.89206, 7.89206,1, 1
66, 12, 27, 137, 98, 34.6693, 34.6693,3, 3
66, 12, 28, 137, 136, 39.9832, 46.7384,5, 4
66, 12, 29, 137, 159, 35.7744, 35.7744,5, 5
66, 12, 30, 137, 141, 14.7012, 14.7012,2, 2
66, 12, 31, 137, 113, 9.37089, 9.37089,1, 1
66, 12, 32, 137, 136, 11.3589, 11.3589,1, 1
66, 12, 33, 137, 134, 51.9119, 63.1853,6, 5
66, 12, 34, 137, 101, 105.05, 112.124,14, 13
66, 12, 35, 137, 99, 15.7261, 15.7261,2, 2
66, 12, 36, 137, 141, 185.258, 215.033,22, 19
66, 12, 37, 137, 137, 18.343, 18.343,2, 2
66, 12, 38, 137, 138, 0, 0,0, 0
66, 12, 39, 137, 139, 33.2201, 33.2201,4, 4
66, 12, 40, 137, 119, 27.3284, 36.7846,4, 3
66, 12, 41, 137, 112, 37.1254, 48.8021,5, 4
66, 12, 42, 137, 108, 83.6698, 99.6648,13, 11
66, 12, 43, 137, 115, 31.9674, 31.9674,4, 4
66, 12, 44, 137, 98, 23.6518, 23.6518,3, 3
66, 12, 45, 137, 133, 0, 0,0, 0
66, 12, 46, 137, 121, 31.135, 39.8053,4, 3
66, 12, 47, 137, 119, 20.1415, 20.1415,2, 2
66, 13, 1, 138, 83, 0, 0,0, 0
66, 13, 2, 138, 110, 16.3627, 16.3627,2, 2
66, 13, 3, 138, 78, 0, 0,0, 0
66, 13, 4, 138, 181, 0, 0,0, 0
66, 13, 5, 138, 146, 36.8727, 36.8727,4, 4
66, 13, 6, 138, 131, 7.53581, 7.53581,1, 1
66, 13, 7, 138, 118, 13.9972, 13.9972,2, 2
66, 13, 8, 138, 112, 50.1273, 50.1273,6, 6
66, 13, 9, 138, 146, 0, 0,0, 0
66, 13, 10, 138, 134, 14.1409, 14.1409,2, 2
66, 13, 11, 138, 127, 105.55, 112.481,14, 13
66, 13, 12, 138, 137, 217.464, 225.332,25, 24
66, 13, 14, 138, 125, 0, 0,0, 0
66, 13, 15, 138, 96, 15.145, 15.145,2, 2
66, 13, 16, 138, 91, 0, 0,0, 0
66, 13, 17, 138, 101, 14.3067, 14.3067,2, 2
66, 13, 18, 138, 101, 41.429, 41.429,5, 5
66, 13, 19, 138, 109, 51.9629, 66.6519,8, 6
66, 13, 20, 138, 131, 7.58582, 7.58582,1, 1
66, 13, 21, 138, 84, 39.6593, 46.5257,5, 4
66, 13, 22, 138, 102, 0, 0,0, 0
66, 13, 23, 138, 134, 0, 0,0, 0
66, 13, 24, 138, 106, 0, 0,0, 0
66, 13, 25, 138, 139, 22.7086, 22.7086,3, 3
66, 13, 26, 138, 159, 0, 0,0, 0
66, 13, 27, 138, 98, 7.90514, 7.90514,1, 1
66, 13, 28, 138, 136, 10.684, 10.684,1, 1
66, 13, 29, 138, 159, 27.5206, 27.5206,3, 3
66, 13, 30, 138, 141, 19.7745, 19.7745,2, 2
66, 13, 31, 138, 113, 10.8703, 10.8703,1, 1
66, 13, 32, 138, 136, 0, 0,0, 0
66, 13, 33, 138, 134, 26.0114, 26.0114,3, 3
66, 13, 34, 138, 101, 28.1108, 28.1108,3, 3
66, 13, 35, 138, 99, 0, 0,0, 0
66, 13, 36, 138, 141, 48.3239, 48.3239,5, 5
66, 13, 37, 138, 137, 0, 0,0, 0
66, 13, 38, 138, 138, 0, 0,0, 0
66, 13, 39, 138, 139, 0, 0,0, 0
66, 13, 40, 138, 119, 67.6077, 67.6077,8, 8
66, 13, 41, 138, 112, 17.4892, 17.4892,2, 2
66, 13, 42, 138, 108, 56.3728, 56.3728,7, 7
66, 13, 43, 138, 115, 13.8349, 13.8349,2, 2
66, 13, 44, 138, 98, 15.4598, 15.4598,2, 2
66, 13, 45, 138, 133, 0, 0,0, 0
66, 13, 46, 138, 121, 8.1243, 8.1243,1, 1
66, 13, 47, 138, 119, 0, 0,0, 0
66, 14, 1, 125, 83, 0, 0,0, 0
66, 14, 2, 125, 110, 20.0599, 20.0599,2, 2
66, 14, 3, 125, 78, 17.2621, 17.2621,2, 2
66, 14, 4, 125, 181, 16.5214, 16.5214,2, 2
66, 14, 5, 125, 146, 23.1105, 23.1105,3, 3
66, 14, 6, 125, 131, 29.9939, 37.5157,4, 3
66, 14, 7, 125, 118, 333.363, 354.641,36, 34
66, 14, 8, 125, 112, 92.5828, 92.5828,11, 11
66, 14, 9, 125, 146, 0, 0,0, 0
66, 14, 10, 125, 134, 18.3864, 18.3864,2, 2
66, 14, 11, 125, 127, 6.67382, 6.67382,1, 1
66, 14, 12, 125, 137, 17.585, 17.585,2, 2
66, 14, 13, 125, 138, 0, 0,0, 0
66, 14, 15, 125, 96, 236.868, 252.611,26, 24
66, 14, 16, 125, 91, 59.1636, 65.8727,8, 7
66, 14, 17, 125, 101, 76.1181, 76.1181,7, 7
66, 14, 18, 125, 101, 29.1367, 29.1367,4, 4
66, 14, 19, 125, 109, 0, 0,0, 0
66, 14, 20, 125, 131, 168.913, 182.821,22, 20
66, 14, 21, 125, 84, 17.2268, 17.2268,2, 2
66, 14, 22, 125, 102, 60.1371, 66.9907,8, 7
66, 14, 23, 125, 134, 76.4127, 98.5144,12, 9
66, 14, 24, 125, 106, 49.244, 49.244,6, 6
66, 14, 25, 125, 139, 306.102, 315.097,30, 29
66, 14, 26, 125, 159, 9.83253, 9.83253,1, 1
66, 14, 27, 125, 98, 14.8152, 14.8152,1, 1
66, 14, 28, 125, 136, 24.6552, 24.6552,2, 2
66, 14, 29, 125, 159, 0, 0,0, 0
66, 14, 30, 125, 141, 0, 0,0, 0
66, 14, 31, 125, 113, 0, 0,0, 0
66, 14, 32, 125, 136, 395.117, 445.829,40, 34
66, 14, 33, 125, 134, 0, 0,0, 0
66, 14, 34, 125, 101, 22.4433, 22.4433,3, 3
66, 14, 35, 125, 99, 31.6684, 31.6684,3, 3
66, 14, 36, 125, 141, 16.0908, 16.0908,2, 2
66, 14, 37, 125, 137, 303.838, 348.526,36, 31
66, 14, 38, 125, 138, 0, 0,0, 0
66, 14, 39, 125, 139, 16.6798, 16.6798,1, 1
66, 14, 40, 125, 119, 0, 0,0, 0
66, 14, 41, 125, 112, 0, 0,0, 0
66, 14, 42, 125, 108, 7.68105, 7.68105,1, 1
66, 14, 43, 125, 115, 0, 0,0, 0
66, 14, 44, 125, 98, 17.2957, 17.2957,2, 2
66, 14, 45, 125, 133, 31.3143, 31.3143,4, 4
66, 14, 46, 125, 121, 39.2583, 39.2583,4, 4
66, 14, 47, 125, 119, 62.4092, 62.4092,6, 6
66, 15, 1, 96, 83, 7.26506, 7.26506,1, 1
66, 15, 2, 96, 110, 39.4611, 39.4611,3, 3
66, 15, 3, 96, 78, 33.3561, 33.3561,3, 3
66, 15, 4, 96, 181, 16.4064, 16.4064,2, 2
66, 15, 5, 96, 146, 17.2525, 17.2525,2, 2
66, 15, 6, 96, 131, 15.2379, 15.2379,2, 2
66, 15, 7, 96, 118, 222.924, 222.924,23, 23
66, 15, 8, 96, 112, 158.651, 158.651,16, 16
66, 15, 9, 96, 146, 0, 0,0, 0
66, 15, 10, 96, 134, 31.7653, 31.7653,2, 2
66, 15, 11, 96, 127, 47.8114, 47.8114,5, 5
66, 15, 12, 96, 137, 69.2492, 69.2492,6, 6
66, 15, 13, 96, 138, 15.145, 15.145,2, 2
66, 15, 14, 96, 125, 252.611, 252.611,26, 26
66, 15, 16, 96, 91, 42.2181, 42.2181,4, 4
66, 15, 17, 96, 101, 46.8761, 46.8761,4, 4
66, 15, 18, 96, 101, 72.5205, 72.5205,8, 8
66, 15, 19, 96, 109, 50.1425, 50.1425,6, 6
66, 15, 20, 96, 131, 334.258, 341.295,35, 34
66, 15, 21, 96, 84, 94.6537, 101.548,11, 10
66, 15, 22, 96, 102, 97.4983, 97.4983,10, 10
66, 15, 23, 96, 134, 34.8476, 34.8476,3, 3
66, 15, 24, 96, 106, 14.2293, 14.2293,2, 2
66, 15, 25, 96, 139, 299.784, 299.784,27, 27
66, 15, 26, 96, 159, 13.857, 13.857,2, 2
66, 15, 27, 96, 98, 10.2945, 10.2945,1, 1
66, 15, 28, 96, 136, 58.0604, 58.0604,5, 5
66, 15, 29, 96, 159, 6.81473, 6.81473,1, 1
66, 15, 30, 96, 141, 19.808, 19.808,1, 1
66, 15, 31, 96, 113, 13.3514, 13.3514,2, 2
66, 15, 32, 96, 136, 160.644, 160.644,16, 16
66, 15, 33, 96, 134, 46.3183, 46.3183,5, 5
66, 15, 34, 96, 101, 121.117, 121.117,12, 12
66, 15, 35, 96, 99, 28.4345, 28.4345,2, 2
66, 15, 36, 96, 141, 51.0545, 51.0545,6, 6
66, 15, 37, 96, 137, 84.7975, 84.7975,8, 8
66, 15, 38, 96, 138, 0, 0,0, 0
66, 15, 39, 96, 139, 12.0112, 12.0112,1, 1
66, 15, 40, 96, 119, 17.6219, 17.6219,2, 2
66, 15, 41, 96, 112, 28.6051, 28.6051,3, 3
66, 15, 42, 96, 108, 43.909, 43.909,5, 5
66, 15, 43, 96, 115, 6.81428, 6.81428,1, 1
66, 15, 44, 96, 98, 9.41522, 9.41522,1, 1
66, 15, 45, 96, 133, 0, 0,0, 0
66, 15, 46, 96, 121, 19.1513, 19.1513,2, 2
66, 15, 47, 96, 119, 27.7751, 27.7751,3, 3
66, 16, 1, 91, 83, 21.7665, 21.7665,3, 3
66, 16, 2, 91, 110, 30.5789, 45.2813,4, 2
66, 16, 3, 91, 78, 34.425, 50.2093,5, 3
66, 16, 4, 91, 181, 18.8915, 18.8915,2, 2
66, 16, 5, 91, 146, 0, 0,0, 0
66, 16, 6, 91, 131, 22.9368, 29.9438,4, 3
66, 16, 7, 91, 118, 8.66603, 16.1551,2, 1
66, 16, 8, 91, 112, 16.0659, 16.0659,2, 2
66, 16, 9, 91, 146, 14.7793, 14.7793,2, 2
66, 16, 10, 91, 134, 27.69, 37.9468,3, 2
66, 16, 11, 91, 127, 25.167, 25.167,3, 3
66, 16, 12, 91, 137, 15.3713, 23.1489,3, 2
66, 16, 13, 91, 138, 0, 0,0, 0
66, 16, 14, 91, 125, 49.4751, 65.8727,8, 6
66, 16, 15, 91, 96, 34.4384, 42.2185,4, 3
66, 16, 17, 91, 101, 144.443, 166.278,17, 14
66, 16, 18, 91, 101, 54.7812, 61.8904,7, 6
66, 16, 19, 91, 109, 7.63942, 7.63942,1, 1
66, 16, 20, 91, 131, 11.9592, 19.573,2, 1
66, 16, 21, 91, 84, 0, 0,0, 0
66, 16, 22, 91, 102, 29.7458, 47.4252,4, 2
66, 16, 23, 91, 134, 21.353, 30.0893,2, 1
66, 16, 24, 91, 106, 15.8707, 15.8707,2, 2
66, 16, 25, 91, 139, 18.8344, 25.8243,2, 1
66, 16, 26, 91, 159, 0, 0,0, 0
66, 16, 27, 91, 98, 20.4785, 30.9093,3, 2
66, 16, 28, 91, 136, 36.7041, 52.8687,4, 2
66, 16, 29, 91, 159, 0, 0,0, 0
66, 16, 30, 91, 141, 0, 0,0, 0
66, 16, 31, 91, 113, 7.27163, 7.27163,1, 1
66, 16, 32, 91, 136, 90.8985, 125.643,12, 8
66, 16, 33, 91, 134, 0, 0,0, 0
66, 16, 34, 91, 101, 20.2366, 27.7646,3, 2
66, 16, 35, 91, 99, 35.6649, 52.9404,4, 2
66, 16, 36, 91, 141, 22.5308, 22.5308,2, 2
66, 16, 37, 91, 137, 81.0397, 109.12,12, 8
66, 16, 38, 91, 138, 0, 0,0, 0
66, 16, 39, 91, 139, 51.2253, 66.3572,8, 6
66, 16, 40, 91, 119, 0, 0,0, 0
66, 16, 41, 91, 112, 0, 0,0, 0
66, 16, 42, 91, 108, 0, 0,0, 0
66, 16, 43, 91, 115, 0, 0,0, 0
66, 16, 44, 91, 98, 0, 0,0, 0
66, 16, 45, 91, 133, 13.5968, 13.5968,2, 2
66, 16, 46, 91, 121, 25.5158, 32.8721,4, 3
66, 16, 47, 91, 119, 30.2796, 54.1423,6, 3
66, 17, 1, 101, 83, 30.6558, 37.5264,5, 4
66, 17, 2, 101, 110, 59.1302, 59.1302,4, 4
66, 17, 3, 101, 78, 48.5981, 48.5981,5, 5
66, 17, 4, 101, 181, 19.7212, 19.7212,2, 2
66, 17, 5, 101, 146, 16.4345, 16.4345,2, 2
66, 17, 6, 101, 131, 9.70545, 9.70545,1, 1
66, 17, 7, 101, 118, 33.2956, 33.2956,4, 4
66, 17, 8, 101, 112, 43.7963, 43.7963,5, 5
66, 17, 9, 101, 146, 0, 0,0, 0
66, 17, 10, 101, 134, 30.347, 30.347,2, 2
66, 17, 11, 101, 127, 30.5998, 30.5998,4, 4
66, 17, 12, 101, 137, 33.8844, 33.8844,4, 4
66, 17, 13, 101, 138, 14.3068, 14.3068,2, 2
66, 17, 14, 101, 125, 76.1185, 76.1185,7, 7
66, 17, 15, 101, 96, 46.877, 46.877,4, 4
66, 17, 16, 101, 91, 158.66, 166.277,17, 16
66, 17, 18, 101, 101, 157.972, 171.545,18, 17
66, 17, 19, 101, 109, 73.4434, 73.4434,8, 8
66, 17, 20, 101, 131, 70.5231, 70.5231,8, 8
66, 17, 21, 101, 84, 6.68617, 6.68617,1, 1
66, 17, 22, 101, 102, 64.9502, 72.2354,5, 4
66, 17, 23, 101, 134, 39.8141, 39.8141,3, 3
66, 17, 24, 101, 106, 17.9425, 17.9425,2, 2
66, 17, 25, 101, 139, 97.3782, 97.3782,7, 7
66, 17, 26, 101, 159, 16.8213, 16.8213,2, 2
66, 17, 27, 101, 98, 25.1552, 25.1552,2, 2
66, 17, 28, 101, 136, 75.9687, 75.9687,3, 3
66, 17, 29, 101, 159, 0, 0,0, 0
66, 17, 30, 101, 141, 7.60435, 7.60435,1, 1
66, 17, 31, 101, 113, 17.6439, 17.6439,2, 2
66, 17, 32, 101, 136, 60.535, 67.3028,7, 6
66, 17, 33, 101, 134, 7.67181, 7.67181,1, 1
66, 17, 34, 101, 101, 66.4937, 66.4937,7, 7
66, 17, 35, 101, 99, 20.7242, 20.7242,1, 1
66, 17, 36, 101, 141, 40.6824, 40.6824,5, 5
66, 17, 37, 101, 137, 70.4677, 70.4677,7, 7
66, 17, 38, 101, 138, 0, 0,0, 0
66, 17, 39, 101, 139, 20.3801, 20.3801,1, 1
66, 17, 40, 101, 119, 15.7469, 15.7469,2, 2
66, 17, 41, 101, 112, 8.70308, 8.70308,1, 1
66, 17, 42, 101, 108, 15.5041, 15.5041,2, 2
66, 17, 43, 101, 115, 6.67028, 6.67028,1, 1
66, 17, 44, 101, 98, 19.4927, 19.4927,2, 2
66, 17, 45, 101, 133, 14.8435, 14.8435,2, 2
66, 17, 46, 101, 121, 26.2233, 26.2233,3, 3
66, 17, 47, 101, 119, 30.856, 30.856,3, 3
66, 18, 1, 101, 83, 8.40336, 8.40336,1, 1
66, 18, 2, 101, 110, 24.6846, 24.6846,3, 3
66, 18, 3, 101, 78, 23.5154, 23.5154,2, 2
66, 18, 4, 101, 181, 0, 0,0, 0
66, 18, 5, 101, 146, 16.2669, 16.2669,2, 2
66, 18, 6, 101, 131, 24.3757, 24.3757,3, 3
66, 18, 7, 101, 118, 62.2995, 69.2062,8, 7
66, 18, 8, 101, 112, 92.7812, 92.7812,10, 10
66, 18, 9, 101, 146, 0, 0,0, 0
66, 18, 10, 101, 134, 18.8803, 18.8803,2, 2
66, 18, 11, 101, 127, 47.7626, 47.7626,5, 5
66, 18, 12, 101, 137, 47.2137, 47.2137,5, 5
66, 18, 13, 101, 138, 41.429, 41.429,5, 5
66, 18, 14, 101, 125, 22.2686, 29.1367,4, 3
66, 18, 15, 101, 96, 72.5203, 72.5203,8, 8
66, 18, 16, 101, 91, 55.1372, 61.8903,7, 6
66, 18, 17, 101, 101, 171.546, 171.546,18, 18
66, 18, 19, 101, 109, 162.185, 185.683,20, 17
66, 18, 20, 101, 131, 93.5044, 100.774,12, 11
66, 18, 21, 101, 84, 37.2899, 37.2899,5, 5
66, 18, 22, 101, 102, 39.0917, 45.8885,5, 4
66, 18, 23, 101, 134, 19.2331, 19.2331,2, 2
66, 18, 24, 101, 106, 18.7225, 18.7225,2, 2
66, 18, 25, 101, 139, 42.8706, 42.8706,5, 5
66, 18, 26, 101, 159, 10.6605, 10.6605,1, 1
66, 18, 27, 101, 98, 13.6749, 13.6749,2, 2
66, 18, 28, 101, 136, 61.2556, 68.008,8, 7
66, 18, 29, 101, 159, 9.56201, 9.56201,1, 1
66, 18, 30, 101, 141, 14.7173, 14.7173,2, 2
66, 18, 31, 101, 113, 36.5604, 36.5604,3, 3
66, 18, 32, 101, 136, 22.0164, 22.0164,2, 2
66, 18, 33, 101, 134, 20.2376, 20.2376,2, 2
66, 18, 34, 101, 101, 60.256, 60.256,6, 6
66, 18, 35, 101, 99, 24.4391, 24.4391,3, 3
66, 18, 36, 101, 141, 46.0853, 53.3853,5, 4
66, 18, 37, 101, 137, 16.4603, 16.4603,2, 2
66, 18, 38, 101, 138, 0, 0,0, 0
66, 18, 39, 101, 139, 20.7009, 20.7009,3, 3
66, 18, 40, 101, 119, 15.0566, 15.0566,2, 2
66, 18, 41, 101, 112, 33.5804, 42.8735,5, 4
66, 18, 42, 101, 108, 57.983, 57.983,5, 5
66, 18, 43, 101, 115, 22.6195, 22.6195,3, 3
66, 18, 44, 101, 98, 25.2371, 25.2371,3, 3
66, 18, 45, 101, 133, 0, 0,0, 0
66, 18, 46, 101, 121, 28.1931, 28.1931,3, 3
66, 18, 47, 101, 119, 23.3252, 23.3252,3, 3
66, 19, 1, 109, 83, 0, 0,0, 0
66, 19, 2, 109, 110, 23.8452, 23.8452,3, 3
66, 19, 3, 109, 78, 0, 0,0, 0
66, 19, 4, 109, 181, 6.87814, 6.87814,1, 1
66, 19, 5, 109, 146, 7.17141, 7.17141,1, 1
66, 19, 6, 109, 131, 0, 0,0, 0
66, 19, 7, 109, 118, 14.4193, 14.4193,2, 2
66, 19, 8, 109, 112, 105.857, 105.857,11, 11
66, 19, 9, 109, 146, 0, 0,0, 0
66, 19, 10, 109, 134, 0, 0,0, 0
66, 19, 11, 109, 127, 6.73515, 6.73515,1, 1
66, 19, 12, 109, 137, 28.0366, 28.0366,3, 3
66, 19, 13, 109, 138, 66.652, 66.652,8, 8
66, 19, 14, 109, 125, 0, 0,0, 0
66, 19, 15, 109, 96, 50.1427, 50.1427,6, 6
66, 19, 16, 109, 91, 7.63942, 7.63942,1, 1
66, 19, 17, 109, 101, 73.4431, 73.4431,8, 8
66, 19, 18, 109, 101, 185.683, 185.683,20, 20
66, 19, 20, 109, 131, 65.0285, 65.0285,8, 8
66, 19, 21, 109, 84, 48.2387, 48.2387,5, 5
66, 19, 22, 109, 102, 18.3692, 18.3692,2, 2
66, 19, 23, 109, 134, 6.68161, 6.68161,1, 1
66, 19, 24, 109, 106, 0, 0,0, 0
66, 19, 25, 109, 139, 15.3976, 15.3976,2, 2
66, 19, 26, 109, 159, 19.1963, 19.1963,2, 2
66, 19, 27, 109, 98, 7.77819, 7.77819,1, 1
66, 19, 28, 109, 136, 39.0808, 39.0808,4, 4
66, 19, 29, 109, 159, 7.51482, 7.51482,1, 1
66, 19, 30, 109, 141, 44.81, 59.9615,7, 5
66, 19, 31, 109, 113, 22.5574, 22.5574,2, 2
66, 19, 32, 109, 136, 0, 0,0, 0
66, 19, 33, 109, 134, 21.5567, 21.5567,2, 2
66, 19, 34, 109, 101, 33.9129, 33.9129,4, 4
66, 19, 35, 109, 99, 0, 0,0, 0
66, 19, 36, 109, 141, 30.7124, 30.7124,4, 4
66, 19, 37, 109, 137, 0, 0,0, 0
66, 19, 38, 109, 138, 0, 0,0, 0
66, 19, 39, 109, 139, 6.95702, 6.95702,1, 1
66, 19, 40, 109, 119, 58.5966, 58.5966,6, 6
66, 19, 41, 109, 112, 48.7748, 48.7748,5, 5
66, 19, 42, 109, 108, 63.3002, 63.3002,8, 8
66, 19, 43, 109, 115, 6.87577, 6.87577,1, 1
66, 19, 44, 109, 98, 24.3187, 24.3187,2, 2
66, 19, 45, 109, 133, 0, 0,0, 0
66, 19, 46, 109, 121, 9.26901, 9.26901,1, 1
66, 19, 47, 109, 119, 19.8582, 19.8582,2, 2
66, 20, 1, 131, 83, 0, 0,0, 0
66, 20, 2, 131, 110, 49.4761, 49.4761,4, 4
66, 20, 3, 131, 78, 21.9829, 21.9829,2, 2
66, 20, 4, 131, 181, 22.8644, 22.8644,2, 2
66, 20, 5, 131, 146, 7.03253, 7.03253,1, 1
66, 20, 6, 131, 131, 20.3251, 20.3251,2, 2
66, 20, 7, 131, 118, 254.309, 261.417,26, 25
66, 20, 8, 131, 112, 160.241, 177.491,19, 17
66, 20, 9, 131, 146, 0, 0,0, 0
66, 20, 10, 131, 134, 20.2204, 20.2204,2, 2
66, 20, 11, 131, 127, 17.7366, 17.7366,2, 2
66, 20, 12, 131, 137, 65.2673, 83.1932,9, 7
66, 20, 13, 131, 138, 7.5859, 7.5859,1, 1
66, 20, 14, 131, 125, 176.069, 182.821,22, 21
66, 20, 15, 131, 96, 307.199, 341.297,35, 31
66, 20, 16, 131, 91, 19.573, 19.573,2, 2
66, 20, 17, 131, 101, 70.5231, 70.5231,8, 8
66, 20, 18, 131, 101, 94.036, 100.774,12, 11
66, 20, 19, 131, 109, 65.0286, 65.0286,8, 8
66, 20, 21, 131, 84, 69.569, 78.1762,9, 8
66, 20, 22, 131, 102, 78.5344, 78.5344,7, 7
66, 20, 23, 131, 134, 25.2487, 25.2487,3, 3
66, 20, 24, 131, 106, 14.8708, 14.8708,2, 2
66, 20, 25, 131, 139, 381.32, 410.241,39, 35
66, 20, 26, 131, 159, 9.66786, 9.66786,1, 1
