48, 1, 2, 153, 204, 158.617, 158.617,19, 19
48, 1, 3, 153, 157, 343.987, 364.259,39, 37
48, 1, 4, 153, 308, 19.0806, 37.3656,4, 2
48, 1, 5, 153, 286, 0, 0,0, 0
48, 1, 6, 153, 276, 6.85686, 6.85686,1, 1
48, 1, 7, 153, 203, 0, 0,0, 0
48, 1, 8, 153, 197, 0, 0,0, 0
48, 1, 9, 153, 251, 15.2256, 15.2256,2, 2
48, 1, 10, 153, 266, 6.88684, 6.88684,1, 1
48, 1, 11, 153, 263, 15.3079, 15.3079,2, 2
48, 1, 12, 153, 255, 16.4148, 16.4148,2, 2
48, 1, 13, 153, 266, 0, 0,0, 0
48, 1, 14, 153, 215, 10.156, 16.8986,2, 1
48, 1, 15, 153, 185, 7.26502, 7.26502,1, 1
48, 1, 16, 153, 187, 38.734, 38.734,5, 5
48, 1, 17, 153, 183, 37.8581, 45.0379,6, 5
48, 1, 18, 153, 189, 24.8872, 24.8872,3, 3
48, 1, 19, 153, 214, 0, 0,0, 0
48, 1, 20, 153, 245, 0, 0,0, 0
48, 1, 21, 153, 159, 6.89006, 6.89006,1, 1
48, 1, 22, 153, 201, 0, 0,0, 0
48, 1, 23, 153, 251, 15.8666, 15.8666,2, 2
48, 1, 24, 153, 200, 29.0982, 29.0982,4, 4
48, 1, 25, 153, 244, 15.637, 23.3027,3, 2
48, 1, 26, 153, 256, 7.51984, 7.51984,1, 1
48, 1, 27, 153, 209, 87.3204, 125.342,16, 11
48, 1, 28, 153, 229, 49.0502, 49.0502,6, 6
48, 1, 29, 153, 268, 0, 0,0, 0
48, 1, 30, 153, 233, 0, 0,0, 0
48, 1, 31, 153, 209, 37.0482, 43.8658,6, 5
48, 1, 32, 153, 246, 46.9405, 46.9405,6, 6
48, 1, 33, 153, 266, 0, 0,0, 0
48, 1, 34, 153, 199, 22.1368, 22.1368,3, 3
48, 1, 35, 153, 210, 6.80158, 6.80158,1, 1
48, 1, 36, 153, 244, 6.74687, 6.74687,1, 1
48, 1, 37, 153, 255, 15.7506, 15.7506,2, 2
48, 1, 38, 153, 268, 6.71125, 6.71125,1, 1
48, 1, 39, 153, 251, 24.6689, 24.6689,3, 3
48, 1, 40, 153, 228, 0, 0,0, 0
48, 1, 41, 153, 228, 0, 0,0, 0
48, 1, 42, 153, 212, 6.76236, 6.76236,1, 1
48, 1, 43, 153, 236, 0, 0,0, 0
48, 1, 44, 153, 219, 14.54, 14.54,2, 2
48, 1, 45, 153, 254, 6.88802, 6.88802,1, 1
48, 1, 46, 153, 259, 0, 0,0, 0
48, 1, 47, 153, 238, 0, 0,0, 0
48, 2, 1, 204, 153, 158.618, 158.618,19, 19
48, 2, 3, 204, 157, 308.282, 361.437,38, 32
48, 2, 4, 204, 308, 41.4236, 64.4604,6, 4
48, 2, 5, 204, 286, 26.1894, 33.4179,4, 3
48, 2, 6, 204, 276, 9.31352, 16.9761,2, 1
48, 2, 7, 204, 203, 49.0433, 63.6256,8, 6
48, 2, 8, 204, 197, 15.09, 15.09,2, 2
48, 2, 9, 204, 251, 0, 0,0, 0
48, 2, 10, 204, 266, 26.0508, 48.148,4, 2
48, 2, 11, 204, 263, 0, 0,0, 0
48, 2, 12, 204, 255, 24.9074, 40.2978,5, 3
48, 2, 13, 204, 266, 27.0344, 27.0344,3, 3
48, 2, 14, 204, 215, 24.0567, 32.2004,3, 2
48, 2, 15, 204, 185, 41.3689, 63.0215,5, 3
48, 2, 16, 204, 187, 33.5578, 52.0249,5, 3
48, 2, 17, 204, 183, 62.6514, 76.6058,5, 4
48, 2, 18, 204, 189, 50.2961, 66.5274,8, 6
48, 2, 19, 204, 214, 30.7563, 30.7563,4, 4
48, 2, 20, 204, 245, 61.2972, 82.3058,7, 5
48, 2, 21, 204, 159, 43.0463, 62.0709,7, 5
48, 2, 22, 204, 201, 99.4487, 130.785,12, 9
48, 2, 23, 204, 251, 27.4402, 37.0421,4, 3
48, 2, 24, 204, 200, 0, 0,0, 0
48, 2, 25, 204, 244, 88.8774, 115.601,11, 8
48, 2, 26, 204, 256, 14.3332, 14.3332,2, 2
48, 2, 27, 204, 209, 114.706, 143.674,16, 13
48, 2, 28, 204, 229, 182.739, 236.619,23, 17
48, 2, 29, 204, 268, 50.7724, 67.1722,8, 6
48, 2, 30, 204, 233, 96.4257, 117.908,14, 11
48, 2, 31, 204, 209, 159.099, 197.462,22, 17
48, 2, 32, 204, 246, 36.5655, 68.8769,6, 3
48, 2, 33, 204, 266, 25.1973, 25.1973,3, 3
48, 2, 34, 204, 199, 49.2938, 60.5617,6, 5
48, 2, 35, 204, 210, 22.6634, 32.7236,3, 2
48, 2, 36, 204, 244, 52.1572, 61.1584,7, 6
48, 2, 37, 204, 255, 26.2267, 47.7734,4, 2
48, 2, 38, 204, 268, 45.5108, 71.0209,6, 4
48, 2, 39, 204, 251, 31.0265, 40.1566,4, 3
48, 2, 40, 204, 228, 14.6003, 14.6003,2, 2
48, 2, 41, 204, 228, 50.3905, 50.3905,6, 6
48, 2, 42, 204, 212, 48.683, 48.683,6, 6
48, 2, 43, 204, 236, 41.979, 55.6228,7, 5
48, 2, 44, 204, 219, 38.5793, 53.6716,6, 4
48, 2, 45, 204, 254, 0, 0,0, 0
48, 2, 46, 204, 259, 11.2056, 19.6355,2, 1
48, 2, 47, 204, 238, 23.2133, 40.2779,4, 2
48, 3, 1, 157, 153, 311.792, 364.26,39, 33
48, 3, 2, 157, 204, 331.796, 361.438,38, 35
48, 3, 4, 157, 308, 27.4071, 45.3516,4, 2
48, 3, 5, 157, 286, 7.44976, 7.44976,1, 1
48, 3, 6, 157, 276, 7.66254, 7.66254,1, 1
48, 3, 7, 157, 203, 24.6008, 24.6008,3, 3
48, 3, 8, 157, 197, 17.2055, 23.8927,3, 2
48, 3, 9, 157, 251, 0, 0,0, 0
48, 3, 10, 157, 266, 22.1011, 52.5299,6, 2
48, 3, 11, 157, 263, 6.98132, 6.98132,1, 1
48, 3, 12, 157, 255, 27.774, 27.774,3, 3
48, 3, 13, 157, 266, 0, 0,0, 0
48, 3, 14, 157, 215, 16.1525, 24.1697,3, 2
48, 3, 15, 157, 185, 16.9826, 33.3554,3, 1
48, 3, 16, 157, 187, 33.5183, 57.8513,6, 3
48, 3, 17, 157, 183, 40.1897, 56.1731,6, 4
48, 3, 18, 157, 189, 56.0753, 79.6386,9, 6
48, 3, 19, 157, 214, 0, 0,0, 0
48, 3, 20, 157, 245, 12.9761, 21.9829,2, 1
48, 3, 21, 157, 159, 12.9607, 28.8279,3, 1
48, 3, 22, 157, 201, 12.3449, 22.4016,2, 1
48, 3, 23, 157, 251, 14.5426, 30.7096,3, 1
48, 3, 24, 157, 200, 31.3987, 31.3987,2, 2
48, 3, 25, 157, 244, 29.7322, 45.6484,5, 3
48, 3, 26, 157, 256, 11.2595, 18.0654,2, 1
48, 3, 27, 157, 209, 71.8927, 81.5495,9, 8
48, 3, 28, 157, 229, 69.8113, 94.8467,11, 8
48, 3, 29, 157, 268, 17.5656, 24.5322,3, 2
48, 3, 30, 157, 233, 22.9747, 22.9747,3, 3
48, 3, 31, 157, 209, 63.2866, 71.4689,9, 8
48, 3, 32, 157, 246, 64.3002, 107.514,10, 5
48, 3, 33, 157, 266, 0, 0,0, 0
48, 3, 34, 157, 199, 62.8927, 93.9293,9, 5
48, 3, 35, 157, 210, 13.1066, 28.2623,3, 1
48, 3, 36, 157, 244, 16.4706, 24.1391,3, 2
48, 3, 37, 157, 255, 43.6424, 60.3384,5, 3
48, 3, 38, 157, 268, 30.258, 56.4946,6, 3
48, 3, 39, 157, 251, 18.2446, 26.2773,3, 2
48, 3, 40, 157, 228, 0, 0,0, 0
48, 3, 41, 157, 228, 0, 0,0, 0
48, 3, 42, 157, 212, 12.2949, 12.2949,1, 1
48, 3, 43, 157, 236, 9.30054, 9.30054,1, 1
48, 3, 44, 157, 219, 24.9489, 24.9489,3, 3
48, 3, 45, 157, 254, 6.74782, 6.74782,1, 1
48, 3, 46, 157, 259, 8.15687, 15.3314,2, 1
48, 3, 47, 157, 238, 16.5846, 25.1267,3, 2
48, 4, 1, 308, 153, 30.478, 37.3661,4, 3
48, 4, 2, 308, 204, 43.7226, 64.4602,6, 4
48, 4, 3, 308, 157, 24.3167, 45.3513,4, 2
48, 4, 5, 308, 286, 6.76134, 6.76134,1, 1
48, 4, 6, 308, 276, 7.35889, 14.5526,2, 1
48, 4, 7, 308, 203, 15.4666, 29.9592,4, 2
48, 4, 8, 308, 197, 0, 0,0, 0
48, 4, 9, 308, 251, 0, 0,0, 0
48, 4, 10, 308, 266, 16.1475, 23.4578,3, 2
48, 4, 11, 308, 263, 0, 0,0, 0
48, 4, 12, 308, 255, 14.0552, 21.1314,3, 2
48, 4, 13, 308, 266, 0, 0,0, 0
48, 4, 14, 308, 215, 8.31105, 16.5213,2, 1
48, 4, 15, 308, 185, 9.06954, 16.4065,2, 1
48, 4, 16, 308, 187, 10.4454, 18.8913,2, 1
48, 4, 17, 308, 183, 10.8762, 19.7211,2, 1
48, 4, 18, 308, 189, 0, 0,0, 0
48, 4, 19, 308, 214, 6.87818, 6.87818,1, 1
48, 4, 20, 308, 245, 11.6195, 22.8644,2, 1
48, 4, 21, 308, 159, 8.1212, 14.8522,2, 1
48, 4, 22, 308, 201, 12.09, 21.9582,2, 1
48, 4, 23, 308, 251, 7.88895, 14.6375,2, 1
48, 4, 24, 308, 200, 0, 0,0, 0
48, 4, 25, 308, 244, 9.61166, 17.5107,2, 1
48, 4, 26, 308, 256, 0, 0,0, 0
48, 4, 27, 308, 209, 9.63269, 18.9336,2, 1
48, 4, 28, 308, 229, 26.5972, 42.7089,5, 3
48, 4, 29, 308, 268, 28.8197, 42.7927,6, 4
48, 4, 30, 308, 233, 14.4425, 21.5746,3, 2
48, 4, 31, 308, 209, 8.71272, 8.71272,1, 1
48, 4, 32, 308, 246, 31.0858, 49.5141,5, 3
48, 4, 33, 308, 266, 0, 0,0, 0
48, 4, 34, 308, 199, 15.8864, 15.8864,2, 2
48, 4, 35, 308, 210, 8.57108, 15.841,2, 1
48, 4, 36, 308, 244, 7.9509, 15.8445,2, 1
48, 4, 37, 308, 255, 21.1768, 38.0755,4, 2
48, 4, 38, 308, 268, 17.4676, 32.88,4, 2
48, 4, 39, 308, 251, 8.62652, 16.4186,2, 1
48, 4, 40, 308, 228, 13.7404, 13.7404,2, 2
48, 4, 41, 308, 228, 6.68091, 6.68091,1, 1
48, 4, 42, 308, 212, 7.75466, 7.75466,1, 1
48, 4, 43, 308, 236, 6.80652, 6.80652,1, 1
48, 4, 44, 308, 219, 7.64854, 14.8519,2, 1
48, 4, 45, 308, 254, 0, 0,0, 0
48, 4, 46, 308, 259, 7.97135, 15.8521,2, 1
48, 4, 47, 308, 238, 15.9799, 24.5276,3, 2
48, 5, 1, 286, 153, 0, 0,0, 0
48, 5, 2, 286, 204, 33.4179, 33.4179,4, 4
48, 5, 3, 286, 157, 7.44981, 7.44981,1, 1
48, 5, 4, 286, 308, 6.76135, 6.76135,1, 1
48, 5, 6, 286, 276, 205.98, 215.625,23, 22
48, 5, 7, 286, 203, 53.9528, 64.2979,7, 6
48, 5, 8, 286, 197, 52.7574, 60.0972,7, 6
48, 5, 9, 286, 251, 8.11107, 8.11107,1, 1
48, 5, 10, 286, 266, 15.8999, 15.8999,2, 2
48, 5, 11, 286, 263, 41.1578, 41.1578,5, 5
48, 5, 12, 286, 255, 128.749, 151.407,14, 12
48, 5, 13, 286, 266, 81.2932, 81.2932,9, 9
48, 5, 14, 286, 215, 31.7824, 31.7824,4, 4
48, 5, 15, 286, 185, 36.6375, 36.6375,4, 4
48, 5, 16, 286, 187, 20.8969, 20.8969,3, 3
48, 5, 17, 286, 183, 38.9427, 38.9427,5, 5
48, 5, 18, 286, 189, 31.1866, 31.1866,4, 4
48, 5, 19, 286, 214, 14.8708, 14.8708,2, 2
48, 5, 20, 286, 245, 34.2642, 42.0497,5, 4
48, 5, 21, 286, 159, 43.3498, 43.3498,5, 5
48, 5, 22, 286, 201, 51.1475, 51.1475,6, 6
48, 5, 23, 286, 251, 23.8461, 23.8461,3, 3
48, 5, 24, 286, 200, 26.9841, 26.9841,3, 3
48, 5, 25, 286, 244, 32.9243, 32.9243,4, 4
48, 5, 26, 286, 256, 41.7014, 49.0547,6, 5
48, 5, 27, 286, 209, 10.449, 18.0673,2, 1
48, 5, 28, 286, 229, 35.8038, 42.6306,5, 4
48, 5, 29, 286, 268, 72.1858, 94.4359,8, 6
48, 5, 30, 286, 233, 35.6418, 45.589,5, 4
48, 5, 31, 286, 209, 15.4805, 15.4805,2, 2
48, 5, 32, 286, 246, 17.9366, 25.2205,3, 2
48, 5, 33, 286, 266, 7.95876, 15.7556,2, 1
48, 5, 34, 286, 199, 59.8704, 59.8704,7, 7
48, 5, 35, 286, 210, 6.6986, 6.6986,1, 1
48, 5, 36, 286, 244, 107.385, 116.397,12, 11
48, 5, 37, 286, 255, 26.3484, 33.9273,4, 3
48, 5, 38, 286, 268, 18.4747, 25.8975,3, 2
48, 5, 39, 286, 251, 36.1626, 36.1626,4, 4
48, 5, 40, 286, 228, 22.3946, 30.01,4, 3
48, 5, 41, 286, 228, 41.2312, 48.403,6, 5
48, 5, 42, 286, 212, 23.6219, 23.6219,3, 3
48, 5, 43, 286, 236, 50.1939, 59.1918,7, 6
48, 5, 44, 286, 219, 213.889, 234.39,22, 20
48, 5, 45, 286, 254, 40.2097, 40.2097,5, 5
48, 5, 46, 286, 259, 153.824, 171.152,19, 17
48, 5, 47, 286, 238, 40.0401, 47.5024,5, 4
48, 6, 1, 276, 153, 6.85682, 6.85682,1, 1
48, 6, 2, 276, 204, 16.9761, 16.9761,2, 2
48, 6, 3, 276, 157, 7.66252, 7.66252,1, 1
48, 6, 4, 276, 308, 14.5526, 14.5526,2, 2
48, 6, 5, 276, 286, 215.625, 215.625,23, 23
48, 6, 7, 276, 203, 46.3338, 46.3338,5, 5
48, 6, 8, 276, 197, 16.0873, 16.0873,2, 2
48, 6, 9, 276, 251, 235.353, 445.268,51, 25
48, 6, 10, 276, 266, 219.982, 371.762,41, 23
48, 6, 11, 276, 263, 180.539, 350.605,42, 20
48, 6, 12, 276, 255, 63.5425, 63.5425,7, 7
48, 6, 13, 276, 266, 22.036, 22.036,3, 3
48, 6, 14, 276, 215, 59.5872, 66.4652,8, 7
48, 6, 15, 276, 185, 15.238, 15.238,2, 2
48, 6, 16, 276, 187, 52.3825, 52.3825,7, 7
48, 6, 17, 276, 183, 17.6007, 17.6007,2, 2
48, 6, 18, 276, 189, 24.3756, 24.3756,3, 3
48, 6, 19, 276, 214, 0, 0,0, 0
48, 6, 20, 276, 245, 28.2126, 28.2126,3, 3
48, 6, 21, 276, 159, 30.1519, 30.1519,4, 4
48, 6, 22, 276, 201, 81.3183, 111.752,12, 8
48, 6, 23, 276, 251, 48.8983, 56.251,6, 5
48, 6, 24, 276, 200, 83.0545, 91.9392,12, 11
48, 6, 25, 276, 244, 32.7476, 32.7476,4, 4
48, 6, 26, 276, 256, 8.66107, 8.66107,1, 1
48, 6, 27, 276, 209, 17.6909, 17.6909,2, 2
48, 6, 28, 276, 229, 45.4759, 45.4759,5, 5
48, 6, 29, 276, 268, 62.0217, 62.0217,7, 7
48, 6, 30, 276, 233, 8.84975, 8.84975,1, 1
48, 6, 31, 276, 209, 9.72639, 9.72639,1, 1
48, 6, 32, 276, 246, 101.632, 108.493,14, 13
48, 6, 33, 276, 266, 249.327, 475.231,59, 29
48, 6, 34, 276, 199, 62.5568, 77.7263,9, 7
48, 6, 35, 276, 210, 122.946, 216.273,24, 12
48, 6, 36, 276, 244, 46.8862, 46.8862,4, 4
48, 6, 37, 276, 255, 74.1672, 87.9322,11, 9
48, 6, 38, 276, 268, 302.73, 511.363,60, 33
48, 6, 39, 276, 251, 319.851, 613.361,66, 30
48, 6, 40, 276, 228, 15.2238, 15.2238,2, 2
48, 6, 41, 276, 228, 44.1331, 44.1331,6, 6
48, 6, 42, 276, 212, 32.034, 39.1521,5, 4
48, 6, 43, 276, 236, 222.384, 423.993,50, 24
48, 6, 44, 276, 219, 227.646, 246.182,26, 24
48, 6, 45, 276, 254, 543.036, 832.129,91, 57
48, 6, 46, 276, 259, 349.491, 390.038,44, 40
48, 6, 47, 276, 238, 241.035, 366.148,39, 24
48, 7, 1, 203, 153, 0, 0,0, 0
48, 7, 2, 203, 204, 63.6257, 63.6257,8, 8
48, 7, 3, 203, 157, 24.6007, 24.6007,3, 3
48, 7, 4, 203, 308, 29.9595, 29.9595,4, 4
48, 7, 5, 203, 286, 64.2979, 64.2979,7, 7
48, 7, 6, 203, 276, 38.7642, 46.3336,5, 4
48, 7, 8, 203, 197, 159.155, 159.155,19, 19
48, 7, 9, 203, 251, 0, 0,0, 0
48, 7, 10, 203, 266, 8.10879, 8.10879,1, 1
48, 7, 11, 203, 263, 67.7858, 87.4196,9, 7
48, 7, 12, 203, 255, 103.72, 112.507,10, 9
48, 7, 13, 203, 266, 22.9949, 22.9949,3, 3
48, 7, 14, 203, 215, 506.67, 549.422,56, 51
48, 7, 15, 203, 185, 434.634, 475.883,49, 44
48, 7, 16, 203, 187, 25.8379, 34.1485,4, 3
48, 7, 17, 203, 183, 43.5831, 51.2234,6, 5
48, 7, 18, 203, 189, 100.616, 115.442,14, 12
48, 7, 19, 203, 214, 43.8514, 43.8514,5, 5
48, 7, 20, 203, 245, 476.7, 526.423,54, 48
48, 7, 21, 203, 159, 49.869, 57.8865,7, 6
48, 7, 22, 203, 201, 132.845, 139.948,17, 16
48, 7, 23, 203, 251, 75.2079, 82.5475,10, 9
48, 7, 24, 203, 200, 14.9959, 14.9959,2, 2
48, 7, 25, 203, 244, 560.344, 617.051,64, 57
48, 7, 26, 203, 256, 24.101, 24.101,3, 3
48, 7, 27, 203, 209, 32.0161, 32.0161,3, 3
48, 7, 28, 203, 229, 89.3114, 97.7071,11, 10
48, 7, 29, 203, 268, 48.7552, 55.6324,5, 4
48, 7, 30, 203, 233, 35.4185, 35.4185,3, 3
48, 7, 31, 203, 209, 57.5357, 72.4933,9, 7
48, 7, 32, 203, 246, 242.45, 270.491,31, 28
48, 7, 33, 203, 266, 31.0538, 31.0538,4, 4
48, 7, 34, 203, 199, 103.529, 110.756,12, 11
48, 7, 35, 203, 210, 59.7889, 59.7889,7, 7
48, 7, 36, 203, 244, 68.8254, 75.6857,8, 7
48, 7, 37, 203, 255, 283.399, 317.743,33, 29
48, 7, 38, 203, 268, 20.3531, 20.3531,2, 2
48, 7, 39, 203, 251, 7.97783, 7.97783,1, 1
48, 7, 40, 203, 228, 14.8598, 14.8598,2, 2
48, 7, 41, 203, 228, 16.1697, 16.1697,2, 2
48, 7, 42, 203, 212, 35.5467, 35.5467,4, 4
48, 7, 43, 203, 236, 71.5927, 91.6628,9, 7
48, 7, 44, 203, 219, 41.7575, 41.7575,4, 4
48, 7, 45, 203, 254, 0, 0,0, 0
48, 7, 46, 203, 259, 68.7296, 76.5397,9, 8
48, 7, 47, 203, 238, 33.9968, 33.9968,4, 4
48, 8, 1, 197, 153, 0, 0,0, 0
48, 8, 2, 197, 204, 15.09, 15.09,2, 2
48, 8, 3, 197, 157, 23.8927, 23.8927,3, 3
48, 8, 4, 197, 308, 0, 0,0, 0
48, 8, 5, 197, 286, 60.0972, 60.0972,7, 7
48, 8, 6, 197, 276, 16.0873, 16.0873,2, 2
48, 8, 7, 197, 203, 144.242, 159.155,19, 17
48, 8, 9, 197, 251, 0, 0,0, 0
48, 8, 10, 197, 266, 0, 0,0, 0
48, 8, 11, 197, 263, 38.4916, 38.4916,4, 4
48, 8, 12, 197, 255, 66.1888, 66.1888,7, 7
48, 8, 13, 197, 266, 91.5998, 91.5998,11, 11
48, 8, 14, 197, 215, 102.369, 109.185,13, 12
48, 8, 15, 197, 185, 252.064, 261.145,26, 25
48, 8, 16, 197, 187, 16.1414, 23.8923,3, 2
48, 8, 17, 197, 183, 35.0826, 35.0826,5, 5
48, 8, 18, 197, 189, 98.9108, 113.28,12, 10
48, 8, 19, 197, 214, 239.498, 239.498,26, 26
48, 8, 20, 197, 245, 260.605, 282.805,31, 28
48, 8, 21, 197, 159, 200.691, 200.691,23, 23
48, 8, 22, 197, 201, 75.5719, 75.5719,8, 8
48, 8, 23, 197, 251, 25.1713, 25.1713,3, 3
48, 8, 24, 197, 200, 0, 0,0, 0
48, 8, 25, 197, 244, 109.047, 116.178,14, 13
48, 8, 26, 197, 256, 75.3099, 82.1492,11, 10
48, 8, 27, 197, 209, 32.0153, 32.0153,4, 4
48, 8, 28, 197, 229, 61.8168, 61.8168,7, 7
48, 8, 29, 197, 268, 67.9991, 67.9991,8, 8
48, 8, 30, 197, 233, 57.1892, 57.1892,6, 6
48, 8, 31, 197, 209, 44.1437, 50.9373,6, 5
48, 8, 32, 197, 246, 60.6105, 60.6105,8, 8
48, 8, 33, 197, 266, 32.5669, 32.5669,4, 4
48, 8, 34, 197, 199, 90.561, 90.561,9, 9
48, 8, 35, 197, 210, 18.2395, 18.2395,2, 2
48, 8, 36, 197, 244, 63.8596, 63.8596,7, 7
48, 8, 37, 197, 255, 56.3824, 56.3824,7, 7
48, 8, 38, 197, 268, 0, 0,0, 0
48, 8, 39, 197, 251, 13.9284, 13.9284,2, 2
48, 8, 40, 197, 228, 97.73, 105.592,11, 10
48, 8, 41, 197, 228, 58.2136, 58.2136,6, 6
48, 8, 42, 197, 212, 65.5827, 72.7954,9, 8
48, 8, 43, 197, 236, 43.6305, 43.6305,5, 5
48, 8, 44, 197, 219, 16.7234, 16.7234,2, 2
48, 8, 45, 197, 254, 21.8063, 21.8063,3, 3
48, 8, 46, 197, 259, 20.7514, 20.7514,3, 3
48, 8, 47, 197, 238, 29.6208, 29.6208,4, 4
48, 9, 1, 251, 153, 7.85647, 15.2257,2, 1
48, 9, 2, 251, 204, 0, 0,0, 0
48, 9, 3, 251, 157, 0, 0,0, 0
48, 9, 4, 251, 308, 0, 0,0, 0
48, 9, 5, 251, 286, 8.11107, 8.11107,1, 1
48, 9, 6, 251, 276, 248.554, 445.267,51, 26
48, 9, 7, 251, 203, 0, 0,0, 0
48, 9, 8, 251, 197, 0, 0,0, 0
48, 9, 10, 251, 266, 920.757, 1557.74,161, 81
48, 9, 11, 251, 263, 381.712, 671.716,71, 34
48, 9, 12, 251, 255, 140.991, 191.006,19, 13
48, 9, 13, 251, 266, 7.84599, 7.84599,1, 1
48, 9, 14, 251, 215, 0, 0,0, 0
48, 9, 15, 251, 185, 0, 0,0, 0
48, 9, 16, 251, 187, 22.9519, 30.6582,4, 3
48, 9, 17, 251, 183, 0, 0,0, 0
48, 9, 18, 251, 189, 0, 0,0, 0
48, 9, 19, 251, 214, 0, 0,0, 0
48, 9, 20, 251, 245, 0, 0,0, 0
48, 9, 21, 251, 159, 0, 0,0, 0
48, 9, 22, 251, 201, 0, 0,0, 0
48, 9, 23, 251, 251, 29.7648, 29.7648,4, 4
48, 9, 24, 251, 200, 38.94, 54.0045,7, 5
48, 9, 25, 251, 244, 0, 0,0, 0
48, 9, 26, 251, 256, 0, 0,0, 0
48, 9, 27, 251, 209, 8.24016, 8.24016,1, 1
48, 9, 28, 251, 229, 0, 0,0, 0
48, 9, 29, 251, 268, 32.0061, 32.0061,4, 4
48, 9, 30, 251, 233, 0, 0,0, 0
48, 9, 31, 251, 209, 7.11212, 7.11212,1, 1
48, 9, 32, 251, 246, 17.2981, 17.2981,2, 2
48, 9, 33, 251, 266, 322.271, 654.56,76, 34
48, 9, 34, 251, 199, 0, 0,0, 0
48, 9, 35, 251, 210, 146.282, 232.449,30, 18
48, 9, 36, 251, 244, 14.173, 14.173,2, 2
48, 9, 37, 251, 255, 25.7842, 25.7842,3, 3
48, 9, 38, 251, 268, 506.813, 1056.94,129, 57
48, 9, 39, 251, 251, 472.665, 936.647,102, 45
48, 9, 40, 251, 228, 0, 0,0, 0
48, 9, 41, 251, 228, 0, 0,0, 0
48, 9, 42, 251, 212, 14.9344, 21.8655,3, 2
48, 9, 43, 251, 236, 338.126, 612.538,71, 36
48, 9, 44, 251, 219, 0, 0,0, 0
48, 9, 45, 251, 254, 370.096, 659.995,79, 40
48, 9, 46, 251, 259, 30.9635, 50.5731,5, 3
48, 9, 47, 251, 238, 55.1382, 112.986,13, 6
48, 10, 1, 266, 153, 6.88681, 6.88681,1, 1
48, 10, 2, 266, 204, 26.6966, 48.1479,4, 2
48, 10, 3, 266, 157, 27.1236, 52.5297,6, 3
48, 10, 4, 266, 308, 16.3835, 23.4578,3, 2
48, 10, 5, 266, 286, 15.8999, 15.8999,2, 2
48, 10, 6, 266, 276, 186.313, 371.762,41, 19
48, 10, 7, 266, 203, 8.10886, 8.10886,1, 1
48, 10, 8, 266, 197, 0, 0,0, 0
48, 10, 9, 266, 251, 950.287, 1557.73,161, 86
48, 10, 11, 266, 263, 662.452, 1024.83,110, 67
48, 10, 12, 266, 255, 319.579, 355.957,39, 34
48, 10, 13, 266, 266, 30.3853, 30.3853,4, 4
48, 10, 14, 266, 215, 10.4982, 18.3863,2, 1
48, 10, 15, 266, 185, 16.9969, 31.7656,2, 1
48, 10, 16, 266, 187, 56.2884, 69.1809,6, 5
48, 10, 17, 266, 183, 16.8293, 30.346,2, 1
48, 10, 18, 266, 189, 9.44624, 18.8803,2, 1
48, 10, 19, 266, 214, 0, 0,0, 0
48, 10, 20, 266, 245, 10.2697, 20.2204,2, 1
48, 10, 21, 266, 159, 24.3905, 36.8786,2, 1
48, 10, 22, 266, 201, 15.6419, 29.8592,2, 1
48, 10, 23, 266, 251, 50.3202, 72.4347,7, 5
48, 10, 24, 266, 200, 66.1994, 80.2688,11, 9
48, 10, 25, 266, 244, 21.2978, 34.0957,2, 1
48, 10, 26, 266, 256, 9.1751, 9.1751,1, 1
48, 10, 27, 266, 209, 19.4262, 27.9837,3, 2
48, 10, 28, 266, 229, 49.304, 77.7772,6, 4
48, 10, 29, 266, 268, 18.9207, 33.0861,4, 2
48, 10, 30, 266, 233, 13.8431, 13.8431,2, 2
48, 10, 31, 266, 209, 0, 0,0, 0
48, 10, 32, 266, 246, 64.382, 85.275,7, 5
48, 10, 33, 266, 266, 295.044, 590.252,68, 30
48, 10, 34, 266, 199, 54.5608, 75.6481,8, 6
48, 10, 35, 266, 210, 204.334, 339.649,36, 21
48, 10, 36, 266, 244, 91.3028, 98.9707,10, 9
48, 10, 37, 266, 255, 39.7866, 65.3208,6, 3
48, 10, 38, 266, 268, 457.962, 958.846,107, 47
48, 10, 39, 266, 251, 613.361, 1080.51,121, 63
48, 10, 40, 266, 228, 0, 0,0, 0
48, 10, 41, 266, 228, 0, 0,0, 0
48, 10, 42, 266, 212, 29.5266, 36.5707,5, 4
48, 10, 43, 266, 236, 283.096, 535.306,64, 32
48, 10, 44, 266, 219, 15.2071, 15.2071,2, 2
48, 10, 45, 266, 254, 230.854, 462.671,50, 23
48, 10, 46, 266, 259, 36.5075, 60.1293,7, 4
48, 10, 47, 266, 238, 95.3639, 184.307,21, 10
48, 11, 1, 263, 153, 15.3079, 15.3079,2, 2
48, 11, 2, 263, 204, 0, 0,0, 0
48, 11, 3, 263, 157, 6.98129, 6.98129,1, 1
48, 11, 4, 263, 308, 0, 0,0, 0
48, 11, 5, 263, 286, 41.1576, 41.1576,5, 5
48, 11, 6, 263, 276, 209.681, 350.605,42, 24
48, 11, 7, 263, 203, 68.4367, 87.4197,9, 7
48, 11, 8, 263, 197, 38.4913, 38.4913,4, 4
48, 11, 9, 263, 251, 443.777, 671.715,71, 43
48, 11, 10, 263, 266, 675.215, 1024.83,110, 69
48, 11, 12, 263, 255, 605.414, 654.951,65, 59
48, 11, 13, 263, 266, 168.018, 185.525,23, 21
48, 11, 14, 263, 215, 6.67383, 6.67383,1, 1
48, 11, 15, 263, 185, 61.4077, 68.5645,7, 6
48, 11, 16, 263, 187, 32.1373, 38.9707,5, 4
48, 11, 17, 263, 183, 23.6127, 30.5999,4, 3
48, 11, 18, 263, 189, 38.7863, 47.7625,5, 4
48, 11, 19, 263, 214, 6.73515, 6.73515,1, 1
48, 11, 20, 263, 245, 40.2281, 40.2281,4, 4
48, 11, 21, 263, 159, 23.7334, 23.7334,3, 3
48, 11, 22, 263, 201, 0, 0,0, 0
48, 11, 23, 263, 251, 7.09905, 7.09905,1, 1
48, 11, 24, 263, 200, 10.7477, 10.7477,1, 1
48, 11, 25, 263, 244, 11.4224, 19.5874,2, 1
48, 11, 26, 263, 256, 7.22812, 7.22812,1, 1
48, 11, 27, 263, 209, 33.8033, 33.8033,4, 4
48, 11, 28, 263, 229, 61.8515, 70.3311,8, 7
48, 11, 29, 263, 268, 56.9552, 65.6868,7, 6
48, 11, 30, 263, 233, 11.3444, 11.3444,1, 1
48, 11, 31, 263, 209, 49.4238, 57.4221,6, 5
48, 11, 32, 263, 246, 14.529, 21.5586,3, 2
48, 11, 33, 263, 266, 269.615, 400.826,47, 31
48, 11, 34, 263, 199, 158.107, 166.445,18, 17
48, 11, 35, 263, 210, 190.144, 255.662,29, 20
48, 11, 36, 263, 244, 203.975, 230.141,26, 23
48, 11, 37, 263, 255, 16.9763, 24.4606,3, 2
48, 11, 38, 263, 268, 259.125, 410.262,47, 29
48, 11, 39, 263, 251, 424.045, 599.268,69, 47
48, 11, 40, 263, 228, 14.8118, 14.8118,2, 2
48, 11, 41, 263, 228, 50.7017, 50.7017,6, 6
48, 11, 42, 263, 212, 84.2167, 98.2031,11, 9
48, 11, 43, 263, 236, 267.024, 361.298,42, 30
48, 11, 44, 263, 219, 21.0768, 21.0768,3, 3
48, 11, 45, 263, 254, 178.781, 277.882,34, 21
48, 11, 46, 263, 259, 78.9318, 113.907,12, 8
48, 11, 47, 263, 238, 95.8778, 134.666,17, 12
48, 12, 1, 255, 153, 8.77839, 16.4148,2, 1
48, 12, 2, 255, 204, 23.92, 40.298,5, 3
48, 12, 3, 255, 157, 19.3734, 27.774,3, 2
48, 12, 4, 255, 308, 14.3746, 27.7982,4, 2
48, 12, 5, 255, 286, 103.72, 151.405,14, 10
48, 12, 6, 255, 276, 42.28, 63.5418,7, 5
48, 12, 7, 255, 203, 77.9627, 112.507,10, 7
48, 12, 8, 255, 197, 44.5618, 66.1889,7, 5
48, 12, 9, 255, 251, 165.702, 191.006,19, 16
48, 12, 10, 255, 266, 328.873, 355.958,39, 36
48, 12, 11, 255, 263, 576.694, 654.95,65, 56
48, 12, 13, 255, 266, 373.156, 413.438,45, 40
48, 12, 14, 255, 215, 17.5851, 27.6335,3, 2
48, 12, 15, 255, 185, 93.5067, 123.682,12, 9
48, 12, 16, 255, 187, 29.9898, 46.3508,6, 4
48, 12, 17, 255, 183, 41.0966, 50.0957,6, 5
48, 12, 18, 255, 189, 67.3235, 77.0907,9, 8
48, 12, 19, 255, 214, 27.9379, 37.0718,4, 3
48, 12, 20, 255, 245, 91.65, 111.911,12, 10
48, 12, 21, 255, 159, 53.1149, 53.1149,6, 6
48, 12, 22, 255, 201, 47.987, 57.3478,6, 5
48, 12, 23, 255, 251, 23.3326, 30.6136,4, 3
48, 12, 24, 255, 200, 16.3521, 16.3521,2, 2
48, 12, 25, 255, 244, 51.3934, 65.5356,8, 6
48, 12, 26, 255, 256, 29.2488, 37.4276,4, 3
48, 12, 27, 255, 209, 43.5195, 58.5597,5, 4
48, 12, 28, 255, 229, 48.4465, 75.5522,8, 5
48, 12, 29, 255, 268, 117.387, 156.31,13, 11
48, 12, 30, 255, 233, 35.2336, 46.9213,5, 4
48, 12, 31, 255, 209, 16.7916, 16.7916,2, 2
48, 12, 32, 255, 246, 18.5543, 28.5444,3, 2
48, 12, 33, 255, 266, 70.8291, 82.1024,8, 7
48, 12, 34, 255, 199, 170.093, 206.154,25, 20
48, 12, 35, 255, 210, 22.8013, 30.2465,4, 3
48, 12, 36, 255, 244, 292.575, 367.777,35, 28
48, 12, 37, 255, 255, 25.5807, 35.8567,4, 3
48, 12, 38, 255, 268, 31.7159, 54.7002,5, 3
48, 12, 39, 255, 251, 55.296, 64.6741,8, 7
48, 12, 40, 255, 228, 56.8621, 66.3183,8, 7
48, 12, 41, 255, 228, 115.08, 141.327,16, 13
48, 12, 42, 255, 212, 166.703, 189.549,22, 19
48, 12, 43, 255, 236, 57.0893, 70.7337,7, 6
48, 12, 44, 255, 219, 57.281, 76.8746,6, 5
48, 12, 45, 255, 254, 15.8256, 15.8256,2, 2
48, 12, 46, 255, 259, 76.4447, 106.301,11, 8
48, 12, 47, 255, 238, 41.6025, 61.2076,6, 4
48, 13, 1, 266, 153, 0, 0,0, 0
48, 13, 2, 266, 204, 27.0344, 27.0344,3, 3
48, 13, 3, 266, 157, 0, 0,0, 0
48, 13, 4, 266, 308, 0, 0,0, 0
48, 13, 5, 266, 286, 81.2932, 81.2932,9, 9
48, 13, 6, 266, 276, 22.036, 22.036,3, 3
48, 13, 7, 266, 203, 22.9951, 22.9951,3, 3
48, 13, 8, 266, 197, 84.867, 91.5992,11, 10
48, 13, 9, 266, 251, 7.84599, 7.84599,1, 1
48, 13, 10, 266, 266, 30.3853, 30.3853,4, 4
48, 13, 11, 266, 263, 178.594, 185.525,23, 22
48, 13, 12, 266, 255, 405.569, 413.437,45, 44
48, 13, 14, 266, 215, 16.5292, 16.5292,2, 2
48, 13, 15, 266, 185, 27.522, 27.522,3, 3
48, 13, 16, 266, 187, 0, 0,0, 0
48, 13, 17, 266, 183, 40.4016, 40.4016,5, 5
48, 13, 18, 266, 189, 51.6295, 51.6295,6, 6
48, 13, 19, 266, 214, 68.0568, 90.7794,11, 8
48, 13, 20, 266, 245, 25.9458, 25.9458,3, 3
48, 13, 21, 266, 159, 63.7744, 70.6409,8, 7
48, 13, 22, 266, 201, 24.066, 24.066,3, 3
48, 13, 23, 266, 251, 0, 0,0, 0
48, 13, 24, 266, 200, 0, 0,0, 0
48, 13, 25, 266, 244, 52.1021, 52.1021,6, 6
48, 13, 26, 266, 256, 0, 0,0, 0
48, 13, 27, 266, 209, 16.5441, 16.5441,2, 2
48, 13, 28, 266, 229, 20.9855, 20.9855,2, 2
48, 13, 29, 266, 268, 65.1458, 65.1458,7, 7
48, 13, 30, 266, 233, 44.6858, 44.6858,5, 5
48, 13, 31, 266, 209, 40.5084, 40.5084,4, 4
48, 13, 32, 266, 246, 0, 0,0, 0
48, 13, 33, 266, 266, 53.198, 53.198,6, 6
48, 13, 34, 266, 199, 79.5354, 79.5354,9, 9
48, 13, 35, 266, 210, 0, 0,0, 0
48, 13, 36, 266, 244, 145.909, 145.909,15, 15
48, 13, 37, 266, 255, 0, 0,0, 0
48, 13, 38, 266, 268, 10.5884, 10.5884,1, 1
48, 13, 39, 266, 251, 7.74862, 7.74862,1, 1
48, 13, 40, 266, 228, 109.604, 123.919,14, 12
48, 13, 41, 266, 228, 70.5848, 77.2547,8, 7
48, 13, 42, 266, 212, 109.127, 117.007,13, 12
48, 13, 43, 266, 236, 36.2054, 36.2054,5, 5
48, 13, 44, 266, 219, 60.0434, 60.0434,4, 4
48, 13, 45, 266, 254, 10.9293, 10.9293,1, 1
48, 13, 46, 266, 259, 8.1243, 8.1243,1, 1
48, 13, 47, 266, 238, 0, 0,0, 0
48, 14, 1, 215, 153, 16.8986, 16.8986,2, 2
48, 14, 2, 215, 204, 32.2008, 32.2008,3, 3
48, 14, 3, 215, 157, 24.1697, 24.1697,3, 3
48, 14, 4, 215, 308, 16.5214, 16.5214,2, 2
48, 14, 5, 215, 286, 31.7823, 31.7823,4, 4
48, 14, 6, 215, 276, 45.1104, 66.4652,8, 5
48, 14, 7, 215, 203, 521.265, 549.422,56, 53
48, 14, 8, 215, 197, 109.184, 109.184,13, 13
48, 14, 9, 215, 251, 0, 0,0, 0
48, 14, 10, 215, 266, 18.3864, 18.3864,2, 2
48, 14, 11, 215, 263, 6.67382, 6.67382,1, 1
48, 14, 12, 215, 255, 27.6334, 27.6334,3, 3
48, 14, 13, 215, 266, 16.5293, 16.5293,2, 2
48, 14, 15, 215, 185, 390.772, 429.74,46, 41
48, 14, 16, 215, 187, 116.964, 123.673,14, 13
48, 14, 17, 215, 183, 128.308, 136.062,14, 13
48, 14, 18, 215, 189, 55.4185, 55.4185,7, 7
48, 14, 19, 215, 214, 17.6146, 17.6146,2, 2
48, 14, 20, 215, 245, 314.293, 352.809,41, 36
48, 14, 21, 215, 159, 32.2157, 32.2157,4, 4
48, 14, 22, 215, 201, 134.891, 172.979,19, 14
48, 14, 23, 215, 251, 169.503, 191.604,22, 19
48, 14, 24, 215, 200, 96.0275, 111.041,13, 11
48, 14, 25, 215, 244, 444.147, 475.605,48, 44
48, 14, 26, 215, 256, 17.394, 17.394,2, 2
48, 14, 27, 215, 209, 14.8152, 14.8152,1, 1
48, 14, 28, 215, 229, 67.803, 67.803,6, 6
48, 14, 29, 215, 268, 28.0597, 34.835,4, 3
48, 14, 30, 215, 233, 24.6318, 24.6318,3, 3
48, 14, 31, 215, 209, 26.8064, 26.8064,3, 3
48, 14, 32, 215, 246, 600.27, 735.925,67, 53
48, 14, 33, 215, 266, 0, 0,0, 0
48, 14, 34, 215, 199, 75.8653, 75.8653,8, 8
48, 14, 35, 215, 210, 50.9747, 50.9747,5, 5
48, 14, 36, 215, 244, 38.1683, 38.1683,4, 4
48, 14, 37, 215, 255, 497.639, 581.756,61, 51
48, 14, 38, 215, 268, 20.3741, 20.3741,2, 2
48, 14, 39, 215, 251, 40.3416, 54.0975,6, 4
48, 14, 40, 215, 228, 0, 0,0, 0
48, 14, 41, 215, 228, 17.8178, 17.8178,2, 2
48, 14, 42, 215, 212, 7.68105, 7.68105,1, 1
48, 14, 43, 215, 236, 17.8616, 25.329,3, 2
48, 14, 44, 215, 219, 48.2811, 48.2811,6, 6
48, 14, 45, 215, 254, 38.2235, 45.0224,6, 5
48, 14, 46, 215, 259, 45.9729, 45.9729,5, 5
48, 14, 47, 215, 238, 78.2456, 92.8509,10, 8
48, 15, 1, 185, 153, 7.26497, 7.26497,1, 1
48, 15, 2, 185, 204, 63.0199, 63.0199,5, 5
48, 15, 3, 185, 157, 33.3552, 33.3552,3, 3
48, 15, 4, 185, 308, 16.4064, 16.4064,2, 2
48, 15, 5, 185, 286, 36.6374, 36.6374,4, 4
48, 15, 6, 185, 276, 15.238, 15.238,2, 2
48, 15, 7, 185, 203, 460.457, 475.884,49, 47
48, 15, 8, 185, 197, 261.145, 261.145,26, 26
48, 15, 9, 185, 251, 0, 0,0, 0
48, 15, 10, 185, 266, 31.765, 31.765,2, 2
48, 15, 11, 185, 263, 68.5645, 68.5645,7, 7
48, 15, 12, 185, 255, 123.682, 123.682,12, 12
48, 15, 13, 185, 266, 27.5223, 27.5223,3, 3
48, 15, 14, 185, 215, 407.847, 429.739,46, 43
48, 15, 16, 185, 187, 49.9072, 49.9072,5, 5
48, 15, 17, 185, 183, 62.3507, 62.3507,6, 6
48, 15, 18, 185, 189, 105.677, 105.677,12, 12
48, 15, 19, 185, 214, 115.671, 115.671,13, 13
48, 15, 20, 185, 245, 612.386, 682.914,71, 63
48, 15, 21, 185, 159, 143.707, 150.602,15, 14
48, 15, 22, 185, 201, 186.896, 186.896,19, 19
48, 15, 23, 185, 251, 49.1378, 49.1378,5, 5
48, 15, 24, 185, 200, 14.2293, 14.2293,2, 2
48, 15, 25, 185, 244, 448.432, 459.307,45, 44
48, 15, 26, 185, 256, 28.6168, 28.6168,4, 4
48, 15, 27, 185, 209, 10.2949, 10.2949,1, 1
48, 15, 28, 185, 229, 58.0599, 58.0599,5, 5
48, 15, 29, 185, 268, 39.2695, 39.2695,5, 5
48, 15, 30, 185, 233, 38.8326, 38.8326,3, 3
48, 15, 31, 185, 209, 48.617, 48.617,6, 6
48, 15, 32, 185, 246, 245.026, 268.704,29, 26
48, 15, 33, 185, 266, 56.4226, 56.4226,6, 6
48, 15, 34, 185, 199, 199.247, 199.247,21, 21
48, 15, 35, 185, 210, 57.7102, 57.7102,6, 6
48, 15, 36, 185, 244, 85.9898, 85.9898,10, 10
48, 15, 37, 185, 255, 142.216, 142.216,15, 15
48, 15, 38, 185, 268, 30.2396, 30.2396,2, 2
48, 15, 39, 185, 251, 12.0108, 12.0108,1, 1
48, 15, 40, 185, 228, 37.4466, 37.4466,4, 4
48, 15, 41, 185, 228, 35.3822, 35.3822,4, 4
48, 15, 42, 185, 212, 59.7036, 59.7036,7, 7
48, 15, 43, 185, 236, 22.2173, 22.2173,3, 3
48, 15, 44, 185, 219, 54.5269, 54.5269,7, 7
48, 15, 45, 185, 254, 0, 0,0, 0
48, 15, 46, 185, 259, 57.3603, 57.3603,6, 6
48, 15, 47, 185, 238, 49.3679, 56.0642,7, 6
48, 16, 1, 187, 153, 38.734, 38.734,5, 5
48, 16, 2, 187, 204, 37.3227, 52.0252,5, 3
48, 16, 3, 187, 157, 42.0675, 57.8518,6, 4
48, 16, 4, 187, 308, 18.8915, 18.8915,2, 2
48, 16, 5, 187, 286, 14.178, 20.8969,3, 2
48, 16, 6, 187, 276, 37.7873, 52.3823,7, 5
48, 16, 7, 187, 203, 26.6595, 34.1485,4, 3
48, 16, 8, 187, 197, 23.8923, 23.8923,3, 3
48, 16, 9, 187, 251, 22.7249, 30.6582,4, 3
48, 16, 10, 187, 266, 58.9244, 69.1812,6, 5
48, 16, 11, 187, 263, 38.9707, 38.9707,5, 5
48, 16, 12, 187, 255, 30.9021, 46.3509,6, 4
48, 16, 13, 187, 266, 0, 0,0, 0
48, 16, 14, 187, 215, 91.8529, 123.673,14, 10
48, 16, 15, 187, 185, 34.5043, 49.9081,5, 3
48, 16, 17, 187, 183, 233.153, 263.303,27, 23
48, 16, 18, 187, 189, 109.567, 116.676,13, 12
48, 16, 19, 187, 214, 17.597, 17.597,2, 2
48, 16, 20, 187, 245, 11.9592, 19.573,2, 1
48, 16, 21, 187, 159, 14.0422, 20.7493,2, 1
48, 16, 22, 187, 201, 45.5976, 69.9688,7, 4
48, 16, 23, 187, 251, 39.4853, 48.2215,4, 3
48, 16, 24, 187, 200, 57.4345, 57.4345,7, 7
48, 16, 25, 187, 244, 49.126, 56.1159,6, 5
48, 16, 26, 187, 256, 6.94303, 6.94303,1, 1
48, 16, 27, 187, 209, 27.3717, 37.8025,4, 3
48, 16, 28, 187, 229, 36.7041, 52.8687,4, 2
48, 16, 29, 187, 268, 16.0389, 31.1667,4, 2
48, 16, 30, 187, 233, 14.1757, 14.1757,2, 2
48, 16, 31, 187, 209, 26.1737, 26.1737,3, 3
48, 16, 32, 187, 246, 141.229, 235.718,24, 13
48, 16, 33, 187, 266, 0, 0,0, 0
48, 16, 34, 187, 199, 57.3206, 83.5445,9, 6
48, 16, 35, 187, 210, 58.3185, 75.5939,7, 5
48, 16, 36, 187, 244, 45.6642, 54.9214,6, 5
48, 16, 37, 187, 255, 140.801, 224.121,23, 13
48, 16, 38, 187, 268, 25.0269, 44.1975,4, 2
48, 16, 39, 187, 251, 95.5887, 117.655,15, 12
48, 16, 40, 187, 228, 0, 0,0, 0
48, 16, 41, 187, 228, 0, 0,0, 0
48, 16, 42, 187, 212, 0, 0,0, 0
48, 16, 43, 187, 236, 7.87756, 7.87756,1, 1
48, 16, 44, 187, 219, 19.6081, 35.9338,4, 2
48, 16, 45, 187, 254, 28.9472, 36.3649,5, 4
48, 16, 46, 187, 259, 37.3234, 53.1085,6, 4
48, 16, 47, 187, 238, 55.8615, 86.538,10, 6
48, 17, 1, 183, 153, 30.6559, 45.0381,6, 4
48, 17, 2, 183, 204, 76.6016, 76.6016,5, 5
48, 17, 3, 183, 157, 56.1731, 56.1731,6, 6
48, 17, 4, 183, 308, 19.7212, 19.7212,2, 2
48, 17, 5, 183, 286, 38.9427, 38.9427,5, 5
48, 17, 6, 183, 276, 17.6006, 17.6006,2, 2
48, 17, 7, 183, 203, 51.2234, 51.2234,6, 6
48, 17, 8, 183, 197, 35.0827, 35.0827,5, 5
48, 17, 9, 183, 251, 0, 0,0, 0
48, 17, 10, 183, 266, 30.347, 30.347,2, 2
48, 17, 11, 183, 263, 30.5998, 30.5998,4, 4
48, 17, 12, 183, 255, 50.0957, 50.0957,6, 6
48, 17, 13, 183, 266, 40.4018, 40.4018,5, 5
48, 17, 14, 183, 215, 126.049, 136.062,14, 13
48, 17, 15, 183, 185, 62.3512, 62.3512,6, 6
48, 17, 16, 183, 187, 247.37, 263.302,27, 25
48, 17, 18, 183, 189, 268.984, 296.235,32, 29
48, 17, 19, 183, 214, 127.241, 127.241,14, 14
48, 17, 20, 183, 245, 87.2631, 87.2631,10, 10
48, 17, 21, 183, 159, 20.6467, 20.6467,2, 2
48, 17, 22, 183, 201, 91.9406, 129.93,12, 7
48, 17, 23, 183, 251, 48.6441, 56.2139,5, 4
48, 17, 24, 183, 200, 18.5005, 25.7587,3, 2
48, 17, 25, 183, 244, 139.777, 167.978,16, 12
48, 17, 26, 183, 256, 16.8213, 16.8213,2, 2
48, 17, 27, 183, 209, 32.8405, 32.8405,3, 3
48, 17, 28, 183, 229, 99.833, 99.833,5, 5
48, 17, 29, 183, 268, 27.5439, 27.5439,3, 3
48, 17, 30, 183, 233, 46.0848, 46.0848,5, 5
48, 17, 31, 183, 209, 63.4524, 70.2866,8, 7
48, 17, 32, 183, 246, 70.6405, 91.4054,10, 7
48, 17, 33, 183, 266, 23.3351, 23.3351,3, 3
48, 17, 34, 183, 199, 136.655, 143.819,16, 15
48, 17, 35, 183, 210, 64.0462, 64.0462,5, 5
48, 17, 36, 183, 244, 52.3656, 52.3656,6, 6
48, 17, 37, 183, 255, 89.6446, 96.6479,10, 9
48, 17, 38, 183, 268, 29.6259, 29.6259,2, 2
48, 17, 39, 183, 251, 38.6533, 38.6533,3, 3
48, 17, 40, 183, 228, 15.7469, 15.7469,2, 2
48, 17, 41, 183, 228, 36.1084, 36.1084,4, 4
48, 17, 42, 183, 212, 24.5642, 24.5642,3, 3
48, 17, 43, 183, 236, 29.5768, 36.3902,5, 4
48, 17, 44, 183, 219, 41.7267, 48.4385,6, 5
48, 17, 45, 183, 254, 22.3988, 22.3988,3, 3
48, 17, 46, 183, 259, 33.5283, 33.5283,4, 4
48, 17, 47, 183, 238, 38.6932, 45.5305,5, 4
48, 18, 1, 189, 153, 16.8751, 24.8872,3, 2
48, 18, 2, 189, 204, 57.9679, 66.5277,8, 7
48, 18, 3, 189, 157, 64.8986, 79.6387,9, 7
48, 18, 4, 189, 308, 0, 0,0, 0
48, 18, 5, 189, 286, 31.1867, 31.1867,4, 4
48, 18, 6, 189, 276, 24.3757, 24.3757,3, 3
48, 18, 7, 189, 203, 108.535, 115.442,14, 13
48, 18, 8, 189, 197, 113.28, 113.28,12, 12
48, 18, 9, 189, 251, 0, 0,0, 0
48, 18, 10, 189, 266, 18.8803, 18.8803,2, 2
48, 18, 11, 189, 263, 47.7626, 47.7626,5, 5
48, 18, 12, 189, 255, 77.0909, 77.0909,9, 9
48, 18, 13, 189, 266, 51.6292, 51.6292,6, 6
48, 18, 14, 189, 215, 41.6923, 55.4184,7, 5
48, 18, 15, 189, 185, 98.7179, 105.677,12, 11
48, 18, 16, 189, 187, 109.923, 116.676,13, 12
48, 18, 17, 189, 183, 289.485, 296.237,32, 31
48, 18, 19, 189, 214, 266.752, 304.291,34, 29
48, 18, 20, 189, 245, 213.22, 235.598,26, 23
48, 18, 21, 189, 159, 67.0798, 67.0798,8, 8
48, 18, 22, 189, 201, 67.1101, 73.9069,8, 7
48, 18, 23, 189, 251, 36.9591, 36.9591,4, 4
48, 18, 24, 189, 200, 26.4657, 26.4657,3, 3
48, 18, 25, 189, 244, 121.046, 121.046,12, 12
48, 18, 26, 189, 256, 20.1082, 20.1082,2, 2
48, 18, 27, 189, 209, 32.0712, 32.0712,4, 4
48, 18, 28, 189, 229, 119.514, 126.266,15, 14
48, 18, 29, 189, 268, 35.2783, 35.2783,4, 4
48, 18, 30, 189, 233, 54.31, 54.31,7, 7
48, 18, 31, 189, 209, 66.387, 66.387,6, 6
48, 18, 32, 189, 246, 46.1391, 46.1391,5, 5
48, 18, 33, 189, 266, 20.2376, 20.2376,2, 2
48, 18, 34, 189, 199, 111.79, 118.571,12, 11
48, 18, 35, 189, 210, 43.9137, 43.9137,5, 5
48, 18, 36, 189, 244, 97.3085, 104.608,11, 10
48, 18, 37, 189, 255, 39.1753, 39.1753,5, 5
48, 18, 38, 189, 268, 18.2703, 18.2703,2, 2
48, 18, 39, 189, 251, 27.4606, 27.4606,4, 4
48, 18, 40, 189, 228, 28.8887, 28.8887,3, 3
48, 18, 41, 189, 228, 41.3687, 50.6619,6, 5
48, 18, 42, 189, 212, 128.596, 135.713,13, 12
48, 18, 43, 189, 236, 30.6688, 30.6688,4, 4
48, 18, 44, 189, 219, 52.2314, 52.2314,6, 6
48, 18, 45, 189, 254, 0, 0,0, 0
48, 18, 46, 189, 259, 43.1576, 43.1576,5, 5
48, 18, 47, 189, 238, 23.3252, 23.3252,3, 3
48, 19, 1, 214, 153, 0, 0,0, 0
48, 19, 2, 214, 204, 30.7563, 30.7563,4, 4
48, 19, 3, 214, 157, 0, 0,0, 0
48, 19, 4, 214, 308, 6.87818, 6.87818,1, 1
48, 19, 5, 214, 286, 14.8708, 14.8708,2, 2
48, 19, 6, 214, 276, 0, 0,0, 0
48, 19, 7, 214, 203, 43.8517, 43.8517,5, 5
48, 19, 8, 214, 197, 232.514, 239.498,26, 25
48, 19, 9, 214, 251, 0, 0,0, 0
48, 19, 10, 214, 266, 0, 0,0, 0
48, 19, 11, 214, 263, 6.73515, 6.73515,1, 1
48, 19, 12, 214, 255, 37.0719, 37.0719,4, 4
48, 19, 13, 214, 266, 90.7794, 90.7794,11, 11
48, 19, 14, 214, 215, 17.6146, 17.6146,2, 2
48, 19, 15, 214, 185, 115.672, 115.672,13, 13
48, 19, 16, 214, 187, 17.5971, 17.5971,2, 2
48, 19, 17, 214, 183, 127.239, 127.239,14, 14
48, 19, 18, 214, 189, 304.292, 304.292,34, 34
48, 19, 20, 214, 245, 117.26, 117.26,14, 14
48, 19, 21, 214, 159, 62.8747, 62.8747,7, 7
48, 19, 22, 214, 201, 34.9453, 34.9453,4, 4
48, 19, 23, 214, 251, 19.0632, 19.0632,2, 2
48, 19, 24, 214, 200, 0, 0,0, 0
48, 19, 25, 214, 244, 53.8653, 53.8653,7, 7
48, 19, 26, 214, 256, 26.6473, 26.6473,3, 3
48, 19, 27, 214, 209, 26.1248, 26.1248,3, 3
48, 19, 28, 214, 229, 68.7844, 68.7844,8, 8
48, 19, 29, 214, 268, 58.6792, 66.8079,8, 7
48, 19, 30, 214, 233, 86.4443, 111.55,13, 10
48, 19, 31, 214, 209, 58.6841, 58.6841,6, 6
48, 19, 32, 214, 246, 7.42257, 7.42257,1, 1
48, 19, 33, 214, 266, 36.9213, 36.9213,4, 4
48, 19, 34, 214, 199, 40.8113, 40.8113,5, 5
48, 19, 35, 214, 210, 0, 0,0, 0
48, 19, 36, 214, 244, 45.9698, 45.9698,6, 6
48, 19, 37, 214, 255, 7.75507, 7.75507,1, 1
48, 19, 38, 214, 268, 0, 0,0, 0
48, 19, 39, 214, 251, 6.95702, 6.95702,1, 1
48, 19, 40, 214, 228, 92.651, 92.651,10, 10
48, 19, 41, 214, 228, 64.5961, 64.5961,7, 7
48, 19, 42, 214, 212, 93.1161, 93.1161,11, 11
48, 19, 43, 214, 236, 43.3095, 43.3095,5, 5
48, 19, 44, 214, 219, 31.0273, 31.0273,3, 3
48, 19, 45, 214, 254, 0, 0,0, 0
48, 19, 46, 214, 259, 9.2691, 9.2691,1, 1
48, 19, 47, 214, 238, 19.8586, 19.8586,2, 2
48, 20, 1, 245, 153, 0, 0,0, 0
48, 20, 2, 245, 204, 82.3054, 82.3054,7, 7
48, 20, 3, 245, 157, 21.983, 21.983,2, 2
48, 20, 4, 245, 308, 22.8645, 22.8645,2, 2
48, 20, 5, 245, 286, 34.8042, 42.0496,5, 4
48, 20, 6, 245, 276, 28.212, 28.212,3, 3
48, 20, 7, 245, 203, 503.308, 526.422,54, 51
48, 20, 8, 245, 197, 249.014, 282.806,31, 27
48, 20, 9, 245, 251, 0, 0,0, 0
48, 20, 10, 245, 266, 20.2204, 20.2204,2, 2
48, 20, 11, 245, 263, 31.617, 40.2281,4, 3
48, 20, 12, 245, 255, 93.9846, 111.911,12, 10
48, 20, 13, 245, 266, 25.9462, 25.9462,3, 3
48, 20, 14, 245, 215, 331.304, 352.809,41, 38
48, 20, 15, 245, 185, 604.399, 682.915,71, 62
48, 20, 16, 245, 187, 19.573, 19.573,2, 2
48, 20, 17, 245, 183, 87.2631, 87.2631,10, 10
48, 20, 18, 245, 189, 206.146, 235.597,26, 22
48, 20, 19, 245, 214, 110.537, 117.26,14, 13
48, 20, 21, 245, 159, 110.313, 118.92,14, 13
48, 20, 22, 245, 201, 161.113, 167.786,17, 16
48, 20, 23, 245, 251, 57.5867, 72.0422,9, 7
48, 20, 24, 245, 200, 29.8922, 29.8922,4, 4
48, 20, 25, 245, 244, 591.195, 687.017,68, 56
48, 20, 26, 245, 256, 16.7234, 16.7234,2, 2
48, 20, 27, 245, 209, 28.2769, 36.5964,3, 2
48, 20, 28, 245, 229, 61.0131, 70.3603,6, 5
48, 20, 29, 245, 268, 76.8025, 76.8025,8, 8
48, 20, 30, 245, 233, 60.0143, 60.0143,7, 7
48, 20, 31, 245, 209, 62.4024, 72.6528,7, 6
48, 20, 32, 245, 246, 277.29, 294.421,33, 31
48, 20, 33, 245, 266, 38.7419, 57.5308,6, 4
48, 20, 34, 245, 199, 117.537, 161.384,18, 13
48, 20, 35, 245, 210, 40.9314, 40.9314,5, 5
48, 20, 36, 245, 244, 125.242, 149.69,15, 13
48, 20, 37, 245, 255, 222.32, 248.764,26, 23
48, 20, 38, 245, 268, 25.0577, 25.0577,2, 2
48, 20, 39, 245, 251, 13.5484, 13.5484,1, 1
48, 20, 40, 245, 228, 15.1377, 22.0104,3, 2
48, 20, 41, 245, 228, 41.8313, 61.9935,7, 5
48, 20, 42, 245, 212, 66.4556, 81.2503,10, 8
48, 20, 43, 245, 236, 16.5376, 16.5376,2, 2
48, 20, 44, 245, 219, 55.6409, 55.6409,5, 5
48, 20, 45, 245, 254, 8.7444, 8.7444,1, 1
48, 20, 46, 245, 259, 52.8934, 52.8934,6, 6
48, 20, 47, 245, 238, 24.8724, 24.8724,2, 2
48, 21, 1, 159, 153, 6.89004, 6.89004,1, 1
48, 21, 2, 159, 204, 62.0705, 62.0705,7, 7
48, 21, 3, 159, 157, 28.828, 28.828,3, 3
48, 21, 4, 159, 308, 14.8523, 14.8523,2, 2
48, 21, 5, 159, 286, 36.6649, 43.35,5, 4
48, 21, 6, 159, 276, 30.1519, 30.1519,4, 4
48, 21, 7, 159, 203, 57.8865, 57.8865,7, 7
48, 21, 8, 159, 197, 180.292, 200.691,23, 20
48, 21, 9, 159, 251, 0, 0,0, 0
48, 21, 10, 159, 266, 36.8786, 36.8786,2, 2
48, 21, 11, 159, 263, 23.7334, 23.7334,3, 3
48, 21, 12, 159, 255, 53.1147, 53.1147,6, 6
48, 21, 13, 159, 266, 70.6406, 70.6406,8, 8
48, 21, 14, 159, 215, 24.7516, 32.2157,4, 3
48, 21, 15, 159, 185, 150.602, 150.602,15, 15
48, 21, 16, 159, 187, 20.7491, 20.7491,2, 2
48, 21, 17, 159, 183, 20.6467, 20.6467,2, 2
48, 21, 18, 159, 189, 60.2634, 67.0797,8, 7
48, 21, 19, 159, 214, 55.8496, 62.875,7, 6
48, 21, 20, 159, 245, 118.92, 118.92,14, 14
48, 21, 22, 159, 201, 405.031, 420.547,42, 40
48, 21, 23, 159, 251, 121.765, 121.765,14, 14
48, 21, 24, 159, 200, 38.6475, 38.6475,5, 5
48, 21, 25, 159, 244, 115.567, 115.567,11, 11
48, 21, 26, 159, 256, 114.668, 147.278,17, 13
48, 21, 27, 159, 209, 26.3335, 26.3335,2, 2
48, 21, 28, 159, 229, 61.4181, 61.4181,5, 5
48, 21, 29, 159, 268, 44.8019, 44.8019,6, 6
48, 21, 30, 159, 233, 67.4299, 67.4299,7, 7
48, 21, 31, 159, 209, 45.3679, 45.3679,5, 5
48, 21, 32, 159, 246, 56.691, 56.691,4, 4
48, 21, 33, 159, 266, 7.59191, 7.59191,1, 1
48, 21, 34, 159, 199, 155.224, 161.931,16, 15
48, 21, 35, 159, 210, 19.4215, 19.4215,1, 1
48, 21, 36, 159, 244, 73.8309, 82.7383,10, 9
48, 21, 37, 159, 255, 25.3812, 25.3812,2, 2
48, 21, 38, 159, 268, 24.1258, 24.1258,2, 2
48, 21, 39, 159, 251, 11.3628, 11.3628,1, 1
48, 21, 40, 159, 228, 40.0222, 40.0222,4, 4
48, 21, 41, 159, 228, 55.0303, 55.0303,6, 6
48, 21, 42, 159, 212, 64.3607, 64.3607,8, 8
48, 21, 43, 159, 236, 25.3012, 25.3012,3, 3
48, 21, 44, 159, 219, 126.282, 140.228,15, 13
48, 21, 45, 159, 254, 8.03111, 8.03111,1, 1
48, 21, 46, 159, 259, 93.1127, 100.313,10, 9
48, 21, 47, 159, 238, 53.5881, 53.5881,5, 5
48, 22, 1, 201, 153, 0, 0,0, 0
48, 22, 2, 201, 204, 123.933, 130.784,12, 11
48, 22, 3, 201, 157, 22.4015, 22.4015,2, 2
48, 22, 4, 201, 308, 21.9587, 21.9587,2, 2
48, 22, 5, 201, 286, 51.1473, 51.1473,6, 6
48, 22, 6, 201, 276, 52.7982, 111.752,12, 5
48, 22, 7, 201, 203, 133.008, 139.949,17, 16
48, 22, 8, 201, 197, 67.1713, 75.5721,8, 7
48, 22, 9, 201, 251, 0, 0,0, 0
48, 22, 10, 201, 266, 29.8591, 29.8591,2, 2
48, 22, 11, 201, 263, 0, 0,0, 0
48, 22, 12, 201, 255, 57.3477, 57.3477,6, 6
48, 22, 13, 201, 266, 24.066, 24.066,3, 3
48, 22, 14, 201, 215, 135.033, 172.979,19, 14
48, 22, 15, 201, 185, 186.896, 186.896,19, 19
48, 22, 16, 201, 187, 55.5286, 69.9683,7, 5
48, 22, 17, 201, 183, 88.3566, 129.929,12, 7
48, 22, 18, 201, 189, 67.1101, 73.9069,8, 7
48, 22, 19, 201, 214, 34.9451, 34.9451,4, 4
48, 22, 20, 201, 245, 153.736, 167.786,17, 15
48, 22, 21, 201, 159, 381.314, 420.548,42, 37
48, 22, 23, 201, 251, 242.628, 279.842,32, 27
48, 22, 24, 201, 200, 56.5377, 99.3302,11, 6
48, 22, 25, 201, 244, 196.016, 211.028,21, 19
48, 22, 26, 201, 256, 49.1833, 49.1833,6, 6
48, 22, 27, 201, 209, 27.2296, 38.4413,3, 2
48, 22, 28, 201, 229, 88.3527, 88.3527,6, 6
48, 22, 29, 201, 268, 37.345, 37.345,4, 4
48, 22, 30, 201, 233, 58.5489, 76.1558,8, 6
48, 22, 31, 201, 209, 50.6797, 65.9179,8, 6
48, 22, 32, 201, 246, 57.0025, 71.5021,7, 5
48, 22, 33, 201, 266, 16.074, 16.074,2, 2
48, 22, 34, 201, 199, 166.854, 226.833,24, 17
48, 22, 35, 201, 210, 42.9469, 50.461,5, 4
48, 22, 36, 201, 244, 29.4132, 29.4132,3, 3
48, 22, 37, 201, 255, 56.1645, 56.1645,6, 6
48, 22, 38, 201, 268, 32.1269, 32.1269,2, 2
48, 22, 39, 201, 251, 50.091, 73.2357,6, 3
48, 22, 40, 201, 228, 28.3039, 28.3039,4, 4
48, 22, 41, 201, 228, 37.8104, 37.8104,5, 5
48, 22, 42, 201, 212, 60.3892, 75.7543,8, 6
48, 22, 43, 201, 236, 49.884, 49.884,6, 6
48, 22, 44, 201, 219, 107.258, 161.904,19, 12
48, 22, 45, 201, 254, 25.3028, 65.7186,8, 3
48, 22, 46, 201, 259, 151.983, 167.567,19, 17
48, 22, 47, 201, 238, 184.657, 269.83,28, 18
48, 23, 1, 251, 153, 15.8666, 15.8666,2, 2
48, 23, 2, 251, 204, 37.0417, 37.0417,4, 4
48, 23, 3, 251, 157, 30.7095, 30.7095,3, 3
48, 23, 4, 251, 308, 14.6375, 14.6375,2, 2
48, 23, 5, 251, 286, 23.8461, 23.8461,3, 3
48, 23, 6, 251, 276, 48.8983, 56.2511,6, 5
48, 23, 7, 251, 203, 82.5474, 82.5474,10, 10
48, 23, 8, 251, 197, 18.4536, 25.1713,3, 2
48, 23, 9, 251, 251, 22.5387, 29.7647,4, 3
48, 23, 10, 251, 266, 65.6459, 72.4342,7, 6
48, 23, 11, 251, 263, 7.09905, 7.09905,1, 1
48, 23, 12, 251, 255, 30.6136, 30.6136,4, 4
48, 23, 13, 251, 266, 0, 0,0, 0
48, 23, 14, 251, 215, 168.324, 191.605,22, 19
48, 23, 15, 251, 185, 42.3109, 49.1377,5, 4
48, 23, 16, 251, 187, 41.2745, 48.2204,4, 3
48, 23, 17, 251, 183, 56.2135, 56.2135,5, 5
48, 23, 18, 251, 189, 36.9589, 36.9589,4, 4
48, 23, 19, 251, 214, 19.0632, 19.0632,2, 2
48, 23, 20, 251, 245, 72.0421, 72.0421,9, 9
48, 23, 21, 251, 159, 99.0792, 121.765,14, 11
48, 23, 22, 251, 201, 264.832, 279.843,32, 30
48, 23, 24, 251, 200, 455.871, 533.475,58, 48
48, 23, 25, 251, 244, 102.709, 110.186,12, 11
48, 23, 26, 251, 256, 14.0776, 14.0776,2, 2
48, 23, 27, 251, 209, 10.0316, 10.0316,1, 1
48, 23, 28, 251, 229, 41.2119, 41.2119,3, 3
48, 23, 29, 251, 268, 22.2324, 22.2324,3, 3
48, 23, 30, 251, 233, 9.28686, 9.28686,1, 1
48, 23, 31, 251, 209, 0, 0,0, 0
48, 23, 32, 251, 246, 167.154, 233.584,26, 17
48, 23, 33, 251, 266, 0, 0,0, 0
48, 23, 34, 251, 199, 46.4194, 46.4194,5, 5
48, 23, 35, 251, 210, 88.2292, 110.228,9, 7
48, 23, 36, 251, 244, 23.9499, 23.9499,3, 3
48, 23, 37, 251, 255, 130.777, 160.222,19, 15
48, 23, 38, 251, 268, 24.4473, 24.4473,2, 2
48, 23, 39, 251, 251, 54.5574, 76.7363,8, 5
48, 23, 40, 251, 228, 0, 0,0, 0
48, 23, 41, 251, 228, 8.36486, 8.36486,1, 1
48, 23, 42, 251, 212, 22.3843, 22.3843,3, 3
48, 23, 43, 251, 236, 0, 0,0, 0
48, 23, 44, 251, 219, 31.2116, 31.2116,4, 4
48, 23, 45, 251, 254, 38.8274, 45.9979,6, 5
48, 23, 46, 251, 259, 38.3068, 38.3068,5, 5
48, 23, 47, 251, 238, 155.959, 187.035,21, 17
48, 24, 1, 200, 153, 22.0034, 29.0981,4, 3
48, 24, 2, 200, 204, 0, 0,0, 0
48, 24, 3, 200, 157, 15.9404, 31.398,2, 1
48, 24, 4, 200, 308, 0, 0,0, 0
48, 24, 5, 200, 286, 26.9842, 26.9842,3, 3
48, 24, 6, 200, 276, 77.9604, 91.9391,12, 10
48, 24, 7, 200, 203, 14.9959, 14.9959,2, 2
48, 24, 8, 200, 197, 0, 0,0, 0
48, 24, 9, 200, 251, 47.1775, 54.0043,7, 6
48, 24, 10, 200, 266, 72.5084, 80.2689,11, 10
48, 24, 11, 200, 263, 10.7476, 10.7476,1, 1
48, 24, 12, 200, 255, 8.42807, 16.3521,2, 1
48, 24, 13, 200, 266, 0, 0,0, 0
48, 24, 14, 200, 215, 94.3051, 111.041,13, 11
48, 24, 15, 200, 185, 7.33074, 14.2294,2, 1
48, 24, 16, 200, 187, 57.4347, 57.4347,7, 7
48, 24, 17, 200, 183, 25.7585, 25.7585,3, 3
48, 24, 18, 200, 189, 17.3727, 26.4657,3, 2
48, 24, 19, 200, 214, 0, 0,0, 0
48, 24, 20, 200, 245, 29.8924, 29.8924,4, 4
48, 24, 21, 200, 159, 30.7253, 38.6475,5, 4
48, 24, 22, 200, 201, 82.6009, 99.3305,11, 9
48, 24, 23, 200, 251, 452.644, 533.477,58, 48
48, 24, 25, 200, 244, 52.3093, 65.9288,7, 5
48, 24, 26, 200, 256, 9.41719, 17.8851,2, 1
48, 24, 27, 200, 209, 14.2012, 14.2012,2, 2
48, 24, 28, 200, 229, 7.08174, 13.7558,2, 1
48, 24, 29, 200, 268, 0, 0,0, 0
48, 24, 30, 200, 233, 0, 0,0, 0
48, 24, 31, 200, 209, 0, 0,0, 0
48, 24, 32, 200, 246, 140.249, 210.054,23, 15
48, 24, 33, 200, 266, 37.8736, 37.8736,5, 5
48, 24, 34, 200, 199, 45.4438, 71.9639,8, 5
48, 24, 35, 200, 210, 106.581, 128.621,14, 11
48, 24, 36, 200, 244, 0, 0,0, 0
48, 24, 37, 200, 255, 102.568, 135.468,16, 12
48, 24, 38, 200, 268, 34.0432, 34.0432,4, 4
48, 24, 39, 200, 251, 85.2026, 93.5755,10, 9
48, 24, 40, 200, 228, 0, 0,0, 0
48, 24, 41, 200, 228, 0, 0,0, 0
48, 24, 42, 200, 212, 8.44466, 16.6957,2, 1
48, 24, 43, 200, 236, 36.4086, 36.4086,5, 5
48, 24, 44, 200, 219, 24.9253, 31.833,4, 3
48, 24, 45, 200, 254, 60.1019, 60.1019,7, 7
48, 24, 46, 200, 259, 6.86006, 6.86006,1, 1
48, 24, 47, 200, 238, 113.087, 123.734,15, 14
48, 25, 1, 244, 153, 16.4399, 23.3027,3, 2
48, 25, 2, 244, 204, 94.2017, 115.6,11, 8
48, 25, 3, 244, 157, 45.649, 45.649,5, 5
48, 25, 4, 244, 308, 17.5107, 17.5107,2, 2
48, 25, 5, 244, 286, 32.9243, 32.9243,4, 4
48, 25, 6, 244, 276, 32.7476, 32.7476,4, 4
48, 25, 7, 244, 203, 568.982, 617.052,64, 58
48, 25, 8, 244, 197, 108.927, 116.179,14, 13
48, 25, 9, 244, 251, 0, 0,0, 0
48, 25, 10, 244, 266, 34.0956, 34.0956,2, 2
48, 25, 11, 244, 263, 19.5874, 19.5874,2, 2
48, 25, 12, 244, 255, 65.5355, 65.5355,8, 8
48, 25, 13, 244, 266, 52.1022, 52.1022,6, 6
48, 25, 14, 244, 215, 450.536, 475.612,48, 45
48, 25, 15, 244, 185, 404.345, 459.308,45, 39
48, 25, 16, 244, 187, 48.818, 56.1144,6, 5
48, 25, 17, 244, 183, 145.247, 167.978,16, 13
48, 25, 18, 244, 189, 113.826, 121.048,12, 11
48, 25, 19, 244, 214, 45.937, 53.8652,7, 6
48, 25, 20, 244, 245, 652.546, 687.026,68, 64
48, 25, 21, 244, 159, 115.568, 115.568,11, 11
48, 25, 22, 244, 201, 186.96, 211.026,21, 18
48, 25, 23, 244, 251, 88.0881, 110.185,12, 9
48, 25, 24, 244, 200, 54.3905, 65.9287,7, 6
48, 25, 26, 244, 256, 7.95206, 7.95206,1, 1
48, 25, 27, 244, 209, 43.7012, 43.7012,5, 5
48, 25, 28, 244, 229, 129.706, 136.541,13, 12
48, 25, 29, 244, 268, 50.7006, 50.7006,6, 6
48, 25, 30, 244, 233, 47.6758, 54.4041,7, 6
48, 25, 31, 244, 209, 101.619, 115.562,13, 11
48, 25, 32, 244, 246, 420.029, 437.576,44, 42
48, 25, 33, 244, 266, 16.9195, 16.9195,2, 2
48, 25, 34, 244, 199, 113.825, 113.825,12, 12
48, 25, 35, 244, 210, 80.1533, 98.459,10, 8
48, 25, 36, 244, 244, 83.0494, 83.0494,10, 10
48, 25, 37, 244, 255, 371.668, 415.164,40, 35
48, 25, 38, 244, 268, 24.5656, 24.5656,2, 2
48, 25, 39, 244, 251, 54.8681, 69.4269,8, 6
48, 25, 40, 244, 228, 30.5086, 30.5086,4, 4
48, 25, 41, 244, 228, 18.6645, 18.6645,2, 2
48, 25, 42, 244, 212, 40.7001, 48.0442,6, 5
48, 25, 43, 244, 236, 26.1095, 26.1095,3, 3
48, 25, 44, 244, 219, 52.1951, 68.4729,8, 6
48, 25, 45, 244, 254, 7.69895, 7.69895,1, 1
48, 25, 46, 244, 259, 45.7852, 45.7852,6, 6
48, 25, 47, 244, 238, 29.4098, 29.4098,3, 3
48, 26, 1, 256, 153, 7.51976, 7.51976,1, 1
48, 26, 2, 256, 204, 14.3332, 14.3332,2, 2
48, 26, 3, 256, 157, 18.0651, 18.0651,2, 2
48, 26, 4, 256, 308, 0, 0,0, 0
48, 26, 5, 256, 286, 49.0547, 49.0547,6, 6
48, 26, 6, 256, 276, 8.66107, 8.66107,1, 1
48, 26, 7, 256, 203, 24.101, 24.101,3, 3
48, 26, 8, 256, 197, 60.7023, 82.1494,11, 8
48, 26, 9, 256, 251, 0, 0,0, 0
48, 26, 10, 256, 266, 9.17512, 9.17512,1, 1
48, 26, 11, 256, 263, 7.22817, 7.22817,1, 1
48, 26, 12, 256, 255, 37.4274, 37.4274,4, 4
48, 26, 13, 256, 266, 0, 0,0, 0
48, 26, 14, 256, 215, 17.394, 17.394,2, 2
48, 26, 15, 256, 185, 28.6169, 28.6169,4, 4
48, 26, 16, 256, 187, 6.94302, 6.94302,1, 1
48, 26, 17, 256, 183, 16.8213, 16.8213,2, 2
48, 26, 18, 256, 189, 20.1082, 20.1082,2, 2
48, 26, 19, 256, 214, 26.6473, 26.6473,3, 3
48, 26, 20, 256, 245, 16.7234, 16.7234,2, 2
48, 26, 21, 256, 159, 115.231, 147.278,17, 13
48, 26, 22, 256, 201, 49.1834, 49.1834,6, 6
48, 26, 23, 256, 251, 14.0776, 14.0776,2, 2
48, 26, 24, 256, 200, 17.8851, 17.8851,2, 2
48, 26, 25, 256, 244, 7.95208, 7.95208,1, 1
48, 26, 27, 256, 209, 7.23522, 7.23522,1, 1
48, 26, 28, 256, 229, 28.2892, 28.2892,4, 4
48, 26, 29, 256, 268, 15.9502, 15.9502,2, 2
48, 26, 30, 256, 233, 23.8147, 23.8147,3, 3
48, 26, 31, 256, 209, 7.38365, 7.38365,1, 1
48, 26, 32, 256, 246, 27.7772, 27.7772,3, 3
48, 26, 33, 256, 266, 13.5146, 13.5146,2, 2
48, 26, 34, 256, 199, 48.2024, 61.977,7, 5
48, 26, 35, 256, 210, 7.04555, 7.04555,1, 1
48, 26, 36, 256, 244, 15.2947, 15.2947,2, 2
48, 26, 37, 256, 255, 17.6481, 17.6481,2, 2
48, 26, 38, 256, 268, 8.19891, 8.19891,1, 1
48, 26, 39, 256, 251, 0, 0,0, 0
48, 26, 40, 256, 228, 22.4164, 22.4164,3, 3
48, 26, 41, 256, 228, 23.0678, 23.0678,3, 3
48, 26, 42, 256, 212, 24.6274, 24.6274,3, 3
48, 26, 43, 256, 236, 10.7875, 10.7875,1, 1
48, 26, 44, 256, 219, 39.6727, 46.9709,5, 4
48, 26, 45, 256, 254, 0, 0,0, 0
48, 26, 46, 256, 259, 65.4402, 65.4402,8, 8
48, 26, 47, 256, 238, 33.3816, 33.3816,4, 4
48, 27, 1, 209, 153, 88.704, 125.342,16, 11
48, 27, 2, 209, 204, 126.37, 143.674,16, 14
48, 27, 3, 209, 157, 66.7714, 81.5495,9, 7
48, 27, 4, 209, 308, 18.9338, 18.9338,2, 2
48, 27, 5, 209, 286, 18.0673, 18.0673,2, 2
48, 27, 6, 209, 276, 17.6908, 17.6908,2, 2
48, 27, 7, 209, 203, 32.016, 32.016,3, 3
48, 27, 8, 209, 197, 32.0154, 32.0154,4, 4
48, 27, 9, 209, 251, 8.24021, 8.24021,1, 1
48, 27, 10, 209, 266, 27.9838, 27.9838,3, 3
48, 27, 11, 209, 263, 33.8033, 33.8033,4, 4
48, 27, 12, 209, 255, 58.5598, 58.5598,5, 5
48, 27, 13, 209, 266, 16.544, 16.544,2, 2
48, 27, 14, 209, 215, 14.8153, 14.8153,1, 1
48, 27, 15, 209, 185, 10.2949, 10.2949,1, 1
48, 27, 16, 209, 187, 37.8025, 37.8025,4, 4
48, 27, 17, 209, 183, 32.8406, 32.8406,3, 3
48, 27, 18, 209, 189, 32.0712, 32.0712,4, 4
48, 27, 19, 209, 214, 26.1244, 26.1244,3, 3
48, 27, 20, 209, 245, 36.5964, 36.5964,3, 3
48, 27, 21, 209, 159, 26.3335, 26.3335,2, 2
48, 27, 22, 209, 201, 38.4413, 38.4413,3, 3
48, 27, 23, 209, 251, 10.0316, 10.0316,1, 1
48, 27, 24, 209, 200, 14.2012, 14.2012,2, 2
48, 27, 25, 209, 244, 36.2606, 43.7014,5, 4
48, 27, 26, 209, 256, 7.23522, 7.23522,1, 1
48, 27, 28, 209, 229, 596.424, 649.887,62, 56
48, 27, 29, 209, 268, 35.8559, 35.8559,3, 3
48, 27, 30, 209, 233, 124.54, 136.124,13, 12
48, 27, 31, 209, 209, 505.434, 574.253,58, 51
48, 27, 32, 209, 246, 30.9195, 30.9195,3, 3
48, 27, 33, 209, 266, 15.7234, 15.7234,2, 2
48, 27, 34, 209, 199, 39.4568, 39.4568,4, 4
48, 27, 35, 209, 210, 10.5086, 10.5086,1, 1
48, 27, 36, 209, 244, 35.8422, 35.8422,3, 3
48, 27, 37, 209, 255, 22.5865, 22.5865,2, 2
48, 27, 38, 209, 268, 47.4047, 61.7508,5, 3
48, 27, 39, 209, 251, 28.7345, 35.8085,4, 3
48, 27, 40, 209, 228, 7.60383, 7.60383,1, 1
48, 27, 41, 209, 228, 48.5241, 48.5241,6, 6
48, 27, 42, 209, 212, 7.11168, 7.11168,1, 1
48, 27, 43, 209, 236, 51.685, 51.685,6, 6
48, 27, 44, 209, 219, 20.6519, 20.6519,2, 2
48, 27, 45, 209, 254, 0, 0,0, 0
48, 27, 46, 209, 259, 27.2026, 27.2026,3, 3
48, 27, 47, 209, 238, 22.0682, 22.0682,2, 2
48, 28, 1, 229, 153, 49.0502, 49.0502,6, 6
48, 28, 2, 229, 204, 182.215, 236.619,23, 18
48, 28, 3, 229, 157, 67.9047, 94.8467,11, 8
48, 28, 4, 229, 308, 25.8331, 42.7091,5, 3
48, 28, 5, 229, 286, 34.6647, 42.6307,5, 4
48, 28, 6, 229, 276, 35.8106, 45.4762,5, 4
48, 28, 7, 229, 203, 89.9258, 97.707,11, 10
48, 28, 8, 229, 197, 52.815, 61.8169,7, 6
48, 28, 9, 229, 251, 0, 0,0, 0
48, 28, 10, 229, 266, 49.3052, 77.7777,6, 4
48, 28, 11, 229, 263, 70.3312, 70.3312,8, 8
48, 28, 12, 229, 255, 57.7101, 75.5523,8, 6
48, 28, 13, 229, 266, 20.9855, 20.9855,2, 2
48, 28, 14, 229, 215, 56.6317, 67.8034,6, 5
48, 28, 15, 229, 185, 42.967, 58.0604,5, 4
48, 28, 16, 229, 187, 27.7109, 52.8678,4, 2
48, 28, 17, 229, 183, 68.2384, 99.8247,5, 4
48, 28, 18, 229, 189, 103.289, 126.266,15, 12
48, 28, 19, 229, 214, 68.7842, 68.7842,8, 8
48, 28, 20, 229, 245, 56.3316, 70.3601,6, 5
48, 28, 21, 229, 159, 49.3298, 61.4179,5, 4
48, 28, 22, 229, 201, 61.8402, 88.3533,6, 5
48, 28, 23, 229, 251, 26.5802, 41.2124,3, 2
48, 28, 24, 229, 200, 13.7558, 13.7558,2, 2
48, 28, 25, 229, 244, 113.928, 136.541,13, 11
48, 28, 26, 229, 256, 28.2891, 28.2891,4, 4
48, 28, 27, 229, 209, 588.478, 649.886,62, 55
48, 28, 29, 229, 268, 70.2939, 89.8749,10, 8
48, 28, 30, 229, 233, 212.114, 219.588,24, 23
48, 28, 31, 229, 209, 644.812, 713.535,68, 59
48, 28, 32, 229, 246, 45.5638, 76.013,7, 4
48, 28, 33, 229, 266, 57.5449, 57.5449,6, 6
48, 28, 34, 229, 199, 46.7151, 64.8472,7, 5
48, 28, 35, 229, 210, 23.9655, 41.2298,2, 1
48, 28, 36, 229, 244, 78.8023, 90.1251,9, 8
48, 28, 37, 229, 255, 32.3153, 52.9202,5, 3
48, 28, 38, 229, 268, 43.224, 72.0516,5, 3
48, 28, 39, 229, 251, 23.6424, 45.9444,2, 1
48, 28, 40, 229, 228, 14.6012, 14.6012,2, 2
48, 28, 41, 229, 228, 41.7108, 41.7108,5, 5
48, 28, 42, 229, 212, 46.5054, 46.5054,6, 6
48, 28, 43, 229, 236, 84.3578, 92.3786,12, 11
48, 28, 44, 229, 219, 35.1346, 43.3279,5, 4
48, 28, 45, 229, 254, 0, 0,0, 0
48, 28, 46, 229, 259, 38.6168, 50.0911,5, 4
48, 28, 47, 229, 238, 45.6924, 69.9199,6, 4
48, 29, 1, 268, 153, 0, 0,0, 0
48, 29, 2, 268, 204, 49.813, 67.1724,8, 6
48, 29, 3, 268, 157, 16.1008, 24.5321,3, 2
48, 29, 4, 268, 308, 28.8197, 42.7927,6, 4
48, 29, 5, 268, 286, 69.9614, 94.4363,8, 6
48, 29, 6, 268, 276, 42.3508, 62.0218,7, 5
48, 29, 7, 268, 203, 42.2118, 55.6333,5, 4
48, 29, 8, 268, 197, 60.5372, 67.999,8, 7
48, 29, 9, 268, 251, 25.1144, 32.0061,4, 3
48, 29, 10, 268, 266, 17.2064, 33.0862,4, 2
48, 29, 11, 268, 263, 65.687, 65.687,7, 7
48, 29, 12, 268, 255, 100.999, 156.316,13, 9
48, 29, 13, 268, 266, 65.1458, 65.1458,7, 7
48, 29, 14, 268, 215, 25.6966, 34.8349,4, 3
48, 29, 15, 268, 185, 23.4515, 39.2695,5, 3
48, 29, 16, 268, 187, 16.2192, 31.1669,4, 2
48, 29, 17, 268, 183, 18.6544, 27.5439,3, 2
48, 29, 18, 268, 189, 35.2784, 35.2784,4, 4
48, 29, 19, 268, 214, 66.8079, 66.8079,8, 8
48, 29, 20, 268, 245, 49.5315, 76.8032,8, 5
48, 29, 21, 268, 159, 37.7074, 44.8019,6, 5
48, 29, 22, 268, 201, 28.0012, 37.3455,4, 3
48, 29, 23, 268, 251, 15.3137, 22.2325,3, 2
48, 29, 24, 268, 200, 0, 0,0, 0
48, 29, 25, 268, 244, 35.8417, 50.7006,6, 4
48, 29, 26, 268, 256, 8.7436, 15.9502,2, 1
48, 29, 27, 268, 209, 21.9848, 35.8564,3, 2
48, 29, 28, 268, 229, 69.9338, 89.8753,10, 8
48, 29, 30, 268, 233, 98.8218, 112.857,12, 11
48, 29, 31, 268, 209, 28.7361, 36.2108,4, 3
48, 29, 32, 268, 246, 17.6598, 26.9152,3, 2
48, 29, 33, 268, 266, 432.588, 452.33,45, 43
48, 29, 34, 268, 199, 56.603, 63.7504,8, 7
48, 29, 35, 268, 210, 8.12054, 15.2693,2, 1
48, 29, 36, 268, 244, 63.7797, 79.8401,8, 7
48, 29, 37, 268, 255, 18.2572, 27.4729,3, 2
48, 29, 38, 268, 268, 125.749, 168.036,19, 14
48, 29, 39, 268, 251, 24.9814, 33.5287,4, 3
48, 29, 40, 268, 228, 128.121, 143.459,16, 14
48, 29, 41, 268, 228, 184.739, 195.033,22, 21
48, 29, 42, 268, 212, 186.604, 219.09,24, 20
48, 29, 43, 268, 236, 117.253, 135.377,15, 13
48, 29, 44, 268, 219, 41.8569, 57.0428,5, 4
48, 29, 45, 268, 254, 13.8183, 13.8183,2, 2
48, 29, 46, 268, 259, 27.8212, 46.2158,5, 3
48, 29, 47, 268, 238, 27.6162, 46.6438,5, 3
48, 30, 1, 233, 153, 0, 0,0, 0
48, 30, 2, 233, 204, 108.775, 117.908,14, 13
48, 30, 3, 233, 157, 22.9747, 22.9747,3, 3
48, 30, 4, 233, 308, 21.5746, 21.5746,3, 3
48, 30, 5, 233, 286, 45.5891, 45.5891,5, 5
48, 30, 6, 233, 276, 8.84965, 8.84965,1, 1
48, 30, 7, 233, 203, 35.4179, 35.4179,3, 3
48, 30, 8, 233, 197, 57.1891, 57.1891,6, 6
48, 30, 9, 233, 251, 0, 0,0, 0
48, 30, 10, 233, 266, 13.843, 13.843,2, 2
48, 30, 11, 233, 263, 11.3444, 11.3444,1, 1
48, 30, 12, 233, 255, 46.9211, 46.9211,5, 5
48, 30, 13, 233, 266, 35.9065, 44.6859,5, 4
48, 30, 14, 233, 215, 17.6483, 24.6318,3, 2
48, 30, 15, 233, 185, 38.8326, 38.8326,3, 3
48, 30, 16, 233, 187, 14.1757, 14.1757,2, 2
48, 30, 17, 233, 183, 37.8655, 46.0848,5, 4
48, 30, 18, 233, 189, 54.31, 54.31,7, 7
48, 30, 19, 233, 214, 111.55, 111.55,13, 13
48, 30, 20, 233, 245, 60.0143, 60.0143,7, 7
48, 30, 21, 233, 159, 58.1831, 67.4301,7, 6
48, 30, 22, 233, 201, 65.3736, 76.1557,8, 7
48, 30, 23, 233, 251, 9.28672, 9.28672,1, 1
48, 30, 24, 233, 200, 0, 0,0, 0
48, 30, 25, 233, 244, 47.0918, 54.4042,7, 6
48, 30, 26, 233, 256, 23.8146, 23.8146,3, 3
48, 30, 27, 233, 209, 113.065, 136.124,13, 10
48, 30, 28, 233, 229, 190.952, 219.588,24, 21
48, 30, 29, 233, 268, 106.145, 112.856,12, 11
48, 30, 31, 233, 209, 262.889, 278.414,29, 27
48, 30, 32, 233, 246, 9.42793, 9.42793,1, 1
48, 30, 33, 233, 266, 53.6914, 53.6914,7, 7
48, 30, 34, 233, 199, 36.8842, 44.9225,6, 5
48, 30, 35, 233, 210, 0, 0,0, 0
48, 30, 36, 233, 244, 39.3474, 47.0939,6, 5
48, 30, 37, 233, 255, 16.4692, 16.4692,2, 2
48, 30, 38, 233, 268, 31.7659, 31.7659,4, 4
48, 30, 39, 233, 251, 15.3472, 15.3472,2, 2
48, 30, 40, 233, 228, 88.5428, 96.716,11, 10
48, 30, 41, 233, 228, 50.9846, 58.8509,7, 6
48, 30, 42, 233, 212, 66.393, 66.393,9, 9
48, 30, 43, 233, 236, 49.146, 49.146,6, 6
48, 30, 44, 233, 219, 48.5316, 57.5383,6, 5
48, 30, 45, 233, 254, 0, 0,0, 0
48, 30, 46, 233, 259, 30.6283, 37.3333,5, 4
48, 30, 47, 233, 238, 23.1795, 23.1795,3, 3
48, 31, 1, 209, 153, 43.8658, 43.8658,6, 6
48, 31, 2, 209, 204, 157.641, 197.462,22, 17
48, 31, 3, 209, 157, 64.6483, 71.469,9, 8
48, 31, 4, 209, 308, 8.71272, 8.71272,1, 1
48, 31, 5, 209, 286, 15.4805, 15.4805,2, 2
48, 31, 6, 209, 276, 9.72661, 9.72661,1, 1
48, 31, 7, 209, 203, 72.4933, 72.4933,9, 9
48, 31, 8, 209, 197, 50.9373, 50.9373,6, 6
48, 31, 9, 209, 251, 7.1121, 7.1121,1, 1
48, 31, 10, 209, 266, 0, 0,0, 0
48, 31, 11, 209, 263, 57.4222, 57.4222,6, 6
48, 31, 12, 209, 255, 16.7915, 16.7915,2, 2
48, 31, 13, 209, 266, 40.5084, 40.5084,4, 4
48, 31, 14, 209, 215, 26.8065, 26.8065,3, 3
48, 31, 15, 209, 185, 40.5205, 48.617,6, 5
48, 31, 16, 209, 187, 26.1737, 26.1737,3, 3
48, 31, 17, 209, 183, 63.4527, 70.2869,8, 7
48, 31, 18, 209, 189, 56.2298, 66.3869,6, 5
48, 31, 19, 209, 214, 58.6837, 58.6837,6, 6
48, 31, 20, 209, 245, 62.0001, 72.653,7, 6
48, 31, 21, 209, 159, 36.8112, 45.3682,5, 4
48, 31, 22, 209, 201, 50.6798, 65.918,8, 6
48, 31, 23, 209, 251, 0, 0,0, 0
48, 31, 24, 209, 200, 0, 0,0, 0
48, 31, 25, 209, 244, 101.34, 115.561,13, 11
48, 31, 26, 209, 256, 7.38362, 7.38362,1, 1
48, 31, 27, 209, 209, 524.717, 574.252,58, 52
48, 31, 28, 209, 229, 651.734, 713.534,68, 61
48, 31, 29, 209, 268, 36.2107, 36.2107,4, 4
48, 31, 30, 209, 233, 250.543, 278.415,29, 26
48, 31, 32, 209, 246, 0, 0,0, 0
48, 31, 33, 209, 266, 61.6291, 61.6291,7, 7
48, 31, 34, 209, 199, 46.1417, 46.1417,6, 6
48, 31, 35, 209, 210, 0, 0,0, 0
48, 31, 36, 209, 244, 46.2967, 46.2967,5, 5
48, 31, 37, 209, 255, 6.74339, 6.74339,1, 1
48, 31, 38, 209, 268, 6.7668, 6.7668,1, 1
48, 31, 39, 209, 251, 20.9875, 20.9875,3, 3
48, 31, 40, 209, 228, 36.3178, 36.3178,4, 4
48, 31, 41, 209, 228, 25.6806, 25.6806,3, 3
48, 31, 42, 209, 212, 68.2376, 75.7187,8, 7
48, 31, 43, 209, 236, 65.3198, 65.3198,8, 8
48, 31, 44, 209, 219, 26.797, 36.9345,3, 2
48, 31, 45, 209, 254, 0, 0,0, 0
48, 31, 46, 209, 259, 22.6974, 22.6974,3, 3
48, 31, 47, 209, 238, 21.8988, 21.8988,3, 3
48, 32, 1, 246, 153, 31.7262, 46.9406,6, 4
48, 32, 2, 246, 204, 29.1196, 68.8774,6, 2
48, 32, 3, 246, 157, 61.8037, 107.514,10, 5
48, 32, 4, 246, 308, 23.227, 49.5145,5, 2
48, 32, 5, 246, 286, 25.2206, 25.2206,3, 3
48, 32, 6, 246, 276, 58.6928, 108.493,14, 7
48, 32, 7, 246, 203, 234.598, 270.492,31, 27
48, 32, 8, 246, 197, 60.6105, 60.6105,8, 8
48, 32, 9, 246, 251, 8.72329, 17.298,2, 1
48, 32, 10, 246, 266, 44.8785, 85.2763,7, 3
48, 32, 11, 246, 263, 14.8018, 21.5586,3, 2
48, 32, 12, 246, 255, 28.5447, 28.5447,3, 3
48, 32, 13, 246, 266, 0, 0,0, 0
48, 32, 14, 246, 215, 574.566, 735.929,67, 51
48, 32, 15, 246, 185, 222.572, 268.705,29, 24
48, 32, 16, 246, 187, 158.8, 235.719,24, 15
48, 32, 17, 246, 183, 71.4937, 91.4061,10, 8
48, 32, 18, 246, 189, 36.3645, 46.1391,5, 4
48, 32, 19, 246, 214, 7.42256, 7.42256,1, 1
48, 32, 20, 246, 245, 243.636, 294.42,33, 27
48, 32, 21, 246, 159, 37.8826, 56.6914,4, 3
48, 32, 22, 246, 201, 51.0024, 71.5022,7, 5
48, 32, 23, 246, 251, 126.337, 233.587,26, 13
48, 32, 24, 246, 200, 120.863, 210.054,23, 12
48, 32, 25, 246, 244, 372.127, 437.578,44, 37
48, 32, 26, 246, 256, 19.4867, 27.7772,3, 2
48, 32, 27, 246, 209, 14.3659, 30.9204,3, 1
48, 32, 28, 246, 229, 37.3288, 76.0135,7, 3
48, 32, 29, 246, 268, 19.7599, 26.9153,3, 2
48, 32, 30, 246, 233, 9.42786, 9.42786,1, 1
48, 32, 31, 246, 209, 0, 0,0, 0
48, 32, 33, 246, 266, 0, 0,0, 0
48, 32, 34, 246, 199, 82.9408, 105.029,11, 9
48, 32, 35, 246, 210, 92.3936, 120.047,13, 10
48, 32, 36, 246, 244, 27.0115, 34.6668,4, 3
48, 32, 37, 246, 255, 5901.06, 6327.2,203, 162
48, 32, 38, 246, 268, 24.6288, 61.4009,6, 2
48, 32, 39, 246, 251, 27.5242, 44.8109,5, 3
48, 32, 40, 246, 228, 0, 0,0, 0
48, 32, 41, 246, 228, 0, 0,0, 0
48, 32, 42, 246, 212, 14.9971, 21.8057,3, 2
48, 32, 43, 246, 236, 12.2986, 12.2986,1, 1
48, 32, 44, 246, 219, 35.2956, 35.2956,4, 4
48, 32, 45, 246, 254, 56.5237, 86.7072,11, 7
48, 32, 46, 246, 259, 66.6028, 81.2953,11, 9
48, 32, 47, 246, 238, 59.4789, 107.403,13, 7
48, 33, 1, 266, 153, 0, 0,0, 0
48, 33, 2, 266, 204, 17.1169, 25.1973,3, 2
48, 33, 3, 266, 157, 0, 0,0, 0
48, 33, 4, 266, 308, 0, 0,0, 0
48, 33, 5, 266, 286, 15.7556, 15.7556,2, 2
48, 33, 6, 266, 276, 205.762, 475.232,59, 24
48, 33, 7, 266, 203, 31.0539, 31.0539,4, 4
48, 33, 8, 266, 197, 32.567, 32.567,4, 4
48, 33, 9, 266, 251, 288.905, 654.561,76, 31
48, 33, 10, 266, 266, 250.008, 590.253,68, 26
48, 33, 11, 266, 263, 192.075, 400.826,47, 21
48, 33, 12, 266, 255, 74.4357, 82.1032,8, 7
48, 33, 13, 266, 266, 46.4609, 53.198,6, 5
48, 33, 14, 266, 215, 0, 0,0, 0
48, 33, 15, 266, 185, 49.335, 56.4219,6, 5
48, 33, 16, 266, 187, 0, 0,0, 0
48, 33, 17, 266, 183, 16.4257, 23.335,3, 2
48, 33, 18, 266, 189, 20.2375, 20.2375,2, 2
48, 33, 19, 266, 214, 30.0084, 36.9212,4, 3
48, 33, 20, 266, 245, 57.5301, 57.5301,6, 6
48, 33, 21, 266, 159, 7.59196, 7.59196,1, 1
48, 33, 22, 266, 201, 16.0738, 16.0738,2, 2
48, 33, 23, 266, 251, 0, 0,0, 0
48, 33, 24, 266, 200, 23.1153, 37.8736,5, 3
48, 33, 25, 266, 244, 16.9195, 16.9195,2, 2
48, 33, 26, 266, 256, 13.5146, 13.5146,2, 2
48, 33, 27, 266, 209, 15.7235, 15.7235,2, 2
48, 33, 28, 266, 229, 47.3806, 57.5444,6, 5
48, 33, 29, 266, 268, 425.904, 452.329,45, 42
48, 33, 30, 266, 233, 46.4656, 53.6913,7, 6
48, 33, 31, 266, 209, 61.6292, 61.6292,7, 7
48, 33, 32, 266, 246, 0, 0,0, 0
48, 33, 34, 266, 199, 43.7813, 43.7813,5, 5
48, 33, 35, 266, 210, 70.8047, 108.377,14, 9
48, 33, 36, 266, 244, 66.5238, 81.2485,9, 7
48, 33, 37, 266, 255, 0, 0,0, 0
48, 33, 38, 266, 268, 642.012, 1181.21,134, 66
48, 33, 39, 266, 251, 270.821, 539.352,61, 28
48, 33, 40, 266, 228, 44.6236, 44.6236,5, 5
48, 33, 41, 266, 228, 98.0525, 108.891,12, 11
48, 33, 42, 266, 212, 174.648, 196.68,23, 20
48, 33, 43, 266, 236, 468.405, 924.624,102, 46
48, 33, 44, 266, 219, 0, 0,0, 0
48, 33, 45, 266, 254, 251.278, 489.665,59, 28
48, 33, 46, 266, 259, 18.126, 18.126,2, 2
48, 33, 47, 266, 238, 66.9209, 128.946,16, 8
48, 34, 1, 199, 153, 15.313, 22.1367,3, 2
48, 34, 2, 199, 204, 60.5614, 60.5614,6, 6
48, 34, 3, 199, 157, 77.1375, 93.9298,9, 7
48, 34, 4, 199, 308, 15.8864, 15.8864,2, 2
48, 34, 5, 199, 286, 59.8703, 59.8703,7, 7
48, 34, 6, 199, 276, 62.5569, 77.7265,9, 7
48, 34, 7, 199, 203, 110.756, 110.756,12, 12
48, 34, 8, 199, 197, 90.5605, 90.5605,9, 9
48, 34, 9, 199, 251, 0, 0,0, 0
48, 34, 10, 199, 266, 51.4333, 75.6481,8, 5
48, 34, 11, 199, 263, 166.446, 166.446,18, 18
48, 34, 12, 199, 255, 184.608, 206.155,25, 22
48, 34, 13, 199, 266, 79.5355, 79.5355,9, 9
48, 34, 14, 199, 215, 75.8654, 75.8654,8, 8
48, 34, 15, 199, 185, 165.306, 199.248,21, 17
48, 34, 16, 199, 187, 57.9202, 83.5443,9, 6
48, 34, 17, 199, 183, 119.418, 143.819,16, 13
48, 34, 18, 199, 189, 108.07, 118.57,12, 11
48, 34, 19, 199, 214, 32.3288, 40.8111,5, 4
48, 34, 20, 199, 245, 161.384, 161.384,18, 18
48, 34, 21, 199, 159, 151.424, 161.931,16, 15
48, 34, 22, 199, 201, 195.14, 226.833,24, 20
48, 34, 23, 199, 251, 37.7599, 46.4193,5, 4
48, 34, 24, 199, 200, 50.1095, 71.9643,8, 5
48, 34, 25, 199, 244, 105.494, 113.826,12, 11
48, 34, 26, 199, 256, 52.1157, 61.9772,7, 6
48, 34, 27, 199, 209, 39.4568, 39.4568,4, 4
48, 34, 28, 199, 229, 50.3827, 64.8469,7, 5
48, 34, 29, 199, 268, 63.7503, 63.7503,8, 8
48, 34, 30, 199, 233, 44.9225, 44.9225,6, 6
48, 34, 31, 199, 209, 46.1418, 46.1418,6, 6
48, 34, 32, 199, 246, 77.7575, 105.029,11, 8
48, 34, 33, 199, 266, 43.7816, 43.7816,5, 5
48, 34, 35, 199, 210, 156.736, 187.123,23, 19
48, 34, 36, 199, 244, 350.962, 399.946,46, 40
48, 34, 37, 199, 255, 56.662, 64.3294,8, 7
48, 34, 38, 199, 268, 37.4112, 45.6102,4, 3
48, 34, 39, 199, 251, 138.195, 147.437,17, 16
48, 34, 40, 199, 228, 65.044, 65.044,7, 7
48, 34, 41, 199, 228, 73.576, 73.576,9, 9
48, 34, 42, 199, 212, 80.4683, 90.1981,10, 9
48, 34, 43, 199, 236, 42.7702, 42.7702,5, 5
48, 34, 44, 199, 219, 109.901, 135.737,16, 13
48, 34, 45, 199, 254, 43.0153, 51.3339,6, 5
48, 34, 46, 199, 259, 93.0861, 100.832,12, 11
48, 34, 47, 199, 238, 74.1655, 98.5059,11, 8
48, 35, 1, 210, 153, 6.80164, 6.80164,1, 1
48, 35, 2, 210, 204, 32.7235, 32.7235,3, 3
48, 35, 3, 210, 157, 28.2626, 28.2626,3, 3
48, 35, 4, 210, 308, 15.841, 15.841,2, 2
48, 35, 5, 210, 286, 6.69859, 6.69859,1, 1
48, 35, 6, 210, 276, 177.376, 216.273,24, 19
48, 35, 7, 210, 203, 59.7894, 59.7894,7, 7
48, 35, 8, 210, 197, 18.2393, 18.2393,2, 2
48, 35, 9, 210, 251, 196.683, 232.449,30, 25
48, 35, 10, 210, 266, 291.731, 339.649,36, 30
48, 35, 11, 210, 263, 200.301, 255.664,29, 22
48, 35, 12, 210, 255, 30.2463, 30.2463,4, 4
48, 35, 13, 210, 266, 0, 0,0, 0
48, 35, 14, 210, 215, 50.9744, 50.9744,5, 5
48, 35, 15, 210, 185, 50.8672, 57.7113,6, 5
48, 35, 16, 210, 187, 75.5946, 75.5946,7, 7
48, 35, 17, 210, 183, 53.3607, 64.0476,5, 4
48, 35, 18, 210, 189, 43.9135, 43.9135,5, 5
48, 35, 19, 210, 214, 0, 0,0, 0
48, 35, 20, 210, 245, 40.9312, 40.9312,5, 5
48, 35, 21, 210, 159, 19.4217, 19.4217,1, 1
48, 35, 22, 210, 201, 50.4596, 50.4596,5, 5
48, 35, 23, 210, 251, 103.503, 110.229,9, 8
48, 35, 24, 210, 200, 95.8206, 128.621,14, 10
48, 35, 25, 210, 244, 91.2508, 98.4588,10, 9
48, 35, 26, 210, 256, 7.04554, 7.04554,1, 1
48, 35, 27, 210, 209, 10.5085, 10.5085,1, 1
48, 35, 28, 210, 229, 41.2312, 41.2312,2, 2
48, 35, 29, 210, 268, 15.2692, 15.2692,2, 2
48, 35, 30, 210, 233, 0, 0,0, 0
48, 35, 31, 210, 209, 0, 0,0, 0
48, 35, 32, 210, 246, 120.046, 120.046,13, 13
48, 35, 33, 210, 266, 87.3313, 108.376,14, 11
48, 35, 34, 210, 199, 166.478, 187.123,23, 20
48, 35, 36, 210, 244, 67.2165, 96.8879,12, 8
48, 35, 37, 210, 255, 52.4116, 52.4116,5, 5
48, 35, 38, 210, 268, 237.776, 313.968,35, 25
48, 35, 39, 210, 251, 443.502, 530.971,55, 44
48, 35, 40, 210, 228, 0, 0,0, 0
48, 35, 41, 210, 228, 6.89707, 6.89707,1, 1
48, 35, 42, 210, 212, 16.283, 16.283,2, 2
48, 35, 43, 210, 236, 205.53, 265.964,31, 23
48, 35, 44, 210, 219, 21.8903, 21.8903,3, 3
48, 35, 45, 210, 254, 193.831, 234.732,25, 20
48, 35, 46, 210, 259, 41.3425, 41.3425,5, 5
48, 35, 47, 210, 238, 105.177, 146.235,16, 11
48, 36, 1, 244, 153, 6.74689, 6.74689,1, 1
48, 36, 2, 244, 204, 61.1584, 61.1584,7, 7
48, 36, 3, 244, 157, 24.1391, 24.1391,3, 3
48, 36, 4, 244, 308, 15.8445, 15.8445,2, 2
48, 36, 5, 244, 286, 107.385, 116.397,12, 11
48, 36, 6, 244, 276, 46.8861, 46.8861,4, 4
48, 36, 7, 244, 203, 75.6859, 75.6859,8, 8
48, 36, 8, 244, 197, 48.6155, 63.8598,7, 5
48, 36, 9, 244, 251, 14.173, 14.173,2, 2
48, 36, 10, 244, 266, 98.9707, 98.9707,10, 10
48, 36, 11, 244, 263, 230.141, 230.141,26, 26
48, 36, 12, 244, 255, 314.036, 367.776,35, 28
48, 36, 13, 244, 266, 145.909, 145.909,15, 15
48, 36, 14, 244, 215, 38.169, 38.169,4, 4
48, 36, 15, 244, 185, 79.3198, 85.9898,10, 9
48, 36, 16, 244, 187, 54.9212, 54.9212,6, 6
48, 36, 17, 244, 183, 52.3653, 52.3653,6, 6
48, 36, 18, 244, 189, 104.608, 104.608,11, 11
48, 36, 19, 244, 214, 45.9698, 45.9698,6, 6
48, 36, 20, 244, 245, 142.907, 149.689,15, 14
48, 36, 21, 244, 159, 72.2736, 82.7385,10, 9
48, 36, 22, 244, 201, 29.4135, 29.4135,3, 3
48, 36, 23, 244, 251, 23.9501, 23.9501,3, 3
48, 36, 24, 244, 200, 0, 0,0, 0
48, 36, 25, 244, 244, 83.0495, 83.0495,10, 10
48, 36, 26, 244, 256, 15.2946, 15.2946,2, 2
48, 36, 27, 244, 209, 35.8433, 35.8433,3, 3
48, 36, 28, 244, 229, 90.1256, 90.1256,9, 9
48, 36, 29, 244, 268, 72.8973, 79.8398,8, 7
48, 36, 30, 244, 233, 39.4968, 47.0942,6, 5
48, 36, 31, 244, 209, 46.2967, 46.2967,5, 5
48, 36, 32, 244, 246, 34.6667, 34.6667,4, 4
48, 36, 33, 244, 266, 81.2485, 81.2485,9, 9
48, 36, 34, 244, 199, 390.729, 399.945,46, 45
48, 36, 35, 244, 210, 83.1842, 96.888,12, 10
48, 36, 37, 244, 255, 19.3773, 19.3773,2, 2
48, 36, 38, 244, 268, 29.2893, 29.2893,2, 2
48, 36, 39, 244, 251, 211.881, 235.068,25, 22
48, 36, 40, 244, 228, 52.1769, 59.6572,7, 6
48, 36, 41, 244, 228, 141.984, 157.581,18, 16
48, 36, 42, 244, 212, 115.141, 130.03,16, 14
48, 36, 43, 244, 236, 51.0387, 51.0387,6, 6
48, 36, 44, 244, 219, 79.3079, 79.3079,8, 8
48, 36, 45, 244, 254, 22.2971, 22.2971,3, 3
48, 36, 46, 244, 259, 76.6913, 83.3674,10, 9
48, 36, 47, 244, 238, 53.3772, 53.3772,5, 5
48, 37, 1, 255, 153, 15.7505, 15.7505,2, 2
48, 37, 2, 255, 204, 31.2411, 47.7719,4, 2
48, 37, 3, 255, 157, 51.7333, 60.3381,5, 4
48, 37, 4, 255, 308, 21.1768, 38.0756,4, 2
48, 37, 5, 255, 286, 33.9275, 33.9275,4, 4
48, 37, 6, 255, 276, 64.7766, 87.9322,11, 8
48, 37, 7, 255, 203, 299.419, 317.744,33, 31
48, 37, 8, 255, 197, 48.4838, 56.3824,7, 6
48, 37, 9, 255, 251, 17.0165, 25.7842,3, 2
48, 37, 10, 255, 266, 58.1419, 65.322,6, 5
48, 37, 11, 255, 263, 24.4606, 24.4606,3, 3
48, 37, 12, 255, 255, 29.1412, 35.8567,4, 3
48, 37, 13, 255, 266, 0, 0,0, 0
48, 37, 14, 255, 215, 502.354, 581.756,61, 52
48, 37, 15, 255, 185, 142.216, 142.216,15, 15
48, 37, 16, 255, 187, 145.038, 224.118,23, 14
48, 37, 17, 255, 183, 80.1741, 96.6475,10, 8
48, 37, 18, 255, 189, 39.1752, 39.1752,5, 5
48, 37, 19, 255, 214, 7.75507, 7.75507,1, 1
48, 37, 20, 255, 245, 214.543, 248.764,26, 22
48, 37, 21, 255, 159, 25.3808, 25.3808,2, 2
48, 37, 22, 255, 201, 47.7635, 56.1645,6, 5
48, 37, 23, 255, 251, 137.519, 160.222,19, 16
48, 37, 24, 255, 200, 110.978, 135.468,16, 13
48, 37, 25, 255, 244, 398.764, 415.168,40, 38
48, 37, 26, 255, 256, 17.6479, 17.6479,2, 2
48, 37, 27, 255, 209, 13.0403, 22.5864,2, 1
48, 37, 28, 255, 229, 37.1011, 52.92,5, 3
48, 37, 29, 255, 268, 20.1243, 27.4731,3, 2
48, 37, 30, 255, 233, 16.4691, 16.4691,2, 2
48, 37, 31, 255, 209, 6.74338, 6.74338,1, 1
48, 37, 32, 255, 246, 5941.11, 6323.85,203, 165
48, 37, 33, 255, 266, 0, 0,0, 0
48, 37, 34, 255, 199, 64.3294, 64.3294,8, 8
48, 37, 35, 255, 210, 52.4116, 52.4116,5, 5
48, 37, 36, 255, 244, 11.5044, 19.3774,2, 1
48, 37, 38, 255, 268, 23.5172, 40.5884,4, 2
48, 37, 39, 255, 251, 26.7162, 34.4197,4, 3
48, 37, 40, 255, 228, 0, 0,0, 0
48, 37, 41, 255, 228, 0, 0,0, 0
48, 37, 42, 255, 212, 0, 0,0, 0
48, 37, 43, 255, 236, 14.048, 14.048,1, 1
48, 37, 44, 255, 219, 26.3237, 34.3121,4, 3
48, 37, 45, 255, 254, 24.285, 31.6938,4, 3
48, 37, 46, 255, 259, 38.1783, 52.9949,7, 5
48, 37, 47, 255, 238, 43.9656, 59.3825,7, 5
48, 38, 1, 268, 153, 6.7112, 6.7112,1, 1
48, 38, 2, 268, 204, 47.2397, 71.0207,6, 4
48, 38, 3, 268, 157, 37.8708, 56.4949,6, 4
48, 38, 4, 268, 308, 17.1115, 32.88,4, 2
48, 38, 5, 268, 286, 18.0941, 25.8975,3, 2
48, 38, 6, 268, 276, 219.47, 511.363,60, 23
48, 38, 7, 268, 203, 12.3092, 20.3533,2, 1
48, 38, 8, 268, 197, 0, 0,0, 0
48, 38, 9, 268, 251, 414.558, 1056.94,129, 47
48, 38, 10, 268, 266, 400.625, 958.846,107, 39
48, 38, 11, 268, 263, 195.886, 410.263,47, 21
48, 38, 12, 268, 255, 37.4495, 54.7006,5, 3
48, 38, 13, 268, 266, 10.5884, 10.5884,1, 1
48, 38, 14, 268, 215, 11.5357, 20.374,2, 1
48, 38, 15, 268, 185, 18.6251, 30.2411,2, 1
48, 38, 16, 268, 187, 24.059, 44.197,4, 2
48, 38, 17, 268, 183, 15.4808, 29.6253,2, 1
48, 38, 18, 268, 189, 10.3873, 18.2703,2, 1
48, 38, 19, 268, 214, 0, 0,0, 0
48, 38, 20, 268, 245, 13.4896, 25.0574,2, 1
48, 38, 21, 268, 159, 15.5415, 24.1242,2, 1
48, 38, 22, 268, 201, 17.819, 32.1268,2, 1
48, 38, 23, 268, 251, 13.7423, 24.4475,2, 1
48, 38, 24, 268, 200, 25.1841, 34.0432,4, 3
48, 38, 25, 268, 244, 15.0039, 24.5656,2, 1
48, 38, 26, 268, 256, 8.19889, 8.19889,1, 1
48, 38, 27, 268, 209, 49.6976, 61.749,5, 4
48, 38, 28, 268, 229, 43.2234, 72.0509,5, 3
48, 38, 29, 268, 268, 119.555, 168.035,19, 13
48, 38, 30, 268, 233, 17.3187, 31.7658,4, 2
48, 38, 31, 268, 209, 6.76684, 6.76684,1, 1
48, 38, 32, 268, 246, 36.4624, 61.4004,6, 3
48, 38, 33, 268, 266, 570.032, 1181.21,134, 57
48, 38, 34, 268, 199, 35.5777, 45.6111,4, 3
48, 38, 35, 268, 210, 171.768, 313.968,35, 18
48, 38, 36, 268, 244, 19.0267, 29.2891,2, 1
48, 38, 37, 268, 255, 23.5165, 40.5877,4, 2
48, 38, 39, 268, 251, 381.499, 809.127,92, 39
48, 38, 40, 268, 228, 0, 0,0, 0
48, 38, 41, 268, 228, 22.373, 22.373,3, 3
48, 38, 42, 268, 212, 40.8608, 49.1749,6, 5
48, 38, 43, 268, 236, 377.687, 865.359,103, 42
48, 38, 44, 268, 219, 10.4177, 18.3389,2, 1
48, 38, 45, 268, 254, 253.406, 585.291,70, 28
48, 38, 46, 268, 259, 10.8657, 20.0932,2, 1
48, 38, 47, 268, 238, 75.2581, 159.463,20, 9
48, 39, 1, 251, 153, 24.669, 24.669,3, 3
48, 39, 2, 251, 204, 33.4436, 40.1569,4, 3
48, 39, 3, 251, 157, 26.2772, 26.2772,3, 3
48, 39, 4, 251, 308, 16.4186, 16.4186,2, 2
48, 39, 5, 251, 286, 36.1625, 36.1625,4, 4
48, 39, 6, 251, 276, 326.159, 613.361,66, 31
48, 39, 7, 251, 203, 7.97781, 7.97781,1, 1
48, 39, 8, 251, 197, 13.9284, 13.9284,2, 2
48, 39, 9, 251, 251, 499.821, 936.648,102, 50
48, 39, 10, 251, 266, 638.773, 1080.51,121, 66
48, 39, 11, 251, 263, 376.629, 599.267,69, 40
48, 39, 12, 251, 255, 64.6741, 64.6741,8, 8
48, 39, 13, 251, 266, 7.74852, 7.74852,1, 1
48, 39, 14, 251, 215, 46.0072, 54.0975,6, 5
48, 39, 15, 251, 185, 12.0109, 12.0109,1, 1
48, 39, 16, 251, 187, 104.137, 117.655,15, 13
48, 39, 17, 251, 183, 38.6529, 38.6529,3, 3
48, 39, 18, 251, 189, 27.4605, 27.4605,4, 4
48, 39, 19, 251, 214, 6.95702, 6.95702,1, 1
48, 39, 20, 251, 245, 13.5485, 13.5485,1, 1
48, 39, 21, 251, 159, 11.3627, 11.3627,1, 1
48, 39, 22, 251, 201, 65.0118, 73.2359,6, 5
48, 39, 23, 251, 251, 63.0508, 76.7361,8, 6
48, 39, 24, 251, 200, 86.0498, 93.5756,10, 9
48, 39, 25, 251, 244, 62.3251, 69.4264,8, 7
48, 39, 26, 251, 256, 0, 0,0, 0
48, 39, 27, 251, 209, 35.8085, 35.8085,4, 4
48, 39, 28, 251, 229, 45.9441, 45.9441,2, 2
48, 39, 29, 251, 268, 33.5288, 33.5288,4, 4
48, 39, 30, 251, 233, 15.3472, 15.3472,2, 2
48, 39, 31, 251, 209, 14.134, 20.9874,3, 2
48, 39, 32, 251, 246, 44.811, 44.811,5, 5
48, 39, 33, 251, 266, 296.884, 539.353,61, 31
48, 39, 34, 251, 199, 139.472, 147.437,17, 16
48, 39, 35, 251, 210, 380.471, 530.972,55, 37
48, 39, 36, 251, 244, 227.302, 235.069,25, 24
48, 39, 37, 251, 255, 27.4479, 34.4196,4, 3
48, 39, 38, 251, 268, 459.707, 809.125,92, 48
48, 39, 40, 251, 228, 0, 0,0, 0
48, 39, 41, 251, 228, 6.80543, 6.80543,1, 1
48, 39, 42, 251, 212, 19.7878, 19.7878,2, 2
48, 39, 43, 251, 236, 328.617, 556.114,64, 35
48, 39, 44, 251, 219, 41.3161, 48.3978,6, 5
48, 39, 45, 251, 254, 369.73, 673.876,78, 40
48, 39, 46, 251, 259, 45.6431, 52.6373,6, 5
48, 39, 47, 251, 238, 138.123, 238.976,26, 14
48, 40, 1, 228, 153, 0, 0,0, 0
48, 40, 2, 228, 204, 7.39695, 14.6003,2, 1
48, 40, 3, 228, 157, 0, 0,0, 0
48, 40, 4, 228, 308, 13.7404, 13.7404,2, 2
48, 40, 5, 228, 286, 30.01, 30.01,4, 4
48, 40, 6, 228, 276, 15.2238, 15.2238,2, 2
48, 40, 7, 228, 203, 14.8599, 14.8599,2, 2
48, 40, 8, 228, 197, 86.9159, 105.592,11, 9
48, 40, 9, 228, 251, 0, 0,0, 0
48, 40, 10, 228, 266, 0, 0,0, 0
48, 40, 11, 228, 263, 14.8118, 14.8118,2, 2
48, 40, 12, 228, 255, 66.3181, 66.3181,8, 8
48, 40, 13, 228, 266, 101.3, 123.919,14, 11
48, 40, 14, 228, 215, 0, 0,0, 0
48, 40, 15, 228, 185, 29.6729, 37.4467,4, 3
48, 40, 16, 228, 187, 0, 0,0, 0
48, 40, 17, 228, 183, 8.31122, 15.747,2, 1
48, 40, 18, 228, 189, 28.8887, 28.8887,3, 3
48, 40, 19, 228, 214, 85.9442, 92.6509,10, 9
48, 40, 20, 228, 245, 22.0105, 22.0105,3, 3
48, 40, 21, 228, 159, 40.0222, 40.0222,4, 4
48, 40, 22, 228, 201, 28.3039, 28.3039,4, 4
48, 40, 23, 228, 251, 0, 0,0, 0
48, 40, 24, 228, 200, 0, 0,0, 0
48, 40, 25, 228, 244, 23.1146, 30.5086,4, 3
48, 40, 26, 228, 256, 22.4164, 22.4164,3, 3
48, 40, 27, 228, 209, 7.6038, 7.6038,1, 1
48, 40, 28, 228, 229, 14.6012, 14.6012,2, 2
48, 40, 29, 228, 268, 136.76, 143.46,16, 15
48, 40, 30, 228, 233, 81.3091, 96.7159,11, 9
48, 40, 31, 228, 209, 29.2944, 36.3181,4, 3
48, 40, 32, 228, 246, 0, 0,0, 0
48, 40, 33, 228, 266, 44.6236, 44.6236,5, 5
48, 40, 34, 228, 199, 52.9441, 65.044,7, 6
48, 40, 35, 228, 210, 0, 0,0, 0
48, 40, 36, 228, 244, 51.0043, 59.6571,7, 6
48, 40, 37, 228, 255, 0, 0,0, 0
48, 40, 38, 228, 268, 0, 0,0, 0
48, 40, 39, 228, 251, 0, 0,0, 0
48, 40, 41, 228, 228, 627.543, 718.339,70, 59
48, 40, 42, 228, 212, 377.064, 394.568,40, 38
48, 40, 43, 228, 236, 129.246, 129.246,15, 15
48, 40, 44, 228, 219, 34.8869, 34.8869,4, 4
48, 40, 45, 228, 254, 0, 0,0, 0
48, 40, 46, 228, 259, 30.3944, 30.3944,3, 3
48, 40, 47, 228, 238, 25.6178, 25.6178,3, 3
48, 41, 1, 228, 153, 0, 0,0, 0
48, 41, 2, 228, 204, 50.3905, 50.3905,6, 6
48, 41, 3, 228, 157, 0, 0,0, 0
48, 41, 4, 228, 308, 6.68091, 6.68091,1, 1
48, 41, 5, 228, 286, 48.4031, 48.4031,6, 6
48, 41, 6, 228, 276, 44.1331, 44.1331,6, 6
48, 41, 7, 228, 203, 16.1697, 16.1697,2, 2
48, 41, 8, 228, 197, 47.7508, 58.2135,6, 5
48, 41, 9, 228, 251, 0, 0,0, 0
48, 41, 10, 228, 266, 0, 0,0, 0
48, 41, 11, 228, 263, 50.7018, 50.7018,6, 6
48, 41, 12, 228, 255, 134.357, 141.327,16, 15
48, 41, 13, 228, 266, 69.7124, 77.255,8, 7
48, 41, 14, 228, 215, 17.8181, 17.8181,2, 2
48, 41, 15, 228, 185, 35.3824, 35.3824,4, 4
48, 41, 16, 228, 187, 0, 0,0, 0
48, 41, 17, 228, 183, 36.1086, 36.1086,4, 4
48, 41, 18, 228, 189, 50.662, 50.662,6, 6
48, 41, 19, 228, 214, 64.5962, 64.5962,7, 7
48, 41, 20, 228, 245, 61.9936, 61.9936,7, 7
48, 41, 21, 228, 159, 55.0302, 55.0302,6, 6
48, 41, 22, 228, 201, 37.8102, 37.8102,5, 5
48, 41, 23, 228, 251, 8.36479, 8.36479,1, 1
48, 41, 24, 228, 200, 0, 0,0, 0
48, 41, 25, 228, 244, 18.6645, 18.6645,2, 2
48, 41, 26, 228, 256, 23.0678, 23.0678,3, 3
48, 41, 27, 228, 209, 40.7598, 48.524,6, 5
48, 41, 28, 228, 229, 41.7107, 41.7107,5, 5
48, 41, 29, 228, 268, 181.004, 195.033,22, 20
48, 41, 30, 228, 233, 58.851, 58.851,7, 7
48, 41, 31, 228, 209, 25.6805, 25.6805,3, 3
48, 41, 32, 228, 246, 0, 0,0, 0
48, 41, 33, 228, 266, 102.027, 108.891,12, 11
48, 41, 34, 228, 199, 73.5764, 73.5764,9, 9
48, 41, 35, 228, 210, 6.89708, 6.89708,1, 1
48, 41, 36, 228, 244, 150.505, 157.581,18, 17
48, 41, 37, 228, 255, 0, 0,0, 0
48, 41, 38, 228, 268, 22.3729, 22.3729,3, 3
48, 41, 39, 228, 251, 6.80546, 6.80546,1, 1
48, 41, 40, 228, 228, 644.903, 718.34,70, 62
48, 41, 42, 228, 212, 511.607, 526.341,51, 49
48, 41, 43, 228, 236, 300.249, 309.127,32, 31
48, 41, 44, 228, 219, 34.2726, 34.2726,3, 3
48, 41, 45, 228, 254, 0, 0,0, 0
48, 41, 46, 228, 259, 7.45771, 7.45771,1, 1
48, 41, 47, 228, 238, 0, 0,0, 0
48, 42, 1, 212, 153, 6.7623, 6.7623,1, 1
48, 42, 2, 212, 204, 48.683, 48.683,6, 6
48, 42, 3, 212, 157, 12.2949, 12.2949,1, 1
48, 42, 4, 212, 308, 7.75463, 7.75463,1, 1
48, 42, 5, 212, 286, 16.2857, 23.6218,3, 2
48, 42, 6, 212, 276, 39.1521, 39.1521,5, 5
48, 42, 7, 212, 203, 35.5464, 35.5464,4, 4
48, 42, 8, 212, 197, 65.3744, 72.7955,9, 8
48, 42, 9, 212, 251, 21.8654, 21.8654,3, 3
48, 42, 10, 212, 266, 36.5707, 36.5707,5, 5
48, 42, 11, 212, 263, 98.2034, 98.2034,11, 11
48, 42, 12, 212, 255, 167.786, 189.548,22, 19
48, 42, 13, 212, 266, 109.896, 117.007,13, 12
48, 42, 14, 212, 215, 7.68105, 7.68105,1, 1
48, 42, 15, 212, 185, 59.7038, 59.7038,7, 7
48, 42, 16, 212, 187, 0, 0,0, 0
48, 42, 17, 212, 183, 24.5642, 24.5642,3, 3
48, 42, 18, 212, 189, 128.593, 135.711,13, 12
48, 42, 19, 212, 214, 86.3691, 93.116,11, 10
48, 42, 20, 212, 245, 74.2245, 81.2507,10, 9
48, 42, 21, 212, 159, 64.3609, 64.3609,8, 8
48, 42, 22, 212, 201, 75.7541, 75.7541,8, 8
48, 42, 23, 212, 251, 15.2153, 22.3842,3, 2
48, 42, 24, 212, 200, 16.6956, 16.6956,2, 2
48, 42, 25, 212, 244, 48.0443, 48.0443,6, 6
48, 42, 26, 212, 256, 24.6273, 24.6273,3, 3
48, 42, 27, 212, 209, 7.11166, 7.11166,1, 1
48, 42, 28, 212, 229, 39.4116, 46.5057,6, 5
48, 42, 29, 212, 268, 196.202, 219.089,24, 21
48, 42, 30, 212, 233, 66.3931, 66.3931,9, 9
48, 42, 31, 212, 209, 67.7514, 75.7183,8, 7
48, 42, 32, 212, 246, 21.8057, 21.8057,3, 3
48, 42, 33, 212, 266, 181.946, 196.68,23, 21
48, 42, 34, 212, 199, 90.1975, 90.1975,10, 10
48, 42, 35, 212, 210, 16.283, 16.283,2, 2
48, 42, 36, 212, 244, 122.979, 130.03,16, 15
48, 42, 37, 212, 255, 0, 0,0, 0
48, 42, 38, 212, 268, 49.1748, 49.1748,6, 6
48, 42, 39, 212, 251, 19.7876, 19.7876,2, 2
48, 42, 40, 212, 228, 370.729, 394.567,40, 37
48, 42, 41, 212, 228, 484.976, 526.339,51, 46
48, 42, 43, 212, 236, 507.896, 533.192,57, 54
48, 42, 44, 212, 219, 57.4617, 57.4617,6, 6
48, 42, 45, 212, 254, 0, 0,0, 0
48, 42, 46, 212, 259, 74.229, 74.229,8, 8
48, 42, 47, 212, 238, 65.6941, 65.6941,7, 7
48, 43, 1, 236, 153, 0, 0,0, 0
48, 43, 2, 236, 204, 41.0863, 55.6229,7, 5
48, 43, 3, 236, 157, 9.30059, 9.30059,1, 1
48, 43, 4, 236, 308, 6.80655, 6.80655,1, 1
48, 43, 5, 236, 286, 59.1919, 59.1919,7, 7
48, 43, 6, 236, 276, 207.9, 423.994,50, 23
48, 43, 7, 236, 203, 91.6617, 91.6617,9, 9
48, 43, 8, 236, 197, 36.4214, 43.6303,5, 4
48, 43, 9, 236, 251, 275.129, 612.538,71, 29
48, 43, 10, 236, 266, 301.706, 535.307,64, 34
48, 43, 11, 236, 263, 200.363, 361.298,42, 21
48, 43, 12, 236, 255, 70.735, 70.735,7, 7
48, 43, 13, 236, 266, 36.2054, 36.2054,5, 5
48, 43, 14, 236, 215, 25.3292, 25.3292,3, 3
48, 43, 15, 236, 185, 22.2173, 22.2173,3, 3
48, 43, 16, 236, 187, 7.87758, 7.87758,1, 1
48, 43, 17, 236, 183, 36.3906, 36.3906,5, 5
48, 43, 18, 236, 189, 23.2117, 30.6688,4, 3
48, 43, 19, 236, 214, 36.4338, 43.3095,5, 4
48, 43, 20, 236, 245, 16.5375, 16.5375,2, 2
48, 43, 21, 236, 159, 25.3017, 25.3017,3, 3
48, 43, 22, 236, 201, 42.9954, 49.8844,6, 5
48, 43, 23, 236, 251, 0, 0,0, 0
48, 43, 24, 236, 200, 29.2988, 36.4085,5, 4
48, 43, 25, 236, 244, 26.1094, 26.1094,3, 3
48, 43, 26, 236, 256, 10.7875, 10.7875,1, 1
48, 43, 27, 236, 209, 44.5083, 51.6846,6, 5
48, 43, 28, 236, 229, 78.2717, 92.3784,12, 10
48, 43, 29, 236, 268, 119.981, 135.377,15, 13
48, 43, 30, 236, 233, 35.3256, 49.1459,6, 4
48, 43, 31, 236, 209, 50.6289, 65.3197,8, 6
48, 43, 32, 236, 246, 12.2986, 12.2986,1, 1
48, 43, 33, 236, 266, 471.967, 924.625,102, 46
48, 43, 34, 236, 199, 34.9092, 42.77,5, 4
48, 43, 35, 236, 210, 135.164, 265.964,31, 15
48, 43, 36, 236, 244, 43.6558, 51.0389,6, 5
48, 43, 37, 236, 255, 14.0482, 14.0482,1, 1
48, 43, 38, 236, 268, 523.384, 865.359,103, 59
48, 43, 39, 236, 251, 337.714, 556.115,64, 36
48, 43, 40, 236, 228, 122.562, 129.246,15, 14
48, 43, 41, 236, 228, 266.275, 309.127,32, 27
48, 43, 42, 236, 212, 454.606, 533.192,57, 48
48, 43, 44, 236, 219, 33.7462, 33.7462,4, 4
48, 43, 45, 236, 254, 180.577, 346.293,42, 20
48, 43, 46, 236, 259, 44.5294, 44.5294,5, 5
48, 43, 47, 236, 238, 104.442, 191.408,21, 11
48, 44, 1, 219, 153, 14.54, 14.54,2, 2
48, 44, 2, 219, 204, 53.6715, 53.6715,6, 6
48, 44, 3, 219, 157, 24.9488, 24.9488,3, 3
48, 44, 4, 219, 308, 14.8518, 14.8518,2, 2
48, 44, 5, 219, 286, 217.376, 234.392,22, 20
48, 44, 6, 219, 276, 228.475, 246.181,26, 24
48, 44, 7, 219, 203, 41.7573, 41.7573,4, 4
48, 44, 8, 219, 197, 16.7234, 16.7234,2, 2
48, 44, 9, 219, 251, 0, 0,0, 0
48, 44, 10, 219, 266, 15.207, 15.207,2, 2
48, 44, 11, 219, 263, 14.1089, 21.0768,3, 2
48, 44, 12, 219, 255, 76.8741, 76.8741,6, 6
48, 44, 13, 219, 266, 60.0463, 60.0463,4, 4
48, 44, 14, 219, 215, 48.2812, 48.2812,6, 6
48, 44, 15, 219, 185, 54.5269, 54.5269,7, 7
48, 44, 16, 219, 187, 35.9339, 35.9339,4, 4
48, 44, 17, 219, 183, 48.4385, 48.4385,6, 6
48, 44, 18, 219, 189, 52.2315, 52.2315,6, 6
48, 44, 19, 219, 214, 31.0278, 31.0278,3, 3
48, 44, 20, 219, 245, 55.6414, 55.6414,5, 5
48, 44, 21, 219, 159, 133.155, 140.228,15, 14
48, 44, 22, 219, 201, 138.413, 161.903,19, 16
48, 44, 23, 219, 251, 31.2115, 31.2115,4, 4
48, 44, 24, 219, 200, 31.8332, 31.8332,4, 4
48, 44, 25, 219, 244, 68.4732, 68.4732,8, 8
48, 44, 26, 219, 256, 46.9707, 46.9707,5, 5
48, 44, 27, 219, 209, 20.6519, 20.6519,2, 2
48, 44, 28, 219, 229, 43.3278, 43.3278,5, 5
48, 44, 29, 219, 268, 57.0427, 57.0427,5, 5
48, 44, 30, 219, 233, 57.5382, 57.5382,6, 6
48, 44, 31, 219, 209, 36.9343, 36.9343,3, 3
48, 44, 32, 219, 246, 35.2957, 35.2957,4, 4
48, 44, 33, 219, 266, 0, 0,0, 0
48, 44, 34, 219, 199, 124.609, 135.737,16, 15
48, 44, 35, 219, 210, 21.8904, 21.8904,3, 3
48, 44, 36, 219, 244, 79.3083, 79.3083,8, 8
48, 44, 37, 219, 255, 34.312, 34.312,4, 4
48, 44, 38, 219, 268, 18.3388, 18.3388,2, 2
48, 44, 39, 219, 251, 41.3161, 48.3978,6, 5
48, 44, 40, 219, 228, 34.8871, 34.8871,4, 4
48, 44, 41, 219, 228, 34.2734, 34.2734,3, 3
48, 44, 42, 219, 212, 57.4617, 57.4617,6, 6
48, 44, 43, 219, 236, 33.7461, 33.7461,4, 4
48, 44, 45, 219, 254, 186.718, 195.624,22, 21
48, 44, 46, 219, 259, 565.74, 580.623,55, 53
48, 44, 47, 219, 238, 145.711, 170.131,17, 14
48, 45, 1, 254, 153, 6.88796, 6.88796,1, 1
48, 45, 2, 254, 204, 0, 0,0, 0
48, 45, 3, 254, 157, 6.74782, 6.74782,1, 1
48, 45, 4, 254, 308, 0, 0,0, 0
48, 45, 5, 254, 286, 40.2097, 40.2097,5, 5
48, 45, 6, 254, 276, 481.143, 832.13,91, 49
48, 45, 7, 254, 203, 0, 0,0, 0
48, 45, 8, 254, 197, 14.3385, 21.8065,3, 2
48, 45, 9, 254, 251, 388.84, 659.995,79, 44
48, 45, 10, 254, 266, 286.562, 462.672,50, 30
48, 45, 11, 254, 263, 176.505, 277.881,34, 21
48, 45, 12, 254, 255, 15.8255, 15.8255,2, 2
48, 45, 13, 254, 266, 10.9293, 10.9293,1, 1
48, 45, 14, 254, 215, 38.1132, 45.0225,6, 5
48, 45, 15, 254, 185, 0, 0,0, 0
48, 45, 16, 254, 187, 36.365, 36.365,5, 5
48, 45, 17, 254, 183, 22.3989, 22.3989,3, 3
48, 45, 18, 254, 189, 0, 0,0, 0
48, 45, 19, 254, 214, 0, 0,0, 0
48, 45, 20, 254, 245, 8.74444, 8.74444,1, 1
48, 45, 21, 254, 159, 8.03108, 8.03108,1, 1
48, 45, 22, 254, 201, 43.9877, 65.719,8, 5
48, 45, 23, 254, 251, 45.9977, 45.9977,6, 6
48, 45, 24, 254, 200, 42.0414, 60.1019,7, 5
48, 45, 25, 254, 244, 7.69898, 7.69898,1, 1
48, 45, 26, 254, 256, 0, 0,0, 0
48, 45, 27, 254, 209, 0, 0,0, 0
48, 45, 28, 254, 229, 0, 0,0, 0
48, 45, 29, 254, 268, 13.8183, 13.8183,2, 2
48, 45, 30, 254, 233, 0, 0,0, 0
48, 45, 31, 254, 209, 0, 0,0, 0
48, 45, 32, 254, 246, 72.2558, 86.7071,11, 9
48, 45, 33, 254, 266, 259.426, 489.665,59, 30
48, 45, 34, 254, 199, 44.1802, 51.3341,6, 5
48, 45, 35, 254, 210, 162.191, 234.733,25, 17
48, 45, 36, 254, 244, 22.2971, 22.2971,3, 3
48, 45, 37, 254, 255, 24.2306, 31.6936,4, 3
48, 45, 38, 254, 268, 301.914, 585.291,70, 35
48, 45, 39, 254, 251, 390.603, 673.877,78, 43
48, 45, 40, 254, 228, 0, 0,0, 0
48, 45, 41, 254, 228, 0, 0,0, 0
48, 45, 42, 254, 212, 0, 0,0, 0
48, 45, 43, 254, 236, 155.592, 346.293,42, 17
48, 45, 44, 254, 219, 185.097, 195.625,22, 21
48, 45, 46, 254, 259, 343.619, 394.409,42, 36
48, 45, 47, 254, 238, 185.897, 297.05,33, 20
48, 46, 1, 259, 153, 0, 0,0, 0
48, 46, 2, 259, 204, 19.6353, 19.6353,2, 2
48, 46, 3, 259, 157, 15.3314, 15.3314,2, 2
48, 46, 4, 259, 308, 15.852, 15.852,2, 2
48, 46, 5, 259, 286, 139.168, 171.152,19, 15
48, 46, 6, 259, 276, 368.2, 390.036,44, 41
48, 46, 7, 259, 203, 67.3696, 76.5397,9, 8
48, 46, 8, 259, 197, 20.7514, 20.7514,3, 3
48, 46, 9, 259, 251, 50.5734, 50.5734,5, 5
48, 46, 10, 259, 266, 60.1297, 60.1297,7, 7
48, 46, 11, 259, 263, 113.907, 113.907,12, 12
48, 46, 12, 259, 255, 79.6211, 106.301,11, 8
48, 46, 13, 259, 266, 8.12427, 8.12427,1, 1
48, 46, 14, 259, 215, 45.9731, 45.9731,5, 5
48, 46, 15, 259, 185, 49.657, 57.3603,6, 5
48, 46, 16, 259, 187, 53.1085, 53.1085,6, 6
48, 46, 17, 259, 183, 33.5283, 33.5283,4, 4
48, 46, 18, 259, 189, 43.1574, 43.1574,5, 5
48, 46, 19, 259, 214, 9.26898, 9.26898,1, 1
48, 46, 20, 259, 245, 52.8934, 52.8934,6, 6
48, 46, 21, 259, 159, 93.6255, 100.313,10, 9
48, 46, 22, 259, 201, 144.388, 167.568,19, 16
48, 46, 23, 259, 251, 38.3069, 38.3069,5, 5
48, 46, 24, 259, 200, 6.86002, 6.86002,1, 1
48, 46, 25, 259, 244, 45.7853, 45.7853,6, 6
48, 46, 26, 259, 256, 50.4685, 65.4401,8, 6
48, 46, 27, 259, 209, 20.4753, 27.2025,3, 2
48, 46, 28, 259, 229, 50.0912, 50.0912,5, 5
48, 46, 29, 259, 268, 28.7907, 46.2161,5, 3
48, 46, 30, 259, 233, 29.7088, 37.3331,5, 4
48, 46, 31, 259, 209, 22.6975, 22.6975,3, 3
48, 46, 32, 259, 246, 67.3544, 81.2948,11, 9
48, 46, 33, 259, 266, 18.126, 18.126,2, 2
48, 46, 34, 259, 199, 100.832, 100.832,12, 12
48, 46, 35, 259, 210, 41.3424, 41.3424,5, 5
48, 46, 36, 259, 244, 75.4185, 83.3676,10, 9
48, 46, 37, 259, 255, 45.3069, 52.9949,7, 6
48, 46, 38, 259, 268, 20.0928, 20.0928,2, 2
48, 46, 39, 259, 251, 52.6374, 52.6374,6, 6
48, 46, 40, 259, 228, 30.3943, 30.3943,3, 3
48, 46, 41, 259, 228, 7.45766, 7.45766,1, 1
48, 46, 42, 259, 212, 67.4464, 74.2301,8, 7
48, 46, 43, 259, 236, 35.5569, 44.5287,5, 4
48, 46, 44, 259, 219, 534.983, 580.624,55, 50
48, 46, 45, 259, 254, 364.583, 394.409,42, 38
48, 46, 47, 259, 238, 227.888, 251.35,26, 23
48, 47, 1, 238, 153, 0, 0,0, 0
48, 47, 2, 238, 204, 24.8966, 40.2778,4, 2
48, 47, 3, 238, 157, 17.6995, 25.1266,3, 2
48, 47, 4, 238, 308, 17.7026, 24.5276,3, 2
48, 47, 5, 238, 286, 38.4799, 47.5024,5, 4
48, 47, 6, 238, 276, 282.565, 366.148,39, 30
48, 47, 7, 238, 203, 26.2557, 33.9972,4, 3
48, 47, 8, 238, 197, 29.6209, 29.6209,4, 4
48, 47, 9, 238, 251, 98.9064, 112.986,13, 11
48, 47, 10, 238, 266, 162.217, 184.307,21, 18
48, 47, 11, 238, 263, 112.025, 134.666,17, 14
48, 47, 12, 238, 255, 43.4764, 61.2075,6, 4
48, 47, 13, 238, 266, 0, 0,0, 0
48, 47, 14, 238, 215, 70.3925, 92.8505,10, 8
48, 47, 15, 238, 185, 49.365, 56.0638,7, 6
48, 47, 16, 238, 187, 58.1337, 86.5373,10, 6
48, 47, 17, 238, 183, 30.0222, 45.5296,5, 3
48, 47, 18, 238, 189, 15.8209, 23.3252,3, 2
48, 47, 19, 238, 214, 19.8586, 19.8586,2, 2
48, 47, 20, 238, 245, 13.772, 24.8716,2, 1
48, 47, 21, 238, 159, 53.5882, 53.5882,5, 5
48, 47, 22, 238, 201, 193.865, 269.831,28, 19
48, 47, 23, 238, 251, 148.576, 187.034,21, 16
48, 47, 24, 238, 200, 98.432, 123.733,15, 12
48, 47, 25, 238, 244, 22.0414, 29.4098,3, 2
48, 47, 26, 238, 256, 26.6948, 33.3816,4, 3
48, 47, 27, 238, 209, 11.3529, 22.0676,2, 1
48, 47, 28, 238, 229, 51.0858, 69.9202,6, 4
48, 47, 29, 238, 268, 28.663, 46.6437,5, 3
48, 47, 30, 238, 233, 16.2196, 23.1795,3, 2
48, 47, 31, 238, 209, 21.8988, 21.8988,3, 3
48, 47, 32, 238, 246, 84.1843, 107.402,13, 10
48, 47, 33, 238, 266, 114.457, 128.946,16, 14
48, 47, 34, 238, 199, 71.2505, 98.5065,11, 8
48, 47, 35, 238, 210, 121.155, 146.235,16, 13
48, 47, 36, 238, 244, 40.9638, 53.3772,5, 4
48, 47, 37, 238, 255, 44.0341, 59.3826,7, 5
48, 47, 38, 238, 268, 135.907, 159.463,20, 17
48, 47, 39, 238, 251, 204.646, 238.975,26, 22
48, 47, 40, 238, 228, 25.6177, 25.6177,3, 3
48, 47, 41, 238, 228, 0, 0,0, 0
48, 47, 42, 238, 212, 47.2382, 65.6941,7, 5
48, 47, 43, 238, 236, 137.691, 191.408,21, 15
48, 47, 44, 238, 219, 120.839, 170.129,17, 12
48, 47, 45, 238, 254, 225.362, 297.05,33, 25
48, 47, 46, 238, 259, 198.256, 251.347,26, 20
