18, 1, 2, 745, 672, 510.686, 552.045,64, 59
18, 1, 3, 745, 608, 1273.55, 1516.03,162, 132
18, 1, 4, 745, 952, 93.4349, 119.568,15, 12
18, 1, 5, 745, 962, 30.9079, 37.9156,5, 4
18, 1, 6, 745, 897, 93.0476, 109.612,14, 12
18, 1, 7, 745, 783, 57.673, 57.673,7, 7
18, 1, 8, 745, 817, 0, 0,0, 0
18, 1, 9, 745, 680, 23.0983, 23.0983,3, 3
18, 1, 10, 745, 772, 35.1802, 35.1802,5, 5
18, 1, 11, 745, 816, 44.3334, 51.1322,7, 6
18, 1, 12, 745, 799, 46.7516, 68.1653,9, 6
18, 1, 13, 745, 963, 51.5209, 65.1775,9, 7
18, 1, 14, 745, 848, 195.04, 218.906,26, 23
18, 1, 15, 745, 728, 22.11, 22.11,3, 3
18, 1, 16, 745, 823, 242.773, 287.513,35, 29
18, 1, 17, 745, 780, 188.842, 217.76,26, 22
18, 1, 18, 745, 689, 88.1936, 102.205,13, 11
18, 1, 19, 745, 764, 6.69207, 6.69207,1, 1
18, 1, 20, 745, 826, 29.2909, 29.2909,4, 4
18, 1, 21, 745, 682, 15.5203, 15.5203,2, 2
18, 1, 22, 745, 726, 24.2498, 31.6095,4, 3
18, 1, 23, 745, 989, 132.607, 147.078,19, 17
18, 1, 24, 745, 837, 113.525, 137.926,18, 15
18, 1, 25, 745, 861, 147.189, 183.51,22, 17
18, 1, 26, 745, 915, 89.4735, 162.438,20, 11
18, 1, 27, 745, 701, 197.461, 256.832,33, 25
18, 1, 28, 745, 754, 188.096, 225.487,28, 23
18, 1, 29, 745, 872, 0, 0,0, 0
18, 1, 30, 745, 862, 51.4124, 59.2813,8, 7
18, 1, 31, 745, 670, 174.95, 277.94,35, 22
18, 1, 32, 745, 995, 193.924, 253.925,33, 25
18, 1, 33, 745, 772, 29.0235, 29.0235,4, 4
18, 1, 34, 745, 681, 44.492, 44.492,6, 6
18, 1, 35, 745, 748, 109.021, 115.849,15, 14
18, 1, 36, 745, 787, 37.5795, 44.6598,6, 5
18, 1, 37, 745, 1001, 218.585, 267.786,32, 26
18, 1, 38, 745, 793, 93.6753, 123.67,16, 12
18, 1, 39, 745, 762, 102, 108.95,14, 13
18, 1, 40, 745, 776, 7.54859, 7.54859,1, 1
18, 1, 41, 745, 685, 14.3741, 14.3741,2, 2
18, 1, 42, 745, 696, 6.76236, 6.76236,1, 1
18, 1, 43, 745, 683, 48.1537, 55.0728,7, 6
18, 1, 44, 745, 758, 30.5137, 30.5137,4, 4
18, 1, 45, 745, 831, 36.0047, 36.0047,5, 5
18, 1, 46, 745, 849, 31.6208, 39.1704,5, 4
18, 1, 47, 745, 872, 115.5, 160.641,20, 14
18, 2, 1, 672, 745, 520.241, 552.047,64, 60
18, 2, 3, 672, 608, 994.942, 1132.5,123, 107
18, 2, 4, 672, 952, 144.977, 197.169,24, 18
18, 2, 5, 672, 962, 89.5891, 104.037,13, 11
18, 2, 6, 672, 897, 88.9713, 127.654,16, 11
18, 2, 7, 672, 783, 280.448, 400.614,50, 34
18, 2, 8, 672, 817, 225.637, 347.803,42, 26
18, 2, 9, 672, 680, 0, 0,0, 0
18, 2, 10, 672, 772, 57.742, 79.8393,8, 6
18, 2, 11, 672, 816, 67.9157, 89.9924,11, 8
18, 2, 12, 672, 799, 104.112, 156.55,18, 11
18, 2, 13, 672, 963, 86.9018, 94.903,10, 9
18, 2, 14, 672, 848, 103.672, 118.52,14, 12
18, 2, 15, 672, 728, 221.748, 379.486,44, 24
18, 2, 16, 672, 823, 95.2289, 120.723,14, 11
18, 2, 17, 672, 780, 243.487, 351.748,38, 25
18, 2, 18, 672, 689, 252.202, 363.211,43, 28
18, 2, 19, 672, 764, 198.843, 265.138,34, 25
18, 2, 20, 672, 826, 253.687, 343.7,40, 29
18, 2, 21, 672, 682, 219.372, 313.585,39, 27
18, 2, 22, 672, 726, 253.874, 373.744,41, 26
18, 2, 23, 672, 989, 79.2083, 112.239,14, 10
18, 2, 24, 672, 837, 42.9396, 50.0045,7, 6
18, 2, 25, 672, 861, 289.158, 401.309,45, 31
18, 2, 26, 672, 915, 147.897, 183.026,23, 18
18, 2, 27, 672, 701, 359.745, 418.306,50, 43
18, 2, 28, 672, 754, 696.394, 935.243,105, 75
18, 2, 29, 672, 872, 137.291, 162.579,20, 17
18, 2, 30, 672, 862, 353.009, 455.164,56, 42
18, 2, 31, 672, 670, 549.832, 705.011,82, 61
18, 2, 32, 672, 995, 92.0643, 138.959,15, 10
18, 2, 33, 672, 772, 117.181, 149.435,18, 14
18, 2, 34, 672, 681, 160.33, 231.543,26, 17
18, 2, 35, 672, 748, 84.7856, 116.102,14, 10
18, 2, 36, 672, 787, 145.502, 162.464,18, 16
18, 2, 37, 672, 1001, 52.2801, 73.8268,7, 5
18, 2, 38, 672, 793, 62.1989, 95.9637,9, 6
18, 2, 39, 672, 762, 83.424, 99.6301,11, 9
18, 2, 40, 672, 776, 115.874, 152.791,18, 13
18, 2, 41, 672, 685, 135.96, 173.114,20, 15
18, 2, 42, 672, 696, 131.441, 139.215,17, 16
18, 2, 43, 672, 683, 190.23, 248.831,29, 21
18, 2, 44, 672, 758, 59.5481, 74.6404,9, 7
18, 2, 45, 672, 831, 15.0789, 15.0789,2, 2
18, 2, 46, 672, 849, 113.651, 130.264,16, 14
18, 2, 47, 672, 872, 111.465, 157.422,17, 11
18, 3, 1, 608, 745, 1288.01, 1516.03,162, 134
18, 3, 2, 608, 672, 942.489, 1132.5,123, 100
18, 3, 4, 608, 952, 99.0269, 178.383,21, 11
18, 3, 5, 608, 962, 52.4861, 67.8025,9, 7
18, 3, 6, 608, 897, 82.6057, 126.757,17, 11
18, 3, 7, 608, 783, 74.178, 96.0271,13, 10
18, 3, 8, 608, 817, 92.5087, 167.558,22, 12
18, 3, 9, 608, 680, 26.4843, 26.4843,3, 3
18, 3, 10, 608, 772, 63.9504, 94.3793,12, 8
18, 3, 11, 608, 816, 59.175, 66.1279,9, 8
18, 3, 12, 608, 799, 49.4531, 49.4531,6, 6
18, 3, 13, 608, 963, 14.246, 21.2944,3, 2
18, 3, 14, 608, 848, 59.5099, 74.2089,9, 7
18, 3, 15, 608, 728, 102.318, 142.818,17, 12
18, 3, 16, 608, 823, 197.792, 229.243,27, 23
18, 3, 17, 608, 780, 143.958, 167.101,21, 18
18, 3, 18, 608, 689, 153.665, 177.228,21, 18
18, 3, 19, 608, 764, 29.5669, 50.6519,7, 4
18, 3, 20, 608, 826, 82.3374, 106.359,13, 10
18, 3, 21, 608, 682, 48.9757, 78.6977,10, 6
18, 3, 22, 608, 726, 19.2674, 36.2407,4, 2
18, 3, 23, 608, 989, 76.5452, 107.691,13, 9
18, 3, 24, 608, 837, 74.6131, 74.6131,8, 8
18, 3, 25, 608, 861, 90.6428, 106.559,13, 11
18, 3, 26, 608, 915, 40.0328, 62.8389,8, 5
18, 3, 27, 608, 701, 242.864, 262.555,31, 29
18, 3, 28, 608, 754, 282.965, 365.673,44, 33
18, 3, 29, 608, 872, 57.9903, 64.9569,8, 7
18, 3, 30, 608, 862, 114.855, 143.206,19, 15
18, 3, 31, 608, 670, 203.352, 242.811,30, 25
18, 3, 32, 608, 995, 200.379, 250.453,29, 23
18, 3, 33, 608, 772, 66.7418, 73.4943,10, 9
18, 3, 34, 608, 681, 71.8878, 102.924,10, 6
18, 3, 35, 608, 748, 76.8265, 100.041,12, 9
18, 3, 36, 608, 787, 42.1155, 57.4079,7, 5
18, 3, 37, 608, 1001, 132.419, 149.115,16, 14
18, 3, 38, 608, 793, 75.405, 101.642,12, 9
18, 3, 39, 608, 762, 95.2822, 120.805,14, 11
18, 3, 40, 608, 776, 0, 0,0, 0
18, 3, 41, 608, 685, 7.05978, 7.05978,1, 1
18, 3, 42, 608, 696, 20.0168, 34.8457,4, 2
18, 3, 43, 608, 683, 38.3123, 45.2132,6, 5
18, 3, 44, 608, 758, 46.9575, 46.9575,6, 6
18, 3, 45, 608, 831, 27.7709, 27.7709,4, 4
18, 3, 46, 608, 849, 85.3767, 129.524,17, 11
18, 3, 47, 608, 872, 81.0025, 89.5445,12, 11
18, 4, 1, 952, 745, 92.3151, 119.569,15, 11
18, 4, 2, 952, 672, 96.3767, 197.169,24, 11
18, 4, 3, 952, 608, 90.4253, 178.384,21, 10
18, 4, 5, 952, 962, 77.7212, 198.44,26, 10
18, 4, 6, 952, 897, 149.268, 250.402,29, 17
18, 4, 7, 952, 783, 161.579, 519.165,64, 18
18, 4, 8, 952, 817, 232.395, 951.271,123, 28
18, 4, 9, 952, 680, 32.618, 64.1919,8, 4
18, 4, 10, 952, 772, 62.7954, 96.2266,11, 7
18, 4, 11, 952, 816, 102.226, 279.758,33, 11
18, 4, 12, 952, 799, 121.952, 217.692,20, 11
18, 4, 13, 952, 963, 185.488, 452.665,56, 23
18, 4, 14, 952, 848, 79.5452, 94.8181,12, 10
18, 4, 15, 952, 728, 78.0841, 165.339,22, 10
18, 4, 16, 952, 823, 74.0534, 111.691,14, 9
18, 4, 17, 952, 780, 85.7419, 174.206,22, 10
18, 4, 18, 952, 689, 168.244, 444.691,53, 18
18, 4, 19, 952, 764, 156.085, 697.476,89, 18
18, 4, 20, 952, 826, 122.128, 429.454,54, 14
18, 4, 21, 952, 682, 141.721, 600.038,78, 17
18, 4, 22, 952, 726, 91.1131, 307.423,35, 9
18, 4, 23, 952, 989, 89.3515, 176.882,23, 11
18, 4, 24, 952, 837, 54.2279, 78.4401,9, 6
18, 4, 25, 952, 861, 111.73, 244.864,30, 13
18, 4, 26, 952, 915, 234.746, 1097.6,135, 26
18, 4, 27, 952, 701, 68.1643, 137.767,16, 8
18, 4, 28, 952, 754, 104.404, 263.086,33, 12
18, 4, 29, 952, 872, 98.8715, 199.34,26, 13
18, 4, 30, 952, 862, 107.17, 442.953,55, 12
18, 4, 31, 952, 670, 82.8514, 258.228,30, 9
18, 4, 32, 952, 995, 63.7693, 91.7987,10, 7
18, 4, 33, 952, 772, 53.2325, 67.7347,9, 7
18, 4, 34, 952, 681, 68.3336, 170.259,21, 8
18, 4, 35, 952, 748, 65.0601, 94.9385,11, 7
18, 4, 36, 952, 787, 138.607, 292.468,32, 14
18, 4, 37, 952, 1001, 41.528, 58.4267,7, 5
18, 4, 38, 952, 793, 38.2773, 60.7706,7, 4
18, 4, 39, 952, 762, 91.4966, 135.603,17, 11
18, 4, 40, 952, 776, 91.5576, 210.715,28, 12
18, 4, 41, 952, 685, 66.5294, 101.934,12, 7
18, 4, 42, 952, 696, 79.4492, 122.058,16, 10
18, 4, 43, 952, 683, 74.9019, 89.701,12, 10
18, 4, 44, 952, 758, 35.4126, 42.616,6, 5
18, 4, 45, 952, 831, 103.957, 154.796,18, 12
18, 4, 46, 952, 849, 126.026, 292.918,37, 15
18, 4, 47, 952, 872, 145.497, 277.473,35, 18
18, 5, 1, 962, 745, 23.4315, 37.9155,5, 3
18, 5, 2, 962, 672, 87.6345, 104.037,13, 11
18, 5, 3, 962, 608, 46.1641, 67.8025,9, 6
18, 5, 4, 962, 952, 170.283, 198.44,26, 22
18, 5, 6, 962, 897, 775.974, 926.157,104, 85
18, 5, 7, 962, 783, 179.113, 265.013,32, 21
18, 5, 8, 962, 817, 263.703, 378.063,48, 32
18, 5, 9, 962, 680, 131.628, 159.922,21, 17
18, 5, 10, 962, 772, 143.448, 157.081,20, 18
18, 5, 11, 962, 816, 220.06, 242.88,29, 26
18, 5, 12, 962, 799, 372.254, 449.703,48, 39
18, 5, 13, 962, 963, 363.929, 485.699,57, 41
18, 5, 14, 962, 848, 81.7838, 81.7838,11, 11
18, 5, 15, 962, 728, 168.112, 220.835,25, 19
18, 5, 16, 962, 823, 95.4681, 116.734,15, 12
18, 5, 17, 962, 780, 97.9052, 104.775,14, 13
18, 5, 18, 962, 689, 136.484, 152.779,19, 17
18, 5, 19, 962, 764, 174.021, 210.391,27, 22
18, 5, 20, 962, 826, 179.374, 241.252,29, 21
18, 5, 21, 962, 682, 269.595, 375.086,44, 31
18, 5, 22, 962, 726, 161.462, 230.717,29, 20
18, 5, 23, 962, 989, 149.44, 196.614,23, 17
18, 5, 24, 962, 837, 157.821, 204.151,22, 16
18, 5, 25, 962, 861, 145.579, 177.253,22, 18
18, 5, 26, 962, 915, 258.428, 324.719,39, 30
18, 5, 27, 962, 701, 32.5555, 46.9829,6, 4
18, 5, 28, 962, 754, 120.899, 201.319,23, 13
18, 5, 29, 962, 872, 221.238, 301.42,33, 23
18, 5, 30, 962, 862, 158.459, 221.803,27, 19
18, 5, 31, 962, 670, 114.902, 173.881,21, 14
18, 5, 32, 962, 995, 69.0259, 76.3099,9, 8
18, 5, 33, 962, 772, 176.932, 207.104,26, 22
18, 5, 34, 962, 681, 228.652, 286.038,34, 27
18, 5, 35, 962, 748, 134.245, 164.429,21, 17
18, 5, 36, 962, 787, 265.377, 319.129,36, 29
18, 5, 37, 962, 1001, 92.3449, 106.674,14, 12
18, 5, 38, 962, 793, 108.033, 144.918,18, 13
18, 5, 39, 962, 762, 148.11, 183.958,23, 18
18, 5, 40, 962, 776, 231.586, 329.111,40, 27
18, 5, 41, 962, 685, 165.751, 237.234,30, 20
18, 5, 42, 962, 696, 192.128, 267.909,31, 22
18, 5, 43, 962, 683, 180.833, 235.229,29, 22
18, 5, 44, 962, 758, 661.604, 778.957,84, 70
18, 5, 45, 962, 831, 161.985, 168.909,21, 20
18, 5, 46, 962, 849, 565.455, 596.383,67, 63
18, 5, 47, 962, 872, 321.908, 437.545,56, 40
18, 6, 1, 897, 745, 87.6166, 109.612,14, 11
18, 6, 2, 897, 672, 82.2413, 127.654,16, 10
18, 6, 3, 897, 608, 81.8106, 126.757,17, 11
18, 6, 4, 897, 952, 116.332, 250.402,29, 14
18, 6, 5, 897, 962, 791.245, 926.155,104, 87
18, 6, 7, 897, 783, 184.276, 192.266,20, 19
18, 6, 8, 897, 817, 165.358, 186.109,22, 19
18, 6, 9, 897, 680, 626.645, 1082.79,130, 72
18, 6, 10, 897, 772, 716.648, 1175.66,138, 79
18, 6, 11, 897, 816, 803.748, 1294.27,149, 85
18, 6, 12, 897, 799, 469.195, 753.922,82, 50
18, 6, 13, 897, 963, 340.921, 585.162,67, 37
18, 6, 14, 897, 848, 118.046, 139.643,18, 15
18, 6, 15, 897, 728, 138.096, 168.551,20, 16
18, 6, 16, 897, 823, 226.8, 392.818,44, 25
18, 6, 17, 897, 780, 140.119, 163.969,20, 17
18, 6, 18, 897, 689, 99.3353, 115.932,14, 12
18, 6, 19, 897, 764, 52.786, 67.9336,8, 6
18, 6, 20, 897, 826, 176.629, 197.823,24, 21
18, 6, 21, 897, 682, 157.106, 171.134,20, 18
18, 6, 22, 897, 726, 231.711, 278.24,31, 25
18, 6, 23, 897, 989, 337.578, 523.751,63, 40
18, 6, 24, 897, 837, 324.475, 560.871,61, 34
18, 6, 25, 897, 861, 201.589, 224.722,25, 22
18, 6, 26, 897, 915, 131.463, 159.099,19, 15
18, 6, 27, 897, 701, 51.2555, 51.2555,6, 6
18, 6, 28, 897, 754, 141.233, 156.093,16, 14
18, 6, 29, 897, 872, 255.99, 418.361,49, 29
18, 6, 30, 897, 862, 55.025, 62.2156,8, 7
18, 6, 31, 897, 670, 148.719, 177.909,22, 18
18, 6, 32, 897, 995, 215.745, 302.107,37, 27
18, 6, 33, 897, 772, 558.727, 1084.18,130, 62
18, 6, 34, 897, 681, 298.866, 391.803,45, 33
18, 6, 35, 897, 748, 499.186, 840.197,94, 52
18, 6, 36, 897, 787, 367.341, 521.293,60, 41
18, 6, 37, 897, 1001, 117.254, 145.55,19, 15
18, 6, 38, 897, 793, 511.171, 901.367,108, 58
18, 6, 39, 897, 762, 801.073, 1452.32,161, 82
18, 6, 40, 897, 776, 185.448, 303.946,34, 20
18, 6, 41, 897, 685, 176.168, 205.445,25, 21
18, 6, 42, 897, 696, 213.47, 293.838,37, 26
18, 6, 43, 897, 683, 599.685, 1098.47,131, 67
18, 6, 44, 897, 758, 787.108, 934.693,103, 85
18, 6, 45, 897, 831, 1450.13, 2125.81,239, 154
18, 6, 46, 897, 849, 1378.57, 1864.16,209, 150
18, 6, 47, 897, 872, 1139.78, 1753.75,192, 115
18, 7, 1, 783, 745, 50.5383, 57.6729,7, 6
18, 7, 2, 783, 672, 273.308, 400.614,50, 33
18, 7, 3, 783, 608, 74.4674, 96.0275,13, 10
18, 7, 4, 783, 952, 226.071, 519.166,64, 26
18, 7, 5, 783, 962, 204.532, 265.013,32, 24
18, 7, 6, 783, 897, 143.414, 192.266,20, 14
18, 7, 8, 783, 817, 743.61, 1094.13,131, 87
18, 7, 9, 783, 680, 15.3897, 30.1924,4, 2
18, 7, 10, 783, 772, 93.3648, 100.969,13, 12
18, 7, 11, 783, 816, 249.894, 330.856,36, 26
18, 7, 12, 783, 799, 258.564, 284.348,30, 27
18, 7, 13, 783, 963, 134.079, 150.569,20, 18
18, 7, 14, 783, 848, 1481.84, 1637.12,167, 149
18, 7, 15, 783, 728, 1520.36, 1706.58,181, 157
18, 7, 16, 783, 823, 206.191, 221.34,27, 25
18, 7, 17, 783, 780, 583.494, 711.082,78, 62
18, 7, 18, 783, 689, 543.045, 702.571,83, 62
18, 7, 19, 783, 764, 358.818, 652.835,81, 42
18, 7, 20, 783, 826, 1297.61, 1571.21,169, 134
18, 7, 21, 783, 682, 401.012, 679.339,80, 45
18, 7, 22, 783, 726, 612.845, 787.671,91, 68
18, 7, 23, 783, 989, 440.163, 503.61,63, 54
18, 7, 24, 783, 837, 223.383, 247.938,30, 27
18, 7, 25, 783, 861, 1878.9, 2099.53,211, 184
18, 7, 26, 783, 915, 269.815, 549.888,64, 30
18, 7, 27, 783, 701, 131.474, 189.981,22, 15
18, 7, 28, 783, 754, 344.424, 520.921,59, 37
18, 7, 29, 783, 872, 99.1491, 139.049,15, 10
18, 7, 30, 783, 862, 260.818, 418.929,48, 29
18, 7, 31, 783, 670, 245.099, 442.699,53, 27
18, 7, 32, 783, 995, 794.172, 867.219,101, 92
18, 7, 33, 783, 772, 94.3078, 113.257,13, 11
18, 7, 34, 783, 681, 333.762, 392.18,44, 37
18, 7, 35, 783, 748, 186.747, 194.021,24, 23
18, 7, 36, 783, 787, 275.797, 346.94,41, 31
18, 7, 37, 783, 1001, 822.014, 870.889,97, 91
18, 7, 38, 783, 793, 36.1786, 36.1786,4, 4
18, 7, 39, 783, 762, 125.039, 125.039,16, 16
18, 7, 40, 783, 776, 136.186, 194.648,23, 16
18, 7, 41, 783, 685, 98.1703, 153.262,18, 11
18, 7, 42, 783, 696, 91.756, 113.508,14, 11
18, 7, 43, 783, 683, 213.516, 241.471,26, 23
18, 7, 44, 783, 758, 114.267, 137.386,15, 12
18, 7, 45, 783, 831, 76.0978, 76.0978,10, 10
18, 7, 46, 783, 849, 288.087, 370.469,43, 33
18, 7, 47, 783, 872, 229.85, 287.723,34, 27
18, 8, 1, 817, 745, 0, 0,0, 0
18, 8, 2, 817, 672, 194.712, 347.804,42, 22
18, 8, 3, 817, 608, 82.1846, 167.558,22, 10
18, 8, 4, 817, 952, 264.189, 951.271,123, 32
18, 8, 5, 817, 962, 204.977, 378.062,48, 25
18, 8, 6, 817, 897, 161.972, 186.109,22, 20
18, 8, 7, 817, 783, 600.452, 1094.13,131, 70
18, 8, 9, 817, 680, 0, 0,0, 0
18, 8, 10, 817, 772, 38.7877, 38.7877,5, 5
18, 8, 11, 817, 816, 169.098, 308.389,37, 19
18, 8, 12, 817, 799, 286.946, 390.916,44, 32
18, 8, 13, 817, 963, 769.655, 1832.19,219, 83
18, 8, 14, 817, 848, 286.658, 307.349,39, 36
18, 8, 15, 817, 728, 1090.25, 1359.09,149, 115
18, 8, 16, 817, 823, 80.5779, 117.02,15, 10
18, 8, 17, 817, 780, 157.582, 239.408,32, 21
18, 8, 18, 817, 689, 357.527, 698.372,82, 39
18, 8, 19, 817, 764, 979.854, 1937.47,223, 103
18, 8, 20, 817, 826, 972.444, 1365.04,157, 107
18, 8, 21, 817, 682, 737.258, 1341.32,158, 81
18, 8, 22, 817, 726, 318.434, 532.122,63, 36
18, 8, 23, 817, 989, 114.827, 211.774,27, 14
18, 8, 24, 817, 837, 59.2782, 125.448,16, 7
18, 8, 25, 817, 861, 495.342, 691.675,81, 56
18, 8, 26, 817, 915, 465.255, 1343.13,163, 53
18, 8, 27, 817, 701, 64.1129, 128.935,16, 8
18, 8, 28, 817, 754, 264.223, 553.31,68, 31
18, 8, 29, 817, 872, 309.191, 552.084,65, 34
18, 8, 30, 817, 862, 404.346, 1317.38,149, 39
18, 8, 31, 817, 670, 205.826, 496.696,60, 24
18, 8, 32, 817, 995, 195.849, 209.827,27, 25
18, 8, 33, 817, 772, 127.238, 177.473,21, 15
18, 8, 34, 817, 681, 250.447, 344.553,38, 26
18, 8, 35, 817, 748, 87.6295, 101.296,13, 11
18, 8, 36, 817, 787, 202.684, 322.668,40, 24
18, 8, 37, 817, 1001, 195.497, 216.993,28, 25
18, 8, 38, 817, 793, 29.6661, 29.6661,4, 4
18, 8, 39, 817, 762, 56.2584, 56.2584,7, 7
18, 8, 40, 817, 776, 384.243, 738.35,83, 40
18, 8, 41, 817, 685, 254.017, 478.502,57, 28
18, 8, 42, 817, 696, 195.983, 250.217,30, 23
18, 8, 43, 817, 683, 145.914, 195.547,22, 16
18, 8, 44, 817, 758, 97.9976, 115.23,14, 12
18, 8, 45, 817, 831, 58.9561, 58.9561,8, 8
18, 8, 46, 817, 849, 174.261, 312.044,39, 21
18, 8, 47, 817, 872, 189.239, 281.874,35, 23
18, 9, 1, 680, 745, 15.7292, 23.0983,3, 2
18, 9, 2, 680, 672, 0, 0,0, 0
18, 9, 3, 680, 608, 17.7257, 26.4842,3, 2
18, 9, 4, 680, 952, 40.9174, 64.1918,8, 5
18, 9, 5, 680, 962, 108.472, 159.922,21, 14
18, 9, 6, 680, 897, 597.967, 1082.79,130, 68
18, 9, 7, 680, 783, 30.1922, 30.1922,4, 4
18, 9, 8, 680, 817, 0, 0,0, 0
18, 9, 10, 680, 772, 1996.02, 3636.21,374, 178
18, 9, 11, 680, 816, 984.995, 1867.39,193, 90
18, 9, 12, 680, 799, 415.797, 766.846,88, 44
18, 9, 13, 680, 963, 111.803, 173.453,22, 14
18, 9, 14, 680, 848, 14.4647, 28.7177,4, 2
18, 9, 15, 680, 728, 0, 0,0, 0
18, 9, 16, 680, 823, 118.491, 167.447,22, 15
18, 9, 17, 680, 780, 31.9145, 31.9145,4, 4
18, 9, 18, 680, 689, 0, 0,0, 0
18, 9, 19, 680, 764, 7.49115, 7.49115,1, 1
18, 9, 20, 680, 826, 6.73526, 6.73526,1, 1
18, 9, 21, 680, 682, 0, 0,0, 0
18, 9, 22, 680, 726, 6.86638, 6.86638,1, 1
18, 9, 23, 680, 989, 207.173, 489.783,56, 23
18, 9, 24, 680, 837, 255.284, 650.527,74, 27
18, 9, 25, 680, 861, 30.4427, 51.9064,7, 4
18, 9, 26, 680, 915, 14.7328, 14.7328,2, 2
18, 9, 27, 680, 701, 72.6121, 93.7633,12, 9
18, 9, 28, 680, 754, 38.1361, 45.1498,6, 5
18, 9, 29, 680, 872, 177.14, 216.014,27, 22
18, 9, 30, 680, 862, 0, 0,0, 0
18, 9, 31, 680, 670, 28.9759, 35.8915,5, 4
18, 9, 32, 680, 995, 76.7747, 140.616,17, 9
18, 9, 33, 680, 772, 671.109, 1395.5,169, 76
18, 9, 34, 680, 681, 25.1115, 25.1115,3, 3
18, 9, 35, 680, 748, 464.023, 797.9,96, 53
18, 9, 36, 680, 787, 202.61, 298.222,33, 22
18, 9, 37, 680, 1001, 97.0209, 201.264,27, 12
18, 9, 38, 680, 793, 915.528, 1842.87,220, 102
18, 9, 39, 680, 762, 1035.68, 1935.95,220, 107
18, 9, 40, 680, 776, 56.045, 85.0819,11, 7
18, 9, 41, 680, 685, 35.9633, 35.9633,5, 5
18, 9, 42, 680, 696, 133.083, 153.877,20, 17
18, 9, 43, 680, 683, 636.171, 1270.49,144, 67
18, 9, 44, 680, 758, 60.277, 68.7755,8, 7
18, 9, 45, 680, 831, 779.678, 1545.2,178, 82
18, 9, 46, 680, 849, 293.963, 480.645,56, 34
18, 9, 47, 680, 872, 355.781, 766.914,87, 37
18, 10, 1, 772, 745, 35.1802, 35.1802,5, 5
18, 10, 2, 772, 672, 58.3879, 79.8392,8, 6
18, 10, 3, 772, 608, 68.9732, 94.3793,12, 9
18, 10, 4, 772, 952, 89.1523, 96.2266,11, 10
18, 10, 5, 772, 962, 128.677, 157.081,20, 16
18, 10, 6, 772, 897, 555.987, 1175.66,138, 61
18, 10, 7, 772, 783, 100.969, 100.969,13, 13
18, 10, 8, 772, 817, 31.2857, 38.7876,5, 4
18, 10, 9, 772, 680, 1897.85, 3636.2,374, 174
18, 10, 11, 772, 816, 1895.83, 3122.81,327, 188
18, 10, 12, 772, 799, 951.982, 1381.74,160, 104
18, 10, 13, 772, 963, 321.342, 377.857,48, 40
18, 10, 14, 772, 848, 92.5566, 122.194,15, 11
18, 10, 15, 772, 728, 82.258, 97.0268,10, 9
18, 10, 16, 772, 823, 260.026, 435.638,49, 27
18, 10, 17, 772, 780, 130.878, 188.664,21, 14
18, 10, 18, 772, 689, 95.5509, 112.72,13, 11
18, 10, 19, 772, 764, 22.8827, 22.8827,3, 3
18, 10, 20, 772, 826, 62.0287, 71.9794,8, 7
18, 10, 21, 772, 682, 97.0661, 109.554,10, 9
18, 10, 22, 772, 726, 51.7134, 65.9307,6, 5
18, 10, 23, 772, 989, 259.869, 677.899,73, 27
18, 10, 24, 772, 837, 350.912, 992.401,110, 37
18, 10, 25, 772, 861, 66.8559, 86.4167,9, 7
18, 10, 26, 772, 915, 52.0387, 52.0387,7, 7
18, 10, 27, 772, 701, 50.9893, 59.5469,7, 6
18, 10, 28, 772, 754, 170.245, 214.243,23, 19
18, 10, 29, 772, 872, 187.033, 304.714,38, 23
18, 10, 30, 772, 862, 41.393, 41.393,5, 5
18, 10, 31, 772, 670, 40.7754, 40.7754,5, 5
18, 10, 32, 772, 995, 194.14, 322.654,36, 20
18, 10, 33, 772, 772, 759.432, 1640.29,192, 79
18, 10, 34, 772, 681, 153.434, 188.776,22, 18
18, 10, 35, 772, 748, 676.422, 1146.2,122, 70
18, 10, 36, 772, 787, 387.505, 526.189,58, 41
18, 10, 37, 772, 1001, 170.99, 263.98,30, 18
18, 10, 38, 772, 793, 989.538, 2007.97,229, 102
18, 10, 39, 772, 762, 1523.49, 2733.75,300, 155
18, 10, 40, 772, 776, 124.121, 178.207,22, 15
18, 10, 41, 772, 685, 133.376, 154.674,18, 15
18, 10, 42, 772, 696, 206.527, 262.525,34, 26
18, 10, 43, 772, 683, 715.848, 1494,181, 81
18, 10, 44, 772, 758, 126.816, 158.546,18, 15
18, 10, 45, 772, 831, 708.777, 1496.76,164, 71
18, 10, 46, 772, 849, 306.238, 630.704,72, 34
18, 10, 47, 772, 872, 411.367, 1128.76,130, 43
18, 11, 1, 816, 745, 43.9506, 51.1322,7, 6
18, 11, 2, 816, 672, 66.1254, 89.9924,11, 8
18, 11, 3, 816, 608, 58.934, 66.1278,9, 8
18, 11, 4, 816, 952, 194.509, 279.758,33, 23
18, 11, 5, 816, 962, 227.84, 242.879,29, 27
18, 11, 6, 816, 897, 745.453, 1294.27,149, 81
18, 11, 7, 816, 783, 258.686, 330.857,36, 27
18, 11, 8, 816, 817, 253.781, 308.388,37, 30
18, 11, 9, 816, 680, 1122.49, 1867.39,193, 107
18, 11, 10, 816, 772, 2023.13, 3122.82,327, 201
18, 11, 12, 816, 799, 1861.79, 2354.29,244, 184
18, 11, 13, 816, 963, 848.042, 968.023,115, 100
18, 11, 14, 816, 848, 116.466, 137.595,18, 15
18, 11, 15, 816, 728, 225.905, 270.869,30, 25
18, 11, 16, 816, 823, 213.961, 358.177,44, 25
18, 11, 17, 816, 780, 183.223, 270.493,34, 22
18, 11, 18, 816, 689, 224.789, 295.543,36, 27
18, 11, 19, 816, 764, 140.361, 211.063,26, 17
18, 11, 20, 816, 826, 148.107, 175.285,20, 17
18, 11, 21, 816, 682, 205.201, 245.433,30, 25
18, 11, 22, 816, 726, 115.487, 136.701,16, 13
18, 11, 23, 816, 989, 241.898, 449.791,52, 27
18, 11, 24, 816, 837, 298.99, 598.055,63, 31
18, 11, 25, 816, 861, 156.636, 218.207,23, 16
18, 11, 26, 816, 915, 170.898, 250.645,33, 22
18, 11, 27, 816, 701, 106.779, 106.779,12, 12
18, 11, 28, 816, 754, 218.298, 288.418,33, 24
18, 11, 29, 816, 872, 330.344, 452.777,54, 38
18, 11, 30, 816, 862, 122.851, 159.465,20, 15
18, 11, 31, 816, 670, 235.459, 297.234,36, 28
18, 11, 32, 816, 995, 134.708, 203.098,25, 16
18, 11, 33, 816, 772, 855.956, 1390.63,159, 92
18, 11, 34, 816, 681, 425.014, 510.339,54, 43
18, 11, 35, 816, 748, 646.846, 997.937,112, 70
18, 11, 36, 816, 787, 842.05, 1056.08,117, 91
18, 11, 37, 816, 1001, 128.962, 180.211,22, 15
18, 11, 38, 816, 793, 695.581, 1048.67,128, 83
18, 11, 39, 816, 762, 1240.7, 1972.93,220, 132
18, 11, 40, 816, 776, 256.435, 312.297,38, 31
18, 11, 41, 816, 685, 250.269, 360.878,42, 28
18, 11, 42, 816, 696, 562.792, 798.468,93, 62
18, 11, 43, 816, 683, 864.552, 1311.44,152, 95
18, 11, 44, 816, 758, 249.078, 279.932,32, 28
18, 11, 45, 816, 831, 660.686, 1155.03,137, 75
18, 11, 46, 816, 849, 512.588, 779.696,87, 57
18, 11, 47, 816, 872, 555.296, 997.213,115, 61
18, 12, 1, 799, 745, 60.5288, 68.1652,9, 8
18, 12, 2, 799, 672, 101, 156.551,18, 11
18, 12, 3, 799, 608, 41.0521, 49.4527,6, 5
18, 12, 4, 799, 952, 108.45, 224.355,21, 10
18, 12, 5, 799, 962, 362.594, 449.702,48, 39
18, 12, 6, 799, 897, 467.961, 753.922,82, 50
18, 12, 7, 799, 783, 200.033, 284.348,30, 21
18, 12, 8, 799, 817, 302.55, 390.915,44, 35
18, 12, 9, 799, 680, 486.076, 766.845,88, 52
18, 12, 10, 799, 772, 1006.79, 1381.74,160, 112
18, 12, 11, 799, 816, 1901.59, 2354.29,244, 189
18, 12, 13, 799, 963, 1392.31, 1729.8,196, 153
18, 12, 14, 799, 848, 89.8944, 106.643,13, 11
18, 12, 15, 799, 728, 247.924, 299.182,31, 26
18, 12, 16, 799, 823, 182.293, 240.276,31, 23
18, 12, 17, 799, 780, 153.706, 162.706,21, 20
18, 12, 18, 799, 689, 241.903, 266.054,33, 30
18, 12, 19, 799, 764, 196.874, 247.267,29, 23
18, 12, 20, 799, 826, 220.64, 259.96,30, 26
18, 12, 21, 799, 682, 214.02, 258.578,29, 24
18, 12, 22, 799, 726, 136.024, 145.385,15, 14
18, 12, 23, 799, 989, 187.032, 277.046,35, 23
18, 12, 24, 799, 837, 218.654, 315.328,36, 23
18, 12, 25, 799, 861, 189.305, 260.812,31, 22
18, 12, 26, 799, 915, 171.147, 210.366,26, 21
18, 12, 27, 799, 701, 74.8282, 89.8684,9, 8
18, 12, 28, 799, 754, 160.9, 227.979,24, 16
18, 12, 29, 799, 872, 301.271, 390.886,42, 33
18, 12, 30, 799, 862, 140.556, 166.253,20, 17
18, 12, 31, 799, 670, 139.165, 160.445,20, 17
18, 12, 32, 799, 995, 121.826, 171.84,20, 14
18, 12, 33, 799, 772, 299.176, 440.758,51, 33
18, 12, 34, 799, 681, 445.376, 558.403,64, 49
18, 12, 35, 799, 748, 303.516, 394.816,47, 35
18, 12, 36, 799, 787, 949.64, 1226.86,123, 94
18, 12, 37, 799, 1001, 128.09, 168.654,20, 15
18, 12, 38, 799, 793, 101.592, 138.234,16, 12
18, 12, 39, 799, 762, 337.902, 478.52,58, 39
18, 12, 40, 799, 776, 365.84, 454.101,53, 42
18, 12, 41, 799, 685, 414.574, 560.919,66, 47
18, 12, 42, 799, 696, 563.435, 725.153,85, 64
18, 12, 43, 799, 683, 375.033, 558.049,61, 40
18, 12, 44, 799, 758, 333.654, 411.337,46, 37
18, 12, 45, 799, 831, 266.791, 431.108,52, 32
18, 12, 46, 799, 849, 510.078, 758.734,86, 55
18, 12, 47, 799, 872, 346.687, 575.939,68, 39
18, 13, 1, 963, 745, 51.2585, 65.1774,9, 7
18, 13, 2, 963, 672, 82.7298, 94.903,10, 9
18, 13, 3, 963, 608, 21.2944, 21.2944,3, 3
18, 13, 4, 963, 952, 163.497, 452.664,56, 19
18, 13, 5, 963, 962, 349.24, 485.698,57, 39
18, 13, 6, 963, 897, 320.704, 585.16,67, 35
18, 13, 7, 963, 783, 129.95, 150.57,20, 17
18, 13, 8, 963, 817, 886.041, 1832.19,219, 97
18, 13, 9, 963, 680, 103.982, 173.454,22, 13
18, 13, 10, 963, 772, 317.8, 377.858,48, 40
18, 13, 11, 963, 816, 740.874, 968.024,115, 87
18, 13, 12, 963, 799, 1323.2, 1729.8,196, 146
18, 13, 14, 963, 848, 44.1872, 44.1872,6, 6
18, 13, 15, 963, 728, 152.624, 181.808,22, 18
18, 13, 16, 963, 823, 43.594, 57.6454,8, 6
18, 13, 17, 963, 780, 90.9721, 90.9721,12, 12
18, 13, 18, 963, 689, 138.363, 168.741,21, 17
18, 13, 19, 963, 764, 351.488, 482.754,59, 42
18, 13, 20, 963, 826, 146.256, 159.844,20, 18
18, 13, 21, 963, 682, 329.71, 404.424,49, 39
18, 13, 22, 963, 726, 63.005, 75.6,8, 7
18, 13, 23, 963, 989, 112.156, 252.835,32, 14
18, 13, 24, 963, 837, 16.0036, 36.2522,5, 2
18, 13, 25, 963, 861, 154.076, 160.853,20, 19
18, 13, 26, 963, 915, 311.651, 622.435,78, 37
18, 13, 27, 963, 701, 23.1379, 23.1379,3, 3
18, 13, 28, 963, 754, 130.672, 152.882,17, 14
18, 13, 29, 963, 872, 357.419, 506.927,62, 42
18, 13, 30, 963, 862, 243.818, 408.614,49, 28
18, 13, 31, 963, 670, 113.647, 131.398,14, 12
18, 13, 32, 963, 995, 37.3264, 65.7619,9, 5
18, 13, 33, 963, 772, 282.295, 388.298,49, 34
18, 13, 34, 963, 681, 309.997, 393.997,45, 35
18, 13, 35, 963, 748, 104.471, 113.316,15, 14
18, 13, 36, 963, 787, 563.004, 687.029,80, 64
18, 13, 37, 963, 1001, 24.9322, 40.1549,5, 3
18, 13, 38, 963, 793, 54.8052, 76.0476,10, 7
18, 13, 39, 963, 762, 129.246, 172.55,22, 16
18, 13, 40, 963, 776, 546.11, 738.19,81, 58
18, 13, 41, 963, 685, 416.396, 531.577,57, 43
18, 13, 42, 963, 696, 367.236, 474.647,54, 40
18, 13, 43, 963, 683, 172.713, 213.975,25, 20
18, 13, 44, 963, 758, 230.964, 317.412,33, 23
18, 13, 45, 963, 831, 117.022, 169.635,20, 13
18, 13, 46, 963, 849, 318.313, 606.715,70, 35
18, 13, 47, 963, 872, 188.574, 311.927,38, 22
18, 14, 1, 848, 745, 185.121, 218.907,26, 22
18, 14, 2, 848, 672, 104.785, 118.52,14, 12
18, 14, 3, 848, 608, 74.2089, 74.2089,9, 9
18, 14, 4, 848, 952, 87.8611, 94.818,12, 11
18, 14, 5, 848, 962, 74.8185, 81.7838,11, 10
18, 14, 6, 848, 897, 118.288, 139.643,18, 15
18, 14, 7, 848, 783, 1552.36, 1637.12,167, 157
18, 14, 8, 848, 817, 307.348, 307.348,39, 39
18, 14, 9, 848, 680, 28.7178, 28.7178,4, 4
18, 14, 10, 848, 772, 114.406, 122.194,15, 14
18, 14, 11, 848, 816, 129.745, 137.595,18, 17
18, 14, 12, 848, 799, 99.3797, 106.642,13, 12
18, 14, 13, 848, 963, 44.1872, 44.1872,6, 6
18, 14, 15, 848, 728, 940.18, 1011.86,116, 107
18, 14, 16, 848, 823, 442.934, 474.35,54, 50
18, 14, 17, 848, 780, 702.27, 825.356,87, 72
18, 14, 18, 848, 689, 282.621, 291.066,35, 34
18, 14, 19, 848, 764, 146.143, 153.446,19, 18
18, 14, 20, 848, 826, 949.225, 1030.78,118, 107
18, 14, 21, 848, 682, 123.727, 123.727,16, 16
18, 14, 22, 848, 726, 331.681, 421.221,48, 36
18, 14, 23, 848, 989, 672.645, 765.317,86, 75
18, 14, 24, 848, 837, 500.581, 536.958,62, 57
18, 14, 25, 848, 861, 1426.88, 1515.3,153, 141
18, 14, 26, 848, 915, 88.446, 88.446,11, 11
18, 14, 27, 848, 701, 119.07, 171.371,18, 12
18, 14, 28, 848, 754, 186.699, 194.574,21, 20
18, 14, 29, 848, 872, 42.0358, 48.8112,6, 5
18, 14, 30, 848, 862, 54.5953, 54.5953,7, 7
18, 14, 31, 848, 670, 111.335, 127.775,15, 13
18, 14, 32, 848, 995, 1785.33, 2049.35,210, 179
18, 14, 33, 848, 772, 21.0626, 21.0626,3, 3
18, 14, 34, 848, 681, 197.734, 197.734,24, 24
18, 14, 35, 848, 748, 271.825, 271.825,32, 32
18, 14, 36, 848, 787, 140.36, 147.241,18, 17
18, 14, 37, 848, 1001, 1679.51, 1928.94,208, 176
18, 14, 38, 848, 793, 27.2428, 27.2428,3, 3
18, 14, 39, 848, 762, 179.1, 207.424,24, 20
18, 14, 40, 848, 776, 7.52057, 7.52057,1, 1
18, 14, 41, 848, 685, 33.7708, 33.7708,4, 4
18, 14, 42, 848, 696, 74.6022, 74.6022,10, 10
18, 14, 43, 848, 683, 54.0324, 61.4998,8, 7
18, 14, 44, 848, 758, 116.147, 116.147,15, 15
18, 14, 45, 848, 831, 162.546, 185.725,23, 20
18, 14, 46, 848, 849, 186.493, 186.493,21, 21
18, 14, 47, 848, 872, 299.242, 321.486,39, 36
18, 15, 1, 728, 745, 22.1101, 22.1101,3, 3
18, 15, 2, 728, 672, 291.991, 379.486,44, 32
18, 15, 3, 728, 608, 134.618, 142.818,17, 16
18, 15, 4, 728, 952, 121.711, 165.339,22, 16
18, 15, 5, 728, 962, 188.151, 220.835,25, 21
18, 15, 6, 728, 897, 130.241, 168.551,20, 15
18, 15, 7, 728, 783, 1555.51, 1706.58,181, 162
18, 15, 8, 728, 817, 1168.18, 1359.09,149, 124
18, 15, 9, 728, 680, 0, 0,0, 0
18, 15, 10, 728, 772, 89.6549, 97.0265,10, 9
18, 15, 11, 728, 816, 233.875, 270.869,30, 26
18, 15, 12, 728, 799, 284.193, 299.181,31, 29
18, 15, 13, 728, 963, 167.296, 181.807,22, 20
18, 15, 14, 728, 848, 969.117, 1011.86,116, 110
18, 15, 16, 728, 823, 147.422, 147.422,17, 17
18, 15, 17, 728, 780, 365.961, 416.923,51, 44
18, 15, 18, 728, 689, 664.315, 746.054,78, 68
18, 15, 19, 728, 764, 548.842, 621.66,73, 63
18, 15, 20, 728, 826, 2034.88, 2263.8,229, 203
18, 15, 21, 728, 682, 683.99, 802.343,88, 72
18, 15, 22, 728, 726, 562.684, 609.209,68, 62
18, 15, 23, 728, 989, 312.251, 326.188,41, 39
18, 15, 24, 728, 837, 199.307, 207.525,25, 24
18, 15, 25, 728, 861, 1212.29, 1309.44,139, 127
18, 15, 26, 728, 915, 244.257, 278.327,36, 31
18, 15, 27, 728, 701, 119.296, 133.927,16, 14
18, 15, 28, 728, 754, 318.601, 387.674,44, 35
18, 15, 29, 728, 872, 141.144, 141.144,19, 19
18, 15, 30, 728, 862, 204.639, 263.541,30, 23
18, 15, 31, 728, 670, 201.196, 226.729,28, 25
18, 15, 32, 728, 995, 570.755, 633.914,74, 66
18, 15, 33, 728, 772, 156.16, 163.368,19, 18
18, 15, 34, 728, 681, 467.201, 488.589,55, 52
18, 15, 35, 728, 748, 155.873, 171.546,21, 19
18, 15, 36, 728, 787, 238.113, 238.113,26, 26
18, 15, 37, 728, 1001, 456.353, 480.491,55, 52
18, 15, 38, 728, 793, 84.2766, 91.1008,10, 9
18, 15, 39, 728, 762, 51.5468, 59.2408,7, 6
18, 15, 40, 728, 776, 165.019, 172.085,20, 19
18, 15, 41, 728, 685, 134.651, 156.551,20, 17
18, 15, 42, 728, 696, 174.664, 174.664,20, 20
18, 15, 43, 728, 683, 141.49, 162.876,20, 17
18, 15, 44, 728, 758, 174.742, 195.49,25, 22
18, 15, 45, 728, 831, 60.0849, 60.0849,8, 8
18, 15, 46, 728, 849, 202.878, 218.719,26, 24
18, 15, 47, 728, 872, 202.182, 262.408,32, 24
18, 16, 1, 823, 745, 263.257, 287.512,35, 32
18, 16, 2, 823, 672, 106.021, 120.724,14, 12
18, 16, 3, 823, 608, 180.734, 229.245,27, 21
18, 16, 4, 823, 952, 104.871, 111.691,14, 13
18, 16, 5, 823, 962, 86.8991, 116.734,15, 11
18, 16, 6, 823, 897, 188.965, 392.818,44, 20
18, 16, 7, 823, 783, 200.22, 221.34,27, 24
18, 16, 8, 823, 817, 109.909, 117.02,15, 14
18, 16, 9, 823, 680, 108.411, 167.446,22, 14
18, 16, 10, 823, 772, 211.371, 435.638,49, 22
18, 16, 11, 823, 816, 190.317, 358.176,44, 23
18, 16, 12, 823, 799, 147.042, 240.276,31, 18
18, 16, 13, 823, 963, 57.6454, 57.6454,8, 8
18, 16, 14, 823, 848, 393.477, 474.348,54, 44
18, 16, 15, 823, 728, 132.018, 147.422,17, 15
18, 16, 17, 823, 780, 1070.48, 1303.28,143, 113
18, 16, 18, 823, 689, 452.453, 474.14,55, 52
18, 16, 19, 823, 764, 183.853, 192.087,24, 23
18, 16, 20, 823, 826, 193.277, 215.509,26, 23
18, 16, 21, 823, 682, 28.9124, 35.6194,4, 3
18, 16, 22, 823, 726, 92.1613, 116.532,13, 10
18, 16, 23, 823, 989, 319.946, 550.269,62, 33
18, 16, 24, 823, 837, 366.228, 496.059,59, 42
18, 16, 25, 823, 861, 228.048, 265.612,31, 26
18, 16, 26, 823, 915, 58.2461, 65.4253,9, 8
18, 16, 27, 823, 701, 197.829, 244.811,31, 25
18, 16, 28, 823, 754, 255.972, 293.551,35, 30
18, 16, 29, 823, 872, 94.413, 190.078,22, 11
18, 16, 30, 823, 862, 43.2431, 43.2431,6, 6
18, 16, 31, 823, 670, 156.857, 174.898,22, 20
18, 16, 32, 823, 995, 660.872, 914.786,102, 69
18, 16, 33, 823, 772, 97.7385, 433.785,46, 9
18, 16, 34, 823, 681, 123.621, 149.845,18, 15
18, 16, 35, 823, 748, 473.036, 679.957,75, 50
18, 16, 36, 823, 787, 141.453, 209.981,24, 16
18, 16, 37, 823, 1001, 554.577, 724.776,88, 66
18, 16, 38, 823, 793, 122.518, 183.399,21, 14
18, 16, 39, 823, 762, 444.578, 849.408,97, 49
18, 16, 40, 823, 776, 70.8658, 157.258,15, 6
18, 16, 41, 823, 685, 14.7119, 14.7119,2, 2
18, 16, 42, 823, 696, 54.9184, 75.3201,10, 7
18, 16, 43, 823, 683, 122.738, 292.809,36, 14
18, 16, 44, 823, 758, 78.5131, 161.477,17, 8
18, 16, 45, 823, 831, 180.665, 274.002,35, 23
18, 16, 46, 823, 849, 209.634, 390.23,46, 23
18, 16, 47, 823, 872, 261.258, 597.705,69, 28
18, 17, 1, 780, 745, 203.378, 217.76,26, 24
18, 17, 2, 780, 672, 289.906, 351.747,38, 30
18, 17, 3, 780, 608, 160.413, 167.101,21, 20
18, 17, 4, 780, 952, 144.538, 174.206,22, 18
18, 17, 5, 780, 962, 104.775, 104.775,14, 14
18, 17, 6, 780, 897, 134.874, 163.968,20, 16
18, 17, 7, 780, 783, 583.101, 711.083,78, 62
18, 17, 8, 780, 817, 196.592, 239.408,32, 26
18, 17, 9, 780, 680, 24.6074, 31.9145,4, 3
18, 17, 10, 780, 772, 165.995, 188.665,21, 18
18, 17, 11, 780, 816, 232.305, 270.493,34, 29
18, 17, 12, 780, 799, 148.554, 162.706,21, 19
18, 17, 13, 780, 963, 84.1743, 90.9719,12, 11
18, 17, 14, 780, 848, 694.037, 825.358,87, 73
18, 17, 15, 780, 728, 388.567, 416.923,51, 47
18, 17, 16, 780, 823, 1135.69, 1303.28,143, 123
18, 17, 18, 780, 689, 891.395, 965.215,108, 99
18, 17, 19, 780, 764, 402.502, 453.122,56, 49
18, 17, 20, 780, 826, 404.619, 404.619,47, 47
18, 17, 21, 780, 682, 194.356, 239.3,29, 23
18, 17, 22, 780, 726, 328.418, 414.975,45, 34
18, 17, 23, 780, 989, 360.45, 456.144,49, 38
18, 17, 24, 780, 837, 188.287, 225.55,29, 24
18, 17, 25, 780, 861, 661.242, 757.48,83, 71
18, 17, 26, 780, 915, 149.635, 163.231,22, 20
18, 17, 27, 780, 701, 257.724, 274.644,32, 30
18, 17, 28, 780, 754, 385.33, 432.487,45, 39
18, 17, 29, 780, 872, 77.0507, 77.0507,9, 9
18, 17, 30, 780, 862, 250.389, 265.076,31, 29
18, 17, 31, 780, 670, 284.233, 343.145,42, 34
18, 17, 32, 780, 995, 449.106, 529.87,59, 50
18, 17, 33, 780, 772, 119.201, 203.91,25, 14
18, 17, 34, 780, 681, 317.725, 357.081,42, 37
18, 17, 35, 780, 748, 356.379, 394.922,45, 40
18, 17, 36, 780, 787, 243.983, 264.412,32, 29
18, 17, 37, 780, 1001, 431.019, 478.931,55, 49
18, 17, 38, 780, 793, 68.6418, 68.6418,7, 7
18, 17, 39, 780, 762, 322.87, 380.825,43, 36
18, 17, 40, 780, 776, 86.1872, 92.8617,12, 11
18, 17, 41, 780, 685, 56.6247, 56.6247,6, 6
18, 17, 42, 780, 696, 85.9571, 85.9571,11, 11
18, 17, 43, 780, 683, 143.375, 164.295,21, 18
18, 17, 44, 780, 758, 139.15, 162.729,21, 18
18, 17, 45, 780, 831, 152.655, 174.368,22, 19
18, 17, 46, 780, 849, 147.988, 163.117,20, 18
18, 17, 47, 780, 872, 245.475, 296.887,35, 28
18, 18, 1, 689, 745, 94.1926, 102.205,13, 12
18, 18, 2, 689, 672, 296.154, 363.21,43, 34
18, 18, 3, 689, 608, 162.488, 177.228,21, 19
18, 18, 4, 689, 952, 251.971, 444.692,53, 28
18, 18, 5, 689, 962, 113.007, 152.779,19, 14
18, 18, 6, 689, 897, 101.869, 115.932,14, 12
18, 18, 7, 689, 783, 535.972, 702.571,83, 61
18, 18, 8, 689, 817, 466.52, 698.373,82, 52
18, 18, 9, 689, 680, 0, 0,0, 0
18, 18, 10, 689, 772, 96.2924, 112.72,13, 11
18, 18, 11, 689, 816, 234.384, 295.544,36, 28
18, 18, 12, 689, 799, 237.657, 266.054,33, 29
18, 18, 13, 689, 963, 160.351, 168.741,21, 20
18, 18, 14, 689, 848, 262.797, 291.066,35, 31
18, 18, 15, 689, 728, 655.386, 746.057,78, 66
18, 18, 16, 689, 823, 445.748, 474.14,55, 51
18, 18, 17, 689, 780, 872.52, 965.22,108, 96
18, 18, 19, 689, 764, 869.739, 1138.65,136, 100
18, 18, 20, 689, 826, 685.408, 874.719,99, 75
18, 18, 21, 689, 682, 279.865, 455.486,57, 33
18, 18, 22, 689, 726, 292.016, 389.313,45, 33
18, 18, 23, 689, 989, 109.776, 125.206,16, 14
18, 18, 24, 689, 837, 104.64, 104.64,13, 13
18, 18, 25, 689, 861, 428.631, 485.443,58, 51
18, 18, 26, 689, 915, 270.447, 504.775,60, 30
18, 18, 27, 689, 701, 213.3, 280.419,35, 26
18, 18, 28, 689, 754, 436.202, 538.67,65, 52
18, 18, 29, 689, 872, 162.728, 192.574,24, 20
18, 18, 30, 689, 862, 354.852, 497.103,61, 43
18, 18, 31, 689, 670, 329.112, 471.974,52, 35
18, 18, 32, 689, 995, 136.74, 152.187,18, 16
18, 18, 33, 689, 772, 107.707, 114.739,14, 13
18, 18, 34, 689, 681, 407.07, 488.983,56, 46
18, 18, 35, 689, 748, 230.099, 254.556,31, 28
18, 18, 36, 689, 787, 232.376, 318.861,35, 24
18, 18, 37, 689, 1001, 129.065, 129.065,17, 17
18, 18, 38, 689, 793, 48.4753, 48.4753,6, 6
18, 18, 39, 689, 762, 138.698, 138.698,18, 18
18, 18, 40, 689, 776, 162.468, 204.453,25, 19
18, 18, 41, 689, 685, 191.796, 224.21,28, 24
18, 18, 42, 689, 696, 326.991, 374.364,41, 35
18, 18, 43, 689, 683, 120.702, 120.702,15, 15
18, 18, 44, 689, 758, 146.518, 163.438,20, 18
18, 18, 45, 689, 831, 36.9925, 43.6796,6, 5
18, 18, 46, 689, 849, 202.063, 255.117,29, 23
18, 18, 47, 689, 872, 149.913, 171.971,20, 17
18, 19, 1, 764, 745, 6.69206, 6.69206,1, 1
18, 19, 2, 764, 672, 166.734, 265.138,34, 20
18, 19, 3, 764, 608, 29.8409, 50.6519,7, 4
18, 19, 4, 764, 952, 207.398, 697.476,89, 25
18, 19, 5, 764, 962, 141.009, 210.391,27, 18
18, 19, 6, 764, 897, 61.2408, 67.9337,8, 7
18, 19, 7, 764, 783, 281.016, 652.837,81, 32
18, 19, 8, 764, 817, 1080.18, 1937.48,223, 116
18, 19, 9, 764, 680, 7.49113, 7.49113,1, 1
18, 19, 10, 764, 772, 22.8827, 22.8827,3, 3
18, 19, 11, 764, 816, 128.517, 211.063,26, 15
18, 19, 12, 764, 799, 233.439, 247.266,29, 27
18, 19, 13, 764, 963, 386.057, 482.756,59, 46
18, 19, 14, 764, 848, 124.444, 153.446,19, 15
18, 19, 15, 764, 728, 496.674, 621.661,73, 57
18, 19, 16, 764, 823, 171.093, 192.088,24, 21
18, 19, 17, 764, 780, 340.989, 453.121,56, 41
18, 19, 18, 764, 689, 834.545, 1138.65,136, 96
18, 19, 20, 764, 826, 535.409, 876.627,109, 65
18, 19, 21, 764, 682, 368.721, 859.584,105, 41
18, 19, 22, 764, 726, 158.891, 324.537,38, 17
18, 19, 23, 764, 989, 55.7873, 123.753,16, 7
18, 19, 24, 764, 837, 51.4682, 75.479,10, 7
18, 19, 25, 764, 861, 260.155, 391.001,49, 31
18, 19, 26, 764, 915, 382.165, 1112.27,136, 42
18, 19, 27, 764, 701, 111.284, 197.037,24, 13
18, 19, 28, 764, 754, 267.451, 539.427,66, 31
18, 19, 29, 764, 872, 232.001, 364.292,46, 29
18, 19, 30, 764, 862, 524.809, 1098.45,129, 58
18, 19, 31, 764, 670, 200.775, 397.455,46, 22
18, 19, 32, 764, 995, 62.5317, 62.5317,8, 8
18, 19, 33, 764, 772, 149.565, 158.758,19, 18
18, 19, 34, 764, 681, 236.067, 346.904,42, 28
18, 19, 35, 764, 748, 87.9286, 87.9286,11, 11
18, 19, 36, 764, 787, 189.105, 336.132,40, 21
18, 19, 37, 764, 1001, 66.3994, 80.376,11, 9
18, 19, 38, 764, 793, 21.1622, 21.1622,3, 3
18, 19, 39, 764, 762, 75.2365, 75.2365,10, 10
18, 19, 40, 764, 776, 425.108, 642.477,76, 47
18, 19, 41, 764, 685, 293.819, 361.365,42, 33
18, 19, 42, 764, 696, 291.526, 327.682,39, 34
18, 19, 43, 764, 683, 181.981, 209.598,25, 21
18, 19, 44, 764, 758, 97.0788, 111.482,13, 11
18, 19, 45, 764, 831, 30.605, 30.605,4, 4
18, 19, 46, 764, 849, 109.987, 185.478,24, 14
18, 19, 47, 764, 872, 97.0745, 180.676,22, 11
18, 20, 1, 826, 745, 29.2908, 29.2908,4, 4
18, 20, 2, 826, 672, 261.111, 343.7,40, 29
18, 20, 3, 826, 608, 99.6394, 106.359,13, 12
18, 20, 4, 826, 952, 214.266, 429.453,54, 25
18, 20, 5, 826, 962, 195.763, 241.251,29, 23
18, 20, 6, 826, 897, 169.374, 197.823,24, 20
18, 20, 7, 826, 783, 1363.93, 1571.21,169, 142
18, 20, 8, 826, 817, 1092.01, 1365.04,157, 122
18, 20, 9, 826, 680, 6.73524, 6.73524,1, 1
18, 20, 10, 826, 772, 71.9795, 71.9795,8, 8
18, 20, 11, 826, 816, 152.798, 175.285,20, 17
18, 20, 12, 826, 799, 228.279, 259.96,30, 26
18, 20, 13, 826, 963, 152.912, 159.844,20, 19
18, 20, 14, 826, 848, 924.539, 1030.78,118, 104
18, 20, 15, 826, 728, 2007.42, 2263.8,229, 199
18, 20, 16, 826, 823, 177.866, 215.509,26, 21
18, 20, 17, 826, 780, 356.555, 404.619,47, 41
18, 20, 18, 826, 689, 670.643, 874.719,99, 73
18, 20, 19, 826, 764, 597.29, 876.627,109, 71
18, 20, 21, 826, 682, 563.374, 696.849,82, 64
18, 20, 22, 826, 726, 567.014, 663.576,74, 61
18, 20, 23, 826, 989, 294.908, 345.42,42, 35
18, 20, 24, 826, 837, 201.281, 237.866,31, 26
18, 20, 25, 826, 861, 1614.63, 1893.82,195, 159
18, 20, 26, 826, 915, 380.542, 593.98,71, 43
18, 20, 27, 826, 701, 168.153, 230.761,26, 18
18, 20, 28, 826, 754, 339.876, 460.351,52, 36
18, 20, 29, 826, 872, 173.996, 213.312,25, 20
18, 20, 30, 826, 862, 302.501, 497.504,60, 34
18, 20, 31, 826, 670, 247.933, 330.94,39, 28
18, 20, 32, 826, 995, 790.093, 874.921,102, 91
18, 20, 33, 826, 772, 117.894, 136.683,16, 14
18, 20, 34, 826, 681, 380.178, 468.516,51, 41
18, 20, 35, 826, 748, 129.154, 135.892,17, 16
18, 20, 36, 826, 787, 292.836, 345.506,38, 32
18, 20, 37, 826, 1001, 761.237, 866.745,97, 84
18, 20, 38, 826, 793, 40.3749, 47.16,5, 4
18, 20, 39, 826, 762, 72.0713, 78.752,10, 9
18, 20, 40, 826, 776, 180.892, 218.661,27, 22
18, 20, 41, 826, 685, 157.031, 198.627,24, 19
18, 20, 42, 826, 696, 164.499, 179.294,22, 20
18, 20, 43, 826, 683, 114.757, 121.718,14, 13
18, 20, 44, 826, 758, 143.705, 143.705,16, 16
18, 20, 45, 826, 831, 128.225, 135.618,17, 16
18, 20, 46, 826, 849, 223.22, 251.603,31, 27
18, 20, 47, 826, 872, 193.258, 214.549,26, 23
18, 21, 1, 682, 745, 15.5204, 15.5204,2, 2
18, 21, 2, 682, 672, 196.122, 313.584,39, 23
18, 21, 3, 682, 608, 65.2328, 78.6978,10, 8
18, 21, 4, 682, 952, 164.843, 600.038,78, 20
18, 21, 5, 682, 962, 207.673, 375.086,44, 23
18, 21, 6, 682, 897, 148.833, 171.133,20, 17
18, 21, 7, 682, 783, 350.839, 679.337,80, 39
18, 21, 8, 682, 817, 744.935, 1341.31,158, 81
18, 21, 9, 682, 680, 0, 0,0, 0
18, 21, 10, 682, 772, 91.3157, 109.555,10, 8
18, 21, 11, 682, 816, 180.121, 245.433,30, 21
18, 21, 12, 682, 799, 195.398, 258.579,29, 22
18, 21, 13, 682, 963, 301.699, 404.422,49, 36
18, 21, 14, 682, 848, 109.414, 123.727,16, 14
18, 21, 15, 682, 728, 603.095, 802.343,88, 64
18, 21, 16, 682, 823, 35.619, 35.619,4, 4
18, 21, 17, 682, 780, 138.853, 239.3,29, 16
18, 21, 18, 682, 689, 230.237, 455.487,57, 26
18, 21, 19, 682, 764, 379.787, 859.584,105, 42
18, 21, 20, 682, 826, 493.199, 696.849,82, 56
18, 21, 22, 682, 726, 1072.61, 1328.82,148, 116
18, 21, 23, 682, 989, 412.306, 491.452,62, 51
18, 21, 24, 682, 837, 174.229, 206.116,26, 22
18, 21, 25, 682, 861, 323.895, 465.18,55, 36
18, 21, 26, 682, 915, 653.317, 1198.83,138, 71
18, 21, 27, 682, 701, 79.0835, 114.955,14, 9
18, 21, 28, 682, 754, 237.085, 400.167,43, 24
18, 21, 29, 682, 872, 95.7181, 149.345,19, 12
18, 21, 30, 682, 862, 295.203, 641.49,75, 32
18, 21, 31, 682, 670, 159.706, 345.436,40, 17
18, 21, 32, 682, 995, 111.73, 132.377,14, 11
18, 21, 33, 682, 772, 110.142, 172.304,21, 13
18, 21, 34, 682, 681, 355.995, 516.119,57, 37
18, 21, 35, 682, 748, 74.1383, 81.3936,9, 8
18, 21, 36, 682, 787, 253.857, 345.506,40, 29
18, 21, 37, 682, 1001, 80.6815, 87.41,10, 9
18, 21, 38, 682, 793, 38.6327, 38.6327,4, 4
18, 21, 39, 682, 762, 51.671, 51.671,6, 6
18, 21, 40, 682, 776, 222.298, 351.688,40, 24
18, 21, 41, 682, 685, 202.625, 322.218,37, 22
18, 21, 42, 682, 696, 196.094, 263.526,29, 22
18, 21, 43, 682, 683, 172.618, 252.444,30, 20
18, 21, 44, 682, 758, 314.566, 387.47,45, 35
18, 21, 45, 682, 831, 45.9875, 60.8775,8, 6
18, 21, 46, 682, 849, 209.096, 223.241,26, 24
18, 21, 47, 682, 872, 228.183, 322.426,39, 26
18, 22, 1, 726, 745, 31.6092, 31.6092,4, 4
18, 22, 2, 726, 672, 284.872, 373.743,41, 29
18, 22, 3, 726, 608, 36.2407, 36.2407,4, 4
18, 22, 4, 726, 952, 197.7, 307.422,35, 21
18, 22, 5, 726, 962, 201.683, 230.717,29, 25
18, 22, 6, 726, 897, 211.968, 278.24,31, 23
18, 22, 7, 726, 783, 678.289, 787.671,91, 76
18, 22, 8, 726, 817, 421.76, 532.122,63, 49
18, 22, 9, 726, 680, 6.86639, 6.86639,1, 1
18, 22, 10, 726, 772, 65.9306, 65.9306,6, 6
18, 22, 11, 726, 816, 115.126, 136.701,16, 13
18, 22, 12, 726, 799, 145.384, 145.384,15, 15
18, 22, 13, 726, 963, 75.5996, 75.5996,8, 8
18, 22, 14, 726, 848, 369.287, 421.221,48, 41
18, 22, 15, 726, 728, 584.745, 609.209,68, 65
18, 22, 16, 726, 823, 102.093, 116.532,13, 11
18, 22, 17, 726, 780, 351.66, 414.973,45, 37
18, 22, 18, 726, 689, 305.509, 389.312,45, 34
18, 22, 19, 726, 764, 248.598, 324.536,38, 28
18, 22, 20, 726, 826, 554.434, 663.577,74, 59
18, 22, 21, 726, 682, 1117.8, 1328.82,148, 121
18, 22, 23, 726, 989, 859.967, 932.361,108, 98
18, 22, 24, 726, 837, 329.153, 379.477,46, 40
18, 22, 25, 726, 861, 565.036, 626.492,69, 61
18, 22, 26, 726, 915, 341.557, 435.628,52, 40
18, 22, 27, 726, 701, 75.9181, 102.617,11, 8
18, 22, 28, 726, 754, 321.515, 392.065,43, 34
18, 22, 29, 726, 872, 87.3596, 102.783,12, 10
18, 22, 30, 726, 862, 152.937, 236.857,26, 16
18, 22, 31, 726, 670, 189.913, 273.685,32, 21
18, 22, 32, 726, 995, 163.556, 178.056,20, 18
18, 22, 33, 726, 772, 92.8215, 99.9743,12, 11
18, 22, 34, 726, 681, 358.039, 461.965,50, 37
18, 22, 35, 726, 748, 136.749, 144.263,16, 15
18, 22, 36, 726, 787, 196.714, 248.388,30, 23
18, 22, 37, 726, 1001, 209.222, 216.652,26, 25
18, 22, 38, 726, 793, 49.0796, 49.0796,4, 4
18, 22, 39, 726, 762, 170.858, 194.003,21, 18
18, 22, 40, 726, 776, 118.324, 140.969,18, 15
18, 22, 41, 726, 685, 112.737, 112.737,14, 14
18, 22, 42, 726, 696, 105.558, 127.822,14, 11
18, 22, 43, 726, 683, 127.776, 141.572,16, 14
18, 22, 44, 726, 758, 256.697, 326.045,39, 30
18, 22, 45, 726, 831, 133.187, 173.603,21, 16
18, 22, 46, 726, 849, 341.256, 387.751,47, 41
18, 22, 47, 726, 872, 485.448, 622.735,67, 50
18, 23, 1, 989, 745, 139.414, 147.077,19, 18
18, 23, 2, 989, 672, 112.239, 112.239,14, 14
18, 23, 3, 989, 608, 107.691, 107.691,13, 13
18, 23, 4, 989, 952, 148.707, 170.215,22, 19
18, 23, 5, 989, 962, 117.167, 196.614,23, 13
18, 23, 6, 989, 897, 319.295, 523.751,63, 36
18, 23, 7, 989, 783, 436.613, 503.61,63, 54
18, 23, 8, 989, 817, 191.4, 211.774,27, 24
18, 23, 9, 989, 680, 248.779, 489.784,56, 28
18, 23, 10, 989, 772, 341.683, 677.9,73, 35
18, 23, 11, 989, 816, 250.659, 449.789,52, 28
18, 23, 12, 989, 799, 163.95, 277.046,35, 20
18, 23, 13, 989, 963, 187.442, 252.835,32, 23
18, 23, 14, 989, 848, 677.595, 765.317,86, 76
18, 23, 15, 989, 728, 297.447, 326.188,41, 37
18, 23, 16, 989, 823, 316.417, 550.268,62, 33
18, 23, 17, 989, 780, 332.389, 456.146,49, 35
18, 23, 18, 989, 689, 118.261, 125.206,16, 15
18, 23, 19, 989, 764, 117.032, 123.753,16, 15
18, 23, 20, 989, 826, 331.691, 345.42,42, 40
18, 23, 21, 989, 682, 426.048, 491.454,62, 53
18, 23, 22, 989, 726, 847.21, 932.36,108, 97
18, 23, 24, 989, 837, 2028.8, 2659.41,275, 200
18, 23, 25, 989, 861, 373.344, 424.426,49, 42
18, 23, 26, 989, 915, 267.996, 333.882,43, 34
18, 23, 27, 989, 701, 52.1168, 52.1168,7, 7
18, 23, 28, 989, 754, 102.108, 123.182,14, 11
18, 23, 29, 989, 872, 127.782, 201.335,27, 17
18, 23, 30, 989, 862, 79.758, 79.758,10, 10
18, 23, 31, 989, 670, 66.1099, 74.6371,9, 8
18, 23, 32, 989, 995, 767.644, 962.638,111, 86
18, 23, 33, 989, 772, 170.02, 347.576,41, 19
18, 23, 34, 989, 681, 175.692, 198.464,24, 21
18, 23, 35, 989, 748, 401.552, 641.741,67, 40
18, 23, 36, 989, 787, 154.968, 240.152,30, 19
18, 23, 37, 989, 1001, 702.753, 782.561,94, 84
18, 23, 38, 989, 793, 127.985, 285.731,36, 15
18, 23, 39, 989, 762, 345.08, 656.242,69, 33
18, 23, 40, 989, 776, 82.6074, 216.572,28, 10
18, 23, 41, 989, 685, 21.8235, 21.8235,3, 3
18, 23, 42, 989, 696, 226.889, 313.08,41, 29
18, 23, 43, 989, 683, 158.732, 274.707,33, 18
18, 23, 44, 989, 758, 193.944, 245.289,30, 24
18, 23, 45, 989, 831, 360.447, 653.257,76, 41
18, 23, 46, 989, 849, 337.752, 506.822,61, 40
18, 23, 47, 989, 872, 768.286, 1203.33,135, 83
18, 24, 1, 837, 745, 130.831, 137.926,18, 17
18, 24, 2, 837, 672, 50.0042, 50.0042,7, 7
18, 24, 3, 837, 608, 51.6533, 74.6148,8, 6
18, 24, 4, 837, 952, 51.8121, 78.4407,9, 6
18, 24, 5, 837, 962, 132.284, 204.15,22, 14
18, 24, 6, 837, 897, 292.562, 560.872,61, 31
18, 24, 7, 837, 783, 232.217, 247.938,30, 28
18, 24, 8, 837, 817, 103.739, 125.448,16, 13
18, 24, 9, 837, 680, 258.694, 650.528,74, 28
18, 24, 10, 837, 772, 433.815, 992.402,110, 46
18, 24, 11, 837, 816, 297.815, 598.052,63, 31
18, 24, 12, 837, 799, 114.792, 315.327,36, 12
18, 24, 13, 837, 963, 36.2521, 36.2521,5, 5
18, 24, 14, 837, 848, 440.007, 536.96,62, 50
18, 24, 15, 837, 728, 186.513, 207.525,25, 22
18, 24, 16, 837, 823, 347.256, 496.059,59, 42
18, 24, 17, 837, 780, 196.224, 225.55,29, 25
18, 24, 18, 837, 689, 95.5471, 104.64,13, 12
18, 24, 19, 837, 764, 75.4791, 75.4791,10, 10
18, 24, 20, 837, 826, 215.399, 237.866,31, 28
18, 24, 21, 837, 682, 191.182, 206.116,26, 24
18, 24, 22, 837, 726, 333.76, 379.477,46, 40
18, 24, 23, 837, 989, 1992.81, 2659.41,275, 195
18, 24, 25, 837, 861, 348.106, 436.956,51, 40
18, 24, 26, 837, 915, 117.995, 126.463,16, 15
18, 24, 27, 837, 701, 45.308, 45.308,6, 6
18, 24, 28, 837, 754, 35.7941, 56.4181,8, 5
18, 24, 29, 837, 872, 54.3872, 105.994,14, 7
18, 24, 30, 837, 862, 69.3202, 69.3202,9, 9
18, 24, 31, 837, 670, 59.8127, 73.5957,10, 8
18, 24, 32, 837, 995, 546.437, 773.557,90, 64
18, 24, 33, 837, 772, 167.994, 254.241,34, 22
18, 24, 34, 837, 681, 117.672, 151.487,18, 14
18, 24, 35, 837, 748, 432.865, 753.831,76, 43
18, 24, 36, 837, 787, 123.793, 237.084,29, 15
18, 24, 37, 837, 1001, 553.583, 650.021,81, 68
18, 24, 38, 837, 793, 261.794, 315.478,38, 31
18, 24, 39, 837, 762, 421.819, 770.446,82, 44
18, 24, 40, 837, 776, 51.598, 107.196,13, 6
18, 24, 41, 837, 685, 30.2072, 30.2072,4, 4
18, 24, 42, 837, 696, 111.281, 192.983,25, 14
18, 24, 43, 837, 683, 210.394, 338.143,43, 27
18, 24, 44, 837, 758, 93.9808, 108.57,14, 12
18, 24, 45, 837, 831, 422.266, 777.431,95, 50
18, 24, 46, 837, 849, 260.679, 480.938,53, 29
18, 24, 47, 837, 872, 571.141, 1030.73,119, 64
18, 25, 1, 861, 745, 159.964, 183.51,22, 19
18, 25, 2, 861, 672, 306.186, 401.309,45, 32
18, 25, 3, 861, 608, 106.559, 106.559,13, 13
18, 25, 4, 861, 952, 200.74, 244.864,30, 24
18, 25, 5, 861, 962, 152.566, 177.254,22, 19
18, 25, 6, 861, 897, 200.423, 224.722,25, 23
18, 25, 7, 861, 783, 1913.22, 2099.53,211, 188
18, 25, 8, 861, 817, 581.155, 691.674,81, 67
18, 25, 9, 861, 680, 51.9064, 51.9064,7, 7
18, 25, 10, 861, 772, 86.4185, 86.4185,9, 9
18, 25, 11, 861, 816, 180.941, 218.207,23, 19
18, 25, 12, 861, 799, 215.327, 260.811,31, 26
18, 25, 13, 861, 963, 151.425, 160.853,20, 19
18, 25, 14, 861, 848, 1408.03, 1515.29,153, 140
18, 25, 15, 861, 728, 1198.52, 1309.44,139, 126
18, 25, 16, 861, 823, 216.646, 265.612,31, 25
18, 25, 17, 861, 780, 671.862, 757.48,83, 72
18, 25, 18, 861, 689, 425.127, 485.445,58, 50
18, 25, 19, 861, 764, 302.986, 391,49, 37
18, 25, 20, 861, 826, 1729.69, 1893.81,195, 175
18, 25, 21, 861, 682, 371.189, 465.179,55, 43
18, 25, 22, 861, 726, 552.011, 626.494,69, 59
18, 25, 23, 861, 989, 372.793, 424.426,49, 42
18, 25, 24, 861, 837, 386.701, 436.956,51, 45
18, 25, 26, 861, 915, 223.377, 237.72,30, 28
18, 25, 27, 861, 701, 157.142, 170.524,21, 19
18, 25, 28, 861, 754, 390.794, 449.932,49, 42
18, 25, 29, 861, 872, 114.539, 114.539,14, 14
18, 25, 30, 861, 862, 206.821, 248.549,32, 26
18, 25, 31, 861, 670, 304.578, 357.601,41, 34
18, 25, 32, 861, 995, 1487.81, 1650.48,179, 159
18, 25, 33, 861, 772, 115.47, 159.74,19, 14
18, 25, 34, 861, 681, 338.507, 405.372,44, 36
18, 25, 35, 861, 748, 266.757, 293.055,34, 31
18, 25, 36, 861, 787, 251.322, 281.148,34, 30
18, 25, 37, 861, 1001, 1362.03, 1523.33,162, 142
18, 25, 38, 861, 793, 50.386, 50.386,5, 5
18, 25, 39, 861, 762, 145.773, 160.332,19, 17
18, 25, 40, 861, 776, 133.676, 159.484,19, 16
18, 25, 41, 861, 685, 148.123, 184.84,20, 16
18, 25, 42, 861, 696, 167.273, 200.901,25, 21
18, 25, 43, 861, 683, 165.73, 230.838,27, 19
18, 25, 44, 861, 758, 152.628, 168.906,20, 18
18, 25, 45, 861, 831, 94.3799, 94.3799,12, 12
18, 25, 46, 861, 849, 230.498, 255.975,31, 28
18, 25, 47, 861, 872, 232.332, 298.347,29, 22
18, 26, 1, 915, 745, 53.4297, 162.438,20, 6
18, 26, 2, 915, 672, 117.534, 183.028,23, 14
18, 26, 3, 915, 608, 62.8393, 62.8393,8, 8
18, 26, 4, 915, 952, 278.1, 1097.6,135, 32
18, 26, 5, 915, 962, 231.794, 324.718,39, 28
18, 26, 6, 915, 897, 136.95, 159.099,19, 16
18, 26, 7, 915, 783, 206.546, 549.888,64, 23
18, 26, 8, 915, 817, 463.595, 1343.13,163, 52
18, 26, 9, 915, 680, 7.90312, 14.7328,2, 1
18, 26, 10, 915, 772, 38.402, 52.039,7, 5
18, 26, 11, 915, 816, 101.943, 250.645,33, 13
18, 26, 12, 915, 799, 194.339, 210.366,26, 24
18, 26, 13, 915, 963, 294.006, 622.435,78, 35
18, 26, 14, 915, 848, 88.4458, 88.4458,11, 11
18, 26, 15, 915, 728, 195.206, 278.329,36, 24
18, 26, 16, 915, 823, 58.4268, 65.4253,9, 8
18, 26, 17, 915, 780, 92.045, 163.231,22, 12
18, 26, 18, 915, 689, 199.746, 504.775,60, 21
18, 26, 19, 915, 764, 366.367, 1112.27,136, 41
18, 26, 20, 915, 826, 267.144, 593.979,71, 30
18, 26, 21, 915, 682, 634.108, 1198.82,138, 69
18, 26, 22, 915, 726, 255.321, 435.628,52, 30
18, 26, 23, 915, 989, 168.656, 333.882,43, 21
18, 26, 24, 915, 837, 90.1625, 126.463,16, 11
18, 26, 25, 915, 861, 184.13, 237.721,30, 23
18, 26, 27, 915, 701, 52.8538, 106.38,14, 7
18, 26, 28, 915, 754, 144.858, 285.557,38, 19
18, 26, 29, 915, 872, 88.5099, 159.274,19, 11
18, 26, 30, 915, 862, 192.508, 621.142,70, 20
18, 26, 31, 915, 670, 112.789, 274.202,35, 14
18, 26, 32, 915, 995, 160.231, 182.117,24, 21
18, 26, 33, 915, 772, 57.7276, 57.7276,8, 8
18, 26, 34, 915, 681, 168.198, 282.373,34, 19
18, 26, 35, 915, 748, 61.4884, 69.7986,9, 8
18, 26, 36, 915, 787, 122.354, 237.097,30, 15
18, 26, 37, 915, 1001, 139.491, 146.479,19, 18
18, 26, 38, 915, 793, 46.6445, 61.6259,8, 6
18, 26, 39, 915, 762, 41.7937, 41.7937,5, 5
18, 26, 40, 915, 776, 131.495, 297.255,37, 16
18, 26, 41, 915, 685, 114.473, 212.939,27, 14
18, 26, 42, 915, 696, 68.6579, 68.6579,9, 9
18, 26, 43, 915, 683, 50.2412, 50.2412,6, 6
18, 26, 44, 915, 758, 184.091, 200.346,24, 22
18, 26, 45, 915, 831, 54.3859, 61.1532,8, 7
18, 26, 46, 915, 849, 203.786, 253.176,32, 25
18, 26, 47, 915, 872, 203.35, 303.254,38, 24
18, 27, 1, 701, 745, 206.395, 256.832,33, 26
18, 27, 2, 701, 672, 364.844, 418.306,50, 43
18, 27, 3, 701, 608, 241.066, 262.556,31, 28
18, 27, 4, 701, 952, 137.767, 137.767,16, 16
18, 27, 5, 701, 962, 46.983, 46.983,6, 6
18, 27, 6, 701, 897, 51.2555, 51.2555,6, 6
18, 27, 7, 701, 783, 167.05, 189.981,22, 19
18, 27, 8, 701, 817, 121.362, 128.936,16, 15
18, 27, 9, 701, 680, 93.7628, 93.7628,12, 12
18, 27, 10, 701, 772, 59.5469, 59.5469,7, 7
18, 27, 11, 701, 816, 106.779, 106.779,12, 12
18, 27, 12, 701, 799, 89.8686, 89.8686,9, 9
18, 27, 13, 701, 963, 23.1379, 23.1379,3, 3
18, 27, 14, 701, 848, 128.623, 171.37,18, 13
18, 27, 15, 701, 728, 116.977, 133.927,16, 14
18, 27, 16, 701, 823, 216.158, 244.811,31, 27
18, 27, 17, 701, 780, 264.575, 274.645,32, 31
18, 27, 18, 701, 689, 230.771, 280.419,35, 28
18, 27, 19, 701, 764, 175.506, 197.036,24, 21
18, 27, 20, 701, 826, 215.191, 230.761,26, 24
18, 27, 21, 701, 682, 114.956, 114.956,14, 14
18, 27, 22, 701, 726, 94.8386, 102.618,11, 10
18, 27, 23, 701, 989, 38.2525, 52.1169,7, 5
18, 27, 24, 701, 837, 45.308, 45.308,6, 6
18, 27, 25, 701, 861, 156.393, 170.524,21, 19
18, 27, 26, 701, 915, 99.0237, 106.38,14, 13
18, 27, 28, 701, 754, 1864.96, 2075.53,208, 183
18, 27, 29, 701, 872, 116.821, 123.535,14, 13
18, 27, 30, 701, 862, 649.792, 669.562,77, 75
18, 27, 31, 701, 670, 1617.23, 1894.93,191, 159
18, 27, 32, 701, 995, 91.4526, 99.8294,12, 11
18, 27, 33, 701, 772, 77.1936, 77.1936,10, 10
18, 27, 34, 701, 681, 94.5803, 108.23,13, 11
18, 27, 35, 701, 748, 119.665, 119.665,14, 14
18, 27, 36, 701, 787, 130.596, 145.053,17, 15
18, 27, 37, 701, 1001, 101.5, 111.035,14, 13
18, 27, 38, 701, 793, 76.2093, 90.5554,9, 7
18, 27, 39, 701, 762, 132.309, 146.29,18, 16
18, 27, 40, 701, 776, 57.9536, 57.9536,8, 8
18, 27, 41, 701, 685, 79.1957, 79.1957,10, 10
18, 27, 42, 701, 696, 89.3434, 89.3434,11, 11
18, 27, 43, 701, 683, 133.775, 133.775,16, 16
18, 27, 44, 701, 758, 35.5942, 35.5942,4, 4
18, 27, 45, 701, 831, 28.5271, 28.5271,4, 4
18, 27, 46, 701, 849, 81.8574, 88.6764,10, 9
18, 27, 47, 701, 872, 39.5741, 39.5741,4, 4
18, 28, 1, 754, 745, 187.037, 225.487,28, 23
18, 28, 2, 754, 672, 697.55, 935.243,105, 76
18, 28, 3, 754, 608, 272.382, 365.673,44, 32
18, 28, 4, 754, 952, 159.581, 263.086,33, 19
18, 28, 5, 754, 962, 145.689, 201.319,23, 17
18, 28, 6, 754, 897, 126.733, 156.094,16, 13
18, 28, 7, 754, 783, 361.713, 520.921,59, 39
18, 28, 8, 754, 817, 354.181, 553.31,68, 42
18, 28, 9, 754, 680, 36.9445, 45.1498,6, 5
18, 28, 10, 754, 772, 163.43, 214.243,23, 18
18, 28, 11, 754, 816, 225.871, 288.418,33, 25
18, 28, 12, 754, 799, 185.491, 227.98,24, 19
18, 28, 13, 754, 963, 118.423, 152.883,17, 13
18, 28, 14, 754, 848, 161.525, 194.574,21, 17
18, 28, 15, 754, 728, 249.788, 387.675,44, 28
18, 28, 16, 754, 823, 225.088, 293.554,35, 27
18, 28, 17, 754, 780, 302.697, 432.487,45, 31
18, 28, 18, 754, 689, 379.837, 538.67,65, 44
18, 28, 19, 754, 764, 345.395, 539.427,66, 40
18, 28, 20, 754, 826, 334.593, 460.351,52, 36
18, 28, 21, 754, 682, 244.027, 400.167,43, 25
18, 28, 22, 754, 726, 243.327, 392.066,43, 26
18, 28, 23, 754, 989, 73.4011, 123.182,14, 8
18, 28, 24, 754, 837, 56.4179, 56.4179,8, 8
18, 28, 25, 754, 861, 342.683, 449.934,49, 36
18, 28, 26, 754, 915, 182.986, 285.558,38, 24
18, 28, 27, 754, 701, 1823.27, 2075.53,208, 178
18, 28, 29, 754, 872, 174.191, 208.305,25, 21
18, 28, 30, 754, 862, 1065.84, 1310.57,146, 116
18, 28, 31, 754, 670, 2090.32, 2544.47,250, 195
18, 28, 32, 754, 995, 109.368, 146.569,16, 12
18, 28, 33, 754, 772, 194.886, 225.79,25, 21
18, 28, 34, 754, 681, 171.473, 252.459,27, 17
18, 28, 35, 754, 748, 155.819, 202.643,22, 17
18, 28, 36, 754, 787, 209.625, 330.834,36, 21
18, 28, 37, 754, 1001, 112.356, 148.069,17, 13
18, 28, 38, 754, 793, 94.895, 123.723,12, 10
18, 28, 39, 754, 762, 86.6239, 115.755,11, 9
18, 28, 40, 754, 776, 149.306, 190.161,22, 17
18, 28, 41, 754, 685, 173.917, 200.042,21, 18
18, 28, 42, 754, 696, 182.162, 251.485,30, 21
18, 28, 43, 754, 683, 240.859, 303.828,37, 29
18, 28, 44, 754, 758, 51.9226, 60.1159,7, 6
18, 28, 45, 754, 831, 34.3871, 34.3871,4, 4
18, 28, 46, 754, 849, 133.967, 195.834,22, 15
18, 28, 47, 754, 872, 139.432, 223.191,24, 14
18, 29, 1, 872, 745, 0, 0,0, 0
18, 29, 2, 872, 672, 138.414, 162.579,20, 17
18, 29, 3, 872, 608, 49.2967, 64.9569,8, 6
18, 29, 4, 872, 952, 178.667, 199.34,26, 23
18, 29, 5, 872, 962, 227.236, 301.42,33, 24
18, 29, 6, 872, 897, 263.907, 418.362,49, 30
18, 29, 7, 872, 783, 110.726, 139.05,15, 12
18, 29, 8, 872, 817, 436.437, 552.084,65, 50
18, 29, 9, 872, 680, 147.161, 216.014,27, 18
18, 29, 10, 872, 772, 186.344, 304.714,38, 23
18, 29, 11, 872, 816, 358.75, 452.777,54, 42
18, 29, 12, 872, 799, 267.755, 390.891,42, 29
18, 29, 13, 872, 963, 365.416, 506.927,62, 43
18, 29, 14, 872, 848, 32.7486, 48.8113,6, 4
18, 29, 15, 872, 728, 102.893, 141.144,19, 14
18, 29, 16, 872, 823, 98.7473, 190.078,22, 11
18, 29, 17, 872, 780, 44.528, 77.0506,9, 5
18, 29, 18, 872, 689, 177.611, 192.574,24, 22
18, 29, 19, 872, 764, 320.736, 364.292,46, 40
18, 29, 20, 872, 826, 168.566, 213.312,25, 20
18, 29, 21, 872, 682, 142.251, 149.345,19, 18
18, 29, 22, 872, 726, 93.4388, 102.783,12, 11
18, 29, 23, 872, 989, 119.588, 201.335,27, 16
18, 29, 24, 872, 837, 40.5588, 105.994,14, 5
18, 29, 25, 872, 861, 91.4418, 114.54,14, 11
18, 29, 26, 872, 915, 145.15, 159.274,19, 17
18, 29, 27, 872, 701, 109.664, 123.536,14, 13
18, 29, 28, 872, 754, 181.368, 208.306,25, 22
18, 29, 30, 872, 862, 391.244, 444.723,51, 45
18, 29, 31, 872, 670, 114.072, 136.248,17, 14
18, 29, 32, 872, 995, 39.6652, 63.1837,8, 5
18, 29, 33, 872, 772, 1682.98, 2135.27,237, 180
18, 29, 34, 872, 681, 185.936, 209.36,26, 23
18, 29, 35, 872, 748, 98.1356, 154.745,19, 12
18, 29, 36, 872, 787, 212.892, 283.631,31, 23
18, 29, 37, 872, 1001, 24.9257, 34.1414,4, 3
18, 29, 38, 872, 793, 767.57, 1040.26,124, 89
18, 29, 39, 872, 762, 244.842, 395.718,47, 28
18, 29, 40, 872, 776, 716.556, 913.044,98, 76
18, 29, 41, 872, 685, 610.761, 712.569,78, 67
18, 29, 42, 872, 696, 740.154, 1215.04,139, 80
18, 29, 43, 872, 683, 494.493, 705.539,86, 58
18, 29, 44, 872, 758, 120.857, 142.892,17, 15
18, 29, 45, 872, 831, 110.644, 177.777,23, 14
18, 29, 46, 872, 849, 122.211, 205.549,26, 15
18, 29, 47, 872, 872, 215.632, 333.862,40, 26
18, 30, 1, 862, 745, 52.2367, 59.2815,8, 7
18, 30, 2, 862, 672, 365.091, 455.164,56, 44
18, 30, 3, 862, 608, 136.374, 143.206,19, 18
18, 30, 4, 862, 952, 160.351, 442.954,55, 19
18, 30, 5, 862, 962, 167.718, 221.803,27, 20
18, 30, 6, 862, 897, 55.0251, 62.2157,8, 7
18, 30, 7, 862, 783, 207.854, 418.928,48, 22
18, 30, 8, 862, 817, 567.74, 1317.38,149, 57
18, 30, 9, 862, 680, 0, 0,0, 0
18, 30, 10, 862, 772, 41.393, 41.393,5, 5
18, 30, 11, 862, 816, 108.105, 159.465,20, 13
18, 30, 12, 862, 799, 159.257, 166.253,20, 19
18, 30, 13, 862, 963, 253.946, 408.613,49, 29
18, 30, 14, 862, 848, 47.6118, 54.5954,7, 6
18, 30, 15, 862, 728, 197.599, 263.541,30, 22
18, 30, 16, 862, 823, 36.3635, 43.2431,6, 5
18, 30, 17, 862, 780, 193.94, 265.076,31, 22
18, 30, 18, 862, 689, 304.811, 497.103,61, 37
18, 30, 19, 862, 764, 589.659, 1098.45,129, 65
18, 30, 20, 862, 826, 299.056, 497.504,60, 35
18, 30, 21, 862, 682, 310.242, 641.491,75, 33
18, 30, 22, 862, 726, 148.667, 236.857,26, 16
18, 30, 23, 862, 989, 47.9386, 79.758,10, 6
18, 30, 24, 862, 837, 32.6991, 69.3196,9, 4
18, 30, 25, 862, 861, 157.937, 248.548,32, 20
18, 30, 26, 862, 915, 266.994, 621.146,70, 27
18, 30, 27, 862, 701, 601.364, 669.566,77, 69
18, 30, 28, 862, 754, 1014.67, 1310.56,146, 108
18, 30, 29, 862, 872, 327.373, 444.723,51, 36
18, 30, 31, 862, 670, 921.259, 1115.16,126, 102
18, 30, 32, 862, 995, 44.5097, 51.3355,7, 6
18, 30, 33, 862, 772, 214.632, 250.898,30, 25
18, 30, 34, 862, 681, 170.564, 253.488,31, 20
18, 30, 35, 862, 748, 36.8271, 36.8271,5, 5
18, 30, 36, 862, 787, 157.734, 250.2,31, 19
18, 30, 37, 862, 1001, 62.193, 70.6267,9, 8
18, 30, 38, 862, 793, 137.626, 164.662,20, 17
18, 30, 39, 862, 762, 44.8225, 51.7901,7, 6
18, 30, 40, 862, 776, 349.605, 563.44,67, 40
18, 30, 41, 862, 685, 265.69, 340.621,41, 31
18, 30, 42, 862, 696, 243.05, 272.557,33, 29
18, 30, 43, 862, 683, 184.107, 227.566,28, 22
18, 30, 44, 862, 758, 71.3683, 94.5424,11, 8
18, 30, 45, 862, 831, 9.29281, 9.29281,1, 1
18, 30, 46, 862, 849, 76.8681, 141.091,19, 10
18, 30, 47, 862, 872, 53.8227, 103.753,14, 7
18, 31, 1, 670, 745, 217.52, 277.939,35, 27
18, 31, 2, 670, 672, 583.531, 705.011,82, 66
18, 31, 3, 670, 608, 212.785, 242.811,30, 26
18, 31, 4, 670, 952, 166.546, 258.227,30, 19
18, 31, 5, 670, 962, 126.219, 173.881,21, 15
18, 31, 6, 670, 897, 136.836, 177.909,22, 17
18, 31, 7, 670, 783, 296.255, 442.698,53, 34
18, 31, 8, 670, 817, 304.346, 496.696,60, 35
18, 31, 9, 670, 680, 35.8915, 35.8915,5, 5
18, 31, 10, 670, 772, 32.3669, 40.7754,5, 4
18, 31, 11, 670, 816, 254.154, 297.234,36, 31
18, 31, 12, 670, 799, 139.455, 160.445,20, 17
18, 31, 13, 670, 963, 115.619, 131.398,14, 12
18, 31, 14, 670, 848, 113.67, 127.775,15, 13
18, 31, 15, 670, 728, 170.895, 226.729,28, 21
18, 31, 16, 670, 823, 160.687, 174.898,22, 20
18, 31, 17, 670, 780, 277.062, 343.146,42, 33
18, 31, 18, 670, 689, 341.874, 471.972,52, 37
18, 31, 19, 670, 764, 247.607, 397.454,46, 27
18, 31, 20, 670, 826, 258.417, 330.941,39, 30
18, 31, 21, 670, 682, 211.099, 345.436,40, 24
18, 31, 22, 670, 726, 195.11, 273.684,32, 22
18, 31, 23, 670, 989, 65.6378, 74.637,9, 8
18, 31, 24, 670, 837, 66.4631, 73.5956,10, 9
18, 31, 25, 670, 861, 273.232, 357.601,41, 30
18, 31, 26, 670, 915, 183.216, 274.202,35, 23
18, 31, 27, 670, 701, 1621.79, 1894.93,191, 158
18, 31, 28, 670, 754, 2125.31, 2544.47,250, 201
18, 31, 29, 670, 872, 120.663, 136.248,17, 15
18, 31, 30, 670, 862, 938.191, 1115.16,126, 104
18, 31, 32, 670, 995, 31.7584, 31.7584,3, 3
18, 31, 33, 670, 772, 171.511, 187.253,22, 20
18, 31, 34, 670, 681, 187.629, 237.293,27, 21
18, 31, 35, 670, 748, 102.237, 109.423,14, 13
18, 31, 36, 670, 787, 170.197, 205.185,23, 19
18, 31, 37, 670, 1001, 109.975, 109.975,14, 14
18, 31, 38, 670, 793, 65.4359, 65.4359,9, 9
18, 31, 39, 670, 762, 99.4977, 106.614,14, 13
18, 31, 40, 670, 776, 176.713, 240.427,26, 18
18, 31, 41, 670, 685, 92.2672, 117.586,13, 10
18, 31, 42, 670, 696, 297.655, 353.856,40, 33
18, 31, 43, 670, 683, 236.875, 290.66,33, 26
18, 31, 44, 670, 758, 42.5834, 52.7209,5, 4
18, 31, 45, 670, 831, 14.1994, 14.1994,2, 2
18, 31, 46, 670, 849, 139.768, 192.937,22, 16
18, 31, 47, 670, 872, 129.556, 171.801,20, 15
18, 32, 1, 995, 745, 225.007, 253.925,33, 29
18, 32, 2, 995, 672, 92.4365, 138.959,15, 10
18, 32, 3, 995, 608, 175.19, 250.455,29, 20
18, 32, 4, 995, 952, 65.5113, 91.7984,10, 7
18, 32, 5, 995, 962, 69.4377, 76.3098,9, 8
18, 32, 6, 995, 897, 186.98, 302.107,37, 21
18, 32, 7, 995, 783, 806.979, 867.219,101, 94
18, 32, 8, 995, 817, 195.821, 209.827,27, 25
18, 32, 9, 995, 680, 123.68, 140.616,17, 15
18, 32, 10, 995, 772, 222.654, 322.658,36, 24
18, 32, 11, 995, 816, 148.865, 203.099,25, 18
18, 32, 12, 995, 799, 141.63, 171.84,20, 16
18, 32, 13, 995, 963, 51.9612, 65.7619,9, 7
18, 32, 14, 995, 848, 1764.12, 2049.34,210, 178
18, 32, 15, 995, 728, 573.992, 633.916,74, 67
18, 32, 16, 995, 823, 725.161, 914.788,102, 78
18, 32, 17, 995, 780, 451.829, 529.87,59, 50
18, 32, 18, 995, 689, 135.493, 152.187,18, 16
18, 32, 19, 995, 764, 55.3095, 62.5314,8, 7
18, 32, 20, 995, 826, 770.594, 874.919,102, 89
18, 32, 21, 995, 682, 113.567, 132.377,14, 13
18, 32, 22, 995, 726, 150.526, 178.056,20, 17
18, 32, 23, 995, 989, 751.145, 962.641,111, 85
18, 32, 24, 995, 837, 595.839, 773.556,90, 67
18, 32, 25, 995, 861, 1428.9, 1650.48,179, 152
18, 32, 26, 995, 915, 137.855, 182.117,24, 18
18, 32, 27, 995, 701, 83.2753, 99.8296,12, 10
18, 32, 28, 995, 754, 92.7246, 146.57,16, 10
18, 32, 29, 995, 872, 56.0284, 63.1838,8, 7
18, 32, 30, 995, 862, 44.4454, 51.3357,7, 6
18, 32, 31, 995, 670, 31.758, 31.758,3, 3
18, 32, 33, 995, 772, 77.1913, 104.168,14, 10
18, 32, 34, 995, 681, 123.753, 145.841,16, 14
18, 32, 35, 995, 748, 394.565, 479.007,54, 44
18, 32, 36, 995, 787, 132.55, 181.703,24, 17
18, 32, 37, 995, 1001, 13227.3, 14339.4,643, 529
18, 32, 38, 995, 793, 96.4796, 161.419,19, 11
18, 32, 39, 995, 762, 318.927, 406.494,49, 37
18, 32, 40, 995, 776, 47.8913, 61.6623,8, 6
18, 32, 41, 995, 685, 17.2733, 17.2733,2, 2
18, 32, 42, 995, 696, 94.9822, 109.785,14, 12
18, 32, 43, 995, 683, 120.291, 157.705,20, 15
18, 32, 44, 995, 758, 98.5917, 108.831,13, 12
18, 32, 45, 995, 831, 192.481, 245.038,31, 24
18, 32, 46, 995, 849, 180.825, 239.733,31, 23
18, 32, 47, 995, 872, 291.53, 405.209,51, 36
18, 33, 1, 772, 745, 22.0093, 29.0235,4, 3
18, 33, 2, 772, 672, 104.044, 149.434,18, 12
18, 33, 3, 772, 608, 52.9235, 73.4943,10, 7
18, 33, 4, 772, 952, 53.4601, 67.7346,9, 7
18, 33, 5, 772, 962, 156.398, 207.104,26, 19
18, 33, 6, 772, 897, 492.951, 1084.18,130, 56
18, 33, 7, 772, 783, 94.1155, 113.257,13, 11
18, 33, 8, 772, 817, 127.372, 177.472,21, 15
18, 33, 9, 772, 680, 583.49, 1395.5,169, 65
18, 33, 10, 772, 772, 750.471, 1640.29,192, 81
18, 33, 11, 772, 816, 661.3, 1390.62,159, 70
18, 33, 12, 772, 799, 286.234, 440.758,51, 31
18, 33, 13, 772, 963, 254.54, 388.298,49, 31
18, 33, 14, 772, 848, 14.3093, 21.0626,3, 2
18, 33, 15, 772, 728, 141.358, 163.368,19, 16
18, 33, 16, 772, 823, 128.974, 433.785,46, 12
18, 33, 17, 772, 780, 91.853, 203.91,25, 11
18, 33, 18, 772, 689, 76.8004, 114.739,14, 9
18, 33, 19, 772, 764, 128.625, 158.758,19, 15
18, 33, 20, 772, 826, 122.506, 136.683,16, 14
18, 33, 21, 772, 682, 124.735, 172.304,21, 15
18, 33, 22, 772, 726, 92.8214, 99.9742,12, 11
18, 33, 23, 772, 989, 110.803, 347.576,41, 13
18, 33, 24, 772, 837, 144.379, 254.241,34, 19
18, 33, 25, 772, 861, 115.616, 159.74,19, 14
18, 33, 26, 772, 915, 50.7299, 57.7273,8, 7
18, 33, 27, 772, 701, 70.3062, 77.1938,10, 9
18, 33, 28, 772, 754, 196.774, 225.79,25, 22
18, 33, 29, 772, 872, 1597.31, 2135.27,237, 168
18, 33, 30, 772, 862, 236.255, 250.898,30, 28
18, 33, 31, 772, 670, 155.63, 187.253,22, 18
18, 33, 32, 772, 995, 47.3755, 104.167,14, 6
18, 33, 34, 772, 681, 190.8, 213.208,23, 20
18, 33, 35, 772, 748, 320.713, 662.154,82, 39
18, 33, 36, 772, 787, 193.044, 278.177,33, 22
18, 33, 37, 772, 1001, 47.3594, 90.6035,12, 6
18, 33, 38, 772, 793, 1918.53, 3603.29,414, 201
18, 33, 39, 772, 762, 791.492, 1761.49,196, 80
18, 33, 40, 772, 776, 292.851, 381.964,46, 34
18, 33, 41, 772, 685, 390.633, 455.903,50, 43
18, 33, 42, 772, 696, 818.678, 1386.09,158, 89
18, 33, 43, 772, 683, 1332.41, 2850.34,319, 134
18, 33, 44, 772, 758, 104.487, 184.912,18, 11
18, 33, 45, 772, 831, 491.554, 1010.47,123, 56
18, 33, 46, 772, 849, 197.096, 372.202,45, 23
18, 33, 47, 772, 872, 395.231, 979.92,112, 42
18, 34, 1, 681, 745, 37.6682, 44.4919,6, 5
18, 34, 2, 681, 672, 217.09, 231.542,26, 24
18, 34, 3, 681, 608, 86.1312, 102.924,10, 8
18, 34, 4, 681, 952, 153.079, 170.258,21, 19
18, 34, 5, 681, 962, 243.275, 286.037,34, 29
18, 34, 6, 681, 897, 330.175, 391.802,45, 37
18, 34, 7, 681, 783, 363.53, 392.181,44, 40
18, 34, 8, 681, 817, 321.526, 344.552,38, 35
18, 34, 9, 681, 680, 25.1115, 25.1115,3, 3
18, 34, 10, 681, 772, 157.427, 188.776,22, 18
18, 34, 11, 681, 816, 469.711, 510.341,54, 49
18, 34, 12, 681, 799, 490.738, 558.403,64, 55
18, 34, 13, 681, 963, 360.354, 393.998,45, 41
18, 34, 14, 681, 848, 190.262, 197.734,24, 23
18, 34, 15, 681, 728, 424.421, 488.589,55, 47
18, 34, 16, 681, 823, 124.22, 149.845,18, 15
18, 34, 17, 681, 780, 301.606, 357.082,42, 35
18, 34, 18, 681, 689, 456.284, 488.983,56, 52
18, 34, 19, 681, 764, 291.775, 346.905,42, 35
18, 34, 20, 681, 826, 438.791, 468.517,51, 47
18, 34, 21, 681, 682, 431.501, 516.12,57, 47
18, 34, 22, 681, 726, 384.346, 461.962,50, 40
18, 34, 23, 681, 989, 158.446, 198.464,24, 19
18, 34, 24, 681, 837, 122.687, 151.486,18, 14
18, 34, 25, 681, 861, 344.355, 405.372,44, 36
18, 34, 26, 681, 915, 257.777, 282.374,34, 31
18, 34, 27, 681, 701, 101.521, 108.229,13, 12
18, 34, 28, 681, 754, 204.997, 252.458,27, 21
18, 34, 29, 681, 872, 193.93, 209.359,26, 24
18, 34, 30, 681, 862, 231.886, 253.488,31, 28
18, 34, 31, 681, 670, 201.839, 237.293,27, 23
18, 34, 32, 681, 995, 118.569, 145.841,16, 13
18, 34, 33, 681, 772, 191.358, 213.209,23, 20
18, 34, 35, 681, 748, 655.944, 744.816,84, 73
18, 34, 36, 681, 787, 837.956, 996.191,115, 95
18, 34, 37, 681, 1001, 151.255, 165.652,21, 19
18, 34, 38, 681, 793, 44.8747, 53.0737,5, 4
18, 34, 39, 681, 762, 363.841, 409.062,48, 42
18, 34, 40, 681, 776, 261.334, 299.299,35, 30
18, 34, 41, 681, 685, 226.238, 256.119,30, 26
18, 34, 42, 681, 696, 265.22, 314.068,35, 29
18, 34, 43, 681, 683, 222.033, 258.25,29, 24
18, 34, 44, 681, 758, 292.855, 334.253,39, 34
18, 34, 45, 681, 831, 99.0724, 123.024,14, 11
18, 34, 46, 681, 849, 389.968, 412.006,48, 45
18, 34, 47, 681, 872, 238.2, 294.247,32, 25
18, 35, 1, 748, 745, 108.706, 115.848,15, 14
18, 35, 2, 748, 672, 108.401, 116.102,14, 13
18, 35, 3, 748, 608, 100.041, 100.041,12, 12
18, 35, 4, 748, 952, 67.3982, 94.9385,11, 8
18, 35, 5, 748, 962, 101.402, 164.429,21, 13
18, 35, 6, 748, 897, 573.085, 840.199,94, 61
18, 35, 7, 748, 783, 187.323, 194.021,24, 23
18, 35, 8, 748, 817, 101.296, 101.296,13, 13
18, 35, 9, 748, 680, 556.693, 797.901,96, 65
18, 35, 10, 748, 772, 840.788, 1146.2,122, 86
18, 35, 11, 748, 816, 685.215, 997.937,112, 74
18, 35, 12, 748, 799, 290.988, 394.816,47, 34
18, 35, 13, 748, 963, 113.316, 113.316,15, 15
18, 35, 14, 748, 848, 264.805, 271.825,32, 31
18, 35, 15, 748, 728, 157.954, 171.546,21, 19
18, 35, 16, 748, 823, 526.037, 679.958,75, 56
18, 35, 17, 748, 780, 332.971, 394.922,45, 37
18, 35, 18, 748, 689, 246.587, 254.555,31, 30
18, 35, 19, 748, 764, 73.4168, 87.9286,11, 9
18, 35, 20, 748, 826, 119.638, 135.892,17, 15
18, 35, 21, 748, 682, 81.3933, 81.3933,9, 9
18, 35, 22, 748, 726, 144.263, 144.263,16, 16
18, 35, 23, 748, 989, 448.916, 641.737,67, 44
18, 35, 24, 748, 837, 508.013, 753.83,76, 49
18, 35, 25, 748, 861, 247.911, 293.061,34, 28
18, 35, 26, 748, 915, 69.7983, 69.7983,9, 9
18, 35, 27, 748, 701, 97.0863, 119.665,14, 11
18, 35, 28, 748, 754, 179.895, 202.643,22, 19
18, 35, 29, 748, 872, 126.269, 154.745,19, 15
18, 35, 30, 748, 862, 29.7942, 36.8271,5, 4
18, 35, 31, 748, 670, 88.2006, 109.423,14, 11
18, 35, 32, 748, 995, 385.763, 479.006,54, 43
18, 35, 33, 748, 772, 470.799, 662.154,82, 57
18, 35, 34, 748, 681, 690.358, 744.813,84, 77
18, 35, 36, 748, 787, 300.208, 388.791,48, 36
18, 35, 37, 748, 1001, 324.527, 385.571,44, 36
18, 35, 38, 748, 793, 711.146, 1171.05,133, 75
18, 35, 39, 748, 762, 1304.39, 1802.02,196, 136
18, 35, 40, 748, 776, 75.1764, 99.0489,10, 7
18, 35, 41, 748, 685, 41.9342, 41.9342,6, 6
18, 35, 42, 748, 696, 220.841, 381.728,49, 27
18, 35, 43, 748, 683, 573.179, 892.6,103, 63
18, 35, 44, 748, 758, 132.203, 149.423,18, 16
18, 35, 45, 748, 831, 692.482, 954.111,107, 74
18, 35, 46, 748, 849, 294.49, 414.153,46, 32
18, 35, 47, 748, 872, 490.737, 773.894,81, 47
18, 36, 1, 787, 745, 44.6598, 44.6598,6, 6
18, 36, 2, 787, 672, 150.019, 162.464,18, 17
18, 36, 3, 787, 608, 57.4078, 57.4078,7, 7
18, 36, 4, 787, 952, 171.259, 292.469,32, 19
18, 36, 5, 787, 962, 295.223, 319.128,36, 33
18, 36, 6, 787, 897, 377.475, 521.293,60, 42
18, 36, 7, 787, 783, 310.818, 346.94,41, 36
18, 36, 8, 787, 817, 237.206, 322.668,40, 29
18, 36, 9, 787, 680, 208.92, 298.221,33, 22
18, 36, 10, 787, 772, 426.858, 526.189,58, 46
18, 36, 11, 787, 816, 853.405, 1056.08,117, 94
18, 36, 12, 787, 799, 984.033, 1226.86,123, 95
18, 36, 13, 787, 963, 606.946, 687.029,80, 69
18, 36, 14, 787, 848, 126.025, 147.24,18, 15
18, 36, 15, 787, 728, 231.442, 238.112,26, 25
18, 36, 16, 787, 823, 186.996, 209.981,24, 21
18, 36, 17, 787, 780, 248.824, 264.412,32, 30
18, 36, 18, 787, 689, 271.706, 318.861,35, 29
18, 36, 19, 787, 764, 264.452, 336.132,40, 31
18, 36, 20, 787, 826, 294.21, 345.506,38, 31
18, 36, 21, 787, 682, 305.084, 345.505,40, 35
18, 36, 22, 787, 726, 201.466, 248.388,30, 24
18, 36, 23, 787, 989, 188.289, 240.152,30, 23
18, 36, 24, 787, 837, 169.704, 237.084,29, 20
18, 36, 25, 787, 861, 258.107, 281.148,34, 31
18, 36, 26, 787, 915, 160.153, 237.097,30, 20
18, 36, 27, 787, 701, 122.493, 145.053,17, 14
18, 36, 28, 787, 754, 283.733, 330.835,36, 30
18, 36, 29, 787, 872, 239.241, 283.629,31, 25
18, 36, 30, 787, 862, 186.247, 250.2,31, 23
18, 36, 31, 787, 670, 179.67, 205.185,23, 20
18, 36, 32, 787, 995, 160.35, 181.703,24, 21
18, 36, 33, 787, 772, 245.295, 278.178,33, 29
18, 36, 34, 787, 681, 878.505, 996.193,115, 101
18, 36, 35, 787, 748, 312.158, 388.791,48, 37
18, 36, 37, 787, 1001, 115.889, 122.577,16, 15
18, 36, 38, 787, 793, 89.0524, 103.473,10, 8
18, 36, 39, 787, 762, 894.72, 1026.75,110, 95
18, 36, 40, 787, 776, 315.034, 399.815,45, 34
18, 36, 41, 787, 685, 333.57, 388.216,46, 39
18, 36, 42, 787, 696, 417.725, 503.212,57, 46
18, 36, 43, 787, 683, 245.643, 296.286,34, 28
18, 36, 44, 787, 758, 279.022, 325.873,38, 32
18, 36, 45, 787, 831, 315.359, 467.131,53, 35
18, 36, 46, 787, 849, 449.471, 576.21,66, 49
18, 36, 47, 787, 872, 329.474, 417.462,48, 37
18, 37, 1, 1001, 745, 246.182, 267.786,32, 29
18, 37, 2, 1001, 672, 57.2945, 73.8252,7, 5
18, 37, 3, 1001, 608, 125.641, 149.114,16, 13
18, 37, 4, 1001, 952, 41.5279, 58.4267,7, 5
18, 37, 5, 1001, 962, 92.8021, 106.674,14, 12
18, 37, 6, 1001, 897, 108.795, 145.55,19, 14
18, 37, 7, 1001, 783, 820.594, 870.889,97, 91
18, 37, 8, 1001, 817, 176.697, 216.993,28, 23
18, 37, 9, 1001, 680, 128.507, 201.263,27, 17
18, 37, 10, 1001, 772, 221.374, 263.98,30, 24
18, 37, 11, 1001, 816, 162.733, 180.21,22, 20
18, 37, 12, 1001, 799, 129.198, 168.654,20, 15
18, 37, 13, 1001, 963, 25.9797, 40.1547,5, 3
18, 37, 14, 1001, 848, 1669.35, 1928.94,208, 176
18, 37, 15, 1001, 728, 462.278, 480.49,55, 53
18, 37, 16, 1001, 823, 602.88, 724.773,88, 73
18, 37, 17, 1001, 780, 407.187, 478.93,55, 46
18, 37, 18, 1001, 689, 121.509, 129.065,17, 16
18, 37, 19, 1001, 764, 80.3759, 80.3759,11, 11
18, 37, 20, 1001, 826, 775.305, 866.746,97, 86
18, 37, 21, 1001, 682, 80.681, 87.4095,10, 9
18, 37, 22, 1001, 726, 201.117, 216.652,26, 24
18, 37, 23, 1001, 989, 712.746, 782.56,94, 85
18, 37, 24, 1001, 837, 561.167, 650.021,81, 69
18, 37, 25, 1001, 861, 1381, 1523.33,162, 144
18, 37, 26, 1001, 915, 132.19, 146.479,19, 17
18, 37, 27, 1001, 701, 94.8081, 111.034,14, 12
18, 37, 28, 1001, 754, 123.887, 148.067,17, 14
18, 37, 29, 1001, 872, 26.7929, 34.1416,4, 3
18, 37, 30, 1001, 862, 63.8233, 70.6264,9, 8
18, 37, 31, 1001, 670, 101.073, 109.974,14, 13
18, 37, 32, 1001, 995, 13342.5, 14339.5,643, 541
18, 37, 33, 1001, 772, 48.9804, 90.6034,12, 6
18, 37, 34, 1001, 681, 165.652, 165.652,21, 21
18, 37, 35, 1001, 748, 346.891, 385.572,44, 39
18, 37, 36, 1001, 787, 114.704, 122.577,16, 15
18, 37, 38, 1001, 793, 83.123, 129.398,16, 10
18, 37, 39, 1001, 762, 235.669, 279.45,36, 30
18, 37, 40, 1001, 776, 32.7969, 39.5572,5, 4
18, 37, 41, 1001, 685, 23.0639, 23.0639,3, 3
18, 37, 42, 1001, 696, 27.8669, 27.8669,3, 3
18, 37, 43, 1001, 683, 86.7428, 86.7428,11, 11
18, 37, 44, 1001, 758, 60.5152, 80.3314,9, 7
18, 37, 45, 1001, 831, 167.255, 203.125,26, 21
18, 37, 46, 1001, 849, 142.74, 171.983,23, 19
18, 37, 47, 1001, 872, 309.433, 410.027,52, 38
18, 38, 1, 793, 745, 61.3918, 123.67,16, 8
18, 38, 2, 793, 672, 72.184, 95.9651,9, 7
18, 38, 3, 793, 608, 83.0171, 101.641,12, 10
18, 38, 4, 793, 952, 37.9212, 60.7706,7, 4
18, 38, 5, 793, 962, 85.4351, 144.918,18, 10
18, 38, 6, 793, 897, 447.534, 901.367,108, 50
18, 38, 7, 793, 783, 28.1343, 36.1785,4, 3
18, 38, 8, 793, 817, 29.6661, 29.6661,4, 4
18, 38, 9, 793, 680, 634.788, 1842.87,220, 70
18, 38, 10, 793, 772, 787.256, 2007.97,229, 80
18, 38, 11, 793, 816, 469.823, 1048.67,128, 54
18, 38, 12, 793, 799, 99.0267, 138.234,16, 11
18, 38, 13, 793, 963, 47.1757, 76.0476,10, 6
18, 38, 14, 793, 848, 18.4045, 27.2429,3, 2
18, 38, 15, 793, 728, 62.8854, 91.0996,10, 7
18, 38, 16, 793, 823, 142.67, 183.398,21, 16
18, 38, 17, 793, 780, 47.112, 68.6423,7, 5
18, 38, 18, 793, 689, 40.5924, 48.4753,6, 5
18, 38, 19, 793, 764, 14.4489, 21.1622,3, 2
18, 38, 20, 793, 826, 35.5924, 47.1603,5, 4
18, 38, 21, 793, 682, 30.0512, 38.634,4, 3
18, 38, 22, 793, 726, 34.7715, 49.0798,4, 3
18, 38, 23, 793, 989, 118.617, 285.731,36, 14
18, 38, 24, 793, 837, 176.137, 315.478,38, 21
18, 38, 25, 793, 861, 40.8242, 50.3859,5, 4
18, 38, 26, 793, 915, 25.547, 61.6258,8, 3
18, 38, 27, 793, 701, 78.5038, 90.5549,9, 8
18, 38, 28, 793, 754, 94.8957, 123.723,12, 10
18, 38, 29, 793, 872, 680.214, 1040.26,124, 77
18, 38, 30, 793, 862, 136.079, 164.662,20, 16
18, 38, 31, 793, 670, 65.4357, 65.4357,9, 9
18, 38, 32, 793, 995, 98.617, 161.419,19, 11
18, 38, 33, 793, 772, 1624.12, 3603.3,414, 166
18, 38, 34, 793, 681, 43.0408, 53.0742,5, 4
18, 38, 35, 793, 748, 460.745, 1171.05,133, 47
18, 38, 36, 793, 787, 93.2098, 103.472,10, 9
18, 38, 37, 793, 1001, 76.465, 129.398,16, 9
18, 38, 39, 793, 762, 753.272, 1947.83,221, 77
18, 38, 40, 793, 776, 93.6648, 100.971,11, 10
18, 38, 41, 793, 685, 99.4644, 123.487,16, 13
18, 38, 42, 793, 696, 288.767, 547.862,69, 35
18, 38, 43, 793, 683, 1086.94, 2801.39,320, 110
18, 38, 44, 793, 758, 51.1221, 96.9851,12, 6
18, 38, 45, 793, 831, 519.785, 1348.44,162, 57
18, 38, 46, 793, 849, 92.1217, 150.718,19, 11
18, 38, 47, 793, 872, 299.476, 863.924,105, 33
18, 39, 1, 762, 745, 101.98, 108.95,14, 13
18, 39, 2, 762, 672, 84.9529, 99.63,11, 9
18, 39, 3, 762, 608, 120.805, 120.805,14, 14
18, 39, 4, 762, 952, 119.537, 135.603,17, 15
18, 39, 5, 762, 962, 129.742, 183.958,23, 16
18, 39, 6, 762, 897, 755.159, 1452.32,161, 77
18, 39, 7, 762, 783, 103.805, 125.039,16, 13
18, 39, 8, 762, 817, 56.258, 56.258,7, 7
18, 39, 9, 762, 680, 1048.61, 1935.95,220, 112
18, 39, 10, 762, 772, 1608.96, 2733.75,300, 165
18, 39, 11, 762, 816, 1162.94, 1972.92,220, 122
18, 39, 12, 762, 799, 296.585, 478.52,58, 34
18, 39, 13, 762, 963, 151.477, 172.55,22, 19
18, 39, 14, 762, 848, 192.444, 207.425,24, 22
18, 39, 15, 762, 728, 59.2407, 59.2407,7, 7
18, 39, 16, 762, 823, 473.001, 849.41,97, 53
18, 39, 17, 762, 780, 305.756, 380.825,43, 34
18, 39, 18, 762, 689, 131.047, 138.698,18, 17
18, 39, 19, 762, 764, 45.7089, 75.2365,10, 6
18, 39, 20, 762, 826, 78.7519, 78.7519,10, 10
18, 39, 21, 762, 682, 51.6708, 51.6708,6, 6
18, 39, 22, 762, 726, 170.56, 194.003,21, 18
18, 39, 23, 762, 989, 368.741, 656.241,69, 39
18, 39, 24, 762, 837, 431.847, 770.447,82, 45
18, 39, 25, 762, 861, 138.914, 160.333,19, 16
18, 39, 26, 762, 915, 41.7934, 41.7934,5, 5
18, 39, 27, 762, 701, 130.682, 146.29,18, 16
18, 39, 28, 762, 754, 115.755, 115.755,11, 11
18, 39, 29, 762, 872, 219.086, 395.718,47, 25
18, 39, 30, 762, 862, 31.0846, 51.79,7, 4
18, 39, 31, 762, 670, 77.0899, 106.614,14, 10
18, 39, 32, 762, 995, 300.371, 406.495,49, 35
18, 39, 33, 762, 772, 838.372, 1761.49,196, 87
18, 39, 34, 762, 681, 393.905, 409.063,48, 46
18, 39, 35, 762, 748, 1236.26, 1802.01,196, 128
18, 39, 36, 762, 787, 833.221, 1026.75,110, 87
18, 39, 37, 762, 1001, 243.247, 279.451,36, 31
18, 39, 38, 762, 793, 1089.08, 1947.83,221, 112
18, 39, 40, 762, 776, 117.536, 245.123,30, 14
18, 39, 41, 762, 685, 105.733, 127.027,16, 13
18, 39, 42, 762, 696, 298.606, 465.679,56, 34
18, 39, 43, 762, 683, 927.649, 1779.61,201, 94
18, 39, 44, 762, 758, 139.405, 198.539,21, 16
18, 39, 45, 762, 831, 945.631, 1569.38,181, 102
18, 39, 46, 762, 849, 298.658, 500.997,57, 33
18, 39, 47, 762, 872, 651.677, 1255.2,137, 69
18, 40, 1, 776, 745, 7.54868, 7.54868,1, 1
18, 40, 2, 776, 672, 107.236, 152.791,18, 12
18, 40, 3, 776, 608, 0, 0,0, 0
18, 40, 4, 776, 952, 175.964, 210.715,28, 23
18, 40, 5, 776, 962, 247.902, 329.11,40, 29
18, 40, 6, 776, 897, 210.305, 303.946,34, 24
18, 40, 7, 776, 783, 161.898, 194.648,23, 19
18, 40, 8, 776, 817, 564.62, 738.348,83, 61
18, 40, 9, 776, 680, 55.5694, 85.082,11, 7
18, 40, 10, 776, 772, 112.586, 178.208,22, 14
18, 40, 11, 776, 816, 265.659, 312.297,38, 32
18, 40, 12, 776, 799, 379.186, 454.1,53, 43
18, 40, 13, 776, 963, 619.114, 738.188,81, 67
18, 40, 14, 776, 848, 7.52059, 7.52059,1, 1
18, 40, 15, 776, 728, 164.311, 172.085,20, 19
18, 40, 16, 776, 823, 71.5208, 157.258,15, 7
18, 40, 17, 776, 780, 61.8989, 92.8615,12, 8
18, 40, 18, 776, 689, 173.589, 204.453,25, 21
18, 40, 19, 776, 764, 486.017, 642.476,76, 55
18, 40, 20, 776, 826, 185.996, 218.661,27, 23
18, 40, 21, 776, 682, 263.247, 351.687,40, 29
18, 40, 22, 776, 726, 103.668, 140.969,18, 13
18, 40, 23, 776, 989, 95.8863, 216.571,28, 12
18, 40, 24, 776, 837, 51.6036, 107.196,13, 6
18, 40, 25, 776, 861, 113.754, 159.483,19, 13
18, 40, 26, 776, 915, 192.914, 297.256,37, 23
18, 40, 27, 776, 701, 50.9087, 57.9535,8, 7
18, 40, 28, 776, 754, 161.623, 190.161,22, 19
18, 40, 29, 776, 872, 690.162, 913.044,98, 72
18, 40, 30, 776, 862, 430.884, 563.44,67, 49
18, 40, 31, 776, 670, 176.764, 240.427,26, 18
18, 40, 32, 776, 995, 40.1101, 61.6619,8, 5
18, 40, 33, 776, 772, 297.768, 381.964,46, 36
18, 40, 34, 776, 681, 226.122, 299.297,35, 26
18, 40, 35, 776, 748, 49.7238, 99.049,10, 5
18, 40, 36, 776, 787, 308.628, 399.815,45, 35
18, 40, 37, 776, 1001, 31.9392, 39.5574,5, 4
18, 40, 38, 776, 793, 69.0985, 100.971,11, 8
18, 40, 39, 776, 762, 117.681, 245.123,30, 14
18, 40, 41, 776, 685, 1828.47, 2135.42,218, 180
18, 40, 42, 776, 696, 1034.33, 1171.7,131, 113
18, 40, 43, 776, 683, 503.241, 567.687,67, 59
18, 40, 44, 776, 758, 165.673, 215.515,28, 21
18, 40, 45, 776, 831, 82.7934, 132.849,16, 10
18, 40, 46, 776, 849, 235.189, 341.456,41, 27
18, 40, 47, 776, 872, 182.642, 288.522,32, 20
18, 41, 1, 685, 745, 14.3741, 14.3741,2, 2
18, 41, 2, 685, 672, 146.35, 173.115,20, 17
18, 41, 3, 685, 608, 7.05972, 7.05972,1, 1
18, 41, 4, 685, 952, 66.3306, 101.934,12, 8
18, 41, 5, 685, 962, 214.662, 237.234,30, 27
18, 41, 6, 685, 897, 164.817, 205.445,25, 20
18, 41, 7, 685, 783, 106.996, 153.262,18, 12
18, 41, 8, 685, 817, 362.78, 478.502,57, 43
18, 41, 9, 685, 680, 22.2898, 35.9634,5, 3
18, 41, 10, 685, 772, 112.436, 154.675,18, 13
18, 41, 11, 685, 816, 239.016, 360.878,42, 27
18, 41, 12, 685, 799, 430.613, 560.918,66, 49
18, 41, 13, 685, 963, 395.464, 531.577,57, 42
18, 41, 14, 685, 848, 33.7708, 33.7708,4, 4
18, 41, 15, 685, 728, 126.128, 156.551,20, 16
18, 41, 16, 685, 823, 14.7119, 14.7119,2, 2
18, 41, 17, 685, 780, 56.6249, 56.6249,6, 6
18, 41, 18, 685, 689, 194.791, 224.21,28, 24
18, 41, 19, 685, 764, 296.06, 361.365,42, 34
18, 41, 20, 685, 826, 153.983, 198.627,24, 18
18, 41, 21, 685, 682, 232.69, 322.219,37, 26
18, 41, 22, 685, 726, 96.2855, 112.737,14, 12
18, 41, 23, 685, 989, 21.8235, 21.8235,3, 3
18, 41, 24, 685, 837, 23.0451, 30.2072,4, 3
18, 41, 25, 685, 861, 141.342, 184.84,20, 15
18, 41, 26, 685, 915, 153.331, 212.939,27, 19
18, 41, 27, 685, 701, 71.4316, 79.1957,10, 9
18, 41, 28, 685, 754, 161.316, 200.042,21, 17
18, 41, 29, 685, 872, 613.952, 712.569,78, 67
18, 41, 30, 685, 862, 300.492, 340.621,41, 36
18, 41, 31, 685, 670, 90.6893, 117.587,13, 10
18, 41, 32, 685, 995, 17.2733, 17.2733,2, 2
18, 41, 33, 685, 772, 392.237, 455.903,50, 43
18, 41, 34, 685, 681, 214.412, 256.119,30, 25
18, 41, 35, 685, 748, 41.9341, 41.9341,6, 6
18, 41, 36, 685, 787, 302.34, 388.216,46, 35
18, 41, 37, 685, 1001, 23.0639, 23.0639,3, 3
18, 41, 38, 685, 793, 123.487, 123.487,16, 16
18, 41, 39, 685, 762, 94.8248, 127.027,16, 12
18, 41, 40, 685, 776, 1784, 2135.42,218, 176
18, 41, 42, 685, 696, 1303.64, 1546.67,154, 128
18, 41, 43, 685, 683, 703.516, 830.446,92, 76
18, 41, 44, 685, 758, 171.491, 187.536,21, 19
18, 41, 45, 685, 831, 58.24, 106.706,13, 7
18, 41, 46, 685, 849, 115.498, 162.276,19, 13
18, 41, 47, 685, 872, 64.1768, 113.124,13, 7
18, 42, 1, 696, 745, 6.7623, 6.7623,1, 1
18, 42, 2, 696, 672, 130.963, 139.215,17, 16
18, 42, 3, 696, 608, 34.8457, 34.8457,4, 4
18, 42, 4, 696, 952, 93.7823, 122.058,16, 12
18, 42, 5, 696, 962, 200.145, 267.909,31, 22
18, 42, 6, 696, 897, 195.522, 293.838,37, 24
18, 42, 7, 696, 783, 106.306, 113.508,14, 13
18, 42, 8, 696, 817, 228.406, 250.217,30, 27
18, 42, 9, 696, 680, 115.023, 153.877,20, 15
18, 42, 10, 696, 772, 235.13, 262.525,34, 30
18, 42, 11, 696, 816, 585.631, 798.469,93, 66
18, 42, 12, 696, 799, 537.057, 725.151,85, 60
18, 42, 13, 696, 963, 426.792, 474.644,54, 48
18, 42, 14, 696, 848, 67.769, 74.6022,10, 9
18, 42, 15, 696, 728, 167.89, 174.664,20, 19
18, 42, 16, 696, 823, 53.8083, 75.3199,10, 7
18, 42, 17, 696, 780, 85.9572, 85.9572,11, 11
18, 42, 18, 696, 689, 287.001, 374.363,41, 30
18, 42, 19, 696, 764, 297.491, 327.681,39, 35
18, 42, 20, 696, 826, 164.865, 179.294,22, 20
18, 42, 21, 696, 682, 238.369, 263.527,29, 26
18, 42, 22, 696, 726, 120.924, 127.822,14, 13
18, 42, 23, 696, 989, 139.946, 313.08,41, 18
18, 42, 24, 696, 837, 82.4626, 192.983,25, 10
18, 42, 25, 696, 861, 148.923, 200.901,25, 18
18, 42, 26, 696, 915, 68.6576, 68.6576,9, 9
18, 42, 27, 696, 701, 81.9334, 89.3432,11, 10
18, 42, 28, 696, 754, 218.071, 251.485,30, 26
18, 42, 29, 696, 872, 738.19, 1215.04,139, 80
18, 42, 30, 696, 862, 248.987, 272.557,33, 30
18, 42, 31, 696, 670, 220.919, 353.857,40, 25
18, 42, 32, 696, 995, 72.6143, 109.786,14, 9
18, 42, 33, 696, 772, 736.623, 1386.1,158, 81
18, 42, 34, 696, 681, 276.557, 314.068,35, 30
18, 42, 35, 696, 748, 182.981, 381.728,49, 23
18, 42, 36, 696, 787, 439.186, 503.213,57, 49
18, 42, 37, 696, 1001, 27.8671, 27.8671,3, 3
18, 42, 38, 696, 793, 366.244, 547.862,69, 45
18, 42, 39, 696, 762, 248.235, 465.679,56, 29
18, 42, 40, 696, 776, 1046.07, 1171.7,131, 115
18, 42, 41, 696, 685, 1360.65, 1546.67,154, 132
18, 42, 43, 696, 683, 1508.33, 2348.43,257, 160
18, 42, 44, 696, 758, 213.315, 228.725,27, 25
18, 42, 45, 696, 831, 126.138, 194.338,25, 16
18, 42, 46, 696, 849, 276.904, 320.27,39, 33
18, 42, 47, 696, 872, 274.307, 401.209,50, 33
18, 43, 1, 683, 745, 31.8625, 55.0726,7, 4
18, 43, 2, 683, 672, 182.862, 248.831,29, 21
18, 43, 3, 683, 608, 45.2131, 45.2131,6, 6
18, 43, 4, 683, 952, 54.2512, 89.7014,12, 7
18, 43, 5, 683, 962, 205.541, 235.228,29, 25
18, 43, 6, 683, 897, 560.206, 1098.47,131, 62
18, 43, 7, 683, 783, 206.108, 241.471,26, 22
18, 43, 8, 683, 817, 119.931, 195.547,22, 13
18, 43, 9, 683, 680, 622.018, 1270.49,144, 64
18, 43, 10, 683, 772, 849.141, 1494,181, 97
18, 43, 11, 683, 816, 693.225, 1311.44,152, 74
18, 43, 12, 683, 799, 313.023, 558.049,61, 32
18, 43, 13, 683, 963, 161.9, 213.976,25, 18
18, 43, 14, 683, 848, 61.4997, 61.4997,8, 8
18, 43, 15, 683, 728, 120.404, 162.876,20, 15
18, 43, 16, 683, 823, 139.993, 292.809,36, 16
18, 43, 17, 683, 780, 134.213, 164.294,21, 17
18, 43, 18, 683, 689, 97.5361, 120.702,15, 12
18, 43, 19, 683, 764, 156.566, 209.599,25, 19
18, 43, 20, 683, 826, 95.2026, 121.718,14, 11
18, 43, 21, 683, 682, 171.225, 252.444,30, 20
18, 43, 22, 683, 726, 124.219, 141.571,16, 14
18, 43, 23, 683, 989, 157.485, 274.708,33, 18
18, 43, 24, 683, 837, 200.515, 338.143,43, 25
18, 43, 25, 683, 861, 148.241, 230.838,27, 17
18, 43, 26, 683, 915, 50.2413, 50.2413,6, 6
18, 43, 27, 683, 701, 126.599, 133.775,16, 15
18, 43, 28, 683, 754, 236.997, 303.828,37, 28
18, 43, 29, 683, 872, 473.056, 705.539,86, 55
18, 43, 30, 683, 862, 184.229, 227.566,28, 22
18, 43, 31, 683, 670, 196.685, 290.66,33, 21
18, 43, 32, 683, 995, 98.6646, 157.705,20, 12
18, 43, 33, 683, 772, 1376.09, 2850.34,319, 140
18, 43, 34, 683, 681, 199.664, 258.25,29, 21
18, 43, 35, 683, 748, 521.532, 892.6,103, 57
18, 43, 36, 683, 787, 202.308, 296.287,34, 23
18, 43, 37, 683, 1001, 73.0783, 86.7429,11, 9
18, 43, 38, 683, 793, 1422.7, 2801.39,320, 147
18, 43, 39, 683, 762, 927.136, 1779.61,201, 95
18, 43, 40, 683, 776, 461.489, 567.688,67, 53
18, 43, 41, 683, 685, 659.854, 830.445,92, 71
18, 43, 42, 683, 696, 1482.83, 2348.43,257, 156
18, 43, 44, 683, 758, 141.492, 166.771,18, 15
18, 43, 45, 683, 831, 492.747, 915.588,110, 55
18, 43, 46, 683, 849, 296.123, 416.888,50, 34
18, 43, 47, 683, 872, 493.741, 841.809,93, 50
18, 44, 1, 758, 745, 30.5137, 30.5137,4, 4
18, 44, 2, 758, 672, 74.6403, 74.6403,9, 9
18, 44, 3, 758, 608, 40.1056, 46.9575,6, 5
18, 44, 4, 758, 952, 35.8211, 42.616,6, 5
18, 44, 5, 758, 962, 668.035, 778.956,84, 70
18, 44, 6, 758, 897, 805.279, 934.694,103, 88
18, 44, 7, 758, 783, 137.385, 137.385,15, 15
18, 44, 8, 758, 817, 106.525, 115.23,14, 13
18, 44, 9, 758, 680, 61.579, 68.7756,8, 7
18, 44, 10, 758, 772, 151.066, 158.546,18, 17
18, 44, 11, 758, 816, 250.006, 279.932,32, 28
18, 44, 12, 758, 799, 389.864, 411.338,46, 43
18, 44, 13, 758, 963, 278.957, 317.41,33, 29
18, 44, 14, 758, 848, 116.147, 116.147,15, 15
18, 44, 15, 758, 728, 188.775, 195.49,25, 24
18, 44, 16, 758, 823, 154.014, 161.476,17, 16
18, 44, 17, 758, 780, 148.685, 162.729,21, 19
18, 44, 18, 758, 689, 156.215, 163.438,20, 19
18, 44, 19, 758, 764, 111.482, 111.482,13, 13
18, 44, 20, 758, 826, 143.705, 143.705,16, 16
18, 44, 21, 758, 682, 370.383, 387.47,45, 43
18, 44, 22, 758, 726, 286.51, 326.045,39, 34
18, 44, 23, 758, 989, 195.281, 245.288,30, 23
18, 44, 24, 758, 837, 93.868, 108.569,14, 12
18, 44, 25, 758, 861, 161.865, 168.906,20, 19
18, 44, 26, 758, 915, 183.652, 200.346,24, 22
18, 44, 27, 758, 701, 35.5942, 35.5942,4, 4
18, 44, 28, 758, 754, 60.1157, 60.1157,7, 7
18, 44, 29, 758, 872, 135.76, 142.891,17, 16
18, 44, 30, 758, 862, 94.5424, 94.5424,11, 11
18, 44, 31, 758, 670, 52.7208, 52.7208,5, 5
18, 44, 32, 758, 995, 92.6639, 108.83,13, 11
18, 44, 33, 758, 772, 178.14, 184.912,18, 17
18, 44, 34, 758, 681, 309.77, 334.252,39, 36
18, 44, 35, 758, 748, 141.899, 149.423,18, 17
18, 44, 36, 758, 787, 319.031, 325.872,38, 37
18, 44, 37, 758, 1001, 63.8932, 80.3318,9, 7
18, 44, 38, 758, 793, 75.6607, 96.9853,12, 9
18, 44, 39, 758, 762, 184.716, 198.538,21, 19
18, 44, 40, 758, 776, 172.669, 215.514,28, 22
18, 44, 41, 758, 685, 164.968, 187.535,21, 18
18, 44, 42, 758, 696, 190.161, 228.725,27, 22
18, 44, 43, 758, 683, 159.782, 166.769,18, 17
18, 44, 45, 758, 831, 575.81, 658.93,77, 66
18, 44, 46, 758, 849, 1632.52, 1851.12,190, 162
18, 44, 47, 758, 872, 503.52, 616.437,65, 51
18, 45, 1, 831, 745, 36.0047, 36.0047,5, 5
18, 45, 2, 831, 672, 15.0788, 15.0788,2, 2
18, 45, 3, 831, 608, 27.771, 27.771,4, 4
18, 45, 4, 831, 952, 87.642, 154.797,18, 9
18, 45, 5, 831, 962, 154.563, 168.91,21, 19
18, 45, 6, 831, 897, 1345.37, 2125.81,239, 141
18, 45, 7, 831, 783, 69.0771, 76.0978,10, 9
18, 45, 8, 831, 817, 51.4882, 58.9561,8, 7
18, 45, 9, 831, 680, 770.682, 1545.2,178, 82
18, 45, 10, 831, 772, 868.266, 1496.77,164, 90
18, 45, 11, 831, 816, 693.098, 1155.03,137, 80
18, 45, 12, 831, 799, 267.778, 431.109,52, 31
18, 45, 13, 831, 963, 138.581, 169.635,20, 16
18, 45, 14, 831, 848, 156.498, 185.725,23, 19
18, 45, 15, 831, 728, 60.0852, 60.0852,8, 8
18, 45, 16, 831, 823, 244.601, 274.002,35, 31
18, 45, 17, 831, 780, 139.855, 174.368,22, 17
18, 45, 18, 831, 689, 43.6797, 43.6797,6, 6
18, 45, 19, 831, 764, 30.605, 30.605,4, 4
18, 45, 20, 831, 826, 112.345, 135.618,17, 14
18, 45, 21, 831, 682, 60.8776, 60.8776,8, 8
18, 45, 22, 831, 726, 144.255, 173.603,21, 17
18, 45, 23, 831, 989, 400.309, 653.258,76, 45
18, 45, 24, 831, 837, 427.72, 777.43,95, 50
18, 45, 25, 831, 861, 87.3318, 94.3801,12, 11
18, 45, 26, 831, 915, 61.1532, 61.1532,8, 8
18, 45, 27, 831, 701, 28.527, 28.527,4, 4
18, 45, 28, 831, 754, 34.3867, 34.3867,4, 4
18, 45, 29, 831, 872, 116.811, 177.777,23, 15
18, 45, 30, 831, 862, 9.29298, 9.29298,1, 1
18, 45, 31, 831, 670, 14.1994, 14.1994,2, 2
18, 45, 32, 831, 995, 187.658, 245.038,31, 24
18, 45, 33, 831, 772, 564.558, 1010.47,123, 66
18, 45, 34, 831, 681, 115.87, 123.024,14, 13
18, 45, 35, 831, 748, 692.561, 954.109,107, 77
18, 45, 36, 831, 787, 298.024, 467.132,53, 33
18, 45, 37, 831, 1001, 188.973, 203.124,26, 24
18, 45, 38, 831, 793, 711.23, 1348.44,162, 82
18, 45, 39, 831, 762, 962.756, 1569.38,181, 106
18, 45, 40, 831, 776, 95.7327, 132.849,16, 11
18, 45, 41, 831, 685, 90.0504, 106.706,13, 11
18, 45, 42, 831, 696, 144.37, 194.338,25, 18
18, 45, 43, 831, 683, 487.014, 915.587,110, 55
18, 45, 44, 831, 758, 558.461, 658.929,77, 65
18, 45, 46, 831, 849, 1155.11, 1564.57,168, 120
18, 45, 47, 831, 872, 887.08, 1408.1,154, 92
18, 46, 1, 849, 745, 32.051, 39.1704,5, 4
18, 46, 2, 849, 672, 122.73, 130.263,16, 15
18, 46, 3, 849, 608, 78.415, 129.524,17, 10
18, 46, 4, 849, 952, 191.564, 292.918,37, 24
18, 46, 5, 849, 962, 480.729, 596.382,67, 52
18, 46, 6, 849, 897, 1408.62, 1864.16,209, 150
18, 46, 7, 849, 783, 291.922, 370.469,43, 33
18, 46, 8, 849, 817, 235.601, 312.044,39, 29
18, 46, 9, 849, 680, 284.204, 480.646,56, 31
18, 46, 10, 849, 772, 404.914, 630.706,72, 43
18, 46, 11, 849, 816, 591.154, 779.696,87, 63
18, 46, 12, 849, 799, 497.697, 758.735,86, 54
18, 46, 13, 849, 963, 391.126, 606.716,70, 43
18, 46, 14, 849, 848, 170.352, 186.493,21, 19
18, 46, 15, 849, 728, 194.853, 218.719,26, 23
18, 46, 16, 849, 823, 262.958, 390.231,46, 29
18, 46, 17, 849, 780, 125.289, 163.117,20, 15
18, 46, 18, 849, 689, 195.899, 255.117,29, 22
18, 46, 19, 849, 764, 155.837, 185.478,24, 20
18, 46, 20, 849, 826, 237.644, 251.603,31, 29
18, 46, 21, 849, 682, 201.536, 223.241,26, 23
18, 46, 22, 849, 726, 309.967, 387.75,47, 37
18, 46, 23, 849, 989, 329.556, 506.822,61, 38
18, 46, 24, 849, 837, 350.21, 480.938,53, 36
18, 46, 25, 849, 861, 201.71, 255.975,31, 24
18, 46, 26, 849, 915, 223.979, 253.176,32, 28
18, 46, 27, 849, 701, 71.841, 88.6764,10, 8
18, 46, 28, 849, 754, 163.399, 195.835,22, 18
18, 46, 29, 849, 872, 137.249, 205.55,26, 17
18, 46, 30, 849, 862, 98.024, 141.091,19, 13
18, 46, 31, 849, 670, 149.166, 192.937,22, 17
18, 46, 32, 849, 995, 197.307, 239.733,31, 25
18, 46, 33, 849, 772, 223.854, 372.203,45, 26
18, 46, 34, 849, 681, 351.547, 412.006,48, 40
18, 46, 35, 849, 748, 319.957, 414.151,46, 34
18, 46, 36, 849, 787, 430.148, 576.209,66, 47
18, 46, 37, 849, 1001, 164.295, 171.983,23, 22
18, 46, 38, 849, 793, 137.032, 150.718,19, 17
18, 46, 39, 849, 762, 329.771, 500.997,57, 35
18, 46, 40, 849, 776, 219.646, 341.457,41, 25
18, 46, 41, 849, 685, 148.342, 162.276,19, 17
18, 46, 42, 849, 696, 249.581, 320.27,39, 29
18, 46, 43, 849, 683, 320.51, 416.888,50, 37
18, 46, 44, 849, 758, 1527.55, 1851.12,190, 151
18, 46, 45, 849, 831, 1269.05, 1564.57,168, 131
18, 46, 47, 849, 872, 947.49, 1269.73,139, 99
18, 47, 1, 872, 745, 91.36, 160.642,20, 11
18, 47, 2, 872, 672, 125.17, 157.422,17, 13
18, 47, 3, 872, 608, 60.686, 89.5445,12, 8
18, 47, 4, 872, 952, 232.086, 277.473,35, 29
18, 47, 5, 872, 962, 310.489, 437.545,56, 39
18, 47, 6, 872, 897, 1129.18, 1753.75,192, 117
18, 47, 7, 872, 783, 255.907, 287.724,34, 30
18, 47, 8, 872, 817, 243.18, 281.873,35, 30
18, 47, 9, 872, 680, 454.144, 766.915,87, 50
18, 47, 10, 872, 772, 592.436, 1128.76,130, 64
18, 47, 11, 872, 816, 534.633, 997.213,115, 58
18, 47, 12, 872, 799, 339.301, 575.939,68, 38
18, 47, 13, 872, 963, 191.972, 311.927,38, 23
18, 47, 14, 872, 848, 261.014, 321.486,39, 32
18, 47, 15, 872, 728, 248.942, 262.409,32, 30
18, 47, 16, 872, 823, 285.897, 597.704,69, 30
18, 47, 17, 872, 780, 191.295, 296.887,35, 21
18, 47, 18, 872, 689, 138.022, 171.97,20, 16
18, 47, 19, 872, 764, 143.782, 180.676,22, 17
18, 47, 20, 872, 826, 177.475, 214.549,26, 22
18, 47, 21, 872, 682, 290.009, 322.426,39, 35
18, 47, 22, 872, 726, 496.359, 622.738,67, 52
18, 47, 23, 872, 989, 728.65, 1203.34,135, 79
18, 47, 24, 872, 837, 595.512, 1030.74,119, 65
18, 47, 25, 872, 861, 242.936, 298.347,29, 23
18, 47, 26, 872, 915, 260.374, 303.254,38, 32
18, 47, 27, 872, 701, 28.8588, 39.5735,4, 3
18, 47, 28, 872, 754, 163.571, 223.191,24, 17
18, 47, 29, 872, 872, 202.548, 333.862,40, 24
18, 47, 30, 872, 862, 81.6082, 103.753,14, 11
18, 47, 31, 872, 670, 130.79, 171.801,20, 15
18, 47, 32, 872, 995, 256.524, 405.208,51, 31
18, 47, 33, 872, 772, 495.703, 979.923,112, 54
18, 47, 34, 872, 681, 222.255, 294.249,32, 24
18, 47, 35, 872, 748, 485.941, 773.895,81, 48
18, 47, 36, 872, 787, 281.095, 417.461,48, 32
18, 47, 37, 872, 1001, 291.627, 410.028,52, 36
18, 47, 38, 872, 793, 504.354, 863.926,105, 59
18, 47, 39, 872, 762, 718.481, 1255.2,137, 74
18, 47, 40, 872, 776, 179.816, 288.522,32, 19
18, 47, 41, 872, 685, 87.0221, 113.124,13, 10
18, 47, 42, 872, 696, 269.5, 401.209,50, 33
18, 47, 43, 872, 683, 528.57, 841.808,93, 56
18, 47, 44, 872, 758, 424.728, 616.438,65, 44
18, 47, 45, 872, 831, 846.356, 1408.11,154, 88
18, 47, 46, 872, 849, 821.33, 1269.73,139, 86
