44, 1, 2, 180, 229, 180.817, 187.495,23, 22
44, 1, 3, 180, 178, 395.894, 416.166,42, 40
44, 1, 4, 180, 346, 19.0809, 37.3662,4, 2
44, 1, 5, 180, 322, 0, 0,0, 0
44, 1, 6, 180, 324, 14.9495, 14.9495,2, 2
44, 1, 7, 180, 229, 0, 0,0, 0
44, 1, 8, 180, 221, 0, 0,0, 0
44, 1, 9, 180, 271, 15.2256, 15.2256,2, 2
44, 1, 10, 180, 295, 6.88684, 6.88684,1, 1
44, 1, 11, 180, 302, 30.1354, 30.1354,4, 4
44, 1, 12, 180, 290, 16.4149, 16.4149,2, 2
44, 1, 13, 180, 306, 0, 0,0, 0
44, 1, 14, 180, 240, 33.5768, 40.3194,4, 3
44, 1, 15, 180, 214, 7.26511, 7.26511,1, 1
44, 1, 16, 180, 221, 49.9848, 49.9848,6, 6
44, 1, 17, 180, 216, 37.8583, 45.0382,6, 5
44, 1, 18, 180, 220, 24.8871, 24.8871,3, 3
44, 1, 19, 180, 243, 0, 0,0, 0
44, 1, 20, 180, 288, 0, 0,0, 0
44, 1, 21, 180, 188, 6.89002, 6.89002,1, 1
44, 1, 22, 180, 228, 0, 0,0, 0
44, 1, 23, 180, 287, 15.8667, 15.8667,2, 2
44, 1, 24, 180, 249, 29.0981, 29.0981,4, 4
44, 1, 25, 180, 285, 23.6303, 31.296,4, 3
44, 1, 26, 180, 292, 7.51979, 7.51979,1, 1
44, 1, 27, 180, 243, 87.3202, 125.341,16, 11
44, 1, 28, 180, 263, 49.0505, 49.0505,6, 6
44, 1, 29, 180, 307, 0, 0,0, 0
44, 1, 30, 180, 271, 7.01065, 7.01065,1, 1
44, 1, 31, 180, 240, 37.0482, 43.8657,6, 5
44, 1, 32, 180, 290, 54.3677, 54.3677,7, 7
44, 1, 33, 180, 303, 0, 0,0, 0
44, 1, 34, 180, 222, 22.1367, 22.1367,3, 3
44, 1, 35, 180, 248, 6.80162, 6.80162,1, 1
44, 1, 36, 180, 281, 6.74689, 6.74689,1, 1
44, 1, 37, 180, 306, 22.8142, 22.8142,3, 3
44, 1, 38, 180, 306, 6.71123, 6.71123,1, 1
44, 1, 39, 180, 282, 31.3956, 31.3956,4, 4
44, 1, 40, 180, 275, 0, 0,0, 0
44, 1, 41, 180, 260, 0, 0,0, 0
44, 1, 42, 180, 246, 6.76233, 6.76233,1, 1
44, 1, 43, 180, 284, 0, 0,0, 0
44, 1, 44, 180, 260, 14.54, 14.54,2, 2
44, 1, 45, 180, 295, 6.88798, 6.88798,1, 1
44, 1, 46, 180, 304, 0, 0,0, 0
44, 1, 47, 180, 271, 0, 0,0, 0
44, 2, 1, 229, 180, 180.629, 187.494,23, 22
44, 2, 3, 229, 178, 362.535, 415.69,45, 39
44, 2, 4, 229, 346, 41.4236, 64.4603,6, 4
44, 2, 5, 229, 322, 33.655, 40.8836,5, 4
44, 2, 6, 229, 324, 9.31352, 16.976,2, 1
44, 2, 7, 229, 229, 49.0436, 63.6258,8, 6
44, 2, 8, 229, 221, 15.09, 15.09,2, 2
44, 2, 9, 229, 271, 0, 0,0, 0
44, 2, 10, 229, 295, 26.0514, 48.1488,4, 2
44, 2, 11, 229, 302, 0, 0,0, 0
44, 2, 12, 229, 290, 31.6419, 47.0324,6, 4
44, 2, 13, 229, 306, 27.0341, 27.0341,3, 3
44, 2, 14, 229, 240, 24.057, 32.2009,3, 2
44, 2, 15, 229, 214, 41.369, 63.0204,5, 3
44, 2, 16, 229, 221, 33.5576, 52.0245,5, 3
44, 2, 17, 229, 216, 62.6476, 76.6017,5, 4
44, 2, 18, 229, 220, 78.5506, 94.782,9, 7
44, 2, 19, 229, 243, 30.7563, 30.7563,4, 4
44, 2, 20, 229, 288, 61.297, 82.3056,7, 5
44, 2, 21, 229, 188, 43.0457, 62.0705,7, 5
44, 2, 22, 229, 228, 99.449, 130.785,12, 9
44, 2, 23, 229, 287, 27.4401, 37.0419,4, 3
44, 2, 24, 229, 249, 0, 0,0, 0
44, 2, 25, 229, 285, 98.3891, 125.113,12, 9
44, 2, 26, 229, 292, 14.3331, 14.3331,2, 2
44, 2, 27, 229, 243, 130.502, 159.47,18, 15
44, 2, 28, 229, 263, 198.405, 252.286,25, 19
44, 2, 29, 229, 307, 50.7727, 67.1725,8, 6
44, 2, 30, 229, 271, 96.4259, 117.909,14, 11
44, 2, 31, 229, 240, 207.779, 246.141,27, 22
44, 2, 32, 229, 290, 36.5646, 68.8756,6, 3
44, 2, 33, 229, 303, 25.1977, 25.1977,3, 3
44, 2, 34, 229, 222, 49.2935, 60.5617,6, 5
44, 2, 35, 229, 248, 29.5641, 39.6244,4, 3
44, 2, 36, 229, 281, 52.1572, 61.1585,7, 6
44, 2, 37, 229, 306, 26.2255, 47.7723,4, 2
44, 2, 38, 229, 306, 45.5118, 71.0225,6, 4
44, 2, 39, 229, 282, 31.0267, 40.1569,4, 3
44, 2, 40, 229, 275, 14.6002, 14.6002,2, 2
44, 2, 41, 229, 260, 50.3909, 50.3909,6, 6
44, 2, 42, 229, 246, 48.6831, 48.6831,6, 6
44, 2, 43, 229, 284, 41.9791, 55.6228,7, 5
44, 2, 44, 229, 260, 45.95, 61.0423,7, 5
44, 2, 45, 229, 295, 0, 0,0, 0
44, 2, 46, 229, 304, 11.2053, 19.6352,2, 1
44, 2, 47, 229, 271, 23.2136, 40.2784,4, 2
44, 3, 1, 178, 180, 363.7, 416.167,42, 36
44, 3, 2, 178, 229, 379.296, 415.69,45, 41
44, 3, 4, 178, 346, 27.4071, 45.3514,4, 2
44, 3, 5, 178, 322, 7.44981, 7.44981,1, 1
44, 3, 6, 178, 324, 7.66252, 7.66252,1, 1
44, 3, 7, 178, 229, 24.6003, 24.6003,3, 3
44, 3, 8, 178, 221, 17.2052, 23.8925,3, 2
44, 3, 9, 178, 271, 0, 0,0, 0
44, 3, 10, 178, 295, 22.1007, 52.5296,6, 2
44, 3, 11, 178, 302, 6.98132, 6.98132,1, 1
44, 3, 12, 178, 290, 27.7742, 27.7742,3, 3
44, 3, 13, 178, 306, 0, 0,0, 0
44, 3, 14, 178, 240, 16.1525, 24.1698,3, 2
44, 3, 15, 178, 214, 24.5537, 40.9266,4, 2
44, 3, 16, 178, 221, 41.141, 65.4739,7, 4
44, 3, 17, 178, 216, 40.1898, 56.1731,6, 4
44, 3, 18, 178, 220, 56.0756, 79.6387,9, 6
44, 3, 19, 178, 243, 0, 0,0, 0
44, 3, 20, 178, 288, 12.9765, 21.9833,2, 1
44, 3, 21, 178, 188, 12.9609, 28.8282,3, 1
44, 3, 22, 178, 228, 12.3446, 22.4011,2, 1
44, 3, 23, 178, 287, 14.5424, 30.7094,3, 1
44, 3, 24, 178, 249, 31.3975, 31.3975,2, 2
44, 3, 25, 178, 285, 36.5749, 52.4911,6, 4
44, 3, 26, 178, 292, 11.2591, 18.0651,2, 1
44, 3, 27, 178, 243, 79.0441, 88.7009,10, 9
44, 3, 28, 178, 263, 77.2111, 102.247,12, 9
44, 3, 29, 178, 307, 17.5654, 24.532,3, 2
44, 3, 30, 178, 271, 22.9747, 22.9747,3, 3
44, 3, 31, 178, 240, 63.2867, 71.469,9, 8
44, 3, 32, 178, 290, 64.2996, 107.513,10, 5
44, 3, 33, 178, 303, 0, 0,0, 0
44, 3, 34, 178, 222, 62.8941, 93.9305,9, 5
44, 3, 35, 178, 248, 20.6369, 35.7926,4, 2
44, 3, 36, 178, 281, 16.4706, 24.1391,3, 2
44, 3, 37, 178, 306, 51.4626, 68.1585,6, 4
44, 3, 38, 178, 306, 30.2583, 56.495,6, 3
44, 3, 39, 178, 282, 18.2444, 26.2771,3, 2
44, 3, 40, 178, 275, 0, 0,0, 0
44, 3, 41, 178, 260, 0, 0,0, 0
44, 3, 42, 178, 246, 12.2949, 12.2949,1, 1
44, 3, 43, 178, 284, 16.4747, 16.4747,2, 2
44, 3, 44, 178, 260, 24.9488, 24.9488,3, 3
44, 3, 45, 178, 295, 6.74779, 6.74779,1, 1
44, 3, 46, 178, 304, 8.15687, 15.3314,2, 1
44, 3, 47, 178, 271, 16.5846, 25.1266,3, 2
44, 4, 1, 346, 180, 30.478, 37.3661,4, 3
44, 4, 2, 346, 229, 43.7226, 64.4602,6, 4
44, 4, 3, 346, 178, 24.3167, 45.3513,4, 2
44, 4, 5, 346, 322, 6.76134, 6.76134,1, 1
44, 4, 6, 346, 324, 7.35889, 14.5526,2, 1
44, 4, 7, 346, 229, 22.9661, 44.4477,6, 3
44, 4, 8, 346, 221, 0, 0,0, 0
44, 4, 9, 346, 271, 0, 0,0, 0
44, 4, 10, 346, 295, 16.1475, 23.4578,3, 2
44, 4, 11, 346, 302, 0, 0,0, 0
44, 4, 12, 346, 290, 14.0552, 21.1314,3, 2
44, 4, 13, 346, 306, 0, 0,0, 0
44, 4, 14, 346, 240, 8.31105, 16.5213,2, 1
44, 4, 15, 346, 214, 9.06954, 16.4065,2, 1
44, 4, 16, 346, 221, 10.4454, 18.8913,2, 1
44, 4, 17, 346, 216, 10.8762, 19.7211,2, 1
44, 4, 18, 346, 220, 0, 0,0, 0
44, 4, 19, 346, 243, 6.87818, 6.87818,1, 1
44, 4, 20, 346, 288, 11.6195, 22.8644,2, 1
44, 4, 21, 346, 188, 8.1212, 14.8522,2, 1
44, 4, 22, 346, 228, 12.09, 21.9582,2, 1
44, 4, 23, 346, 287, 7.88895, 14.6375,2, 1
44, 4, 24, 346, 249, 0, 0,0, 0
44, 4, 25, 346, 285, 9.61166, 17.5107,2, 1
44, 4, 26, 346, 292, 7.11094, 7.11094,1, 1
44, 4, 27, 346, 243, 17.1564, 26.4574,3, 2
44, 4, 28, 346, 263, 26.5972, 42.7089,5, 3
44, 4, 29, 346, 307, 28.8197, 42.7927,6, 4
44, 4, 30, 346, 271, 14.4425, 21.5746,3, 2
44, 4, 31, 346, 240, 8.71272, 8.71272,1, 1
44, 4, 32, 346, 290, 31.0858, 49.5141,5, 3
44, 4, 33, 346, 303, 0, 0,0, 0
44, 4, 34, 346, 222, 15.8864, 15.8864,2, 2
44, 4, 35, 346, 248, 8.57108, 15.841,2, 1
44, 4, 36, 346, 281, 7.9509, 15.8445,2, 1
44, 4, 37, 346, 306, 21.1768, 38.0755,4, 2
44, 4, 38, 346, 306, 17.4676, 32.88,4, 2
44, 4, 39, 346, 282, 8.62652, 16.4186,2, 1
44, 4, 40, 346, 275, 13.7404, 13.7404,2, 2
44, 4, 41, 346, 260, 6.68091, 6.68091,1, 1
44, 4, 42, 346, 246, 7.75466, 7.75466,1, 1
44, 4, 43, 346, 284, 6.80652, 6.80652,1, 1
44, 4, 44, 346, 260, 7.64854, 14.8519,2, 1
44, 4, 45, 346, 295, 0, 0,0, 0
44, 4, 46, 346, 304, 7.97135, 15.8521,2, 1
44, 4, 47, 346, 271, 15.9799, 24.5276,3, 2
44, 5, 1, 322, 180, 0, 0,0, 0
44, 5, 2, 322, 229, 40.8835, 40.8835,5, 5
44, 5, 3, 322, 178, 7.44981, 7.44981,1, 1
44, 5, 4, 322, 346, 6.76135, 6.76135,1, 1
44, 5, 6, 322, 324, 239.228, 248.873,27, 26
44, 5, 7, 322, 229, 69.181, 79.5261,9, 8
44, 5, 8, 322, 221, 52.7574, 60.0972,7, 6
44, 5, 9, 322, 271, 8.11107, 8.11107,1, 1
44, 5, 10, 322, 295, 15.8999, 15.8999,2, 2
44, 5, 11, 322, 302, 41.1578, 41.1578,5, 5
44, 5, 12, 322, 290, 128.749, 151.407,14, 12
44, 5, 13, 322, 306, 81.2932, 81.2932,9, 9
44, 5, 14, 322, 240, 31.7824, 31.7824,4, 4
44, 5, 15, 322, 214, 43.789, 43.789,5, 5
44, 5, 16, 322, 221, 20.8969, 20.8969,3, 3
44, 5, 17, 322, 216, 38.9427, 38.9427,5, 5
44, 5, 18, 322, 220, 31.1866, 31.1866,4, 4
44, 5, 19, 322, 243, 14.8708, 14.8708,2, 2
44, 5, 20, 322, 288, 61.3406, 69.126,8, 7
44, 5, 21, 322, 188, 50.9704, 50.9704,6, 6
44, 5, 22, 322, 228, 73.1309, 73.1309,9, 9
44, 5, 23, 322, 287, 23.8461, 23.8461,3, 3
44, 5, 24, 322, 249, 26.9841, 26.9841,3, 3
44, 5, 25, 322, 285, 58.159, 58.159,7, 7
44, 5, 26, 322, 292, 41.7014, 49.0547,6, 5
44, 5, 27, 322, 243, 10.449, 18.0673,2, 1
44, 5, 28, 322, 263, 35.8038, 42.6306,5, 4
44, 5, 29, 322, 307, 72.1858, 94.4359,8, 6
44, 5, 30, 322, 271, 50.9156, 60.8629,7, 6
44, 5, 31, 322, 240, 22.437, 22.437,3, 3
44, 5, 32, 322, 290, 17.9366, 25.2205,3, 2
44, 5, 33, 322, 303, 18.8195, 26.6164,3, 2
44, 5, 34, 322, 222, 59.8704, 59.8704,7, 7
44, 5, 35, 322, 248, 6.6986, 6.6986,1, 1
44, 5, 36, 322, 281, 123.318, 132.33,14, 13
44, 5, 37, 322, 306, 33.5178, 41.0967,5, 4
44, 5, 38, 322, 306, 18.4747, 25.8975,3, 2
44, 5, 39, 322, 282, 36.1626, 36.1626,4, 4
44, 5, 40, 322, 275, 22.3946, 30.01,4, 3
44, 5, 41, 322, 260, 41.2312, 48.403,6, 5
44, 5, 42, 322, 246, 23.6219, 23.6219,3, 3
44, 5, 43, 322, 284, 50.1939, 59.1918,7, 6
44, 5, 44, 322, 260, 263.687, 284.188,28, 26
44, 5, 45, 322, 295, 40.2097, 40.2097,5, 5
44, 5, 46, 322, 304, 196.89, 214.219,24, 22
44, 5, 47, 322, 271, 46.7947, 54.257,6, 5
44, 6, 1, 324, 180, 14.9495, 14.9495,2, 2
44, 6, 2, 324, 229, 16.9761, 16.9761,2, 2
44, 6, 3, 324, 178, 7.66252, 7.66252,1, 1
44, 6, 4, 324, 346, 14.5526, 14.5526,2, 2
44, 6, 5, 324, 322, 241.818, 248.874,27, 26
44, 6, 7, 324, 229, 62.1624, 62.1624,7, 7
44, 6, 8, 324, 221, 23.028, 23.028,3, 3
44, 6, 9, 324, 271, 242.299, 468.912,54, 26
44, 6, 10, 324, 295, 242.348, 394.128,44, 26
44, 6, 11, 324, 302, 210.711, 409.239,49, 23
44, 6, 12, 324, 290, 102.799, 125.48,14, 11
44, 6, 13, 324, 306, 49.8962, 56.6856,7, 6
44, 6, 14, 324, 240, 66.4041, 73.2822,9, 8
44, 6, 15, 324, 214, 33.5957, 33.5957,4, 4
44, 6, 16, 324, 221, 52.3825, 52.3825,7, 7
44, 6, 17, 324, 216, 17.6007, 17.6007,2, 2
44, 6, 18, 324, 220, 24.3756, 24.3756,3, 3
44, 6, 19, 324, 243, 0, 0,0, 0
44, 6, 20, 324, 288, 43.1957, 50.2861,6, 5
44, 6, 21, 324, 188, 42.4605, 42.4605,5, 5
44, 6, 22, 324, 228, 108.322, 138.756,14, 10
44, 6, 23, 324, 287, 57.3922, 64.7448,7, 6
44, 6, 24, 324, 249, 83.0545, 91.9392,12, 11
44, 6, 25, 324, 285, 41.8351, 41.8351,5, 5
44, 6, 26, 324, 292, 17.8777, 17.8777,2, 2
44, 6, 27, 324, 243, 26.707, 26.707,3, 3
44, 6, 28, 324, 263, 53.5482, 53.5482,6, 6
44, 6, 29, 324, 307, 87.9544, 115.83,13, 10
44, 6, 30, 324, 271, 17.3994, 17.3994,2, 2
44, 6, 31, 324, 240, 24.2261, 24.2261,3, 3
44, 6, 32, 324, 290, 108.384, 115.245,15, 14
44, 6, 33, 324, 303, 257.327, 483.231,60, 30
44, 6, 34, 324, 222, 72.0981, 87.2677,10, 8
44, 6, 35, 324, 248, 122.946, 216.273,24, 12
44, 6, 36, 324, 281, 83.4165, 91.183,10, 9
44, 6, 37, 324, 306, 74.1672, 87.9322,11, 9
44, 6, 38, 324, 306, 302.73, 511.363,60, 33
44, 6, 39, 324, 282, 334.198, 627.708,68, 32
44, 6, 40, 324, 275, 30.1887, 30.1887,4, 4
44, 6, 41, 324, 260, 44.1331, 44.1331,6, 6
44, 6, 42, 324, 246, 39.855, 46.9731,6, 5
44, 6, 43, 324, 284, 247.534, 449.144,53, 27
44, 6, 44, 324, 260, 276.004, 294.54,32, 30
44, 6, 45, 324, 295, 584.161, 881.405,95, 60
44, 6, 46, 324, 304, 482.085, 538.082,61, 55
44, 6, 47, 324, 271, 305.36, 437.59,46, 30
44, 7, 1, 229, 180, 0, 0,0, 0
44, 7, 2, 229, 229, 63.6257, 63.6257,8, 8
44, 7, 3, 229, 178, 24.6008, 24.6008,3, 3
44, 7, 4, 229, 346, 29.9595, 44.448,6, 4
44, 7, 5, 229, 322, 79.5262, 79.5262,9, 9
44, 7, 6, 229, 324, 47.5685, 62.1623,7, 5
44, 7, 8, 229, 221, 174.939, 174.939,21, 21
44, 7, 9, 229, 271, 0, 0,0, 0
44, 7, 10, 229, 295, 8.10879, 8.10879,1, 1
44, 7, 11, 229, 302, 67.7857, 87.4195,9, 7
44, 7, 12, 229, 290, 111.842, 120.629,11, 10
44, 7, 13, 229, 306, 22.995, 22.995,3, 3
44, 7, 14, 229, 240, 539.004, 581.756,59, 54
44, 7, 15, 229, 214, 458.384, 499.634,51, 46
44, 7, 16, 229, 221, 33.6115, 41.9221,5, 4
44, 7, 17, 229, 216, 51.745, 59.3853,7, 6
44, 7, 18, 229, 220, 100.617, 115.442,14, 12
44, 7, 19, 229, 243, 53.789, 53.789,6, 6
44, 7, 20, 229, 288, 502.68, 552.402,57, 51
44, 7, 21, 229, 188, 56.9636, 64.9812,8, 7
44, 7, 22, 229, 228, 169.044, 176.147,20, 19
44, 7, 23, 229, 287, 75.208, 82.5475,10, 9
44, 7, 24, 229, 249, 14.9958, 14.9958,2, 2
44, 7, 25, 229, 285, 621.773, 678.48,69, 62
44, 7, 26, 229, 292, 24.101, 24.101,3, 3
44, 7, 27, 229, 243, 32.016, 32.016,3, 3
44, 7, 28, 229, 263, 96.6534, 105.049,12, 11
44, 7, 29, 229, 307, 48.7548, 55.6321,5, 4
44, 7, 30, 229, 271, 52.3004, 52.3004,5, 5
44, 7, 31, 229, 240, 57.5356, 72.4933,9, 7
44, 7, 32, 229, 290, 258.938, 286.979,33, 30
44, 7, 33, 229, 303, 31.0538, 31.0538,4, 4
44, 7, 34, 229, 222, 103.529, 110.756,12, 11
44, 7, 35, 229, 248, 59.7889, 59.7889,7, 7
44, 7, 36, 229, 281, 82.717, 89.5773,10, 9
44, 7, 37, 229, 306, 302.574, 336.919,35, 31
44, 7, 38, 229, 306, 20.3531, 20.3531,2, 2
44, 7, 39, 229, 282, 7.97783, 7.97783,1, 1
44, 7, 40, 229, 275, 25.2834, 25.2834,3, 3
44, 7, 41, 229, 260, 23.7672, 23.7672,3, 3
44, 7, 42, 229, 246, 35.5469, 35.5469,4, 4
44, 7, 43, 229, 284, 81.2963, 101.366,10, 8
44, 7, 44, 229, 260, 52.3481, 52.3481,5, 5
44, 7, 45, 229, 295, 0, 0,0, 0
44, 7, 46, 229, 304, 68.7296, 76.5397,9, 8
44, 7, 47, 229, 271, 47.6768, 47.6768,6, 6
44, 8, 1, 221, 180, 0, 0,0, 0
44, 8, 2, 221, 229, 15.09, 15.09,2, 2
44, 8, 3, 221, 178, 23.8927, 23.8927,3, 3
44, 8, 4, 221, 346, 0, 0,0, 0
44, 8, 5, 221, 322, 60.0972, 60.0972,7, 7
44, 8, 6, 221, 324, 23.0279, 23.0279,3, 3
44, 8, 7, 221, 229, 160.027, 174.939,21, 19
44, 8, 9, 221, 271, 0, 0,0, 0
44, 8, 10, 221, 295, 0, 0,0, 0
44, 8, 11, 221, 302, 46.6339, 46.6339,5, 5
44, 8, 12, 221, 290, 66.1888, 66.1888,7, 7
44, 8, 13, 221, 306, 100.529, 100.529,12, 12
44, 8, 14, 221, 240, 109.941, 116.757,14, 13
44, 8, 15, 221, 214, 266.297, 275.378,28, 27
44, 8, 16, 221, 221, 16.1414, 23.8923,3, 2
44, 8, 17, 221, 216, 35.0826, 35.0826,5, 5
44, 8, 18, 221, 220, 107.195, 121.565,13, 11
44, 8, 19, 221, 243, 254.355, 254.355,27, 27
44, 8, 20, 221, 288, 305.977, 328.177,35, 32
44, 8, 21, 221, 188, 200.691, 200.691,23, 23
44, 8, 22, 221, 228, 90.9478, 90.9478,10, 10
44, 8, 23, 221, 287, 25.1713, 25.1713,3, 3
44, 8, 24, 221, 249, 0, 0,0, 0
44, 8, 25, 221, 285, 118.538, 125.669,15, 14
44, 8, 26, 221, 292, 82.4014, 89.2407,12, 11
44, 8, 27, 221, 243, 32.0153, 32.0153,4, 4
44, 8, 28, 221, 263, 78.7375, 78.7375,9, 9
44, 8, 29, 221, 307, 85.1669, 85.1669,10, 10
44, 8, 30, 221, 271, 74.0309, 74.0309,8, 8
44, 8, 31, 221, 240, 50.9914, 57.785,7, 6
44, 8, 32, 221, 290, 60.6105, 60.6105,8, 8
44, 8, 33, 221, 303, 32.5669, 32.5669,4, 4
44, 8, 34, 221, 222, 90.561, 90.561,9, 9
44, 8, 35, 221, 248, 18.2395, 18.2395,2, 2
44, 8, 36, 221, 281, 71.3077, 71.3077,8, 8
44, 8, 37, 221, 306, 56.3824, 56.3824,7, 7
44, 8, 38, 221, 306, 0, 0,0, 0
44, 8, 39, 221, 282, 13.9284, 13.9284,2, 2
44, 8, 40, 221, 275, 97.73, 105.592,11, 10
44, 8, 41, 221, 260, 65.6136, 65.6136,7, 7
44, 8, 42, 221, 246, 72.9525, 80.1652,10, 9
44, 8, 43, 221, 284, 43.6305, 43.6305,5, 5
44, 8, 44, 221, 260, 16.7234, 16.7234,2, 2
44, 8, 45, 221, 295, 21.8063, 21.8063,3, 3
44, 8, 46, 221, 304, 20.7514, 20.7514,3, 3
44, 8, 47, 221, 271, 48.223, 48.223,6, 6
44, 9, 1, 271, 180, 7.85647, 15.2257,2, 1
44, 9, 2, 271, 229, 0, 0,0, 0
44, 9, 3, 271, 178, 0, 0,0, 0
44, 9, 4, 271, 346, 0, 0,0, 0
44, 9, 5, 271, 322, 8.11107, 8.11107,1, 1
44, 9, 6, 271, 324, 264.176, 468.911,54, 28
44, 9, 7, 271, 229, 0, 0,0, 0
44, 9, 8, 271, 221, 0, 0,0, 0
44, 9, 10, 271, 295, 1023.72, 1700.5,176, 91
44, 9, 11, 271, 302, 475.742, 839.859,87, 42
44, 9, 12, 271, 290, 184.799, 262.099,27, 18
44, 9, 13, 271, 306, 15.4593, 15.4593,2, 2
44, 9, 14, 271, 240, 0, 0,0, 0
44, 9, 15, 271, 214, 0, 0,0, 0
44, 9, 16, 271, 221, 22.9519, 30.6582,4, 3
44, 9, 17, 271, 216, 0, 0,0, 0
44, 9, 18, 271, 220, 0, 0,0, 0
44, 9, 19, 271, 243, 0, 0,0, 0
44, 9, 20, 271, 288, 0, 0,0, 0
44, 9, 21, 271, 188, 0, 0,0, 0
44, 9, 22, 271, 228, 0, 0,0, 0
44, 9, 23, 271, 287, 36.5362, 36.5362,5, 5
44, 9, 24, 271, 249, 38.94, 54.0045,7, 5
44, 9, 25, 271, 285, 0, 0,0, 0
44, 9, 26, 271, 292, 0, 0,0, 0
44, 9, 27, 271, 243, 8.24016, 8.24016,1, 1
44, 9, 28, 271, 263, 0, 0,0, 0
44, 9, 29, 271, 307, 43.8435, 59.8552,7, 5
44, 9, 30, 271, 271, 0, 0,0, 0
44, 9, 31, 271, 240, 7.11212, 7.11212,1, 1
44, 9, 32, 271, 290, 22.6449, 22.6449,3, 3
44, 9, 33, 271, 303, 346.43, 699.436,82, 37
44, 9, 34, 271, 222, 0, 0,0, 0
44, 9, 35, 271, 248, 180.046, 280.232,36, 22
44, 9, 36, 271, 281, 44.043, 64.1404,7, 5
44, 9, 37, 271, 306, 25.7842, 32.5287,4, 3
44, 9, 38, 271, 306, 546.722, 1104.06,134, 61
44, 9, 39, 271, 282, 527.251, 1004.77,110, 51
44, 9, 40, 271, 275, 0, 0,0, 0
44, 9, 41, 271, 260, 0, 0,0, 0
44, 9, 42, 271, 246, 14.9344, 21.8655,3, 2
44, 9, 43, 271, 284, 388.694, 768.199,88, 41
44, 9, 44, 271, 260, 0, 0,0, 0
44, 9, 45, 271, 295, 414.087, 772.212,93, 45
44, 9, 46, 271, 304, 37.8833, 57.4929,6, 4
44, 9, 47, 271, 271, 63.3715, 135.856,16, 7
44, 10, 1, 295, 180, 6.88681, 6.88681,1, 1
44, 10, 2, 295, 229, 26.6971, 48.1486,4, 2
44, 10, 3, 295, 178, 27.1237, 52.53,6, 3
44, 10, 4, 295, 346, 16.3834, 23.4577,3, 2
44, 10, 5, 295, 322, 15.9, 15.9,2, 2
44, 10, 6, 295, 324, 193.972, 394.129,44, 20
44, 10, 7, 295, 229, 8.10879, 8.10879,1, 1
44, 10, 8, 295, 221, 0, 0,0, 0
44, 10, 9, 295, 271, 1034.33, 1700.5,176, 95
44, 10, 11, 295, 302, 805.98, 1216.11,130, 81
44, 10, 12, 295, 290, 384.328, 451.224,48, 40
44, 10, 13, 295, 306, 39.1908, 39.1908,5, 5
44, 10, 14, 295, 240, 28.6923, 36.5803,4, 3
44, 10, 15, 295, 214, 16.9966, 31.7653,2, 1
44, 10, 16, 295, 221, 56.2878, 69.1806,6, 5
44, 10, 17, 295, 216, 16.8299, 30.3469,2, 1
44, 10, 18, 295, 220, 9.44614, 18.8802,2, 1
44, 10, 19, 295, 243, 0, 0,0, 0
44, 10, 20, 295, 288, 10.2699, 20.2203,2, 1
44, 10, 21, 295, 188, 24.3896, 36.8782,2, 1
44, 10, 22, 295, 228, 15.6415, 29.8592,2, 1
44, 10, 23, 295, 287, 57.2822, 79.3977,8, 6
44, 10, 24, 295, 249, 91.0884, 112.338,15, 12
44, 10, 25, 295, 285, 21.2996, 34.0977,2, 1
44, 10, 26, 295, 292, 9.17514, 9.17514,1, 1
44, 10, 27, 295, 243, 19.4261, 27.9838,3, 2
44, 10, 28, 295, 263, 49.3051, 77.7779,6, 4
44, 10, 29, 295, 307, 30.6688, 63.7634,7, 3
44, 10, 30, 295, 271, 13.843, 13.843,2, 2
44, 10, 31, 295, 240, 0, 0,0, 0
44, 10, 32, 295, 290, 104.672, 125.565,12, 10
44, 10, 33, 295, 303, 313.706, 630.796,73, 32
44, 10, 34, 295, 222, 54.5612, 75.6484,8, 6
44, 10, 35, 295, 248, 282.996, 462.314,51, 30
44, 10, 36, 295, 281, 130.728, 152.896,16, 13
44, 10, 37, 295, 306, 54.1313, 79.6655,8, 5
44, 10, 38, 295, 306, 477.719, 994.018,111, 49
44, 10, 39, 295, 282, 695.514, 1186.13,134, 73
44, 10, 40, 295, 275, 0, 0,0, 0
44, 10, 41, 295, 260, 0, 0,0, 0
44, 10, 42, 295, 246, 37.5083, 51.4339,7, 5
44, 10, 43, 295, 284, 347.421, 695.795,85, 40
44, 10, 44, 295, 260, 23.2516, 23.2516,3, 3
44, 10, 45, 295, 295, 262.181, 523.931,58, 27
44, 10, 46, 295, 304, 50.4704, 74.0921,9, 6
44, 10, 47, 295, 271, 116.802, 221.105,26, 13
44, 11, 1, 302, 180, 22.9537, 30.1353,4, 3
44, 11, 2, 302, 229, 0, 0,0, 0
44, 11, 3, 302, 178, 6.98131, 6.98131,1, 1
44, 11, 4, 302, 346, 0, 0,0, 0
44, 11, 5, 302, 322, 41.1578, 41.1578,5, 5
44, 11, 6, 302, 324, 247.59, 409.239,49, 28
44, 11, 7, 302, 229, 68.4364, 87.4191,9, 7
44, 11, 8, 302, 221, 46.6335, 46.6335,5, 5
44, 11, 9, 302, 271, 536.514, 839.86,87, 50
44, 11, 10, 302, 295, 800.471, 1216.11,130, 81
44, 11, 12, 302, 290, 750.182, 888.13,86, 71
44, 11, 13, 302, 306, 219.857, 237.364,29, 27
44, 11, 14, 302, 240, 22.4529, 30.0059,4, 3
44, 11, 15, 302, 214, 61.408, 68.5649,7, 6
44, 11, 16, 302, 221, 32.1375, 38.9709,5, 4
44, 11, 17, 302, 216, 23.6127, 30.5999,4, 3
44, 11, 18, 302, 220, 45.6845, 54.6607,6, 5
44, 11, 19, 302, 243, 6.73515, 6.73515,1, 1
44, 11, 20, 302, 288, 40.2279, 40.2279,4, 4
44, 11, 21, 302, 188, 23.7335, 23.7335,3, 3
44, 11, 22, 302, 228, 9.90453, 9.90453,1, 1
44, 11, 23, 302, 287, 7.09912, 7.09912,1, 1
44, 11, 24, 302, 249, 20.258, 31.0056,3, 2
44, 11, 25, 302, 285, 11.4223, 19.5874,2, 1
44, 11, 26, 302, 292, 7.22817, 7.22817,1, 1
44, 11, 27, 302, 243, 33.8034, 33.8034,4, 4
44, 11, 28, 302, 263, 61.8516, 70.3311,8, 7
44, 11, 29, 302, 307, 82.3352, 114.948,13, 9
44, 11, 30, 302, 271, 21.9283, 21.9283,2, 2
44, 11, 31, 302, 240, 56.265, 64.2634,7, 6
44, 11, 32, 302, 290, 44.9049, 51.9346,7, 6
44, 11, 33, 302, 303, 292.097, 437.305,52, 34
44, 11, 34, 302, 222, 158.106, 166.444,18, 17
44, 11, 35, 302, 248, 228.36, 345.203,39, 24
44, 11, 36, 302, 281, 262.893, 323.328,36, 29
44, 11, 37, 302, 306, 23.9666, 39.3275,5, 3
44, 11, 38, 302, 306, 274.477, 455.419,53, 31
44, 11, 39, 302, 282, 461.522, 708.551,81, 51
44, 11, 40, 302, 275, 28.6372, 28.6372,4, 4
44, 11, 41, 302, 260, 50.7017, 50.7017,6, 6
44, 11, 42, 302, 246, 91.6777, 113.439,13, 10
44, 11, 43, 302, 284, 308.998, 433.171,50, 34
44, 11, 44, 302, 260, 39.4129, 39.4129,4, 4
44, 11, 45, 302, 295, 232.936, 354.698,44, 28
44, 11, 46, 302, 304, 113.669, 148.645,16, 12
44, 11, 47, 302, 271, 124.158, 201.64,25, 15
44, 12, 1, 290, 180, 8.77835, 16.4149,2, 1
44, 12, 2, 290, 229, 30.6544, 47.0323,6, 4
44, 12, 3, 290, 178, 19.3736, 27.7742,3, 2
44, 12, 4, 290, 346, 14.3746, 21.1314,3, 2
44, 12, 5, 290, 322, 103.721, 151.407,14, 10
44, 12, 6, 290, 324, 104.218, 125.48,14, 12
44, 12, 7, 290, 229, 86.0837, 120.626,11, 8
44, 12, 8, 290, 221, 44.561, 66.1882,7, 5
44, 12, 9, 290, 271, 221.338, 262.099,27, 22
44, 12, 10, 290, 295, 415.949, 451.223,48, 44
44, 12, 11, 290, 302, 768.934, 888.129,86, 72
44, 12, 13, 290, 306, 407.938, 448.22,49, 44
44, 12, 14, 290, 240, 24.2848, 34.3332,4, 3
44, 12, 15, 290, 214, 93.5059, 123.681,12, 9
44, 12, 16, 290, 221, 29.9899, 46.351,6, 4
44, 12, 17, 290, 216, 41.0969, 50.0959,6, 5
44, 12, 18, 290, 220, 67.3239, 77.0912,9, 8
44, 12, 19, 290, 243, 41.5801, 50.714,6, 5
44, 12, 20, 290, 288, 91.6497, 111.911,12, 10
44, 12, 21, 290, 188, 53.115, 53.115,6, 6
44, 12, 22, 290, 228, 60.1509, 69.5117,7, 6
44, 12, 23, 290, 287, 23.3325, 30.6134,4, 3
44, 12, 24, 290, 249, 16.352, 16.352,2, 2
44, 12, 25, 290, 285, 51.3933, 65.5355,8, 6
44, 12, 26, 290, 292, 29.2485, 37.4274,4, 3
44, 12, 27, 290, 243, 43.5199, 58.5603,5, 4
44, 12, 28, 290, 263, 55.3896, 82.4952,9, 6
44, 12, 29, 290, 307, 126.991, 165.918,14, 12
44, 12, 30, 290, 271, 53.6828, 65.3705,7, 6
44, 12, 31, 290, 240, 16.7917, 16.7917,2, 2
44, 12, 32, 290, 290, 25.431, 35.4212,4, 3
44, 12, 33, 290, 303, 88.3858, 99.6596,10, 9
44, 12, 34, 290, 222, 170.094, 206.155,25, 20
44, 12, 35, 290, 248, 22.8011, 30.2463,4, 3
44, 12, 36, 290, 281, 346.194, 421.396,39, 32
44, 12, 37, 290, 306, 25.5804, 35.8562,4, 3
44, 12, 38, 290, 306, 31.7161, 54.7007,5, 3
44, 12, 39, 290, 282, 63.163, 72.541,9, 8
44, 12, 40, 290, 275, 65.2001, 74.6564,9, 8
44, 12, 41, 290, 260, 122.194, 148.441,17, 14
44, 12, 42, 290, 246, 174.278, 197.124,23, 20
44, 12, 43, 290, 284, 72.4266, 86.0714,9, 8
44, 12, 44, 290, 260, 73.8317, 100.476,9, 7
44, 12, 45, 290, 295, 49.1729, 49.1729,6, 6
44, 12, 46, 290, 304, 118.36, 155.19,17, 13
44, 12, 47, 290, 271, 41.6023, 61.2074,6, 4
44, 13, 1, 306, 180, 0, 0,0, 0
44, 13, 2, 306, 229, 27.0344, 27.0344,3, 3
44, 13, 3, 306, 178, 0, 0,0, 0
44, 13, 4, 306, 346, 0, 0,0, 0
44, 13, 5, 306, 322, 81.2932, 81.2932,9, 9
44, 13, 6, 306, 324, 56.6858, 56.6858,7, 7
44, 13, 7, 306, 229, 22.9951, 22.9951,3, 3
44, 13, 8, 306, 221, 93.7962, 100.528,12, 11
44, 13, 9, 306, 271, 15.4593, 15.4593,2, 2
44, 13, 10, 306, 295, 39.1906, 39.1906,5, 5
44, 13, 11, 306, 302, 230.433, 237.364,29, 28
44, 13, 12, 306, 290, 440.352, 448.22,49, 48
44, 13, 14, 306, 240, 16.5292, 16.5292,2, 2
44, 13, 15, 306, 214, 35.0111, 35.0111,4, 4
44, 13, 16, 306, 221, 0, 0,0, 0
44, 13, 17, 306, 216, 40.4016, 40.4016,5, 5
44, 13, 18, 306, 220, 51.6295, 51.6295,6, 6
44, 13, 19, 306, 243, 85.5734, 108.296,13, 10
44, 13, 20, 306, 288, 50.0435, 50.0435,6, 6
44, 13, 21, 306, 188, 63.7744, 70.6409,8, 7
44, 13, 22, 306, 228, 31.3828, 31.3828,4, 4
44, 13, 23, 306, 287, 0, 0,0, 0
44, 13, 24, 306, 249, 0, 0,0, 0
44, 13, 25, 306, 285, 52.1021, 52.1021,6, 6
44, 13, 26, 306, 292, 10.1299, 10.1299,1, 1
44, 13, 27, 306, 243, 23.2183, 23.2183,3, 3
44, 13, 28, 306, 263, 20.9855, 20.9855,2, 2
44, 13, 29, 306, 307, 74.9373, 74.9373,8, 8
44, 13, 30, 306, 271, 52.2875, 52.2875,6, 6
44, 13, 31, 306, 240, 40.5084, 40.5084,4, 4
44, 13, 32, 306, 290, 0, 0,0, 0
44, 13, 33, 306, 303, 60.2859, 60.2859,7, 7
44, 13, 34, 306, 222, 87.1626, 87.1626,10, 10
44, 13, 35, 306, 248, 0, 0,0, 0
44, 13, 36, 306, 281, 145.909, 152.654,16, 15
44, 13, 37, 306, 306, 0, 0,0, 0
44, 13, 38, 306, 306, 18.1355, 18.1355,2, 2
44, 13, 39, 306, 282, 7.74862, 7.74862,1, 1
44, 13, 40, 306, 275, 124.406, 138.722,16, 14
44, 13, 41, 306, 260, 84.4283, 91.0983,10, 9
44, 13, 42, 306, 246, 109.127, 117.007,13, 12
44, 13, 43, 306, 284, 50.8399, 50.8399,7, 7
44, 13, 44, 306, 260, 60.0434, 60.0434,4, 4
44, 13, 45, 306, 295, 20.6413, 20.6413,2, 2
44, 13, 46, 306, 304, 22.7518, 22.7518,2, 2
44, 13, 47, 306, 271, 6.68211, 6.68211,1, 1
44, 14, 1, 240, 180, 29.0474, 40.3194,4, 3
44, 14, 2, 240, 229, 32.2003, 32.2003,3, 3
44, 14, 3, 240, 178, 24.1698, 24.1698,3, 3
44, 14, 4, 240, 346, 16.5213, 16.5213,2, 2
44, 14, 5, 240, 322, 31.7824, 31.7824,4, 4
44, 14, 6, 240, 324, 51.9274, 73.2822,9, 6
44, 14, 7, 240, 229, 553.6, 581.756,59, 56
44, 14, 8, 240, 221, 116.757, 116.757,14, 14
44, 14, 9, 240, 271, 0, 0,0, 0
44, 14, 10, 240, 295, 28.7925, 36.5801,4, 3
44, 14, 11, 240, 302, 22.1563, 30.0059,4, 3
44, 14, 12, 240, 290, 34.3332, 34.3332,4, 4
44, 14, 13, 240, 306, 16.5292, 16.5292,2, 2
44, 14, 15, 240, 214, 406.724, 445.693,48, 43
44, 14, 16, 240, 221, 159.345, 166.054,19, 18
44, 14, 17, 240, 216, 163.629, 171.383,17, 16
44, 14, 18, 240, 220, 70.4285, 70.4285,9, 9
44, 14, 19, 240, 243, 17.6145, 17.6145,2, 2
44, 14, 20, 240, 288, 339.943, 378.459,44, 39
44, 14, 21, 240, 188, 32.2158, 32.2158,4, 4
44, 14, 22, 240, 228, 150.465, 188.553,21, 16
44, 14, 23, 240, 287, 178.1, 207.793,24, 20
44, 14, 24, 240, 249, 110.346, 125.36,15, 13
44, 14, 25, 240, 285, 535.885, 574.569,58, 53
44, 14, 26, 240, 292, 17.394, 17.394,2, 2
44, 14, 27, 240, 243, 26.0312, 26.0312,2, 2
44, 14, 28, 240, 263, 75.0316, 75.0316,7, 7
44, 14, 29, 240, 307, 28.0594, 34.8348,4, 3
44, 14, 30, 240, 271, 24.6319, 24.6319,3, 3
44, 14, 31, 240, 240, 26.8063, 26.8063,3, 3
44, 14, 32, 240, 290, 655.337, 790.992,73, 59
44, 14, 33, 240, 303, 0, 0,0, 0
44, 14, 34, 240, 222, 75.8658, 75.8658,8, 8
44, 14, 35, 240, 248, 58.9969, 58.9969,6, 6
44, 14, 36, 240, 281, 45.3865, 45.3865,5, 5
44, 14, 37, 240, 306, 576.504, 660.621,69, 59
44, 14, 38, 240, 306, 20.374, 20.374,2, 2
44, 14, 39, 240, 282, 40.3422, 54.0981,6, 4
44, 14, 40, 240, 275, 0, 0,0, 0
44, 14, 41, 240, 260, 17.818, 17.818,2, 2
44, 14, 42, 240, 246, 7.68105, 7.68105,1, 1
44, 14, 43, 240, 284, 17.8616, 25.3291,3, 2
44, 14, 44, 240, 260, 55.951, 55.951,7, 7
44, 14, 45, 240, 295, 38.2235, 45.0224,6, 5
44, 14, 46, 240, 304, 45.9731, 45.9731,5, 5
44, 14, 47, 240, 271, 87.299, 109.543,12, 9
44, 15, 1, 214, 180, 7.26506, 7.26506,1, 1
44, 15, 2, 214, 229, 63.021, 63.021,5, 5
44, 15, 3, 214, 178, 40.9264, 40.9264,4, 4
44, 15, 4, 214, 346, 16.4064, 16.4064,2, 2
44, 15, 5, 214, 322, 43.789, 43.789,5, 5
44, 15, 6, 214, 324, 33.5957, 33.5957,4, 4
44, 15, 7, 214, 229, 484.208, 499.636,51, 49
44, 15, 8, 214, 221, 275.378, 275.378,28, 28
44, 15, 9, 214, 271, 0, 0,0, 0
44, 15, 10, 214, 295, 31.7653, 31.7653,2, 2
44, 15, 11, 214, 302, 68.5649, 68.5649,7, 7
44, 15, 12, 214, 290, 123.68, 123.68,12, 12
44, 15, 13, 214, 306, 35.0111, 35.0111,4, 4
44, 15, 14, 214, 240, 423.801, 445.692,48, 45
44, 15, 16, 214, 221, 49.9078, 49.9078,5, 5
44, 15, 17, 214, 216, 62.3504, 62.3504,6, 6
44, 15, 18, 214, 220, 136.33, 136.33,15, 15
44, 15, 19, 214, 243, 115.671, 115.671,13, 13
44, 15, 20, 214, 288, 690.398, 760.926,79, 71
44, 15, 21, 214, 188, 185.702, 192.597,20, 19
44, 15, 22, 214, 228, 235.678, 235.678,24, 24
44, 15, 23, 214, 287, 49.1379, 49.1379,5, 5
44, 15, 24, 214, 249, 14.2293, 14.2293,2, 2
44, 15, 25, 214, 285, 472.243, 483.118,48, 47
44, 15, 26, 214, 292, 28.6169, 28.6169,4, 4
44, 15, 27, 214, 243, 10.2945, 10.2945,1, 1
44, 15, 28, 214, 263, 58.0604, 58.0604,5, 5
44, 15, 29, 214, 307, 39.2694, 39.2694,5, 5
44, 15, 30, 214, 271, 55.2258, 55.2258,5, 5
44, 15, 31, 214, 240, 48.6168, 48.6168,6, 6
44, 15, 32, 214, 290, 255.071, 278.749,30, 27
44, 15, 33, 214, 303, 75.5188, 75.5188,8, 8
44, 15, 34, 214, 222, 207.47, 214.561,23, 22
44, 15, 35, 214, 248, 57.7111, 57.7111,6, 6
44, 15, 36, 214, 281, 85.9897, 85.9897,10, 10
44, 15, 37, 214, 306, 162.331, 162.331,17, 17
44, 15, 38, 214, 306, 30.2409, 30.2409,2, 2
44, 15, 39, 214, 282, 19.3147, 19.3147,2, 2
44, 15, 40, 214, 275, 57.3793, 57.3793,6, 6
44, 15, 41, 214, 260, 57.2364, 57.2364,7, 7
44, 15, 42, 214, 246, 59.7038, 59.7038,7, 7
44, 15, 43, 214, 284, 38.9688, 38.9688,5, 5
44, 15, 44, 214, 260, 80.9147, 80.9147,10, 10
44, 15, 45, 214, 295, 0, 0,0, 0
44, 15, 46, 214, 304, 72.6706, 72.6706,8, 8
44, 15, 47, 214, 271, 72.7209, 79.4172,10, 9
44, 16, 1, 221, 180, 49.9851, 49.9851,6, 6
44, 16, 2, 221, 229, 37.3226, 52.0251,5, 3
44, 16, 3, 221, 178, 49.6909, 65.4752,7, 5
44, 16, 4, 221, 346, 18.8913, 18.8913,2, 2
44, 16, 5, 221, 322, 14.178, 20.8969,3, 2
44, 16, 6, 221, 324, 37.7873, 52.3823,7, 5
44, 16, 7, 221, 229, 34.433, 41.9221,5, 4
44, 16, 8, 221, 221, 23.8924, 23.8924,3, 3
44, 16, 9, 221, 271, 22.7249, 30.6583,4, 3
44, 16, 10, 221, 295, 58.9247, 69.1816,6, 5
44, 16, 11, 221, 302, 38.9708, 38.9708,5, 5
44, 16, 12, 221, 290, 30.9021, 46.3509,6, 4
44, 16, 13, 221, 306, 0, 0,0, 0
44, 16, 14, 221, 240, 119.493, 166.053,19, 13
44, 16, 15, 221, 214, 34.5043, 49.9081,5, 3
44, 16, 17, 221, 216, 272.724, 302.874,32, 28
44, 16, 18, 221, 220, 129.35, 136.459,15, 14
44, 16, 19, 221, 243, 17.597, 17.597,2, 2
44, 16, 20, 221, 288, 11.9592, 19.573,2, 1
44, 16, 21, 221, 188, 14.0421, 20.7491,2, 1
44, 16, 22, 221, 228, 54.9538, 79.3249,8, 5
44, 16, 23, 221, 287, 39.4852, 48.2215,4, 3
44, 16, 24, 221, 249, 57.4345, 57.4345,7, 7
44, 16, 25, 221, 285, 49.1264, 56.1163,6, 5
44, 16, 26, 221, 292, 14.7053, 14.7053,2, 2
44, 16, 27, 221, 243, 44.4322, 62.6297,7, 5
44, 16, 28, 221, 263, 57.2407, 73.4054,6, 4
44, 16, 29, 221, 307, 16.0389, 31.1667,4, 2
44, 16, 30, 221, 271, 21.3809, 21.3809,3, 3
44, 16, 31, 221, 240, 26.1738, 26.1738,3, 3
44, 16, 32, 221, 290, 172.841, 259.152,27, 17
44, 16, 33, 221, 303, 0, 0,0, 0
44, 16, 34, 221, 222, 57.3205, 83.5445,9, 6
44, 16, 35, 221, 248, 82.0332, 99.3086,10, 8
44, 16, 36, 221, 281, 45.6642, 54.9214,6, 5
44, 16, 37, 221, 306, 149.674, 232.994,24, 14
44, 16, 38, 221, 306, 25.0269, 44.1974,4, 2
44, 16, 39, 221, 282, 103.673, 125.739,16, 13
44, 16, 40, 221, 275, 0, 0,0, 0
44, 16, 41, 221, 260, 0, 0,0, 0
44, 16, 42, 221, 246, 0, 0,0, 0
44, 16, 43, 221, 284, 7.87756, 7.87756,1, 1
44, 16, 44, 221, 260, 19.6081, 35.9339,4, 2
44, 16, 45, 221, 295, 28.9472, 36.365,5, 4
44, 16, 46, 221, 304, 44.3637, 60.1488,7, 5
44, 16, 47, 221, 271, 55.8614, 86.5378,10, 6
44, 17, 1, 216, 180, 30.6561, 45.0383,6, 4
44, 17, 2, 216, 229, 76.6058, 76.6058,5, 5
44, 17, 3, 216, 178, 56.1732, 56.1732,6, 6
44, 17, 4, 216, 346, 19.7212, 19.7212,2, 2
44, 17, 5, 216, 322, 38.9427, 38.9427,5, 5
44, 17, 6, 216, 324, 17.6007, 17.6007,2, 2
44, 17, 7, 216, 229, 59.3852, 59.3852,7, 7
44, 17, 8, 216, 221, 35.0825, 35.0825,5, 5
44, 17, 9, 216, 271, 0, 0,0, 0
44, 17, 10, 216, 295, 30.3462, 30.3462,2, 2
44, 17, 11, 216, 302, 30.5998, 30.5998,4, 4
44, 17, 12, 216, 290, 50.0959, 50.0959,6, 6
44, 17, 13, 216, 306, 40.4016, 40.4016,5, 5
44, 17, 14, 216, 240, 161.37, 171.383,17, 16
44, 17, 15, 216, 214, 62.3508, 62.3508,6, 6
44, 17, 16, 216, 221, 286.942, 302.874,32, 30
44, 17, 18, 216, 220, 298.732, 325.983,35, 32
44, 17, 19, 216, 243, 134.278, 134.278,15, 15
44, 17, 20, 216, 288, 105.88, 105.88,12, 12
44, 17, 21, 216, 188, 28.7473, 28.7473,3, 3
44, 17, 22, 216, 228, 99, 136.989,13, 8
44, 17, 23, 216, 287, 48.6443, 56.2141,5, 4
44, 17, 24, 216, 249, 18.5004, 25.7585,3, 2
44, 17, 25, 216, 285, 146.527, 174.728,17, 13
44, 17, 26, 216, 292, 16.8213, 16.8213,2, 2
44, 17, 27, 216, 243, 40.1207, 40.1207,4, 4
44, 17, 28, 216, 263, 108.634, 108.634,6, 6
44, 17, 29, 216, 307, 27.5438, 27.5438,3, 3
44, 17, 30, 216, 271, 46.0855, 46.0855,5, 5
44, 17, 31, 216, 240, 70.3532, 77.1875,9, 8
44, 17, 32, 216, 290, 114.536, 135.3,14, 11
44, 17, 33, 216, 303, 31.5875, 31.5875,4, 4
44, 17, 34, 216, 222, 144.893, 152.057,17, 16
44, 17, 35, 216, 248, 89.0516, 89.0516,8, 8
44, 17, 36, 216, 281, 59.1042, 59.1042,7, 7
44, 17, 37, 216, 306, 115.841, 122.844,13, 12
44, 17, 38, 216, 306, 29.6255, 29.6255,2, 2
44, 17, 39, 216, 282, 38.655, 38.655,3, 3
44, 17, 40, 216, 275, 15.7469, 15.7469,2, 2
44, 17, 41, 216, 260, 36.1086, 36.1086,4, 4
44, 17, 42, 216, 246, 24.5642, 24.5642,3, 3
44, 17, 43, 216, 284, 36.2565, 43.07,6, 5
44, 17, 44, 216, 260, 48.8554, 55.5673,7, 6
44, 17, 45, 216, 295, 22.3989, 22.3989,3, 3
44, 17, 46, 216, 304, 33.5285, 33.5285,4, 4
44, 17, 47, 216, 271, 38.6925, 45.5297,5, 4
44, 18, 1, 220, 180, 16.8749, 24.8871,3, 2
44, 18, 2, 220, 229, 78.3503, 94.7832,9, 7
44, 18, 3, 220, 178, 64.8987, 79.6388,9, 7
44, 18, 4, 220, 346, 0, 0,0, 0
44, 18, 5, 220, 322, 31.1866, 31.1866,4, 4
44, 18, 6, 220, 324, 24.3756, 24.3756,3, 3
44, 18, 7, 220, 229, 108.535, 115.442,14, 13
44, 18, 8, 220, 221, 121.565, 121.565,13, 13
44, 18, 9, 220, 271, 0, 0,0, 0
44, 18, 10, 220, 295, 18.8804, 18.8804,2, 2
44, 18, 11, 220, 302, 54.6608, 54.6608,6, 6
44, 18, 12, 220, 290, 77.0913, 77.0913,9, 9
44, 18, 13, 220, 306, 51.6295, 51.6295,6, 6
44, 18, 14, 220, 240, 49.2378, 70.4284,9, 6
44, 18, 15, 220, 214, 129.371, 136.33,15, 14
44, 18, 16, 220, 221, 121.585, 136.459,15, 13
44, 18, 17, 220, 216, 309.75, 325.984,35, 33
44, 18, 19, 220, 243, 333.523, 371.062,41, 36
44, 18, 20, 220, 288, 261.756, 313.492,32, 26
44, 18, 21, 220, 188, 77.511, 86.2695,10, 9
44, 18, 22, 220, 228, 91.242, 98.0388,11, 10
44, 18, 23, 220, 287, 36.9597, 36.9597,4, 4
44, 18, 24, 220, 249, 26.4657, 26.4657,3, 3
44, 18, 25, 220, 285, 140.702, 157.679,16, 14
44, 18, 26, 220, 292, 20.1082, 20.1082,2, 2
44, 18, 27, 220, 243, 40.0586, 40.0586,5, 5
44, 18, 28, 220, 263, 136.436, 143.188,17, 16
44, 18, 29, 220, 307, 35.2783, 35.2783,4, 4
44, 18, 30, 220, 271, 63.4542, 70.3086,9, 8
44, 18, 31, 220, 240, 68.8362, 86.626,8, 6
44, 18, 32, 220, 290, 46.1391, 46.1391,5, 5
44, 18, 33, 220, 303, 20.2375, 20.2375,2, 2
44, 18, 34, 220, 222, 136.245, 153.659,16, 14
44, 18, 35, 220, 248, 60.2238, 69.7873,8, 7
44, 18, 36, 220, 281, 121.875, 136.685,14, 12
44, 18, 37, 220, 306, 39.1753, 39.1753,5, 5
44, 18, 38, 220, 306, 18.2703, 18.2703,2, 2
44, 18, 39, 220, 282, 34.4049, 34.4049,5, 5
44, 18, 40, 220, 275, 35.5978, 35.5978,4, 4
44, 18, 41, 220, 260, 48.0813, 57.3744,7, 6
44, 18, 42, 220, 246, 140.769, 156.613,15, 13
44, 18, 43, 220, 284, 30.6689, 30.6689,4, 4
44, 18, 44, 220, 260, 67.5903, 77.287,9, 8
44, 18, 45, 220, 295, 0, 0,0, 0
44, 18, 46, 220, 304, 58.3482, 58.3482,7, 7
44, 18, 47, 220, 271, 23.3252, 23.3252,3, 3
44, 19, 1, 243, 180, 0, 0,0, 0
44, 19, 2, 243, 229, 30.7564, 30.7564,4, 4
44, 19, 3, 243, 178, 0, 0,0, 0
44, 19, 4, 243, 346, 6.87814, 6.87814,1, 1
44, 19, 5, 243, 322, 14.8709, 14.8709,2, 2
44, 19, 6, 243, 324, 0, 0,0, 0
44, 19, 7, 243, 229, 53.7893, 53.7893,6, 6
44, 19, 8, 243, 221, 247.372, 254.356,27, 26
44, 19, 9, 243, 271, 0, 0,0, 0
44, 19, 10, 243, 295, 0, 0,0, 0
44, 19, 11, 243, 302, 6.73515, 6.73515,1, 1
44, 19, 12, 243, 290, 50.7138, 50.7138,6, 6
44, 19, 13, 243, 306, 108.296, 108.296,13, 13
44, 19, 14, 243, 240, 17.6146, 17.6146,2, 2
44, 19, 15, 243, 214, 115.671, 115.671,13, 13
44, 19, 16, 243, 221, 17.597, 17.597,2, 2
44, 19, 17, 243, 216, 134.279, 134.279,15, 15
44, 19, 18, 243, 220, 371.062, 371.062,41, 41
44, 19, 20, 243, 288, 142.997, 142.997,17, 17
44, 19, 21, 243, 188, 72.8789, 72.8789,8, 8
44, 19, 22, 243, 228, 34.9451, 34.9451,4, 4
44, 19, 23, 243, 287, 19.0631, 19.0631,2, 2
44, 19, 24, 243, 249, 0, 0,0, 0
44, 19, 25, 243, 285, 76.4625, 76.4625,9, 9
44, 19, 26, 243, 292, 34.2863, 34.2863,4, 4
44, 19, 27, 243, 243, 47.4386, 47.4386,5, 5
44, 19, 28, 243, 263, 100.092, 100.092,12, 12
44, 19, 29, 243, 307, 66.0251, 74.1536,9, 8
44, 19, 30, 243, 271, 131.737, 156.844,18, 15
44, 19, 31, 243, 240, 58.6838, 58.6838,6, 6
44, 19, 32, 243, 290, 7.42252, 7.42252,1, 1
44, 19, 33, 243, 303, 36.9211, 36.9211,4, 4
44, 19, 34, 243, 222, 48.2919, 48.2919,6, 6
44, 19, 35, 243, 248, 7.30977, 7.30977,1, 1
44, 19, 36, 243, 281, 61.3507, 61.3507,8, 8
44, 19, 37, 243, 306, 7.75507, 7.75507,1, 1
44, 19, 38, 243, 306, 0, 0,0, 0
44, 19, 39, 243, 282, 6.95704, 6.95704,1, 1
44, 19, 40, 243, 275, 106.874, 113.743,12, 11
44, 19, 41, 243, 260, 78.9742, 78.9742,9, 9
44, 19, 42, 243, 246, 93.1166, 93.1166,11, 11
44, 19, 43, 243, 284, 43.3096, 43.3096,5, 5
44, 19, 44, 243, 260, 31.0275, 31.0275,3, 3
44, 19, 45, 243, 295, 0, 0,0, 0
44, 19, 46, 243, 304, 9.26901, 9.26901,1, 1
44, 19, 47, 243, 271, 27.8628, 27.8628,3, 3
44, 20, 1, 288, 180, 0, 0,0, 0
44, 20, 2, 288, 229, 82.3056, 82.3056,7, 7
44, 20, 3, 288, 178, 21.9834, 21.9834,2, 2
44, 20, 4, 288, 346, 22.8645, 22.8645,2, 2
44, 20, 5, 288, 322, 53.3948, 69.126,8, 6
44, 20, 6, 288, 324, 50.2861, 50.2861,6, 6
44, 20, 7, 288, 229, 521.517, 552.404,57, 53
44, 20, 8, 288, 221, 294.385, 328.176,35, 31
44, 20, 9, 288, 271, 0, 0,0, 0
44, 20, 10, 288, 295, 20.2204, 20.2204,2, 2
44, 20, 11, 288, 302, 31.6168, 40.2279,4, 3
44, 20, 12, 288, 290, 93.9844, 111.911,12, 10
44, 20, 13, 288, 306, 43.1112, 50.0435,6, 5
44, 20, 14, 288, 240, 356.954, 378.46,44, 41
44, 20, 15, 288, 214, 675.293, 760.926,79, 69
44, 20, 16, 288, 221, 19.5728, 19.5728,2, 2
44, 20, 17, 288, 216, 96.4411, 105.88,12, 11
44, 20, 18, 288, 220, 253.77, 313.492,32, 25
44, 20, 19, 288, 243, 136.273, 142.996,17, 16
44, 20, 21, 288, 188, 132.443, 141.05,17, 16
44, 20, 22, 288, 228, 176.058, 182.732,19, 18
44, 20, 23, 288, 287, 57.587, 72.0424,9, 7
44, 20, 24, 288, 249, 44.5535, 44.5535,6, 6
44, 20, 25, 288, 285, 686.055, 788.753,77, 64
44, 20, 26, 288, 292, 23.7082, 23.7082,3, 3
44, 20, 27, 288, 243, 36.0858, 44.4055,4, 3
44, 20, 28, 288, 263, 91.4197, 100.767,10, 9
44, 20, 29, 288, 307, 87.0676, 87.0676,9, 9
44, 20, 30, 288, 271, 69.9451, 69.9451,8, 8
44, 20, 31, 288, 240, 69.6253, 79.8756,8, 7
44, 20, 32, 288, 290, 336.963, 354.093,40, 38
44, 20, 33, 288, 303, 38.7411, 57.5302,6, 4
44, 20, 34, 288, 222, 142.664, 186.512,21, 16
44, 20, 35, 288, 248, 40.9312, 40.9312,5, 5
44, 20, 36, 288, 281, 140.765, 165.213,17, 15
44, 20, 37, 288, 306, 293.986, 320.431,34, 31
44, 20, 38, 288, 306, 25.0575, 25.0575,2, 2
44, 20, 39, 288, 282, 13.5477, 13.5477,1, 1
44, 20, 40, 288, 275, 36.2508, 43.1236,5, 4
44, 20, 41, 288, 260, 41.8313, 61.9938,7, 5
44, 20, 42, 288, 246, 76.5557, 91.3504,11, 9
44, 20, 43, 288, 284, 16.5375, 16.5375,2, 2
44, 20, 44, 288, 260, 69.9443, 69.9443,7, 7
44, 20, 45, 288, 295, 8.74444, 8.74444,1, 1
44, 20, 46, 288, 304, 60.1741, 60.1741,7, 7
44, 20, 47, 288, 271, 48.2857, 48.2857,5, 5
44, 21, 1, 188, 180, 6.89, 6.89,1, 1
44, 21, 2, 188, 229, 62.0709, 62.0709,7, 7
44, 21, 3, 188, 178, 28.8283, 28.8283,3, 3
44, 21, 4, 188, 346, 14.8523, 14.8523,2, 2
44, 21, 5, 188, 322, 44.2854, 50.9704,6, 5
44, 21, 6, 188, 324, 42.4604, 42.4604,5, 5
44, 21, 7, 188, 229, 64.9809, 64.9809,8, 8
44, 21, 8, 188, 221, 180.292, 200.692,23, 20
44, 21, 9, 188, 271, 0, 0,0, 0
44, 21, 10, 188, 295, 36.879, 36.879,2, 2
44, 21, 11, 188, 302, 23.7335, 23.7335,3, 3
44, 21, 12, 188, 290, 53.1149, 53.1149,6, 6
44, 21, 13, 188, 306, 70.6408, 70.6408,8, 8
44, 21, 14, 188, 240, 24.7518, 32.2159,4, 3
44, 21, 15, 188, 214, 183.29, 192.597,20, 19
44, 21, 16, 188, 221, 20.7489, 20.7489,2, 2
44, 21, 17, 188, 216, 28.7472, 28.7472,3, 3
44, 21, 18, 188, 220, 79.453, 86.2694,10, 9
44, 21, 19, 188, 243, 65.853, 72.8784,8, 7
44, 21, 20, 188, 288, 141.05, 141.05,17, 17
44, 21, 22, 188, 228, 465.162, 480.679,49, 47
44, 21, 23, 188, 287, 130.19, 130.19,15, 15
44, 21, 24, 188, 249, 38.6475, 38.6475,5, 5
44, 21, 25, 188, 285, 115.568, 115.568,11, 11
44, 21, 26, 188, 292, 130.975, 163.584,19, 15
44, 21, 27, 188, 243, 33.172, 33.172,3, 3
44, 21, 28, 188, 263, 69.4703, 69.4703,6, 6
44, 21, 29, 188, 307, 44.8018, 44.8018,6, 6
44, 21, 30, 188, 271, 67.43, 67.43,7, 7
44, 21, 31, 188, 240, 45.3674, 45.3674,5, 5
44, 21, 32, 188, 290, 56.691, 56.691,4, 4
44, 21, 33, 188, 303, 17.2758, 24.9117,3, 2
44, 21, 34, 188, 222, 155.223, 161.93,16, 15
44, 21, 35, 188, 248, 19.4219, 19.4219,1, 1
44, 21, 36, 188, 281, 73.8311, 82.7384,10, 9
44, 21, 37, 188, 306, 25.3809, 25.3809,2, 2
44, 21, 38, 188, 306, 24.1243, 24.1243,2, 2
44, 21, 39, 188, 282, 11.3632, 11.3632,1, 1
44, 21, 40, 188, 275, 40.022, 40.022,4, 4
44, 21, 41, 188, 260, 55.0301, 55.0301,6, 6
44, 21, 42, 188, 246, 64.3609, 64.3609,8, 8
44, 21, 43, 188, 284, 32.0004, 32.0004,4, 4
44, 21, 44, 188, 260, 143.613, 164.233,18, 15
44, 21, 45, 188, 295, 8.03108, 8.03108,1, 1
44, 21, 46, 188, 304, 99.7899, 106.99,11, 10
44, 21, 47, 188, 271, 53.5882, 53.5882,5, 5
44, 22, 1, 228, 180, 0, 0,0, 0
44, 22, 2, 228, 229, 123.933, 130.784,12, 11
44, 22, 3, 228, 178, 22.401, 22.401,2, 2
44, 22, 4, 228, 346, 21.9582, 21.9582,2, 2
44, 22, 5, 228, 322, 66.3624, 73.1309,9, 8
44, 22, 6, 228, 324, 79.8022, 138.756,14, 7
44, 22, 7, 228, 229, 169.207, 176.147,20, 19
44, 22, 8, 228, 221, 82.5469, 90.9476,10, 9
44, 22, 9, 228, 271, 0, 0,0, 0
44, 22, 10, 228, 295, 29.8591, 29.8591,2, 2
44, 22, 11, 228, 302, 9.90453, 9.90453,1, 1
44, 22, 12, 228, 290, 69.5117, 69.5117,7, 7
44, 22, 13, 228, 306, 31.3828, 31.3828,4, 4
44, 22, 14, 228, 240, 150.608, 188.554,21, 16
44, 22, 15, 228, 214, 235.678, 235.678,24, 24
44, 22, 16, 228, 221, 64.8849, 79.3247,8, 6
44, 22, 17, 228, 216, 95.416, 136.988,13, 8
44, 22, 18, 228, 220, 91.242, 98.0388,11, 10
44, 22, 19, 228, 243, 34.9453, 34.9453,4, 4
44, 22, 20, 228, 288, 168.681, 182.731,19, 17
44, 22, 21, 228, 188, 433.335, 480.679,49, 43
44, 22, 23, 228, 287, 267.168, 311.298,36, 30
44, 22, 24, 228, 249, 64.0696, 106.862,12, 7
44, 22, 25, 228, 285, 226.922, 241.934,25, 23
44, 22, 26, 228, 292, 66.6089, 66.6089,8, 8
44, 22, 27, 228, 243, 35.0608, 46.2725,4, 3
44, 22, 28, 228, 263, 88.3532, 88.3532,6, 6
44, 22, 29, 228, 307, 37.3453, 37.3453,4, 4
44, 22, 30, 228, 271, 58.5487, 76.1556,8, 6
44, 22, 31, 228, 240, 50.6798, 65.918,8, 6
44, 22, 32, 228, 290, 57.0021, 71.5017,7, 5
44, 22, 33, 228, 303, 24.7654, 24.7654,3, 3
44, 22, 34, 228, 222, 174.871, 234.85,25, 18
44, 22, 35, 228, 248, 50.2755, 57.7897,6, 5
44, 22, 36, 228, 281, 43.6482, 43.6482,5, 5
44, 22, 37, 228, 306, 56.1647, 56.1647,6, 6
44, 22, 38, 228, 306, 32.1268, 32.1268,2, 2
44, 22, 39, 228, 282, 67.3225, 90.4672,8, 5
44, 22, 40, 228, 275, 28.3039, 28.3039,4, 4
44, 22, 41, 228, 260, 37.8103, 37.8103,5, 5
44, 22, 42, 228, 246, 68.0259, 83.391,9, 7
44, 22, 43, 228, 284, 49.8844, 49.8844,6, 6
44, 22, 44, 228, 260, 128.551, 183.196,22, 15
44, 22, 45, 228, 295, 50.5375, 90.9535,11, 6
44, 22, 46, 228, 304, 151.984, 167.568,19, 17
44, 22, 47, 228, 271, 184.658, 269.831,28, 18
44, 23, 1, 287, 180, 15.8666, 15.8666,2, 2
44, 23, 2, 287, 229, 37.0417, 37.0417,4, 4
44, 23, 3, 287, 178, 30.7095, 30.7095,3, 3
44, 23, 4, 287, 346, 14.6375, 14.6375,2, 2
44, 23, 5, 287, 322, 23.8461, 23.8461,3, 3
44, 23, 6, 287, 324, 57.3922, 64.7449,7, 6
44, 23, 7, 287, 229, 82.5474, 82.5474,10, 10
44, 23, 8, 287, 221, 18.4536, 25.1713,3, 2
44, 23, 9, 287, 271, 29.3101, 36.5361,5, 4
44, 23, 10, 287, 295, 72.6089, 79.3973,8, 7
44, 23, 11, 287, 302, 7.09905, 7.09905,1, 1
44, 23, 12, 287, 290, 30.6136, 30.6136,4, 4
44, 23, 13, 287, 306, 0, 0,0, 0
44, 23, 14, 287, 240, 184.513, 207.794,24, 21
44, 23, 15, 287, 214, 42.3109, 49.1377,5, 4
44, 23, 16, 287, 221, 41.2745, 48.2204,4, 3
44, 23, 17, 287, 216, 56.2135, 56.2135,5, 5
44, 23, 18, 287, 220, 36.9589, 36.9589,4, 4
44, 23, 19, 287, 243, 19.0632, 19.0632,2, 2
44, 23, 20, 287, 288, 72.0421, 72.0421,9, 9
44, 23, 21, 287, 188, 107.504, 130.19,15, 12
44, 23, 22, 287, 228, 296.288, 311.298,36, 34
44, 23, 24, 287, 249, 521.775, 607.309,67, 56
44, 23, 25, 287, 285, 113.292, 120.769,13, 12
44, 23, 26, 287, 292, 14.0776, 14.0776,2, 2
44, 23, 27, 287, 243, 10.0316, 10.0316,1, 1
44, 23, 28, 287, 263, 41.2119, 41.2119,3, 3
44, 23, 29, 287, 307, 22.2324, 22.2324,3, 3
44, 23, 30, 287, 271, 9.28686, 9.28686,1, 1
44, 23, 31, 287, 240, 0, 0,0, 0
44, 23, 32, 287, 290, 174.081, 240.51,27, 18
44, 23, 33, 287, 303, 0, 0,0, 0
44, 23, 34, 287, 222, 46.4194, 46.4194,5, 5
44, 23, 35, 287, 248, 113.095, 135.094,12, 10
44, 23, 36, 287, 281, 23.9499, 23.9499,3, 3
44, 23, 37, 287, 306, 163.418, 200.854,23, 18
44, 23, 38, 287, 306, 24.4473, 24.4473,2, 2
44, 23, 39, 287, 282, 54.5574, 76.7363,8, 5
44, 23, 40, 287, 275, 0, 0,0, 0
44, 23, 41, 287, 260, 8.36486, 8.36486,1, 1
44, 23, 42, 287, 246, 22.3843, 22.3843,3, 3
44, 23, 43, 287, 284, 0, 0,0, 0
44, 23, 44, 287, 260, 45.5187, 45.5187,6, 6
44, 23, 45, 287, 295, 54.8181, 61.9886,8, 7
44, 23, 46, 287, 304, 38.3068, 38.3068,5, 5
44, 23, 47, 287, 271, 164.84, 195.916,22, 18
44, 24, 1, 249, 180, 22.0036, 29.0982,4, 3
44, 24, 2, 249, 229, 0, 0,0, 0
44, 24, 3, 249, 178, 15.9416, 31.3992,2, 1
44, 24, 4, 249, 346, 0, 0,0, 0
44, 24, 5, 249, 322, 26.984, 26.984,3, 3
44, 24, 6, 249, 324, 77.9602, 91.9389,12, 10
44, 24, 7, 249, 229, 14.9959, 14.9959,2, 2
44, 24, 8, 249, 221, 0, 0,0, 0
44, 24, 9, 249, 271, 47.1777, 54.0046,7, 6
44, 24, 10, 249, 295, 104.578, 112.339,15, 14
44, 24, 11, 249, 302, 31.0057, 31.0057,3, 3
44, 24, 12, 249, 290, 8.42814, 16.3521,2, 1
44, 24, 13, 249, 306, 0, 0,0, 0
44, 24, 14, 249, 240, 108.624, 125.36,15, 13
44, 24, 15, 249, 214, 7.33076, 14.2294,2, 1
44, 24, 16, 249, 221, 57.4345, 57.4345,7, 7
44, 24, 17, 249, 216, 25.7587, 25.7587,3, 3
44, 24, 18, 249, 220, 17.3727, 26.4657,3, 2
44, 24, 19, 249, 243, 0, 0,0, 0
44, 24, 20, 249, 288, 44.5534, 44.5534,6, 6
44, 24, 21, 249, 188, 30.7253, 38.6475,5, 4
44, 24, 22, 249, 228, 90.1322, 106.862,12, 10
44, 24, 23, 249, 287, 518.91, 607.309,67, 56
44, 24, 25, 249, 285, 52.3089, 65.9284,7, 5
44, 24, 26, 249, 292, 9.41704, 17.885,2, 1
44, 24, 27, 249, 243, 14.2012, 14.2012,2, 2
44, 24, 28, 249, 263, 7.08176, 13.7558,2, 1
44, 24, 29, 249, 307, 0, 0,0, 0
44, 24, 30, 249, 271, 0, 0,0, 0
44, 24, 31, 249, 240, 0, 0,0, 0
44, 24, 32, 249, 290, 154.491, 224.296,25, 17
44, 24, 33, 249, 303, 37.8735, 37.8735,5, 5
44, 24, 34, 249, 222, 54.7061, 81.2265,9, 6
44, 24, 35, 249, 248, 126.916, 148.956,16, 13
44, 24, 36, 249, 281, 8.98793, 8.98793,1, 1
44, 24, 37, 249, 306, 148.48, 181.381,22, 18
44, 24, 38, 249, 306, 34.0433, 34.0433,4, 4
44, 24, 39, 249, 282, 85.2028, 93.5756,10, 9
44, 24, 40, 249, 275, 0, 0,0, 0
44, 24, 41, 249, 260, 0, 0,0, 0
44, 24, 42, 249, 246, 8.44466, 16.6957,2, 1
44, 24, 43, 249, 284, 36.4086, 36.4086,5, 5
44, 24, 44, 249, 260, 24.9257, 31.8333,4, 3
44, 24, 45, 249, 295, 67.0839, 67.0839,8, 8
44, 24, 46, 249, 304, 6.86002, 6.86002,1, 1
44, 24, 47, 249, 271, 127.197, 137.843,17, 16
44, 25, 1, 285, 180, 24.4333, 31.2961,4, 3
44, 25, 2, 285, 229, 103.714, 125.112,12, 9
44, 25, 3, 285, 178, 52.4905, 52.4905,6, 6
44, 25, 4, 285, 346, 17.5108, 17.5108,2, 2
44, 25, 5, 285, 322, 49.2477, 58.1592,7, 6
44, 25, 6, 285, 324, 41.8352, 41.8352,5, 5
44, 25, 7, 285, 229, 619.982, 678.48,69, 62
44, 25, 8, 285, 221, 118.418, 125.669,15, 14
44, 25, 9, 285, 271, 0, 0,0, 0
44, 25, 10, 285, 295, 34.0975, 34.0975,2, 2
44, 25, 11, 285, 302, 19.5875, 19.5875,2, 2
44, 25, 12, 285, 290, 65.5353, 65.5353,8, 8
44, 25, 13, 285, 306, 52.102, 52.102,6, 6
44, 25, 14, 285, 240, 541.41, 574.564,58, 54
44, 25, 15, 285, 214, 428.157, 483.119,48, 42
44, 25, 16, 285, 221, 48.8193, 56.1157,6, 5
44, 25, 17, 285, 216, 151.997, 174.727,17, 14
44, 25, 18, 285, 220, 140.777, 157.68,16, 14
44, 25, 19, 285, 243, 68.5343, 76.4626,9, 8
44, 25, 20, 285, 288, 745.187, 788.74,77, 72
44, 25, 21, 285, 188, 115.567, 115.567,11, 11
44, 25, 22, 285, 228, 211.074, 241.935,25, 21
44, 25, 23, 285, 287, 98.6722, 120.769,13, 10
44, 25, 24, 285, 249, 54.3902, 65.9283,7, 6
44, 25, 26, 285, 292, 15.1097, 15.1097,2, 2
44, 25, 27, 285, 243, 43.7014, 43.7014,5, 5
44, 25, 28, 285, 263, 140.09, 156.473,15, 13
44, 25, 29, 285, 307, 50.7003, 50.7003,6, 6
44, 25, 30, 285, 271, 47.6759, 54.4042,7, 6
44, 25, 31, 285, 240, 101.618, 115.561,13, 11
44, 25, 32, 285, 290, 454.544, 481.573,48, 45
44, 25, 33, 285, 303, 16.9197, 16.9197,2, 2
44, 25, 34, 285, 222, 113.826, 113.826,12, 12
44, 25, 35, 285, 248, 90.9422, 109.248,11, 9
44, 25, 36, 285, 281, 93.6416, 102.819,12, 11
44, 25, 37, 285, 306, 422.415, 465.912,45, 40
44, 25, 38, 285, 306, 24.5656, 24.5656,2, 2
44, 25, 39, 285, 282, 54.8675, 69.4263,8, 6
44, 25, 40, 285, 275, 37.1971, 37.1971,5, 5
44, 25, 41, 285, 260, 18.6644, 18.6644,2, 2
44, 25, 42, 285, 246, 49.5345, 56.8787,7, 6
44, 25, 43, 285, 284, 26.1092, 26.1092,3, 3
44, 25, 44, 285, 260, 52.1954, 68.4732,8, 6
44, 25, 45, 285, 295, 7.69892, 7.69892,1, 1
44, 25, 46, 285, 304, 45.7854, 45.7854,6, 6
44, 25, 47, 285, 271, 37.7416, 37.7416,4, 4
44, 26, 1, 292, 180, 7.51976, 7.51976,1, 1
44, 26, 2, 292, 229, 14.3332, 14.3332,2, 2
44, 26, 3, 292, 178, 18.0651, 18.0651,2, 2
44, 26, 4, 292, 346, 7.11094, 7.11094,1, 1
44, 26, 5, 292, 322, 49.0547, 49.0547,6, 6
44, 26, 6, 292, 324, 17.8777, 17.8777,2, 2
44, 26, 7, 292, 229, 24.101, 24.101,3, 3
44, 26, 8, 292, 221, 67.7938, 89.2409,12, 9
44, 26, 9, 292, 271, 0, 0,0, 0
44, 26, 10, 292, 295, 9.17512, 9.17512,1, 1
44, 26, 11, 292, 302, 7.22817, 7.22817,1, 1
44, 26, 12, 292, 290, 37.4274, 37.4274,4, 4
44, 26, 13, 292, 306, 10.1299, 10.1299,1, 1
44, 26, 14, 292, 240, 17.394, 17.394,2, 2
44, 26, 15, 292, 214, 28.6169, 28.6169,4, 4
44, 26, 16, 292, 221, 14.7053, 14.7053,2, 2
44, 26, 17, 292, 216, 16.8213, 16.8213,2, 2
44, 26, 18, 292, 220, 20.1082, 20.1082,2, 2
44, 26, 19, 292, 243, 34.2866, 34.2866,4, 4
44, 26, 20, 292, 288, 23.7082, 23.7082,3, 3
44, 26, 21, 292, 188, 131.538, 163.585,19, 15
44, 26, 22, 292, 228, 58.7208, 66.6089,8, 7
44, 26, 23, 292, 287, 14.0776, 14.0776,2, 2
44, 26, 24, 292, 249, 17.8851, 17.8851,2, 2
44, 26, 25, 292, 285, 15.1097, 15.1097,2, 2
44, 26, 27, 292, 243, 7.23522, 7.23522,1, 1
44, 26, 28, 292, 263, 28.2892, 28.2892,4, 4
44, 26, 29, 292, 307, 15.9502, 15.9502,2, 2
44, 26, 30, 292, 271, 23.8147, 23.8147,3, 3
44, 26, 31, 292, 240, 15.1309, 15.1309,2, 2
44, 26, 32, 292, 290, 27.7772, 27.7772,3, 3
44, 26, 33, 292, 303, 13.5146, 13.5146,2, 2
44, 26, 34, 292, 222, 48.2024, 61.977,7, 5
44, 26, 35, 292, 248, 7.04555, 7.04555,1, 1
44, 26, 36, 292, 281, 24.591, 24.591,3, 3
44, 26, 37, 292, 306, 17.6481, 17.6481,2, 2
44, 26, 38, 292, 306, 8.19891, 8.19891,1, 1
44, 26, 39, 292, 282, 0, 0,0, 0
44, 26, 40, 292, 275, 22.4164, 22.4164,3, 3
44, 26, 41, 292, 260, 31.5671, 31.5671,4, 4
44, 26, 42, 292, 246, 24.6274, 24.6274,3, 3
44, 26, 43, 292, 284, 10.7875, 10.7875,1, 1
44, 26, 44, 292, 260, 46.7172, 54.0154,6, 5
44, 26, 45, 292, 295, 6.68615, 6.68615,1, 1
44, 26, 46, 292, 304, 79.5675, 79.5675,10, 10
44, 26, 47, 292, 271, 40.1518, 40.1518,5, 5
44, 27, 1, 243, 180, 88.7038, 125.341,16, 11
44, 27, 2, 243, 229, 134.686, 159.469,18, 15
44, 27, 3, 243, 178, 73.9227, 88.7007,10, 8
44, 27, 4, 243, 346, 26.4575, 26.4575,3, 3
44, 27, 5, 243, 322, 18.0673, 18.0673,2, 2
44, 27, 6, 243, 324, 26.7068, 26.7068,3, 3
44, 27, 7, 243, 229, 32.0161, 32.0161,3, 3
44, 27, 8, 243, 221, 32.0155, 32.0155,4, 4
44, 27, 9, 243, 271, 8.24018, 8.24018,1, 1
44, 27, 10, 243, 295, 27.9839, 27.9839,3, 3
44, 27, 11, 243, 302, 33.8033, 33.8033,4, 4
44, 27, 12, 243, 290, 58.5598, 58.5598,5, 5
44, 27, 13, 243, 306, 23.2184, 23.2184,3, 3
44, 27, 14, 243, 240, 26.0319, 26.0319,2, 2
44, 27, 15, 243, 214, 10.2949, 10.2949,1, 1
44, 27, 16, 243, 221, 62.6296, 62.6296,7, 7
44, 27, 17, 243, 216, 40.1204, 40.1204,4, 4
44, 27, 18, 243, 220, 40.059, 40.059,5, 5
44, 27, 19, 243, 243, 47.4386, 47.4386,5, 5
44, 27, 20, 243, 288, 44.4046, 44.4046,4, 4
44, 27, 21, 243, 188, 33.1718, 33.1718,3, 3
44, 27, 22, 243, 228, 46.2734, 46.2734,4, 4
44, 27, 23, 243, 287, 10.0317, 10.0317,1, 1
44, 27, 24, 243, 249, 14.2012, 14.2012,2, 2
44, 27, 25, 243, 285, 36.2605, 43.7014,5, 4
44, 27, 26, 243, 292, 7.23522, 7.23522,1, 1
44, 27, 28, 243, 263, 654.914, 708.377,68, 62
44, 27, 29, 243, 307, 42.57, 42.57,4, 4
44, 27, 30, 243, 271, 135.99, 147.574,14, 13
44, 27, 31, 243, 240, 566.992, 654.492,65, 56
44, 27, 32, 243, 290, 30.9195, 30.9195,3, 3
44, 27, 33, 243, 303, 15.7234, 15.7234,2, 2
44, 27, 34, 243, 222, 49.06, 49.06,5, 5
44, 27, 35, 243, 248, 10.5086, 10.5086,1, 1
44, 27, 36, 243, 281, 35.8422, 35.8422,3, 3
44, 27, 37, 243, 306, 22.5865, 22.5865,2, 2
44, 27, 38, 243, 306, 47.4048, 61.751,5, 3
44, 27, 39, 243, 282, 35.696, 42.7701,5, 4
44, 27, 40, 243, 275, 7.60383, 7.60383,1, 1
44, 27, 41, 243, 260, 48.5241, 48.5241,6, 6
44, 27, 42, 243, 246, 7.11166, 7.11166,1, 1
44, 27, 43, 243, 284, 60.0862, 60.0862,7, 7
44, 27, 44, 243, 260, 20.6519, 20.6519,2, 2
44, 27, 45, 243, 295, 0, 0,0, 0
44, 27, 46, 243, 304, 27.2025, 27.2025,3, 3
44, 27, 47, 243, 271, 22.0681, 22.0681,2, 2
44, 28, 1, 263, 180, 49.0503, 49.0503,6, 6
44, 28, 2, 263, 229, 197.883, 252.286,25, 20
44, 28, 3, 263, 178, 75.3044, 102.246,12, 9
44, 28, 4, 263, 346, 25.8331, 42.7091,5, 3
44, 28, 5, 263, 322, 34.6644, 42.6304,5, 4
44, 28, 6, 263, 324, 43.8829, 53.5484,6, 5
44, 28, 7, 263, 229, 97.2681, 105.049,12, 11
44, 28, 8, 263, 221, 69.7356, 78.7375,9, 8
44, 28, 9, 263, 271, 0, 0,0, 0
44, 28, 10, 263, 295, 49.3051, 77.7779,6, 4
44, 28, 11, 263, 302, 70.3311, 70.3311,8, 8
44, 28, 12, 263, 290, 64.6531, 82.4952,9, 7
44, 28, 13, 263, 306, 20.9856, 20.9856,2, 2
44, 28, 14, 263, 240, 63.8598, 75.0315,7, 6
44, 28, 15, 263, 214, 42.9672, 58.0605,5, 4
44, 28, 16, 263, 221, 48.2474, 73.4042,6, 4
44, 28, 17, 263, 216, 77.0479, 108.636,6, 5
44, 28, 18, 263, 220, 120.211, 143.188,17, 14
44, 28, 19, 263, 243, 85.1346, 100.092,12, 10
44, 28, 20, 263, 288, 79.2301, 100.766,10, 8
44, 28, 21, 263, 188, 57.3825, 69.4707,6, 5
44, 28, 22, 263, 228, 61.8402, 88.3534,6, 5
44, 28, 23, 263, 287, 26.5802, 41.2123,3, 2
44, 28, 24, 263, 249, 13.7558, 13.7558,2, 2
44, 28, 25, 263, 285, 133.86, 156.474,15, 13
44, 28, 26, 263, 292, 28.2891, 28.2891,4, 4
44, 28, 27, 263, 243, 646.969, 708.377,68, 61
44, 28, 29, 263, 307, 70.2939, 89.875,10, 8
44, 28, 30, 263, 271, 265.807, 273.28,29, 28
44, 28, 31, 263, 240, 712.756, 781.479,75, 66
44, 28, 32, 263, 290, 45.5642, 76.0134,7, 4
44, 28, 33, 263, 303, 57.5448, 57.5448,6, 6
44, 28, 34, 263, 222, 53.6373, 71.7694,8, 6
44, 28, 35, 263, 248, 39.1273, 56.3912,4, 3
44, 28, 36, 263, 281, 98.3961, 126.945,13, 10
44, 28, 37, 263, 306, 40.2808, 60.8856,6, 4
44, 28, 38, 263, 306, 43.224, 72.0514,5, 3
44, 28, 39, 263, 282, 23.6424, 45.9444,2, 1
44, 28, 40, 263, 275, 14.6012, 14.6012,2, 2
44, 28, 41, 263, 260, 41.7109, 41.7109,5, 5
44, 28, 42, 263, 246, 62.0247, 62.0247,8, 8
44, 28, 43, 263, 284, 84.3578, 92.3787,12, 11
44, 28, 44, 263, 260, 35.1346, 43.3278,5, 4
44, 28, 45, 263, 295, 0, 0,0, 0
44, 28, 46, 263, 304, 38.6167, 50.0912,5, 4
44, 28, 47, 263, 271, 45.6926, 69.9202,6, 4
44, 29, 1, 307, 180, 0, 0,0, 0
44, 29, 2, 307, 229, 49.8132, 67.1726,8, 6
44, 29, 3, 307, 178, 16.1009, 24.5323,3, 2
44, 29, 4, 307, 346, 28.8197, 42.7928,6, 4
44, 29, 5, 307, 322, 69.9618, 94.437,8, 6
44, 29, 6, 307, 324, 88.6384, 115.83,13, 10
44, 29, 7, 307, 229, 42.2113, 55.6326,5, 4
44, 29, 8, 307, 221, 68.3239, 85.167,10, 8
44, 29, 9, 307, 271, 52.9635, 59.8553,7, 6
44, 29, 10, 307, 295, 47.8837, 63.7635,7, 5
44, 29, 11, 307, 302, 105.493, 114.948,13, 12
44, 29, 12, 307, 290, 110.602, 165.915,14, 10
44, 29, 13, 307, 306, 74.9369, 74.9369,8, 8
44, 29, 14, 307, 240, 25.6968, 34.8351,4, 3
44, 29, 15, 307, 214, 23.4515, 39.2695,5, 3
44, 29, 16, 307, 221, 16.2191, 31.1667,4, 2
44, 29, 17, 307, 216, 18.6543, 27.544,3, 2
44, 29, 18, 307, 220, 35.2782, 35.2782,4, 4
44, 29, 19, 307, 243, 66.8075, 74.1536,9, 8
44, 29, 20, 307, 288, 49.531, 87.0672,9, 5
44, 29, 21, 307, 188, 37.7073, 44.8019,6, 5
44, 29, 22, 307, 228, 28.0011, 37.345,4, 3
44, 29, 23, 307, 287, 15.3137, 22.2324,3, 2
44, 29, 24, 307, 249, 0, 0,0, 0
44, 29, 25, 307, 285, 35.8415, 50.7004,6, 4
44, 29, 26, 307, 292, 8.74364, 15.9504,2, 1
44, 29, 27, 307, 243, 28.6986, 42.5701,4, 3
44, 29, 28, 307, 263, 69.9338, 89.8753,10, 8
44, 29, 30, 307, 271, 115.304, 129.34,14, 13
44, 29, 31, 307, 240, 28.7358, 43.3943,5, 3
44, 29, 32, 307, 290, 17.66, 26.9154,3, 2
44, 29, 33, 307, 303, 544.368, 564.11,58, 56
44, 29, 34, 307, 222, 57.0828, 72.6596,9, 7
44, 29, 35, 307, 248, 16.8308, 23.9795,3, 2
44, 29, 36, 307, 281, 72.0014, 88.0613,9, 8
44, 29, 37, 307, 306, 18.2576, 27.4732,3, 2
44, 29, 38, 307, 306, 181.793, 224.08,26, 21
44, 29, 39, 307, 282, 72.3002, 80.8477,9, 8
44, 29, 40, 307, 275, 173.696, 189.034,20, 18
44, 29, 41, 307, 260, 191.475, 201.77,23, 22
44, 29, 42, 307, 246, 212.674, 269.361,29, 22
44, 29, 43, 307, 284, 133.155, 151.279,17, 15
44, 29, 44, 307, 260, 49.1815, 64.3674,6, 5
44, 29, 45, 307, 295, 40.3467, 40.3467,5, 5
44, 29, 46, 307, 304, 27.8215, 46.2163,5, 3
44, 29, 47, 307, 271, 38.2313, 57.259,6, 4
44, 30, 1, 271, 180, 7.01068, 7.01068,1, 1
44, 30, 2, 271, 229, 108.774, 117.908,14, 13
44, 30, 3, 271, 178, 22.9748, 22.9748,3, 3
44, 30, 4, 271, 346, 21.5746, 21.5746,3, 3
44, 30, 5, 271, 322, 60.8628, 60.8628,7, 7
44, 30, 6, 271, 324, 17.3994, 17.3994,2, 2
44, 30, 7, 271, 229, 52.3009, 52.3009,5, 5
44, 30, 8, 271, 221, 74.031, 74.031,8, 8
44, 30, 9, 271, 271, 0, 0,0, 0
44, 30, 10, 271, 295, 13.843, 13.843,2, 2
44, 30, 11, 271, 302, 21.9282, 21.9282,2, 2
44, 30, 12, 271, 290, 65.3708, 65.3708,7, 7
44, 30, 13, 271, 306, 43.5083, 52.2877,6, 5
44, 30, 14, 271, 240, 17.6483, 24.6318,3, 2
44, 30, 15, 271, 214, 55.2243, 55.2243,5, 5
44, 30, 16, 271, 221, 21.3809, 21.3809,3, 3
44, 30, 17, 271, 216, 37.8655, 46.0848,5, 4
44, 30, 18, 271, 220, 70.3086, 70.3086,9, 9
44, 30, 19, 271, 243, 156.843, 156.843,18, 18
44, 30, 20, 271, 288, 69.9448, 69.9448,8, 8
44, 30, 21, 271, 188, 58.1829, 67.43,7, 6
44, 30, 22, 271, 228, 65.3737, 76.1559,8, 7
44, 30, 23, 271, 287, 9.28676, 9.28676,1, 1
44, 30, 24, 271, 249, 0, 0,0, 0
44, 30, 25, 271, 285, 47.0919, 54.4043,7, 6
44, 30, 26, 271, 292, 23.8146, 23.8146,3, 3
44, 30, 27, 271, 243, 124.515, 147.575,14, 11
44, 30, 28, 271, 263, 244.644, 273.28,29, 26
44, 30, 29, 271, 307, 122.629, 129.34,14, 13
44, 30, 31, 271, 240, 295.728, 311.254,33, 31
44, 30, 32, 271, 290, 9.42793, 9.42793,1, 1
44, 30, 33, 271, 303, 70.0761, 70.0761,9, 9
44, 30, 34, 271, 222, 44.3265, 52.3648,7, 6
44, 30, 35, 271, 248, 0, 0,0, 0
44, 30, 36, 271, 281, 46.255, 54.0016,7, 6
44, 30, 37, 271, 306, 16.4691, 16.4691,2, 2
44, 30, 38, 271, 306, 31.7659, 31.7659,4, 4
44, 30, 39, 271, 282, 15.3472, 15.3472,2, 2
44, 30, 40, 271, 275, 98.2263, 106.4,12, 11
44, 30, 41, 271, 260, 87.7318, 95.598,10, 9
44, 30, 42, 271, 246, 91.923, 91.923,12, 12
44, 30, 43, 271, 284, 59.1602, 59.1602,7, 7
44, 30, 44, 271, 260, 55.9493, 64.9559,7, 6
44, 30, 45, 271, 295, 0, 0,0, 0
44, 30, 46, 271, 304, 38.7091, 45.4141,6, 5
44, 30, 47, 271, 271, 30.2351, 30.2351,4, 4
44, 31, 1, 240, 180, 43.8657, 43.8657,6, 6
44, 31, 2, 240, 229, 206.319, 246.14,27, 22
44, 31, 3, 240, 178, 64.6485, 71.4691,9, 8
44, 31, 4, 240, 346, 8.71272, 8.71272,1, 1
44, 31, 5, 240, 322, 22.437, 22.437,3, 3
44, 31, 6, 240, 324, 24.2261, 24.2261,3, 3
44, 31, 7, 240, 229, 72.4933, 72.4933,9, 9
44, 31, 8, 240, 221, 57.7854, 57.7854,7, 7
44, 31, 9, 240, 271, 7.11205, 7.11205,1, 1
44, 31, 10, 240, 295, 0, 0,0, 0
44, 31, 11, 240, 302, 64.2635, 64.2635,7, 7
44, 31, 12, 240, 290, 16.7917, 16.7917,2, 2
44, 31, 13, 240, 306, 40.5084, 40.5084,4, 4
44, 31, 14, 240, 240, 26.8063, 26.8063,3, 3
44, 31, 15, 240, 214, 40.5203, 48.6169,6, 5
44, 31, 16, 240, 221, 26.1737, 26.1737,3, 3
44, 31, 17, 240, 216, 70.3533, 77.1876,9, 8
44, 31, 18, 240, 220, 68.8362, 86.6259,8, 6
44, 31, 19, 240, 243, 58.684, 58.684,6, 6
44, 31, 20, 240, 288, 69.2232, 79.8758,8, 7
44, 31, 21, 240, 188, 36.8104, 45.3675,5, 4
44, 31, 22, 240, 228, 50.6798, 65.918,8, 6
44, 31, 23, 240, 287, 0, 0,0, 0
44, 31, 24, 240, 249, 0, 0,0, 0
44, 31, 25, 240, 285, 101.341, 115.562,13, 11
44, 31, 26, 240, 292, 15.1309, 15.1309,2, 2
44, 31, 27, 240, 243, 604.956, 654.491,65, 59
44, 31, 28, 240, 263, 719.675, 781.475,75, 68
44, 31, 29, 240, 307, 43.3945, 43.3945,5, 5
44, 31, 30, 240, 271, 283.383, 311.255,33, 30
44, 31, 32, 240, 290, 0, 0,0, 0
44, 31, 33, 240, 303, 69.8262, 69.8262,8, 8
44, 31, 34, 240, 222, 46.1417, 46.1417,6, 6
44, 31, 35, 240, 248, 0, 0,0, 0
44, 31, 36, 240, 281, 53.7758, 53.7758,6, 6
44, 31, 37, 240, 306, 14.1108, 14.1108,2, 2
44, 31, 38, 240, 306, 20.9653, 20.9653,3, 3
44, 31, 39, 240, 282, 20.9874, 20.9874,3, 3
44, 31, 40, 240, 275, 45.7858, 45.7858,5, 5
44, 31, 41, 240, 260, 25.6805, 25.6805,3, 3
44, 31, 42, 240, 246, 68.2373, 75.7184,8, 7
44, 31, 43, 240, 284, 65.3197, 65.3197,8, 8
44, 31, 44, 240, 260, 26.797, 36.9346,3, 2
44, 31, 45, 240, 295, 0, 0,0, 0
44, 31, 46, 240, 304, 22.6975, 22.6975,3, 3
44, 31, 47, 240, 271, 42.6024, 42.6024,5, 5
44, 32, 1, 290, 180, 39.1532, 54.3676,7, 5
44, 32, 2, 290, 229, 29.1196, 68.8774,6, 2
44, 32, 3, 290, 178, 61.8037, 107.514,10, 5
44, 32, 4, 290, 346, 23.227, 49.5145,5, 2
44, 32, 5, 290, 322, 25.2206, 25.2206,3, 3
44, 32, 6, 290, 324, 58.6928, 115.245,15, 7
44, 32, 7, 290, 229, 251.087, 286.98,33, 29
44, 32, 8, 290, 221, 60.6105, 60.6105,8, 8
44, 32, 9, 290, 271, 22.6447, 22.6447,3, 3
44, 32, 10, 290, 295, 53.5323, 125.566,12, 4
44, 32, 11, 290, 302, 30.3008, 51.9346,7, 4
44, 32, 12, 290, 290, 35.4214, 35.4214,4, 4
44, 32, 13, 290, 306, 0, 0,0, 0
44, 32, 14, 290, 240, 620.807, 790.993,73, 56
44, 32, 15, 290, 214, 232.617, 278.751,30, 25
44, 32, 16, 290, 221, 197.461, 259.152,27, 20
44, 32, 17, 290, 216, 115.389, 135.301,14, 12
44, 32, 18, 290, 220, 36.3645, 46.1391,5, 4
44, 32, 19, 290, 243, 7.42256, 7.42256,1, 1
44, 32, 20, 290, 288, 303.309, 354.093,40, 34
44, 32, 21, 290, 188, 37.8826, 56.6914,4, 3
44, 32, 22, 290, 228, 51.0024, 71.5022,7, 5
44, 32, 23, 290, 287, 133.263, 240.514,27, 14
44, 32, 24, 290, 249, 135.106, 224.297,25, 14
44, 32, 25, 290, 285, 407.717, 481.577,48, 40
44, 32, 26, 290, 292, 19.4867, 27.7772,3, 2
44, 32, 27, 290, 243, 14.3659, 30.9204,3, 1
44, 32, 28, 290, 263, 37.3288, 76.0135,7, 3
44, 32, 29, 290, 307, 19.7599, 26.9153,3, 2
44, 32, 30, 290, 271, 9.42786, 9.42786,1, 1
44, 32, 31, 290, 240, 0, 0,0, 0
44, 32, 33, 290, 303, 0, 0,0, 0
44, 32, 34, 290, 222, 82.9408, 105.029,11, 9
44, 32, 35, 290, 248, 109.124, 136.777,15, 12
44, 32, 36, 290, 281, 33.7509, 48.095,6, 4
44, 32, 37, 290, 306, 6660.71, 7114.69,241, 197
44, 32, 38, 290, 306, 24.6288, 61.4009,6, 2
44, 32, 39, 290, 282, 34.7574, 52.044,6, 4
44, 32, 40, 290, 275, 0, 0,0, 0
44, 32, 41, 290, 260, 0, 0,0, 0
44, 32, 42, 290, 246, 14.9971, 21.8057,3, 2
44, 32, 43, 290, 284, 12.2986, 12.2986,1, 1
44, 32, 44, 290, 260, 35.2956, 35.2956,4, 4
44, 32, 45, 290, 295, 64.0826, 94.2661,12, 8
44, 32, 46, 290, 304, 67.2154, 88.5859,12, 9
44, 32, 47, 290, 271, 59.4789, 107.403,13, 7
44, 33, 1, 303, 180, 0, 0,0, 0
44, 33, 2, 303, 229, 17.1172, 25.1977,3, 2
44, 33, 3, 303, 178, 0, 0,0, 0
44, 33, 4, 303, 346, 0, 0,0, 0
44, 33, 5, 303, 322, 26.616, 26.616,3, 3
44, 33, 6, 303, 324, 213.762, 483.231,60, 25
44, 33, 7, 303, 229, 31.0537, 31.0537,4, 4
44, 33, 8, 303, 221, 32.5669, 32.5669,4, 4
44, 33, 9, 303, 271, 318.641, 699.435,82, 35
44, 33, 10, 303, 295, 282.772, 630.797,73, 30
44, 33, 11, 303, 302, 221.874, 437.305,52, 25
44, 33, 12, 303, 290, 91.9906, 99.6582,10, 9
44, 33, 13, 303, 306, 53.5485, 60.2855,7, 6
44, 33, 14, 303, 240, 0, 0,0, 0
44, 33, 15, 303, 214, 68.4322, 75.5191,8, 7
44, 33, 16, 303, 221, 0, 0,0, 0
44, 33, 17, 303, 216, 24.6782, 31.5876,4, 3
44, 33, 18, 303, 220, 20.2376, 20.2376,2, 2
44, 33, 19, 303, 243, 30.0082, 36.921,4, 3
44, 33, 20, 303, 288, 57.5305, 57.5305,6, 6
44, 33, 21, 303, 188, 24.9119, 24.9119,3, 3
44, 33, 22, 303, 228, 24.7654, 24.7654,3, 3
44, 33, 23, 303, 287, 0, 0,0, 0
44, 33, 24, 303, 249, 23.1153, 37.8735,5, 3
44, 33, 25, 303, 285, 16.9197, 16.9197,2, 2
44, 33, 26, 303, 292, 13.5146, 13.5146,2, 2
44, 33, 27, 303, 243, 15.7234, 15.7234,2, 2
44, 33, 28, 303, 263, 47.3806, 57.5447,6, 5
44, 33, 29, 303, 307, 499.223, 564.11,58, 50
44, 33, 30, 303, 271, 62.8507, 70.0762,9, 8
44, 33, 31, 303, 240, 69.8262, 69.8262,8, 8
44, 33, 32, 303, 290, 0, 0,0, 0
44, 33, 34, 303, 222, 66.712, 66.712,7, 7
44, 33, 35, 303, 248, 77.6532, 115.225,15, 10
44, 33, 36, 303, 281, 75.9314, 90.656,10, 8
44, 33, 37, 303, 306, 0, 0,0, 0
44, 33, 38, 303, 306, 721.593, 1286.24,146, 75
44, 33, 39, 303, 282, 320.232, 603.65,67, 32
44, 33, 40, 303, 275, 44.6237, 44.6237,5, 5
44, 33, 41, 303, 260, 122.211, 139.954,16, 14
44, 33, 42, 303, 246, 188.267, 218.93,25, 21
44, 33, 43, 303, 284, 553.58, 1052.42,117, 55
44, 33, 44, 303, 260, 8.02069, 8.02069,1, 1
44, 33, 45, 303, 295, 261.906, 507.038,61, 29
44, 33, 46, 303, 304, 26.2089, 26.2089,3, 3
44, 33, 47, 303, 271, 84.5612, 209.728,26, 10
44, 34, 1, 222, 180, 15.3129, 22.1366,3, 2
44, 34, 2, 222, 229, 60.5614, 60.5614,6, 6
44, 34, 3, 222, 178, 77.1388, 93.9309,9, 7
44, 34, 4, 222, 346, 15.8864, 15.8864,2, 2
44, 34, 5, 222, 322, 59.8705, 59.8705,7, 7
44, 34, 6, 222, 324, 72.0981, 87.2676,10, 8
44, 34, 7, 222, 229, 110.756, 110.756,12, 12
44, 34, 8, 222, 221, 90.5613, 90.5613,9, 9
44, 34, 9, 222, 271, 0, 0,0, 0
44, 34, 10, 222, 295, 51.4331, 75.6478,8, 5
44, 34, 11, 222, 302, 166.444, 166.444,18, 18
44, 34, 12, 222, 290, 184.609, 206.155,25, 22
44, 34, 13, 222, 306, 87.1628, 87.1628,10, 10
44, 34, 14, 222, 240, 75.8659, 75.8659,8, 8
44, 34, 15, 222, 214, 180.619, 214.561,23, 19
44, 34, 16, 222, 221, 57.9202, 83.5442,9, 6
44, 34, 17, 222, 216, 127.656, 152.057,17, 14
44, 34, 18, 222, 220, 143.158, 153.659,16, 15
44, 34, 19, 222, 243, 39.8099, 48.2923,6, 5
44, 34, 20, 222, 288, 186.512, 186.512,21, 21
44, 34, 21, 222, 188, 151.423, 161.93,16, 15
44, 34, 22, 222, 228, 203.156, 234.85,25, 21
44, 34, 23, 222, 287, 37.7598, 46.419,5, 4
44, 34, 24, 222, 249, 59.3709, 81.2255,9, 6
44, 34, 25, 222, 285, 105.494, 113.825,12, 11
44, 34, 26, 222, 292, 52.1154, 61.9769,7, 6
44, 34, 27, 222, 243, 49.06, 49.06,5, 5
44, 34, 28, 222, 263, 57.3049, 71.7692,8, 6
44, 34, 29, 222, 307, 72.6596, 72.6596,9, 9
44, 34, 30, 222, 271, 52.3651, 52.3651,7, 7
44, 34, 31, 222, 240, 46.1417, 46.1417,6, 6
44, 34, 32, 222, 290, 77.7571, 105.029,11, 8
44, 34, 33, 222, 303, 66.7125, 66.7125,7, 7
44, 34, 35, 222, 248, 177.143, 207.53,25, 21
44, 34, 36, 222, 281, 376.213, 425.196,49, 43
44, 34, 37, 222, 306, 65.3098, 72.9772,9, 8
44, 34, 38, 222, 306, 37.4118, 45.6106,4, 3
44, 34, 39, 222, 282, 160.03, 169.272,20, 19
44, 34, 40, 222, 275, 65.0439, 65.0439,7, 7
44, 34, 41, 222, 260, 88.8631, 88.8631,11, 11
44, 34, 42, 222, 246, 94.3406, 104.07,11, 10
44, 34, 43, 222, 284, 55.7797, 55.7797,6, 6
44, 34, 44, 222, 260, 140.286, 166.122,19, 16
44, 34, 45, 222, 295, 43.0154, 51.334,6, 5
44, 34, 46, 222, 304, 100.548, 108.294,13, 12
44, 34, 47, 222, 271, 74.1659, 98.5064,11, 8
44, 35, 1, 248, 180, 6.80164, 6.80164,1, 1
44, 35, 2, 248, 229, 39.6246, 39.6246,4, 4
44, 35, 3, 248, 178, 35.7926, 35.7926,4, 4
44, 35, 4, 248, 346, 15.841, 15.841,2, 2
44, 35, 5, 248, 322, 6.69859, 6.69859,1, 1
44, 35, 6, 248, 324, 177.376, 216.273,24, 19
44, 35, 7, 248, 229, 59.7894, 59.7894,7, 7
44, 35, 8, 248, 221, 18.2393, 18.2393,2, 2
44, 35, 9, 248, 271, 214.607, 280.232,36, 27
44, 35, 10, 248, 295, 331.096, 462.312,51, 35
44, 35, 11, 248, 302, 238.127, 345.203,39, 26
44, 35, 12, 248, 290, 30.2463, 30.2463,4, 4
44, 35, 13, 248, 306, 0, 0,0, 0
44, 35, 14, 248, 240, 58.997, 58.997,6, 6
44, 35, 15, 248, 214, 50.8672, 57.7113,6, 5
44, 35, 16, 248, 221, 99.3092, 99.3092,10, 10
44, 35, 17, 248, 216, 78.3644, 89.0513,8, 7
44, 35, 18, 248, 220, 69.787, 69.787,8, 8
44, 35, 19, 248, 243, 7.30974, 7.30974,1, 1
44, 35, 20, 248, 288, 40.9312, 40.9312,5, 5
44, 35, 21, 248, 188, 19.4217, 19.4217,1, 1
44, 35, 22, 248, 228, 57.7896, 57.7896,6, 6
44, 35, 23, 248, 287, 120.2, 135.095,12, 10
44, 35, 24, 248, 249, 98.9825, 148.954,16, 10
44, 35, 25, 248, 285, 102.045, 109.253,11, 10
44, 35, 26, 248, 292, 7.04554, 7.04554,1, 1
44, 35, 27, 248, 243, 10.5085, 10.5085,1, 1
44, 35, 28, 248, 263, 56.393, 56.393,4, 4
44, 35, 29, 248, 307, 23.9793, 23.9793,3, 3
44, 35, 30, 248, 271, 0, 0,0, 0
44, 35, 31, 248, 240, 0, 0,0, 0
44, 35, 32, 248, 290, 136.776, 136.776,15, 15
44, 35, 33, 248, 303, 94.1799, 115.225,15, 12
44, 35, 34, 248, 222, 186.885, 207.53,25, 22
44, 35, 36, 248, 281, 94.9454, 124.617,15, 11
44, 35, 37, 248, 306, 52.4116, 52.4116,5, 5
44, 35, 38, 248, 306, 246.241, 329.53,37, 26
44, 35, 39, 248, 282, 487.367, 646.128,69, 49
44, 35, 40, 248, 275, 0, 0,0, 0
44, 35, 41, 248, 260, 13.6755, 13.6755,2, 2
44, 35, 42, 248, 246, 16.283, 16.283,2, 2
44, 35, 43, 248, 284, 218.48, 317.394,37, 24
44, 35, 44, 248, 260, 21.8903, 21.8903,3, 3
44, 35, 45, 248, 295, 209.048, 256.852,28, 22
44, 35, 46, 248, 304, 41.3425, 41.3425,5, 5
44, 35, 47, 248, 271, 112.678, 161.161,18, 12
44, 36, 1, 281, 180, 6.74687, 6.74687,1, 1
44, 36, 2, 281, 229, 61.1585, 61.1585,7, 7
44, 36, 3, 281, 178, 24.1391, 24.1391,3, 3
44, 36, 4, 281, 346, 15.8445, 15.8445,2, 2
44, 36, 5, 281, 322, 123.318, 132.33,14, 13
44, 36, 6, 281, 324, 83.6832, 91.1825,10, 9
44, 36, 7, 281, 229, 89.5773, 89.5773,10, 10
44, 36, 8, 281, 221, 56.0636, 71.3078,8, 6
44, 36, 9, 281, 271, 44.3658, 64.1407,7, 5
44, 36, 10, 281, 295, 143.186, 152.896,16, 15
44, 36, 11, 281, 302, 302.573, 323.328,36, 34
44, 36, 12, 281, 290, 352.028, 421.397,39, 31
44, 36, 13, 281, 306, 152.654, 152.654,16, 16
44, 36, 14, 281, 240, 45.3861, 45.3861,5, 5
44, 36, 15, 281, 214, 79.3199, 85.9898,10, 9
44, 36, 16, 281, 221, 54.9214, 54.9214,6, 6
44, 36, 17, 281, 216, 59.1046, 59.1046,7, 7
44, 36, 18, 281, 220, 136.684, 136.684,14, 14
44, 36, 19, 281, 243, 61.3507, 61.3507,8, 8
44, 36, 20, 281, 288, 158.431, 165.213,17, 16
44, 36, 21, 281, 188, 72.2734, 82.7382,10, 9
44, 36, 22, 281, 228, 43.6481, 43.6481,5, 5
44, 36, 23, 281, 287, 23.9499, 23.9499,3, 3
44, 36, 24, 281, 249, 8.9879, 8.9879,1, 1
44, 36, 25, 281, 285, 102.819, 102.819,12, 12
44, 36, 26, 281, 292, 24.591, 24.591,3, 3
44, 36, 27, 281, 243, 35.8422, 35.8422,3, 3
44, 36, 28, 281, 263, 126.945, 126.945,13, 13
44, 36, 29, 281, 307, 81.1185, 88.0611,9, 8
44, 36, 30, 281, 271, 46.4043, 54.0017,7, 6
44, 36, 31, 281, 240, 53.7758, 53.7758,6, 6
44, 36, 32, 281, 290, 48.0955, 48.0955,6, 6
44, 36, 33, 281, 303, 90.6561, 90.6561,10, 10
44, 36, 34, 281, 222, 415.981, 425.197,49, 48
44, 36, 35, 281, 248, 110.913, 124.617,15, 13
44, 36, 37, 281, 306, 39.6642, 39.6642,5, 5
44, 36, 38, 281, 306, 29.2883, 29.2883,2, 2
44, 36, 39, 281, 282, 244.541, 267.727,29, 26
44, 36, 40, 281, 275, 52.1769, 59.6571,7, 6
44, 36, 41, 281, 260, 149.8, 165.398,19, 17
44, 36, 42, 281, 246, 125.445, 140.334,17, 15
44, 36, 43, 281, 284, 73.9724, 73.9724,9, 9
44, 36, 44, 281, 260, 93.9782, 93.9782,10, 10
44, 36, 45, 281, 295, 73.7626, 83.4572,10, 9
44, 36, 46, 281, 304, 129.256, 143.534,17, 15
44, 36, 47, 281, 271, 61.1235, 61.1235,6, 6
44, 37, 1, 306, 180, 22.8141, 22.8141,3, 3
44, 37, 2, 306, 229, 31.2419, 47.773,4, 2
44, 37, 3, 306, 178, 59.5536, 68.1582,6, 5
44, 37, 4, 306, 346, 21.1767, 38.0755,4, 2
44, 37, 5, 306, 322, 41.0968, 41.0968,5, 5
44, 37, 6, 306, 324, 64.7766, 87.9323,11, 8
44, 37, 7, 306, 229, 318.595, 336.919,35, 33
44, 37, 8, 306, 221, 48.4841, 56.3828,7, 6
44, 37, 9, 306, 271, 23.7611, 32.5289,4, 3
44, 37, 10, 306, 295, 65.5142, 79.664,8, 6
44, 37, 11, 306, 302, 39.3276, 39.3276,5, 5
44, 37, 12, 306, 290, 29.1407, 35.8562,4, 3
44, 37, 13, 306, 306, 0, 0,0, 0
44, 37, 14, 306, 240, 563.099, 660.622,69, 58
44, 37, 15, 306, 214, 162.331, 162.331,17, 17
44, 37, 16, 306, 221, 153.916, 232.995,24, 15
44, 37, 17, 306, 216, 99.3674, 122.844,13, 10
44, 37, 18, 306, 220, 39.1752, 39.1752,5, 5
44, 37, 19, 306, 243, 7.75507, 7.75507,1, 1
44, 37, 20, 306, 288, 286.209, 320.43,34, 30
44, 37, 21, 306, 188, 25.3805, 25.3805,2, 2
44, 37, 22, 306, 228, 47.7637, 56.1647,6, 5
44, 37, 23, 306, 287, 178.152, 200.855,23, 20
44, 37, 24, 306, 249, 150.003, 181.38,22, 18
44, 37, 25, 306, 285, 441.929, 465.911,45, 42
44, 37, 26, 306, 292, 17.648, 17.648,2, 2
44, 37, 27, 306, 243, 13.0403, 22.5862,2, 1
44, 37, 28, 306, 263, 45.0679, 60.8868,6, 4
44, 37, 29, 306, 307, 20.124, 27.4728,3, 2
44, 37, 30, 306, 271, 16.4694, 16.4694,2, 2
44, 37, 31, 306, 240, 14.1108, 14.1108,2, 2
44, 37, 32, 306, 290, 6662.91, 7113.94,241, 197
44, 37, 33, 306, 303, 0, 0,0, 0
44, 37, 34, 306, 222, 72.9772, 72.9772,9, 9
44, 37, 35, 306, 248, 52.4115, 52.4115,5, 5
44, 37, 36, 306, 281, 31.791, 39.664,5, 4
44, 37, 38, 306, 306, 23.5165, 40.5876,4, 2
44, 37, 39, 306, 282, 26.716, 34.4196,4, 3
44, 37, 40, 306, 275, 0, 0,0, 0
44, 37, 41, 306, 260, 0, 0,0, 0
44, 37, 42, 306, 246, 0, 0,0, 0
44, 37, 43, 306, 284, 14.048, 14.048,1, 1
44, 37, 44, 306, 260, 26.3239, 34.3123,4, 3
44, 37, 45, 306, 295, 24.285, 31.6937,4, 3
44, 37, 46, 306, 304, 38.1785, 52.9951,7, 5
44, 37, 47, 306, 271, 62.7758, 78.1925,9, 7
44, 38, 1, 306, 180, 6.7112, 6.7112,1, 1
44, 38, 2, 306, 229, 47.2397, 71.0207,6, 4
44, 38, 3, 306, 178, 37.8708, 56.4949,6, 4
44, 38, 4, 306, 346, 17.1115, 32.88,4, 2
44, 38, 5, 306, 322, 18.0941, 25.8975,3, 2
44, 38, 6, 306, 324, 219.47, 511.363,60, 23
44, 38, 7, 306, 229, 12.3092, 20.3533,2, 1
44, 38, 8, 306, 221, 0, 0,0, 0
44, 38, 9, 306, 271, 438.985, 1104.05,134, 49
44, 38, 10, 306, 295, 412.491, 994.014,111, 40
44, 38, 11, 306, 302, 212.491, 455.419,53, 23
44, 38, 12, 306, 290, 37.4495, 54.7006,5, 3
44, 38, 13, 306, 306, 18.1356, 18.1356,2, 2
44, 38, 14, 306, 240, 11.5357, 20.374,2, 1
44, 38, 15, 306, 214, 18.6251, 30.2411,2, 1
44, 38, 16, 306, 221, 24.059, 44.197,4, 2
44, 38, 17, 306, 216, 15.4808, 29.6253,2, 1
44, 38, 18, 306, 220, 10.3873, 18.2703,2, 1
44, 38, 19, 306, 243, 0, 0,0, 0
44, 38, 20, 306, 288, 13.4896, 25.0574,2, 1
44, 38, 21, 306, 188, 15.5415, 24.1242,2, 1
44, 38, 22, 306, 228, 17.819, 32.1268,2, 1
44, 38, 23, 306, 287, 13.7423, 24.4475,2, 1
44, 38, 24, 306, 249, 25.1841, 34.0432,4, 3
44, 38, 25, 306, 285, 15.0039, 24.5656,2, 1
44, 38, 26, 306, 292, 8.19889, 8.19889,1, 1
44, 38, 27, 306, 243, 49.6976, 61.749,5, 4
44, 38, 28, 306, 263, 43.2234, 72.0509,5, 3
44, 38, 29, 306, 307, 159.628, 224.08,26, 18
44, 38, 30, 306, 271, 17.3187, 31.7658,4, 2
44, 38, 31, 306, 240, 20.9653, 20.9653,3, 3
44, 38, 32, 306, 290, 36.4624, 61.4004,6, 3
44, 38, 33, 306, 303, 668.111, 1286.24,146, 68
44, 38, 34, 306, 222, 35.5777, 45.6111,4, 3
44, 38, 35, 306, 248, 179.248, 329.53,37, 19
44, 38, 36, 306, 281, 19.0267, 29.2891,2, 1
44, 38, 37, 306, 306, 23.5165, 40.5877,4, 2
44, 38, 39, 306, 282, 451.666, 894.724,101, 46
44, 38, 40, 306, 275, 0, 0,0, 0
44, 38, 41, 306, 260, 47.6645, 47.6645,6, 6
44, 38, 42, 306, 246, 73.9442, 82.2583,10, 9
44, 38, 43, 306, 284, 493.239, 1153.42,135, 52
44, 38, 44, 306, 260, 10.4177, 18.3389,2, 1
44, 38, 45, 306, 295, 269.919, 623.516,75, 30
44, 38, 46, 306, 304, 10.8657, 20.0932,2, 1
44, 38, 47, 306, 271, 84.0727, 190.005,24, 10
44, 39, 1, 282, 180, 31.3956, 31.3956,4, 4
44, 39, 2, 282, 229, 33.4431, 40.1564,4, 3
44, 39, 3, 282, 178, 26.2772, 26.2772,3, 3
44, 39, 4, 282, 346, 16.4186, 16.4186,2, 2
44, 39, 5, 282, 322, 36.1626, 36.1626,4, 4
44, 39, 6, 282, 324, 333.116, 627.708,68, 32
44, 39, 7, 282, 229, 7.97772, 7.97772,1, 1
44, 39, 8, 282, 221, 13.9284, 13.9284,2, 2
44, 39, 9, 282, 271, 554.17, 1004.77,110, 56
44, 39, 10, 282, 295, 712.846, 1186.13,134, 75
44, 39, 11, 282, 302, 445.672, 708.55,81, 47
44, 39, 12, 282, 290, 65.3504, 72.5411,9, 8
44, 39, 13, 282, 306, 7.7486, 7.7486,1, 1
44, 39, 14, 282, 240, 46.0078, 54.0981,6, 5
44, 39, 15, 282, 214, 19.3147, 19.3147,2, 2
44, 39, 16, 282, 221, 112.222, 125.739,16, 14
44, 39, 17, 282, 216, 38.6547, 38.6547,3, 3
44, 39, 18, 282, 220, 34.4049, 34.4049,5, 5
44, 39, 19, 282, 243, 6.957, 6.957,1, 1
44, 39, 20, 282, 288, 13.5476, 13.5476,1, 1
44, 39, 21, 282, 188, 11.3631, 11.3631,1, 1
44, 39, 22, 282, 228, 82.2429, 90.467,8, 7
44, 39, 23, 282, 287, 63.0507, 76.736,8, 6
44, 39, 24, 282, 249, 86.05, 93.5759,10, 9
44, 39, 25, 282, 285, 62.3257, 69.4269,8, 7
44, 39, 26, 282, 292, 0, 0,0, 0
44, 39, 27, 282, 243, 42.77, 42.77,5, 5
44, 39, 28, 282, 263, 45.9429, 45.9429,2, 2
44, 39, 29, 282, 307, 44.1368, 80.8472,9, 5
44, 39, 30, 282, 271, 15.3472, 15.3472,2, 2
44, 39, 31, 282, 240, 14.134, 20.9874,3, 2
44, 39, 32, 282, 290, 52.0438, 52.0438,6, 6
44, 39, 33, 282, 303, 345.954, 603.649,67, 35
44, 39, 34, 282, 222, 161.307, 169.272,20, 19
44, 39, 35, 282, 248, 442.603, 646.128,69, 44
44, 39, 36, 282, 281, 259.96, 267.727,29, 28
44, 39, 37, 282, 306, 27.4478, 34.4195,4, 3
44, 39, 38, 282, 306, 529.525, 894.724,101, 55
44, 39, 40, 282, 275, 0, 0,0, 0
44, 39, 41, 282, 260, 6.80543, 6.80543,1, 1
44, 39, 42, 282, 246, 28.6362, 36.3175,4, 3
44, 39, 43, 282, 284, 397.715, 673.933,77, 42
44, 39, 44, 282, 260, 41.3161, 48.3978,6, 5
44, 39, 45, 282, 295, 394.985, 728.553,85, 43
44, 39, 46, 282, 304, 54.3647, 61.3588,7, 6
44, 39, 47, 282, 271, 152.51, 253.363,28, 16
44, 40, 1, 275, 180, 0, 0,0, 0
44, 40, 2, 275, 229, 7.39695, 14.6003,2, 1
44, 40, 3, 275, 178, 0, 0,0, 0
44, 40, 4, 275, 346, 13.7404, 13.7404,2, 2
44, 40, 5, 275, 322, 30.01, 30.01,4, 4
44, 40, 6, 275, 324, 30.1886, 30.1886,4, 4
44, 40, 7, 275, 229, 25.2834, 25.2834,3, 3
44, 40, 8, 275, 221, 86.9159, 105.592,11, 9
44, 40, 9, 275, 271, 0, 0,0, 0
44, 40, 10, 275, 295, 0, 0,0, 0
44, 40, 11, 275, 302, 28.637, 28.637,4, 4
44, 40, 12, 275, 290, 74.6562, 74.6562,9, 9
44, 40, 13, 275, 306, 116.103, 138.723,16, 13
44, 40, 14, 275, 240, 0, 0,0, 0
44, 40, 15, 275, 214, 49.6048, 57.3786,6, 5
44, 40, 16, 275, 221, 0, 0,0, 0
44, 40, 17, 275, 216, 8.31116, 15.7469,2, 1
44, 40, 18, 275, 220, 35.598, 35.598,4, 4
44, 40, 19, 275, 243, 107.036, 113.743,12, 11
44, 40, 20, 275, 288, 32.6609, 43.124,5, 4
44, 40, 21, 275, 188, 40.0223, 40.0223,4, 4
44, 40, 22, 275, 228, 28.3039, 28.3039,4, 4
44, 40, 23, 275, 287, 0, 0,0, 0
44, 40, 24, 275, 249, 0, 0,0, 0
44, 40, 25, 275, 285, 29.803, 37.197,5, 4
44, 40, 26, 275, 292, 22.4164, 22.4164,3, 3
44, 40, 27, 275, 243, 7.60383, 7.60383,1, 1
44, 40, 28, 275, 263, 14.6012, 14.6012,2, 2
44, 40, 29, 275, 307, 182.335, 189.035,20, 19
44, 40, 30, 275, 271, 90.9927, 106.4,12, 10
44, 40, 31, 275, 240, 38.7621, 45.7857,5, 4
44, 40, 32, 275, 290, 0, 0,0, 0
44, 40, 33, 275, 303, 44.6237, 44.6237,5, 5
44, 40, 34, 275, 222, 52.9443, 65.0441,7, 6
44, 40, 35, 275, 248, 0, 0,0, 0
44, 40, 36, 275, 281, 51.0041, 59.657,7, 6
44, 40, 37, 275, 306, 0, 0,0, 0
44, 40, 38, 275, 306, 0, 0,0, 0
44, 40, 39, 275, 282, 0, 0,0, 0
44, 40, 41, 275, 260, 684.84, 775.636,76, 65
44, 40, 42, 275, 246, 434.669, 452.172,47, 45
44, 40, 43, 275, 284, 154.134, 154.134,18, 18
44, 40, 44, 275, 260, 42.1122, 42.1122,5, 5
44, 40, 45, 275, 295, 0, 0,0, 0
44, 40, 46, 275, 304, 30.3944, 30.3944,3, 3
44, 40, 47, 275, 271, 35.8908, 35.8908,4, 4
44, 41, 1, 260, 180, 0, 0,0, 0
44, 41, 2, 260, 229, 50.3905, 50.3905,6, 6
44, 41, 3, 260, 178, 0, 0,0, 0
44, 41, 4, 260, 346, 6.68091, 6.68091,1, 1
44, 41, 5, 260, 322, 48.4031, 48.4031,6, 6
44, 41, 6, 260, 324, 44.1331, 44.1331,6, 6
44, 41, 7, 260, 229, 23.7671, 23.7671,3, 3
44, 41, 8, 260, 221, 55.1509, 65.6136,7, 6
44, 41, 9, 260, 271, 0, 0,0, 0
44, 41, 10, 260, 295, 0, 0,0, 0
44, 41, 11, 260, 302, 50.7018, 50.7018,6, 6
44, 41, 12, 260, 290, 141.471, 148.441,17, 16
44, 41, 13, 260, 306, 83.556, 91.0985,10, 9
44, 41, 14, 260, 240, 17.8181, 17.8181,2, 2
44, 41, 15, 260, 214, 57.2364, 57.2364,7, 7
44, 41, 16, 260, 221, 0, 0,0, 0
44, 41, 17, 260, 216, 36.1086, 36.1086,4, 4
44, 41, 18, 260, 220, 57.3744, 57.3744,7, 7
44, 41, 19, 260, 243, 78.9746, 78.9746,9, 9
44, 41, 20, 260, 288, 61.9936, 61.9936,7, 7
44, 41, 21, 260, 188, 55.0302, 55.0302,6, 6
44, 41, 22, 260, 228, 37.8102, 37.8102,5, 5
44, 41, 23, 260, 287, 8.36479, 8.36479,1, 1
44, 41, 24, 260, 249, 0, 0,0, 0
44, 41, 25, 260, 285, 18.6645, 18.6645,2, 2
44, 41, 26, 260, 292, 31.567, 31.567,4, 4
44, 41, 27, 260, 243, 40.7598, 48.524,6, 5
44, 41, 28, 260, 263, 41.7107, 41.7107,5, 5
44, 41, 29, 260, 307, 187.741, 201.77,23, 21
44, 41, 30, 260, 271, 95.5986, 95.5986,10, 10
44, 41, 31, 260, 240, 25.6805, 25.6805,3, 3
44, 41, 32, 260, 290, 0, 0,0, 0
44, 41, 33, 260, 303, 133.09, 139.954,16, 15
44, 41, 34, 260, 222, 88.8631, 88.8631,11, 11
44, 41, 35, 260, 248, 13.6756, 13.6756,2, 2
44, 41, 36, 260, 281, 158.321, 165.397,19, 18
44, 41, 37, 260, 306, 0, 0,0, 0
44, 41, 38, 260, 306, 47.6645, 47.6645,6, 6
44, 41, 39, 260, 282, 6.80546, 6.80546,1, 1
44, 41, 40, 260, 275, 702.201, 775.638,76, 68
44, 41, 42, 260, 246, 583.776, 605.75,60, 57
44, 41, 43, 260, 284, 343.076, 359.187,38, 36
44, 41, 44, 260, 260, 48.635, 48.635,5, 5
44, 41, 45, 260, 295, 0, 0,0, 0
44, 41, 46, 260, 304, 7.45771, 7.45771,1, 1
44, 41, 47, 260, 271, 0, 0,0, 0
44, 42, 1, 246, 180, 6.7623, 6.7623,1, 1
44, 42, 2, 246, 229, 48.683, 48.683,6, 6
44, 42, 3, 246, 178, 12.2949, 12.2949,1, 1
44, 42, 4, 246, 346, 7.75463, 7.75463,1, 1
44, 42, 5, 246, 322, 16.2857, 23.6218,3, 2
44, 42, 6, 246, 324, 46.9731, 46.9731,6, 6
44, 42, 7, 246, 229, 35.5464, 35.5464,4, 4
44, 42, 8, 246, 221, 72.7442, 80.1653,10, 9
44, 42, 9, 246, 271, 21.8654, 21.8654,3, 3
44, 42, 10, 246, 295, 51.4343, 51.4343,7, 7
44, 42, 11, 246, 302, 113.439, 113.439,13, 13
44, 42, 12, 246, 290, 175.361, 197.124,23, 20
44, 42, 13, 246, 306, 109.896, 117.007,13, 12
44, 42, 14, 246, 240, 7.68105, 7.68105,1, 1
44, 42, 15, 246, 214, 59.7038, 59.7038,7, 7
44, 42, 16, 246, 221, 0, 0,0, 0
44, 42, 17, 246, 216, 24.5642, 24.5642,3, 3
44, 42, 18, 246, 220, 149.496, 156.613,15, 14
44, 42, 19, 246, 243, 86.3691, 93.116,11, 10
44, 42, 20, 246, 288, 84.3242, 91.3505,11, 10
44, 42, 21, 246, 188, 64.3609, 64.3609,8, 8
44, 42, 22, 246, 228, 83.3911, 83.3911,9, 9
44, 42, 23, 246, 287, 15.2153, 22.3842,3, 2
44, 42, 24, 246, 249, 16.6956, 16.6956,2, 2
44, 42, 25, 246, 285, 56.8788, 56.8788,7, 7
44, 42, 26, 246, 292, 24.6273, 24.6273,3, 3
44, 42, 27, 246, 243, 7.11166, 7.11166,1, 1
44, 42, 28, 246, 263, 54.931, 62.0251,8, 7
44, 42, 29, 246, 307, 236.707, 269.362,29, 25
44, 42, 30, 246, 271, 91.9231, 91.9231,12, 12
44, 42, 31, 246, 240, 67.7514, 75.7183,8, 7
44, 42, 32, 246, 290, 21.8057, 21.8057,3, 3
44, 42, 33, 246, 303, 204.195, 218.929,25, 23
44, 42, 34, 246, 222, 104.07, 104.07,11, 11
44, 42, 35, 246, 248, 16.283, 16.283,2, 2
44, 42, 36, 246, 281, 133.283, 140.334,17, 16
44, 42, 37, 246, 306, 0, 0,0, 0
44, 42, 38, 246, 306, 74.6996, 82.2583,10, 9
44, 42, 39, 246, 282, 36.3175, 36.3175,4, 4
44, 42, 40, 246, 275, 420.734, 452.178,47, 43
44, 42, 41, 246, 260, 564.385, 605.748,60, 55
44, 42, 43, 246, 284, 540.852, 566.148,61, 58
44, 42, 44, 246, 260, 57.4617, 57.4617,6, 6
44, 42, 45, 246, 295, 0, 0,0, 0
44, 42, 46, 246, 304, 82.832, 82.832,9, 9
44, 42, 47, 246, 271, 72.7293, 72.7293,8, 8
44, 43, 1, 284, 180, 0, 0,0, 0
44, 43, 2, 284, 229, 41.0863, 55.6229,7, 5
44, 43, 3, 284, 178, 16.4748, 16.4748,2, 2
44, 43, 4, 284, 346, 6.80655, 6.80655,1, 1
44, 43, 5, 284, 322, 59.1919, 59.1919,7, 7
44, 43, 6, 284, 324, 226.353, 449.144,53, 25
44, 43, 7, 284, 229, 93.8697, 101.365,10, 9
44, 43, 8, 284, 221, 36.4214, 43.6303,5, 4
44, 43, 9, 284, 271, 366.961, 768.199,88, 38
44, 43, 10, 284, 295, 391.283, 695.794,85, 45
44, 43, 11, 284, 302, 241.033, 433.172,50, 25
44, 43, 12, 284, 290, 78.8365, 86.0719,9, 8
44, 43, 13, 284, 306, 50.8399, 50.8399,7, 7
44, 43, 14, 284, 240, 25.3292, 25.3292,3, 3
44, 43, 15, 284, 214, 31.5622, 38.9689,5, 4
44, 43, 16, 284, 221, 7.87758, 7.87758,1, 1
44, 43, 17, 284, 216, 43.07, 43.07,6, 6
44, 43, 18, 284, 220, 23.2117, 30.6688,4, 3
44, 43, 19, 284, 243, 36.4338, 43.3095,5, 4
44, 43, 20, 284, 288, 16.5375, 16.5375,2, 2
44, 43, 21, 284, 188, 25.3017, 32.0005,4, 3
44, 43, 22, 284, 228, 42.9954, 49.8844,6, 5
44, 43, 23, 284, 287, 0, 0,0, 0
44, 43, 24, 284, 249, 29.2988, 36.4085,5, 4
44, 43, 25, 284, 285, 26.1094, 26.1094,3, 3
44, 43, 26, 284, 292, 10.7875, 10.7875,1, 1
44, 43, 27, 284, 243, 52.9095, 60.0857,7, 6
44, 43, 28, 284, 263, 78.2717, 92.3784,12, 10
44, 43, 29, 284, 307, 135.884, 151.28,17, 15
44, 43, 30, 284, 271, 45.3399, 59.1602,7, 5
44, 43, 31, 284, 240, 50.6289, 65.3197,8, 6
44, 43, 32, 284, 290, 12.2986, 12.2986,1, 1
44, 43, 33, 284, 303, 556.73, 1052.42,117, 55
44, 43, 34, 284, 222, 47.9187, 55.7796,6, 5
44, 43, 35, 284, 248, 163.893, 317.394,37, 18
44, 43, 36, 284, 281, 66.5891, 73.9722,9, 8
44, 43, 37, 284, 306, 14.0482, 14.0482,1, 1
44, 43, 38, 284, 306, 656.748, 1153.42,135, 71
44, 43, 39, 284, 282, 398.916, 673.934,77, 42
44, 43, 40, 284, 275, 147.45, 154.134,18, 17
44, 43, 41, 284, 260, 316.334, 359.187,38, 33
44, 43, 42, 284, 246, 479.894, 566.148,61, 51
44, 43, 44, 284, 260, 44.552, 44.552,5, 5
44, 43, 45, 284, 295, 229.415, 427.212,51, 25
44, 43, 46, 284, 304, 84.0418, 84.0418,9, 9
44, 43, 47, 284, 271, 120.761, 244.551,28, 13
44, 44, 1, 260, 180, 14.54, 14.54,2, 2
44, 44, 2, 260, 229, 61.0421, 61.0421,7, 7
44, 44, 3, 260, 178, 24.9488, 24.9488,3, 3
44, 44, 4, 260, 346, 14.8519, 14.8519,2, 2
44, 44, 5, 260, 322, 260.448, 284.188,28, 25
44, 44, 6, 260, 324, 270.04, 294.539,32, 29
44, 44, 7, 260, 229, 52.348, 52.348,5, 5
44, 44, 8, 260, 221, 16.7232, 16.7232,2, 2
44, 44, 9, 260, 271, 0, 0,0, 0
44, 44, 10, 260, 295, 23.2517, 23.2517,3, 3
44, 44, 11, 260, 302, 32.4451, 39.4131,4, 3
44, 44, 12, 260, 290, 100.475, 100.475,9, 9
44, 44, 13, 260, 306, 60.0434, 60.0434,4, 4
44, 44, 14, 260, 240, 55.951, 55.951,7, 7
44, 44, 15, 260, 214, 80.9147, 80.9147,10, 10
44, 44, 16, 260, 221, 35.9342, 35.9342,4, 4
44, 44, 17, 260, 216, 55.5673, 55.5673,7, 7
44, 44, 18, 260, 220, 77.2869, 77.2869,9, 9
44, 44, 19, 260, 243, 31.0276, 31.0276,3, 3
44, 44, 20, 260, 288, 69.9444, 69.9444,7, 7
44, 44, 21, 260, 188, 157.16, 164.233,18, 17
44, 44, 22, 260, 228, 159.706, 183.196,22, 19
44, 44, 23, 260, 287, 45.5189, 45.5189,6, 6
44, 44, 24, 260, 249, 31.8329, 31.8329,4, 4
44, 44, 25, 260, 285, 68.4729, 68.4729,8, 8
44, 44, 26, 260, 292, 54.0151, 54.0151,6, 6
44, 44, 27, 260, 243, 20.652, 20.652,2, 2
44, 44, 28, 260, 263, 43.3281, 43.3281,5, 5
44, 44, 29, 260, 307, 64.3667, 64.3667,6, 6
44, 44, 30, 260, 271, 64.9561, 64.9561,7, 7
44, 44, 31, 260, 240, 36.9344, 36.9344,3, 3
44, 44, 32, 260, 290, 35.2954, 35.2954,4, 4
44, 44, 33, 260, 303, 8.02077, 8.02077,1, 1
44, 44, 34, 260, 222, 154.994, 166.122,19, 18
44, 44, 35, 260, 248, 21.8903, 21.8903,3, 3
44, 44, 36, 260, 281, 93.9769, 93.9769,10, 10
44, 44, 37, 260, 306, 34.3121, 34.3121,4, 4
44, 44, 38, 260, 306, 18.3389, 18.3389,2, 2
44, 44, 39, 260, 282, 41.3161, 48.3978,6, 5
44, 44, 40, 260, 275, 42.1121, 42.1121,5, 5
44, 44, 41, 260, 260, 48.6348, 48.6348,5, 5
44, 44, 42, 260, 246, 57.4616, 57.4616,6, 6
44, 44, 43, 260, 284, 44.5518, 44.5518,5, 5
44, 44, 45, 260, 295, 202.801, 218.536,25, 23
44, 44, 46, 260, 304, 653.606, 684.05,66, 62
44, 44, 47, 260, 271, 165.287, 197.74,20, 16
44, 45, 1, 295, 180, 6.88799, 6.88799,1, 1
44, 45, 2, 295, 229, 0, 0,0, 0
44, 45, 3, 295, 178, 6.74786, 6.74786,1, 1
44, 45, 4, 295, 346, 0, 0,0, 0
44, 45, 5, 295, 322, 40.2098, 40.2098,5, 5
44, 45, 6, 295, 324, 530.421, 881.408,95, 53
44, 45, 7, 295, 229, 0, 0,0, 0
44, 45, 8, 295, 221, 14.3384, 21.8063,3, 2
44, 45, 9, 295, 271, 416.495, 772.212,93, 47
44, 45, 10, 295, 295, 318.507, 523.931,58, 34
44, 45, 11, 295, 302, 223.606, 354.699,44, 27
44, 45, 12, 295, 290, 27.7483, 49.173,6, 3
44, 45, 13, 295, 306, 20.6411, 20.6411,2, 2
44, 45, 14, 295, 240, 38.1132, 45.0224,6, 5
44, 45, 15, 295, 214, 0, 0,0, 0
44, 45, 16, 295, 221, 36.3649, 36.3649,5, 5
44, 45, 17, 295, 216, 22.3989, 22.3989,3, 3
44, 45, 18, 295, 220, 0, 0,0, 0
44, 45, 19, 295, 243, 0, 0,0, 0
44, 45, 20, 295, 288, 8.74436, 8.74436,1, 1
44, 45, 21, 295, 188, 8.03111, 8.03111,1, 1
44, 45, 22, 295, 228, 69.2215, 90.9529,11, 8
44, 45, 23, 295, 287, 61.9886, 61.9886,8, 8
44, 45, 24, 295, 249, 49.0231, 67.0838,8, 6
44, 45, 25, 295, 285, 7.69892, 7.69892,1, 1
44, 45, 26, 295, 292, 6.68615, 6.68615,1, 1
44, 45, 27, 295, 243, 0, 0,0, 0
44, 45, 28, 295, 263, 0, 0,0, 0
44, 45, 29, 295, 307, 23.2512, 40.3467,5, 3
44, 45, 30, 295, 271, 0, 0,0, 0
44, 45, 31, 295, 240, 0, 0,0, 0
44, 45, 32, 295, 290, 79.8148, 94.2661,12, 10
44, 45, 33, 295, 303, 266.17, 507.038,61, 31
44, 45, 34, 295, 222, 44.1801, 51.334,6, 5
44, 45, 35, 295, 248, 177.131, 256.852,28, 19
44, 45, 36, 295, 281, 53.057, 83.4571,10, 6
44, 45, 37, 295, 306, 24.2306, 31.6937,4, 3
44, 45, 38, 295, 306, 316.911, 623.516,75, 37
44, 45, 39, 295, 282, 400.998, 728.552,85, 44
44, 45, 40, 295, 275, 0, 0,0, 0
44, 45, 41, 295, 260, 0, 0,0, 0
44, 45, 42, 295, 246, 0, 0,0, 0
44, 45, 43, 295, 284, 206.944, 427.212,51, 23
44, 45, 44, 295, 260, 208.008, 218.536,25, 24
44, 45, 46, 295, 304, 404.581, 476.235,51, 42
44, 45, 47, 295, 271, 247.73, 380.339,43, 27
44, 46, 1, 304, 180, 0, 0,0, 0
44, 46, 2, 304, 229, 19.6355, 19.6355,2, 2
44, 46, 3, 304, 178, 15.3314, 15.3314,2, 2
44, 46, 4, 304, 346, 15.8521, 15.8521,2, 2
44, 46, 5, 304, 322, 174.968, 214.219,24, 19
44, 46, 6, 304, 324, 480.809, 538.081,61, 53
44, 46, 7, 304, 229, 67.3697, 76.5398,9, 8
44, 46, 8, 304, 221, 20.7514, 20.7514,3, 3
44, 46, 9, 304, 271, 50.5737, 57.4936,6, 5
44, 46, 10, 304, 295, 66.9889, 74.092,9, 8
44, 46, 11, 304, 302, 141.252, 148.645,16, 15
44, 46, 12, 304, 290, 112.356, 155.19,17, 12
44, 46, 13, 304, 306, 22.7516, 22.7516,2, 2
44, 46, 14, 304, 240, 45.9733, 45.9733,5, 5
44, 46, 15, 304, 214, 64.9672, 72.6705,8, 7
44, 46, 16, 304, 221, 60.1495, 60.1495,7, 7
44, 46, 17, 304, 216, 33.5285, 33.5285,4, 4
44, 46, 18, 304, 220, 58.3481, 58.3481,7, 7
44, 46, 19, 304, 243, 9.26908, 9.26908,1, 1
44, 46, 20, 304, 288, 60.1741, 60.1741,7, 7
44, 46, 21, 304, 188, 100.303, 106.99,11, 10
44, 46, 22, 304, 228, 144.388, 167.568,19, 16
44, 46, 23, 304, 287, 38.3068, 38.3068,5, 5
44, 46, 24, 304, 249, 6.86006, 6.86006,1, 1
44, 46, 25, 304, 285, 45.7852, 45.7852,6, 6
44, 46, 26, 304, 292, 64.5957, 79.5675,10, 8
44, 46, 27, 304, 243, 20.4754, 27.2026,3, 2
44, 46, 28, 304, 263, 50.091, 50.091,5, 5
44, 46, 29, 304, 307, 28.7904, 46.2157,5, 3
44, 46, 30, 304, 271, 37.7899, 45.4141,6, 5
44, 46, 31, 304, 240, 22.6975, 22.6975,3, 3
44, 46, 32, 304, 290, 74.6453, 88.5858,12, 10
44, 46, 33, 304, 303, 26.209, 26.209,3, 3
44, 46, 34, 304, 222, 108.294, 108.294,13, 13
44, 46, 35, 304, 248, 41.3425, 41.3425,5, 5
44, 46, 36, 304, 281, 120.117, 143.534,17, 14
44, 46, 37, 304, 306, 45.3071, 52.9952,7, 6
44, 46, 38, 304, 306, 20.0933, 20.0933,2, 2
44, 46, 39, 304, 282, 61.3588, 61.3588,7, 7
44, 46, 40, 304, 275, 30.3943, 30.3943,3, 3
44, 46, 41, 304, 260, 7.45768, 7.45768,1, 1
44, 46, 42, 304, 246, 76.0481, 82.8318,9, 8
44, 46, 43, 304, 284, 75.0698, 84.0417,9, 8
44, 46, 44, 304, 260, 615.829, 684.05,66, 58
44, 46, 45, 304, 295, 429.09, 476.235,51, 45
44, 46, 47, 304, 271, 227.885, 251.347,26, 23
44, 47, 1, 271, 180, 0, 0,0, 0
44, 47, 2, 271, 229, 24.8971, 40.2782,4, 2
44, 47, 3, 271, 178, 17.6994, 25.1266,3, 2
44, 47, 4, 271, 346, 17.7027, 24.5277,3, 2
44, 47, 5, 271, 322, 45.2342, 54.2567,6, 5
44, 47, 6, 271, 324, 336.197, 437.589,46, 35
44, 47, 7, 271, 229, 39.9354, 47.6769,6, 5
44, 47, 8, 271, 221, 48.2232, 48.2232,6, 6
44, 47, 9, 271, 271, 115.066, 135.856,16, 13
44, 47, 10, 271, 295, 185.468, 221.105,26, 21
44, 47, 11, 271, 302, 162.938, 201.64,25, 20
44, 47, 12, 271, 290, 43.4766, 61.2076,6, 4
44, 47, 13, 271, 306, 6.68214, 6.68214,1, 1
44, 47, 14, 271, 240, 87.0851, 109.544,12, 10
44, 47, 15, 271, 214, 72.7193, 79.418,10, 9
44, 47, 16, 271, 221, 58.1343, 86.5378,10, 6
44, 47, 17, 271, 216, 30.0228, 45.5303,5, 3
44, 47, 18, 271, 220, 15.8209, 23.3251,3, 2
44, 47, 19, 271, 243, 27.8628, 27.8628,3, 3
44, 47, 20, 271, 288, 37.1864, 48.2863,5, 4
44, 47, 21, 271, 188, 53.5881, 53.5881,5, 5
44, 47, 22, 271, 228, 193.864, 269.831,28, 19
44, 47, 23, 271, 287, 157.458, 195.916,22, 17
44, 47, 24, 271, 249, 112.542, 137.843,17, 14
44, 47, 25, 271, 285, 30.3733, 37.7416,4, 3
44, 47, 26, 271, 292, 33.4645, 40.1513,5, 4
44, 47, 27, 271, 243, 11.3531, 22.0681,2, 1
44, 47, 28, 271, 263, 51.0857, 69.9202,6, 4
44, 47, 29, 271, 307, 39.2779, 57.2588,6, 4
44, 47, 30, 271, 271, 23.2751, 30.2351,4, 3
44, 47, 31, 271, 240, 42.6024, 42.6024,5, 5
44, 47, 32, 271, 290, 84.1845, 107.403,13, 10
44, 47, 33, 271, 303, 165.989, 209.728,26, 20
44, 47, 34, 271, 222, 71.2502, 98.506,11, 8
44, 47, 35, 271, 248, 128.648, 161.162,18, 14
44, 47, 36, 271, 281, 48.71, 61.1237,6, 5
44, 47, 37, 271, 306, 62.8434, 78.192,9, 7
44, 47, 38, 271, 306, 159.33, 190.006,24, 20
44, 47, 39, 271, 282, 212.138, 253.364,28, 23
44, 47, 40, 271, 275, 35.8907, 35.8907,4, 4
44, 47, 41, 271, 260, 0, 0,0, 0
44, 47, 42, 271, 246, 54.2738, 72.7296,8, 6
44, 47, 43, 271, 284, 175.691, 244.55,28, 20
44, 47, 44, 271, 260, 148.45, 197.741,20, 15
44, 47, 45, 271, 295, 262.674, 380.339,43, 29
44, 47, 46, 271, 304, 198.258, 251.35,26, 20
