40, 1, 2, 25, 108, 57.2028, 57.2028,6, 6, 16, 83, 376, 134
40, 1, 3, 25, 78, 18.1216, 27.7436,3, 2, 15, 65, 193, 108
40, 1, 4, 25, 112, 41.663, 51.3331,4, 3, 15, 82, 267, 126
40, 1, 5, 25, 93, 40.7122, 40.7122,4, 4, 15, 77, 222, 121
40, 1, 6, 25, 123, 26.2315, 26.2315,3, 3, 16, 86, 289, 131
40, 1, 7, 25, 115, 0, 0,0, 0, 17, 97, 272, 143
40, 1, 8, 25, 31, 7.2386, 7.2386,1, 1, 13, 47, 93, 89
40, 1, 9, 25, 56, 24.0654, 32.2317,3, 2, 13, 61, 146, 103
40, 1, 10, 25, 76, 0, 0,0, 0, 14, 66, 189, 108
40, 1, 11, 25, 84, 21.2799, 21.2799,3, 3, 15, 77, 204, 121
40, 1, 12, 25, 122, 21.4062, 28.1053,3, 2, 16, 94, 289, 138
40, 1, 13, 25, 121, 31.8817, 31.8817,4, 4, 15, 96, 312, 140
40, 1, 14, 25, 91, 0, 0,0, 0, 16, 97, 216, 142
40, 1, 15, 25, 79, 0, 0,0, 0, 14, 74, 210, 117
40, 1, 16, 25, 119, 17.0691, 17.0691,2, 2, 15, 77, 280, 121
40, 1, 17, 25, 65, 7.93048, 7.93048,1, 1, 14, 69, 164, 112
40, 1, 18, 25, 79, 21.3604, 30.6986,3, 2, 15, 76, 194, 120
40, 1, 19, 25, 137, 0, 0,0, 0, 16, 88, 326, 133
40, 1, 20, 25, 149, 34.3358, 34.3358,3, 3, 17, 102, 401, 148
40, 1, 21, 25, 131, 0, 0,0, 0, 16, 119, 316, 164
40, 1, 22, 25, 73, 0, 0,0, 0, 15, 74, 178, 118
40, 1, 23, 25, 34, 0, 0,0, 0, 13, 44, 98, 86
40, 2, 1, 108, 25, 40.6109, 57.2025,6, 4, 15, 80, 165, 124
40, 2, 3, 108, 78, 58.6909, 68.6382,8, 7, 18, 93, 399, 140
40, 2, 4, 108, 112, 56.5896, 72.797,8, 6, 19, 116, 548, 164
40, 2, 5, 108, 93, 64.0196, 79.6578,9, 7, 18, 107, 471, 155
40, 2, 6, 108, 123, 36.9, 55.405,6, 4, 19, 116, 600, 164
40, 2, 7, 108, 115, 0, 0,0, 0, 20, 125, 568, 174
40, 2, 8, 108, 31, 9.95072, 18.4213,2, 1, 16, 77, 186, 121
40, 2, 9, 108, 56, 24.7965, 43.0653,4, 2, 17, 92, 299, 137
40, 2, 10, 108, 76, 0, 0,0, 0, 17, 95, 391, 141
40, 2, 11, 108, 84, 24.6613, 33.6444,4, 3, 18, 106, 460, 154
40, 2, 12, 108, 122, 45.5176, 45.5176,5, 5, 19, 121, 604, 170
40, 2, 13, 108, 121, 24.8442, 40.0872,5, 3, 18, 126, 593, 174
40, 2, 14, 108, 91, 7.16231, 7.16231,1, 1, 18, 121, 465, 168
40, 2, 15, 108, 79, 0, 0,0, 0, 18, 106, 401, 152
40, 2, 16, 108, 119, 54.6208, 70.1553,9, 7, 18, 104, 586, 151
40, 2, 17, 108, 65, 22.3357, 40.7277,4, 2, 17, 97, 349, 142
40, 2, 18, 108, 79, 26.5042, 43.7068,4, 2, 18, 108, 406, 155
40, 2, 19, 108, 137, 7.00526, 7.00526,1, 1, 19, 116, 687, 164
40, 2, 20, 108, 149, 23.3297, 23.3297,3, 3, 20, 133, 914, 183
40, 2, 21, 108, 131, 0, 0,0, 0, 19, 146, 647, 195
40, 2, 22, 108, 73, 0, 0,0, 0, 18, 103, 375, 150
40, 2, 23, 108, 34, 0, 0,0, 0, 16, 75, 203, 120
40, 3, 1, 78, 25, 27.744, 27.744,3, 3, 15, 62, 145, 106
40, 3, 2, 78, 108, 68.6381, 68.6381,8, 8, 18, 95, 480, 142
40, 3, 4, 78, 112, 21.2594, 21.2594,2, 2, 18, 98, 476, 146
40, 3, 5, 78, 93, 27.7671, 27.7671,3, 3, 18, 93, 406, 140
40, 3, 6, 78, 123, 8.22357, 8.22357,1, 1, 19, 100, 519, 148
40, 3, 7, 78, 115, 0, 0,0, 0, 19, 113, 488, 161
40, 3, 8, 78, 31, 0, 0,0, 0, 15, 59, 162, 103
40, 3, 9, 78, 56, 33.2718, 33.2718,3, 3, 16, 76, 273, 121
40, 3, 10, 78, 76, 17.105, 17.105,2, 2, 17, 89, 369, 134
40, 3, 11, 78, 84, 10.9539, 10.9539,1, 1, 18, 92, 370, 140
40, 3, 12, 78, 122, 6.71608, 6.71608,1, 1, 19, 106, 519, 154
40, 3, 13, 78, 121, 24.7342, 24.7342,3, 3, 18, 112, 517, 159
40, 3, 14, 78, 91, 0, 0,0, 0, 18, 112, 399, 159
40, 3, 15, 78, 79, 0, 0,0, 0, 17, 88, 354, 134
40, 3, 16, 78, 119, 22.91, 22.91,3, 3, 18, 109, 507, 156
40, 3, 17, 78, 65, 0, 0,0, 0, 17, 83, 294, 129
40, 3, 18, 78, 79, 44.5597, 44.5597,5, 5, 18, 92, 352, 139
40, 3, 19, 78, 137, 0, 0,0, 0, 19, 109, 587, 156
40, 3, 20, 78, 149, 0, 0,0, 0, 19, 123, 776, 172
40, 3, 21, 78, 131, 0, 0,0, 0, 19, 137, 557, 185
40, 3, 22, 78, 73, 0, 0,0, 0, 17, 87, 335, 133
40, 3, 23, 78, 34, 8.55559, 8.55559,1, 1, 16, 65, 170, 110
40, 4, 1, 112, 25, 51.3354, 51.3354,4, 4, 16, 83, 174, 127
40, 4, 2, 112, 108, 56.5894, 72.7968,8, 6, 18, 112, 554, 160
40, 4, 3, 112, 78, 21.2594, 21.2594,2, 2, 18, 98, 413, 146
40, 4, 5, 112, 93, 245.626, 245.626,26, 26, 18, 117, 486, 164
40, 4, 6, 112, 123, 29.8779, 29.8779,3, 3, 19, 122, 639, 171
40, 4, 7, 112, 115, 0, 0,0, 0, 20, 136, 576, 187
40, 4, 8, 112, 31, 10.8422, 19.3157,2, 1, 16, 82, 191, 126
40, 4, 9, 112, 56, 24.6489, 33.4013,3, 2, 16, 100, 325, 146
40, 4, 10, 112, 76, 0, 0,0, 0, 18, 107, 410, 154
40, 4, 11, 112, 84, 12.9382, 12.9382,1, 1, 18, 128, 626, 176
40, 4, 12, 112, 122, 46.4378, 53.9242,6, 5, 19, 132, 619, 181
40, 4, 13, 112, 121, 24.2584, 24.2584,2, 2, 19, 133, 619, 183
40, 4, 14, 112, 91, 0, 0,0, 0, 19, 126, 470, 175
40, 4, 15, 112, 79, 0, 0,0, 0, 18, 111, 423, 159
40, 4, 16, 112, 119, 33.8661, 33.8661,4, 4, 19, 109, 643, 158
40, 4, 17, 112, 65, 17.4, 26.4488,3, 2, 17, 105, 389, 152
40, 4, 18, 112, 79, 25.8255, 41.5107,4, 2, 19, 114, 439, 162
40, 4, 19, 112, 137, 0, 0,0, 0, 19, 164, 698, 214
40, 4, 20, 112, 149, 20.8854, 28.6036,3, 2, 20, 137, 1013, 186
40, 4, 21, 112, 131, 0, 0,0, 0, 20, 153, 655, 202
40, 4, 22, 112, 73, 0, 0,0, 0, 18, 106, 410, 153
40, 4, 23, 112, 34, 0, 0,0, 0, 16, 79, 203, 124
40, 5, 1, 93, 25, 33.5625, 40.712,4, 3, 15, 78, 173, 122
40, 5, 2, 93, 108, 79.6575, 79.6575,9, 9, 19, 108, 597, 156
40, 5, 3, 93, 78, 27.7672, 27.7672,3, 3, 18, 96, 443, 143
40, 5, 4, 93, 112, 231.035, 245.626,26, 24, 18, 114, 728, 162
40, 5, 6, 93, 123, 61.8118, 70.976,8, 7, 19, 115, 774, 163
40, 5, 7, 93, 115, 8.03248, 14.8479,2, 1, 19, 127, 612, 176
40, 5, 8, 93, 31, 0, 0,0, 0, 16, 74, 196, 118
40, 5, 9, 93, 56, 0, 0,0, 0, 16, 90, 311, 136
40, 5, 10, 93, 76, 0, 0,0, 0, 17, 95, 438, 140
40, 5, 11, 93, 84, 6.73555, 6.73555,1, 1, 18, 120, 461, 168
40, 5, 12, 93, 122, 36.2309, 43.3389,5, 4, 19, 123, 639, 172
40, 5, 13, 93, 121, 9.48529, 9.48529,1, 1, 18, 129, 628, 176
40, 5, 14, 93, 91, 0, 0,0, 0, 18, 119, 501, 166
40, 5, 15, 93, 79, 0, 0,0, 0, 17, 105, 425, 151
40, 5, 16, 93, 119, 14.3246, 14.3246,2, 2, 18, 103, 617, 151
40, 5, 17, 93, 65, 0, 0,0, 0, 17, 97, 363, 142
40, 5, 18, 93, 79, 0, 0,0, 0, 18, 106, 435, 153
40, 5, 19, 93, 137, 0, 0,0, 0, 19, 115, 859, 164
40, 5, 20, 93, 149, 42.6422, 42.6422,6, 6, 20, 140, 960, 189
40, 5, 21, 93, 131, 0, 0,0, 0, 20, 149, 694, 198
40, 5, 22, 93, 73, 0, 0,0, 0, 17, 100, 418, 146
40, 5, 23, 93, 34, 0, 0,0, 0, 16, 76, 207, 121
40, 6, 1, 123, 25, 26.2316, 26.2316,3, 3, 16, 85, 210, 130
40, 6, 2, 123, 108, 48.5083, 55.4052,6, 5, 19, 117, 714, 165
40, 6, 3, 123, 78, 8.22351, 8.22351,1, 1, 18, 99, 537, 146
40, 6, 4, 123, 112, 29.8784, 29.8784,3, 3, 19, 123, 760, 172
40, 6, 5, 123, 93, 56.0258, 70.9758,8, 6, 19, 115, 629, 162
40, 6, 7, 123, 115, 25.754, 32.829,4, 3, 20, 133, 767, 183
40, 6, 8, 123, 31, 0, 0,0, 0, 17, 83, 241, 128
40, 6, 9, 123, 56, 0, 0,0, 0, 17, 99, 396, 146
40, 6, 10, 123, 76, 0, 0,0, 0, 18, 108, 518, 154
40, 6, 11, 123, 84, 17.9494, 17.9494,2, 2, 19, 114, 575, 163
40, 6, 12, 123, 122, 13.6892, 13.6892,2, 2, 20, 132, 907, 181
40, 6, 13, 123, 121, 21.9409, 21.9409,3, 3, 18, 133, 807, 180
40, 6, 14, 123, 91, 0, 0,0, 0, 18, 125, 607, 173
40, 6, 15, 123, 79, 0, 0,0, 0, 18, 113, 541, 159
40, 6, 16, 123, 119, 36.9957, 36.9957,4, 4, 19, 114, 791, 163
40, 6, 17, 123, 65, 0, 0,0, 0, 18, 110, 476, 156
40, 6, 18, 123, 79, 0, 0,0, 0, 19, 117, 537, 165
40, 6, 19, 123, 137, 6.76309, 6.76309,1, 1, 19, 123, 917, 172
40, 6, 20, 123, 149, 40.5538, 47.4754,6, 5, 20, 138, 983, 188
40, 6, 21, 123, 131, 7.00322, 7.00322,1, 1, 20, 155, 905, 204
40, 6, 22, 123, 73, 0, 0,0, 0, 18, 108, 512, 155
40, 6, 23, 123, 34, 0, 0,0, 0, 17, 83, 271, 128
40, 7, 1, 115, 25, 0, 0,0, 0, 17, 96, 192, 141
40, 7, 2, 115, 108, 0, 0,0, 0, 19, 126, 679, 174
40, 7, 3, 115, 78, 0, 0,0, 0, 19, 113, 503, 161
40, 7, 4, 115, 112, 0, 0,0, 0, 20, 132, 703, 181
40, 7, 5, 115, 93, 14.8478, 14.8478,2, 2, 19, 125, 603, 173
40, 7, 6, 115, 123, 32.829, 32.829,4, 4, 20, 134, 782, 184
40, 7, 8, 115, 31, 0, 0,0, 0, 17, 95, 229, 140
40, 7, 9, 115, 56, 0, 0,0, 0, 18, 111, 395, 158
40, 7, 10, 115, 76, 9.22457, 16.8769,2, 1, 18, 113, 497, 160
40, 7, 11, 115, 84, 0, 0,0, 0, 20, 126, 544, 174
40, 7, 12, 115, 122, 0, 0,0, 0, 20, 143, 760, 193
40, 7, 13, 115, 121, 0, 0,0, 0, 20, 154, 763, 203
40, 7, 14, 115, 91, 0, 0,0, 0, 19, 140, 580, 188
40, 7, 15, 115, 79, 22.7117, 29.8505,4, 3, 19, 123, 521, 170
40, 7, 16, 115, 119, 0, 0,0, 0, 19, 123, 750, 171
40, 7, 17, 115, 65, 0, 0,0, 0, 18, 118, 432, 164
40, 7, 18, 115, 79, 0, 0,0, 0, 19, 129, 509, 177
40, 7, 19, 115, 137, 0, 0,0, 0, 20, 136, 864, 185
40, 7, 20, 115, 149, 0, 0,0, 0, 21, 151, 1150, 201
40, 7, 21, 115, 131, 33.8561, 73.1886,9, 4, 21, 170, 961, 220
40, 7, 22, 115, 73, 0, 0,0, 0, 19, 119, 611, 167
40, 7, 23, 115, 34, 0, 0,0, 0, 17, 97, 245, 142
40, 8, 1, 31, 25, 7.23863, 7.23863,1, 1, 13, 47, 95, 88
40, 8, 2, 31, 108, 18.4214, 18.4214,2, 2, 16, 77, 305, 121
40, 8, 3, 31, 78, 0, 0,0, 0, 15, 61, 234, 104
40, 8, 4, 31, 112, 19.3158, 19.3158,2, 2, 16, 81, 333, 125
40, 8, 5, 31, 93, 0, 0,0, 0, 16, 76, 262, 120
40, 8, 6, 31, 123, 0, 0,0, 0, 16, 87, 343, 131
40, 8, 7, 31, 115, 0, 0,0, 0, 17, 94, 336, 140
40, 8, 9, 31, 56, 44.3348, 44.3348,5, 5, 14, 58, 174, 99
40, 8, 10, 31, 76, 0, 0,0, 0, 15, 65, 221, 108
40, 8, 11, 31, 84, 0, 0,0, 0, 16, 79, 243, 123
40, 8, 12, 31, 122, 0, 0,0, 0, 17, 91, 348, 136
40, 8, 13, 31, 121, 0, 0,0, 0, 16, 98, 347, 142
40, 8, 14, 31, 91, 0, 0,0, 0, 15, 88, 259, 132
40, 8, 15, 31, 79, 0, 0,0, 0, 15, 72, 229, 115
40, 8, 16, 31, 119, 0, 0,0, 0, 16, 73, 441, 117
40, 8, 17, 31, 65, 36.5349, 36.5349,3, 3, 14, 65, 196, 108
40, 8, 18, 31, 79, 38.9139, 46.3114,5, 4, 16, 76, 231, 120
40, 8, 19, 31, 137, 0, 0,0, 0, 17, 85, 395, 131
40, 8, 20, 31, 149, 0, 0,0, 0, 18, 103, 474, 151
40, 8, 21, 31, 131, 0, 0,0, 0, 18, 114, 388, 161
40, 8, 22, 31, 73, 0, 0,0, 0, 16, 76, 218, 121
40, 8, 23, 31, 34, 0, 0,0, 0, 14, 42, 113, 84
40, 9, 1, 56, 25, 22.6561, 32.2318,3, 2, 13, 62, 109, 104
40, 9, 2, 56, 108, 26.5035, 43.0652,4, 2, 17, 92, 334, 138
40, 9, 3, 56, 78, 25.8699, 33.2718,3, 2, 16, 78, 248, 122
40, 9, 4, 56, 112, 22.5136, 33.4013,3, 2, 16, 98, 341, 143
40, 9, 5, 56, 93, 0, 0,0, 0, 16, 91, 290, 135
40, 9, 6, 56, 123, 0, 0,0, 0, 17, 100, 371, 146
40, 9, 7, 56, 115, 0, 0,0, 0, 17, 114, 347, 160
40, 9, 8, 56, 31, 37.2185, 44.3347,5, 4, 14, 74, 132, 116
40, 9, 10, 56, 76, 0, 0,0, 0, 15, 89, 242, 133
40, 9, 11, 56, 84, 0, 0,0, 0, 17, 91, 276, 137
40, 9, 12, 56, 122, 0, 0,0, 0, 17, 107, 364, 153
40, 9, 13, 56, 121, 0, 0,0, 0, 16, 108, 361, 153
40, 9, 14, 56, 91, 0, 0,0, 0, 16, 105, 283, 149
40, 9, 15, 56, 79, 0, 0,0, 0, 16, 87, 248, 131
40, 9, 16, 56, 119, 0, 0,0, 0, 16, 88, 359, 133
40, 9, 17, 56, 65, 19.3339, 26.6735,3, 2, 15, 85, 221, 128
40, 9, 18, 56, 79, 26.1015, 48.2957,4, 2, 16, 92, 250, 137
40, 9, 19, 56, 137, 0, 0,0, 0, 17, 101, 423, 147
40, 9, 20, 56, 149, 0, 0,0, 0, 18, 115, 465, 161
40, 9, 21, 56, 131, 0, 0,0, 0, 18, 131, 402, 177
40, 9, 22, 56, 73, 0, 0,0, 0, 15, 85, 231, 129
40, 9, 23, 56, 34, 0, 0,0, 0, 14, 67, 128, 110
40, 10, 1, 76, 25, 0, 0,0, 0, 14, 68, 123, 110
40, 10, 2, 76, 108, 0, 0,0, 0, 17, 94, 401, 140
40, 10, 3, 76, 78, 17.105, 17.105,2, 2, 17, 83, 322, 128
40, 10, 4, 76, 112, 0, 0,0, 0, 17, 100, 413, 146
40, 10, 5, 76, 93, 0, 0,0, 0, 17, 96, 357, 141
40, 10, 6, 76, 123, 0, 0,0, 0, 18, 105, 460, 152
40, 10, 7, 76, 115, 16.8768, 16.8768,2, 2, 19, 117, 444, 164
40, 10, 8, 76, 31, 0, 0,0, 0, 15, 62, 142, 105
40, 10, 9, 76, 56, 0, 0,0, 0, 15, 78, 227, 122
40, 10, 11, 76, 84, 34.1167, 34.1167,4, 4, 17, 95, 322, 141
40, 10, 12, 76, 122, 9.31241, 9.31241,1, 1, 18, 109, 450, 158
40, 10, 13, 76, 121, 0, 0,0, 0, 17, 113, 449, 159
40, 10, 14, 76, 91, 121.895, 189.103,21, 13, 18, 108, 357, 154
40, 10, 15, 76, 79, 171.752, 237.206,29, 20, 16, 90, 320, 134
40, 10, 16, 76, 119, 25.3053, 25.3053,3, 3, 17, 90, 458, 136
40, 10, 17, 76, 65, 47.1491, 54.3874,7, 6, 16, 85, 263, 129
40, 10, 18, 76, 79, 65.8517, 72.7185,8, 7, 17, 93, 327, 139
40, 10, 19, 76, 137, 0, 0,0, 0, 18, 136, 514, 183
40, 10, 20, 76, 149, 0, 0,0, 0, 19, 120, 692, 168
40, 10, 21, 76, 131, 175.621, 248.288,28, 18, 18, 134, 490, 181
40, 10, 22, 76, 73, 118.099, 154.579,19, 14, 16, 88, 289, 133
40, 10, 23, 76, 34, 0, 0,0, 0, 15, 65, 174, 109
40, 11, 1, 84, 25, 21.2798, 21.2798,3, 3, 15, 79, 138, 123
40, 11, 2, 84, 108, 33.6444, 33.6444,4, 4, 18, 106, 444, 154
40, 11, 3, 84, 78, 10.9539, 10.9539,1, 1, 18, 90, 322, 137
40, 11, 4, 84, 112, 12.9383, 12.9383,1, 1, 18, 113, 461, 161
40, 11, 5, 84, 93, 6.73557, 6.73557,1, 1, 18, 109, 429, 156
40, 11, 6, 84, 123, 17.9494, 17.9494,2, 2, 19, 117, 499, 166
40, 11, 7, 84, 115, 0, 0,0, 0, 19, 125, 460, 173
40, 11, 8, 84, 31, 0, 0,0, 0, 16, 75, 154, 120
40, 11, 9, 84, 56, 0, 0,0, 0, 17, 92, 244, 138
40, 11, 10, 84, 76, 34.1167, 34.1167,4, 4, 17, 94, 325, 140
40, 11, 12, 84, 122, 106.154, 138.928,17, 13, 19, 120, 486, 169
40, 11, 13, 84, 121, 37.673, 45.2763,5, 4, 18, 124, 497, 171
40, 11, 14, 84, 91, 22.6825, 22.6825,3, 3, 18, 120, 383, 167
40, 11, 15, 84, 79, 0, 0,0, 0, 18, 114, 337, 161
40, 11, 16, 84, 119, 43.4793, 43.4793,5, 5, 19, 106, 486, 154
40, 11, 17, 84, 65, 48.6908, 48.6908,5, 5, 17, 96, 279, 142
40, 11, 18, 84, 79, 25.8, 25.8,3, 3, 18, 105, 342, 152
40, 11, 19, 84, 137, 0, 0,0, 0, 19, 122, 545, 170
40, 11, 20, 84, 149, 0, 0,0, 0, 20, 131, 746, 182
40, 11, 21, 84, 131, 0, 0,0, 0, 20, 146, 532, 196
40, 11, 22, 84, 73, 0, 0,0, 0, 18, 103, 306, 151
40, 11, 23, 84, 34, 0, 0,0, 0, 16, 74, 167, 119
40, 12, 1, 122, 25, 28.1051, 28.1051,3, 3, 16, 97, 198, 143
40, 12, 2, 122, 108, 45.5177, 45.5177,5, 5, 20, 124, 657, 174
40, 12, 3, 122, 78, 6.71609, 6.71609,1, 1, 19, 108, 492, 157
40, 12, 4, 122, 112, 46.1092, 53.9242,6, 5, 19, 128, 696, 176
40, 12, 5, 122, 93, 43.339, 43.339,5, 5, 19, 121, 581, 170
40, 12, 6, 122, 123, 13.6892, 13.6892,2, 2, 20, 131, 741, 181
40, 12, 7, 122, 115, 0, 0,0, 0, 21, 142, 723, 193
40, 12, 8, 122, 31, 0, 0,0, 0, 17, 88, 232, 134
40, 12, 9, 122, 56, 0, 0,0, 0, 18, 116, 365, 163
40, 12, 10, 122, 76, 9.31241, 9.31241,1, 1, 19, 114, 558, 163
40, 12, 11, 122, 84, 116.618, 138.928,17, 14, 20, 124, 546, 174
40, 12, 13, 122, 121, 77.689, 84.8298,10, 9, 20, 140, 740, 190
40, 12, 14, 122, 91, 26.9172, 26.9172,3, 3, 19, 131, 566, 179
40, 12, 15, 122, 79, 0, 0,0, 0, 19, 116, 516, 165
40, 12, 16, 122, 119, 41.6926, 41.6926,5, 5, 20, 119, 730, 168
40, 12, 17, 122, 65, 0, 0,0, 0, 18, 121, 441, 169
40, 12, 18, 122, 79, 7.22216, 7.22216,1, 1, 20, 123, 533, 174
40, 12, 19, 122, 137, 7.6509, 14.6707,2, 1, 21, 130, 849, 181
40, 12, 20, 122, 149, 43.9448, 57.3968,6, 4, 21, 145, 930, 195
40, 12, 21, 122, 131, 0, 0,0, 0, 21, 163, 788, 212
40, 12, 22, 122, 73, 0, 0,0, 0, 19, 119, 461, 167
40, 12, 23, 122, 34, 0, 0,0, 0, 17, 93, 243, 139
40, 13, 1, 121, 25, 31.8817, 31.8817,4, 4, 15, 96, 203, 139
40, 13, 2, 121, 108, 24.844, 40.0869,5, 3, 18, 127, 712, 174
40, 13, 3, 121, 78, 16.1332, 24.7343,3, 2, 18, 131, 519, 178
40, 13, 4, 121, 112, 24.2588, 24.2588,2, 2, 18, 129, 714, 177
40, 13, 5, 121, 93, 9.48529, 9.48529,1, 1, 18, 125, 597, 172
40, 13, 6, 121, 123, 21.9409, 21.9409,3, 3, 19, 135, 778, 183
40, 13, 7, 121, 115, 0, 0,0, 0, 19, 159, 825, 207
40, 13, 8, 121, 31, 0, 0,0, 0, 15, 92, 236, 136
40, 13, 9, 121, 56, 0, 0,0, 0, 16, 111, 391, 156
40, 13, 10, 121, 76, 0, 0,0, 0, 17, 118, 538, 165
40, 13, 11, 121, 84, 35.7228, 45.276,5, 4, 19, 125, 582, 173
40, 13, 12, 121, 122, 84.8298, 84.8298,10, 10, 19, 140, 817, 189
40, 13, 14, 121, 91, 82.5949, 98.2308,11, 9, 18, 138, 626, 185
40, 13, 15, 121, 79, 0, 0,0, 0, 17, 124, 525, 171
40, 13, 16, 121, 119, 19.2861, 19.2861,2, 2, 18, 122, 769, 169
40, 13, 17, 121, 65, 0, 0,0, 0, 17, 116, 439, 161
40, 13, 18, 121, 79, 0, 0,0, 0, 18, 146, 578, 193
40, 13, 19, 121, 137, 0, 0,0, 0, 19, 140, 914, 188
40, 13, 20, 121, 149, 0, 0,0, 0, 20, 150, 987, 199
40, 13, 21, 121, 131, 0, 0,0, 0, 19, 165, 846, 213
40, 13, 22, 121, 73, 0, 0,0, 0, 17, 118, 507, 165
40, 13, 23, 121, 34, 0, 0,0, 0, 16, 93, 259, 137
40, 14, 1, 91, 25, 0, 0,0, 0, 15, 87, 161, 131
40, 14, 2, 91, 108, 7.16233, 7.16233,1, 1, 18, 118, 564, 166
40, 14, 3, 91, 78, 0, 0,0, 0, 17, 102, 479, 149
40, 14, 4, 91, 112, 0, 0,0, 0, 18, 124, 594, 172
40, 14, 5, 91, 93, 0, 0,0, 0, 18, 119, 478, 165
40, 14, 6, 91, 123, 0, 0,0, 0, 19, 126, 631, 174
40, 14, 7, 91, 115, 0, 0,0, 0, 19, 136, 590, 185
40, 14, 8, 91, 31, 0, 0,0, 0, 16, 84, 189, 128
40, 14, 9, 91, 56, 0, 0,0, 0, 16, 104, 306, 149
40, 14, 10, 91, 76, 142.584, 189.103,21, 15, 17, 109, 408, 154
40, 14, 11, 91, 84, 22.6826, 22.6826,3, 3, 18, 116, 458, 163
40, 14, 12, 91, 122, 26.9175, 26.9175,3, 3, 19, 131, 616, 180
40, 14, 13, 91, 121, 91.4963, 98.231,11, 10, 18, 139, 613, 186
40, 14, 15, 91, 79, 113.618, 120.337,16, 15, 18, 119, 426, 165
40, 14, 16, 91, 119, 9.85858, 9.85858,1, 1, 19, 120, 638, 169
40, 14, 17, 91, 65, 7.92831, 7.92831,1, 1, 17, 111, 371, 158
40, 14, 18, 91, 79, 0, 0,0, 0, 19, 119, 448, 168
40, 14, 19, 91, 137, 0, 0,0, 0, 21, 128, 702, 178
40, 14, 20, 91, 149, 0, 0,0, 0, 20, 140, 917, 189
40, 14, 21, 91, 131, 47.1046, 47.1046,6, 6, 19, 157, 664, 205
40, 14, 22, 91, 73, 232.925, 303.156,33, 24, 18, 113, 394, 160
40, 14, 23, 91, 34, 0, 0,0, 0, 16, 85, 200, 130
40, 15, 1, 79, 25, 0, 0,0, 0, 14, 74, 153, 117
40, 15, 2, 79, 108, 0, 0,0, 0, 18, 101, 510, 147
40, 15, 3, 79, 78, 0, 0,0, 0, 17, 89, 378, 135
40, 15, 4, 79, 112, 0, 0,0, 0, 18, 107, 530, 154
40, 15, 5, 79, 93, 0, 0,0, 0, 17, 101, 452, 147
40, 15, 6, 79, 123, 0, 0,0, 0, 18, 110, 574, 156
40, 15, 7, 79, 115, 22.7117, 29.8506,4, 3, 19, 128, 566, 176
40, 15, 8, 79, 31, 0, 0,0, 0, 15, 72, 174, 115
40, 15, 9, 79, 56, 0, 0,0, 0, 16, 85, 290, 129
40, 15, 10, 79, 76, 148.982, 237.205,29, 17, 17, 91, 391, 136
40, 15, 11, 79, 84, 0, 0,0, 0, 18, 101, 405, 147
40, 15, 12, 79, 122, 0, 0,0, 0, 19, 117, 578, 164
40, 15, 13, 79, 121, 0, 0,0, 0, 17, 122, 606, 168
40, 15, 14, 79, 91, 69.7789, 120.337,16, 9, 17, 112, 441, 158
40, 15, 16, 79, 119, 12.2805, 12.2805,1, 1, 18, 99, 569, 145
40, 15, 17, 79, 65, 22.0076, 22.0076,3, 3, 16, 92, 327, 136
40, 15, 18, 79, 79, 9.04174, 17.0265,2, 1, 18, 100, 383, 147
40, 15, 19, 79, 137, 0, 0,0, 0, 19, 109, 641, 157
40, 15, 20, 79, 149, 0, 0,0, 0, 19, 124, 835, 173
40, 15, 21, 79, 131, 272.591, 557.005,65, 30, 18, 140, 639, 187
40, 15, 22, 79, 73, 46.9297, 76.688,10, 6, 17, 94, 362, 140
40, 15, 23, 79, 34, 0, 0,0, 0, 16, 70, 188, 114
40, 16, 1, 119, 25, 17.0692, 17.0692,2, 2, 15, 74, 213, 118
40, 16, 2, 119, 108, 62.8518, 70.1556,9, 8, 18, 109, 714, 156
40, 16, 3, 119, 78, 22.9102, 22.9102,3, 3, 18, 93, 540, 139
40, 16, 4, 119, 112, 33.867, 33.867,4, 4, 18, 110, 751, 158
40, 16, 5, 119, 93, 14.3246, 14.3246,2, 2, 18, 105, 624, 152
40, 16, 6, 119, 123, 36.9958, 36.9958,4, 4, 19, 111, 809, 160
40, 16, 7, 119, 115, 0, 0,0, 0, 20, 122, 763, 171
40, 16, 8, 119, 31, 0, 0,0, 0, 16, 72, 240, 116
40, 16, 9, 119, 56, 0, 0,0, 0, 16, 89, 386, 134
40, 16, 10, 119, 76, 25.3056, 25.3056,3, 3, 18, 92, 536, 138
40, 16, 11, 119, 84, 43.4794, 43.4794,5, 5, 19, 104, 590, 151
40, 16, 12, 119, 122, 41.6926, 41.6926,5, 5, 19, 119, 822, 167
40, 16, 13, 119, 121, 19.2864, 19.2864,2, 2, 18, 122, 830, 169
40, 16, 14, 119, 91, 9.85852, 9.85852,1, 1, 18, 118, 619, 165
40, 16, 15, 119, 79, 12.2806, 12.2806,1, 1, 17, 97, 564, 144
40, 16, 17, 119, 65, 7.66834, 7.66834,1, 1, 17, 93, 452, 139
40, 16, 18, 119, 79, 24.2672, 24.2672,3, 3, 18, 104, 538, 151
40, 16, 19, 119, 137, 0, 0,0, 0, 19, 111, 950, 160
40, 16, 20, 119, 149, 58.7211, 58.7211,7, 7, 20, 126, 991, 175
40, 16, 21, 119, 131, 0, 0,0, 0, 20, 143, 849, 192
40, 16, 22, 119, 73, 0, 0,0, 0, 18, 96, 496, 143
40, 16, 23, 119, 34, 0, 0,0, 0, 16, 69, 254, 114
40, 17, 1, 65, 25, 7.93048, 7.93048,1, 1, 14, 68, 135, 110
40, 17, 2, 65, 108, 22.3358, 40.728,4, 2, 17, 98, 431, 143
40, 17, 3, 65, 78, 0, 0,0, 0, 17, 82, 321, 127
40, 17, 4, 65, 112, 19.296, 26.4487,3, 2, 17, 103, 442, 149
40, 17, 5, 65, 93, 0, 0,0, 0, 17, 97, 375, 142
40, 17, 6, 65, 123, 0, 0,0, 0, 18, 105, 482, 152
40, 17, 7, 65, 115, 0, 0,0, 0, 18, 118, 456, 165
40, 17, 8, 65, 31, 28.5842, 36.5317,3, 2, 14, 64, 150, 107
40, 17, 9, 65, 56, 19.1918, 26.6738,3, 2, 15, 82, 255, 126
40, 17, 10, 65, 76, 47.4359, 54.3876,7, 6, 16, 85, 321, 130
40, 17, 11, 65, 84, 40.3903, 48.691,5, 4, 17, 103, 344, 149
40, 17, 12, 65, 122, 0, 0,0, 0, 18, 115, 496, 161
40, 17, 13, 65, 121, 0, 0,0, 0, 17, 119, 472, 164
40, 17, 14, 65, 91, 7.92831, 7.92831,1, 1, 17, 108, 377, 153
40, 17, 15, 65, 79, 22.0075, 22.0075,3, 3, 16, 92, 334, 137
40, 17, 16, 65, 119, 7.66834, 7.66834,1, 1, 17, 95, 466, 141
40, 17, 18, 65, 79, 153.489, 219.485,21, 14, 17, 96, 343, 142
40, 17, 19, 65, 137, 0, 0,0, 0, 18, 107, 561, 154
40, 17, 20, 65, 149, 0, 0,0, 0, 18, 120, 709, 168
40, 17, 21, 65, 131, 26.8585, 26.8585,3, 3, 18, 143, 526, 190
40, 17, 22, 65, 73, 20.7302, 20.7302,3, 3, 16, 100, 305, 144
40, 17, 23, 65, 34, 0, 0,0, 0, 15, 64, 159, 107
40, 18, 1, 79, 25, 20.0622, 30.6985,3, 2, 15, 79, 150, 123
40, 18, 2, 79, 108, 26.8387, 43.7072,4, 2, 18, 106, 513, 154
40, 18, 3, 79, 78, 36.7291, 44.5592,5, 4, 18, 93, 381, 140
40, 18, 4, 79, 112, 23.9765, 41.511,4, 2, 19, 114, 531, 161
40, 18, 5, 79, 93, 0, 0,0, 0, 18, 106, 445, 153
40, 18, 6, 79, 123, 0, 0,0, 0, 19, 114, 595, 162
40, 18, 7, 79, 115, 0, 0,0, 0, 20, 124, 579, 173
40, 18, 8, 79, 31, 36.3119, 46.3116,5, 4, 16, 77, 178, 121
40, 18, 9, 79, 56, 27.2431, 48.2963,4, 2, 17, 92, 291, 138
40, 18, 10, 79, 76, 72.7186, 72.7186,8, 8, 17, 96, 378, 142
40, 18, 11, 79, 84, 25.8002, 25.8002,3, 3, 18, 105, 421, 153
40, 18, 12, 79, 122, 7.22218, 7.22218,1, 1, 19, 121, 596, 169
40, 18, 13, 79, 121, 0, 0,0, 0, 18, 124, 578, 171
40, 18, 14, 79, 91, 0, 0,0, 0, 18, 116, 435, 163
40, 18, 15, 79, 79, 17.0265, 17.0265,2, 2, 18, 103, 399, 149
40, 18, 16, 79, 119, 24.2672, 24.2672,3, 3, 18, 103, 564, 151
40, 18, 17, 79, 65, 178.613, 219.486,21, 16, 17, 96, 333, 142
40, 18, 19, 79, 137, 0, 0,0, 0, 19, 121, 666, 169
40, 18, 20, 79, 149, 0, 0,0, 0, 20, 131, 849, 180
40, 18, 21, 79, 131, 18.8961, 18.8961,2, 2, 20, 145, 627, 194
40, 18, 22, 79, 73, 0, 0,0, 0, 18, 99, 356, 145
40, 18, 23, 79, 34, 0, 0,0, 0, 16, 72, 189, 117
40, 19, 1, 137, 25, 0, 0,0, 0, 16, 84, 229, 129
40, 19, 2, 137, 108, 7.0053, 7.0053,1, 1, 19, 115, 803, 163
40, 19, 3, 137, 78, 0, 0,0, 0, 18, 99, 606, 146
40, 19, 4, 137, 112, 0, 0,0, 0, 19, 124, 848, 173
40, 19, 5, 137, 93, 0, 0,0, 0, 19, 126, 708, 173
40, 19, 6, 137, 123, 6.76309, 6.76309,1, 1, 20, 125, 931, 174
40, 19, 7, 137, 115, 0, 0,0, 0, 20, 135, 850, 184
40, 19, 8, 137, 31, 0, 0,0, 0, 17, 81, 277, 126
40, 19, 9, 137, 56, 0, 0,0, 0, 17, 99, 439, 145
40, 19, 10, 137, 76, 0, 0,0, 0, 18, 105, 608, 152
40, 19, 11, 137, 84, 0, 0,0, 0, 19, 113, 643, 162
40, 19, 12, 137, 122, 14.6707, 14.6707,2, 2, 20, 129, 975, 178
40, 19, 13, 137, 121, 0, 0,0, 0, 19, 133, 925, 181
40, 19, 14, 137, 91, 0, 0,0, 0, 19, 125, 704, 174
40, 19, 15, 137, 79, 0, 0,0, 0, 18, 110, 613, 157
40, 19, 16, 137, 119, 0, 0,0, 0, 19, 112, 891, 160
40, 19, 17, 137, 65, 0, 0,0, 0, 18, 106, 512, 152
40, 19, 18, 137, 79, 0, 0,0, 0, 19, 114, 617, 162
40, 19, 20, 137, 149, 0, 0,0, 0, 20, 139, 1133, 190
40, 19, 21, 137, 131, 0, 0,0, 0, 20, 153, 1010, 203
40, 19, 22, 137, 73, 0, 0,0, 0, 18, 108, 560, 155
40, 19, 23, 137, 34, 0, 0,0, 0, 17, 94, 294, 140
40, 20, 1, 149, 25, 20.5442, 34.3358,3, 2, 17, 106, 259, 152
40, 20, 2, 149, 108, 23.3299, 23.3299,3, 3, 20, 130, 920, 180
40, 20, 3, 149, 78, 0, 0,0, 0, 19, 117, 669, 165
40, 20, 4, 149, 112, 28.6037, 28.6037,3, 3, 20, 136, 944, 185
40, 20, 5, 149, 93, 35.5126, 42.6423,6, 5, 20, 133, 807, 182
40, 20, 6, 149, 123, 40.5536, 47.4753,6, 5, 20, 138, 1033, 188
40, 20, 7, 149, 115, 0, 0,0, 0, 21, 149, 943, 199
40, 20, 8, 149, 31, 0, 0,0, 0, 17, 109, 308, 155
40, 20, 9, 149, 56, 0, 0,0, 0, 18, 122, 489, 169
40, 20, 10, 149, 76, 0, 0,0, 0, 19, 121, 663, 169
40, 20, 11, 149, 84, 0, 0,0, 0, 20, 130, 712, 179
40, 20, 12, 149, 122, 57.3975, 57.3975,6, 6, 21, 143, 1004, 194
40, 20, 13, 149, 121, 0, 0,0, 0, 20, 150, 985, 199
40, 20, 14, 149, 91, 0, 0,0, 0, 20, 144, 760, 193
40, 20, 15, 149, 79, 0, 0,0, 0, 19, 124, 664, 172
40, 20, 16, 149, 119, 58.7211, 58.7211,7, 7, 20, 126, 968, 176
40, 20, 17, 149, 65, 0, 0,0, 0, 18, 123, 567, 170
40, 20, 18, 149, 79, 0, 0,0, 0, 20, 129, 663, 178
40, 20, 19, 149, 137, 0, 0,0, 0, 20, 138, 1127, 188
40, 20, 21, 149, 131, 0, 0,0, 0, 21, 169, 1104, 220
40, 20, 22, 149, 73, 0, 0,0, 0, 19, 123, 621, 171
40, 20, 23, 149, 34, 0, 0,0, 0, 17, 102, 326, 148
40, 21, 1, 131, 25, 0, 0,0, 0, 17, 118, 216, 163
40, 21, 2, 131, 108, 0, 0,0, 0, 19, 151, 803, 199
40, 21, 3, 131, 78, 0, 0,0, 0, 20, 138, 570, 186
40, 21, 4, 131, 112, 0, 0,0, 0, 19, 151, 804, 200
40, 21, 5, 131, 93, 0, 0,0, 0, 19, 148, 698, 197
40, 21, 6, 131, 123, 7.00322, 7.00322,1, 1, 20, 155, 925, 204
40, 21, 7, 131, 115, 26.1979, 73.1886,9, 3, 21, 163, 837, 213
40, 21, 8, 131, 31, 0, 0,0, 0, 17, 119, 256, 164
40, 21, 9, 131, 56, 0, 0,0, 0, 18, 129, 427, 175
40, 21, 10, 131, 76, 156.473, 248.291,28, 16, 18, 143, 571, 190
40, 21, 11, 131, 84, 0, 0,0, 0, 20, 146, 614, 195
40, 21, 12, 131, 122, 0, 0,0, 0, 21, 159, 870, 209
40, 21, 13, 131, 121, 0, 0,0, 0, 19, 166, 865, 214
40, 21, 14, 131, 91, 24.4158, 47.1046,6, 3, 19, 156, 675, 205
40, 21, 15, 131, 79, 232.466, 557.005,65, 24, 19, 140, 615, 188
40, 21, 16, 131, 119, 0, 0,0, 0, 20, 145, 853, 194
40, 21, 17, 131, 65, 19.8085, 26.8586,3, 2, 18, 137, 495, 184
40, 21, 18, 131, 79, 10.811, 18.8961,2, 1, 19, 147, 595, 196
40, 21, 19, 131, 137, 0, 0,0, 0, 20, 157, 970, 207
40, 21, 20, 131, 149, 0, 0,0, 0, 21, 168, 1069, 219
40, 21, 22, 131, 73, 62.1025, 76.9278,10, 8, 19, 142, 562, 189
40, 21, 23, 131, 34, 0, 0,0, 0, 17, 113, 287, 159
40, 22, 1, 73, 25, 0, 0,0, 0, 15, 71, 134, 114
40, 22, 2, 73, 108, 0, 0,0, 0, 18, 100, 471, 147
40, 22, 3, 73, 78, 0, 0,0, 0, 17, 87, 350, 133
40, 22, 4, 73, 112, 0, 0,0, 0, 17, 108, 479, 154
40, 22, 5, 73, 93, 0, 0,0, 0, 18, 103, 405, 149
40, 22, 6, 73, 123, 0, 0,0, 0, 18, 109, 527, 157
40, 22, 7, 73, 115, 0, 0,0, 0, 19, 124, 490, 172
40, 22, 8, 73, 31, 0, 0,0, 0, 15, 70, 166, 113
40, 22, 9, 73, 56, 0, 0,0, 0, 16, 87, 257, 132
40, 22, 10, 73, 76, 96.0512, 154.578,19, 11, 16, 89, 344, 134
40, 22, 11, 73, 84, 0, 0,0, 0, 17, 99, 367, 146
40, 22, 12, 73, 122, 0, 0,0, 0, 18, 114, 516, 162
40, 22, 13, 73, 121, 0, 0,0, 0, 17, 120, 515, 167
40, 22, 14, 73, 91, 181.675, 303.156,33, 18, 18, 111, 408, 157
40, 22, 15, 73, 79, 76.688, 76.688,10, 10, 17, 95, 353, 140
40, 22, 16, 73, 119, 0, 0,0, 0, 18, 97, 504, 144
40, 22, 17, 73, 65, 7.10688, 20.7301,3, 1, 16, 90, 298, 135
40, 22, 18, 73, 79, 0, 0,0, 0, 18, 99, 349, 145
40, 22, 19, 73, 137, 0, 0,0, 0, 18, 109, 617, 156
40, 22, 20, 73, 149, 0, 0,0, 0, 19, 127, 776, 175
40, 22, 21, 73, 131, 47.9191, 76.9278,10, 6, 19, 141, 556, 188
40, 22, 23, 73, 34, 0, 0,0, 0, 16, 73, 170, 117
40, 23, 1, 34, 25, 0, 0,0, 0, 13, 44, 90, 85
40, 23, 2, 34, 108, 0, 0,0, 0, 16, 73, 285, 118
40, 23, 3, 34, 78, 8.55557, 8.55557,1, 1, 16, 58, 211, 102
40, 23, 4, 34, 112, 0, 0,0, 0, 16, 87, 294, 133
40, 23, 5, 34, 93, 0, 0,0, 0, 16, 74, 245, 119
40, 23, 6, 34, 123, 0, 0,0, 0, 17, 82, 324, 127
40, 23, 7, 34, 115, 0, 0,0, 0, 18, 93, 299, 139
40, 23, 8, 34, 31, 0, 0,0, 0, 14, 45, 100, 87
40, 23, 9, 34, 56, 0, 0,0, 0, 14, 59, 161, 102
40, 23, 10, 34, 76, 0, 0,0, 0, 15, 61, 205, 105
40, 23, 11, 34, 84, 0, 0,0, 0, 16, 73, 225, 118
40, 23, 12, 34, 122, 0, 0,0, 0, 17, 87, 314, 133
40, 23, 13, 34, 121, 0, 0,0, 0, 16, 93, 310, 138
40, 23, 14, 34, 91, 0, 0,0, 0, 16, 87, 313, 132
40, 23, 15, 34, 79, 0, 0,0, 0, 15, 82, 221, 127
40, 23, 16, 34, 119, 0, 0,0, 0, 16, 71, 322, 116
40, 23, 17, 34, 65, 0, 0,0, 0, 15, 65, 179, 108
40, 23, 18, 34, 79, 0, 0,0, 0, 16, 72, 239, 117
40, 23, 19, 34, 137, 0, 0,0, 0, 17, 83, 362, 128
40, 23, 20, 34, 149, 0, 0,0, 0, 18, 96, 475, 143
40, 23, 21, 34, 131, 0, 0,0, 0, 17, 111, 340, 157
40, 23, 22, 34, 73, 0, 0,0, 0, 15, 68, 198, 112
40, 24, 1, 36, 25, 0, 0,0, 0, 13, 46, 130, 88
40, 24, 2, 36, 108, 18.8699, 18.8699,2, 2, 16, 73, 261, 117
40, 24, 3, 36, 78, 8.64391, 8.64391,1, 1, 15, 63, 193, 107
40, 24, 4, 36, 112, 0, 0,0, 0, 16, 78, 285, 123
40, 24, 5, 36, 93, 0, 0,0, 0, 16, 75, 221, 120
40, 24, 6, 36, 123, 0, 0,0, 0, 16, 82, 302, 127
40, 24, 7, 36, 115, 0, 0,0, 0, 17, 93, 269, 139
40, 24, 8, 36, 31, 0, 0,0, 0, 14, 39, 93, 81
40, 24, 9, 36, 56, 7.59795, 7.59795,1, 1, 14, 56, 149, 99
40, 24, 10, 36, 76, 0, 0,0, 0, 15, 63, 196, 106
40, 24, 11, 36, 84, 0, 0,0, 0, 16, 71, 204, 116
40, 24, 12, 36, 122, 0, 0,0, 0, 17, 87, 284, 132
40, 24, 13, 36, 121, 0, 0,0, 0, 16, 93, 284, 138
40, 24, 14, 36, 91, 0, 0,0, 0, 16, 89, 218, 133
40, 24, 15, 36, 79, 0, 0,0, 0, 15, 67, 193, 110
40, 24, 16, 36, 119, 0, 0,0, 0, 16, 73, 278, 117
40, 24, 17, 36, 65, 17.0298, 17.0298,2, 2, 15, 64, 174, 107
40, 24, 18, 36, 79, 9.08021, 9.08021,1, 1, 16, 71, 207, 115
40, 24, 19, 36, 137, 0, 0,0, 0, 17, 81, 321, 126
40, 24, 20, 36, 149, 0, 0,0, 0, 17, 99, 413, 146
40, 24, 21, 36, 131, 0, 0,0, 0, 17, 110, 317, 156
40, 24, 22, 36, 73, 0, 0,0, 0, 15, 65, 183, 109
40, 24, 23, 36, 34, 162.578, 172.35,15, 14, 14, 38, 108, 80
