40, 1, 2, 41, 28, 17.7272, 17.7272,2, 2, 15, 55, 227, 101
40, 1, 3, 41, 39, 55.7567, 55.7567,6, 6, 14, 62, 142, 103
40, 1, 4, 41, 97, 24.1838, 24.1838,3, 3, 15, 76, 299, 118
40, 1, 5, 41, 29, 45.7854, 45.7854,4, 4, 14, 54, 113, 95
40, 1, 6, 41, 129, 51.2666, 51.2666,5, 5, 16, 99, 387, 143
40, 1, 7, 41, 141, 68.7428, 68.7428,8, 8, 16, 104, 428, 149
40, 1, 8, 41, 130, 62.1209, 62.1209,7, 7, 16, 85, 409, 129
40, 1, 9, 41, 33, 0, 0,0, 0, 13, 54, 119, 96
40, 1, 10, 41, 136, 89.0414, 98.2372,9, 8, 16, 84, 414, 128
40, 1, 11, 41, 113, 46.6617, 53.5055,4, 3, 16, 83, 355, 127
40, 1, 12, 41, 140, 90.7173, 90.7173,8, 8, 16, 116, 429, 161
40, 1, 13, 41, 131, 22.0112, 22.0112,2, 2, 16, 101, 403, 146
40, 1, 14, 41, 81, 6.80748, 6.80748,1, 1, 15, 79, 249, 122
40, 1, 15, 41, 102, 29.7797, 29.7797,4, 4, 15, 84, 312, 127
40, 1, 16, 41, 152, 55.006, 55.006,6, 6, 16, 102, 480, 147
40, 1, 17, 41, 53, 0, 0,0, 0, 14, 59, 176, 102
40, 1, 18, 41, 120, 31.0914, 31.0914,4, 4, 16, 81, 361, 125
40, 1, 19, 41, 77, 29.1464, 29.1464,4, 4, 14, 64, 242, 107
40, 1, 20, 41, 89, 17.763, 17.763,2, 2, 15, 74, 275, 117
40, 1, 21, 41, 64, 0, 0,0, 0, 15, 78, 220, 122
40, 1, 22, 41, 124, 26.8276, 26.8276,3, 3, 16, 88, 371, 133
40, 1, 23, 41, 123, 6.9742, 6.9742,1, 1, 16, 106, 366, 151
40, 1, 24, 41, 85, 0, 0,0, 0, 16, 70, 260, 115
40, 1, 25, 41, 134, 0, 0,0, 0, 17, 99, 400, 145
40, 1, 26, 41, 146, 56.9526, 56.9526,7, 7, 17, 95, 447, 141
40, 1, 27, 41, 106, 0, 0,0, 0, 16, 91, 437, 136
40, 1, 28, 41, 135, 28.2471, 28.2471,3, 3, 16, 94, 406, 139
40, 1, 29, 41, 30, 0, 0,0, 0, 13, 45, 111, 86
40, 1, 30, 41, 83, 6.98324, 6.98324,1, 1, 15, 70, 260, 113
40, 1, 31, 41, 75, 6.93761, 6.93761,1, 1, 14, 53, 235, 96
40, 1, 32, 41, 57, 0, 0,0, 0, 14, 74, 185, 116
40, 1, 33, 41, 152, 9.35579, 9.35579,1, 1, 16, 86, 460, 130
40, 1, 34, 41, 53, 0, 0,0, 0, 14, 52, 177, 94
40, 1, 35, 41, 65, 7.73665, 7.73665,1, 1, 16, 65, 208, 110
40, 1, 36, 41, 160, 17.1266, 17.1266,2, 2, 17, 107, 500, 152
40, 1, 37, 41, 60, 19.6635, 19.6635,2, 2, 15, 58, 206, 101
40, 1, 38, 41, 71, 31.7907, 31.7907,3, 3, 15, 75, 224, 118
40, 1, 39, 41, 114, 6.91951, 6.91951,1, 1, 17, 104, 351, 150
40, 1, 40, 41, 58, 9.16788, 9.16788,1, 1, 14, 53, 188, 95
40, 2, 1, 28, 41, 17.7273, 17.7273,2, 2, 13, 64, 102, 106
40, 2, 3, 28, 39, 42.5062, 42.5062,5, 5, 13, 64, 101, 106
40, 2, 4, 28, 97, 20.6774, 20.6774,2, 2, 14, 78, 203, 120
40, 2, 5, 28, 29, 7.51768, 7.51768,1, 1, 13, 55, 87, 97
40, 2, 6, 28, 129, 45.199, 45.199,5, 5, 15, 98, 279, 142
40, 2, 7, 28, 141, 15.224, 15.224,2, 2, 16, 104, 300, 149
40, 2, 8, 28, 130, 46.3795, 53.7778,6, 5, 16, 88, 270, 132
40, 2, 9, 28, 33, 0, 0,0, 0, 13, 51, 86, 92
40, 2, 10, 28, 136, 26.5559, 34.0884,4, 3, 15, 85, 328, 129
40, 2, 11, 28, 113, 46.2573, 53.9143,6, 5, 15, 86, 237, 129
40, 2, 12, 28, 140, 33.1979, 33.1979,3, 3, 16, 107, 296, 151
40, 2, 13, 28, 131, 7.70459, 7.70459,1, 1, 15, 99, 268, 143
40, 2, 14, 28, 81, 0, 0,0, 0, 14, 80, 191, 123
40, 2, 15, 28, 102, 9.48733, 9.48733,1, 1, 15, 85, 224, 128
40, 2, 16, 28, 152, 8.67931, 8.67931,1, 1, 16, 101, 324, 145
40, 2, 17, 28, 53, 0, 0,0, 0, 14, 61, 123, 103
40, 2, 18, 28, 120, 7.30323, 7.30323,1, 1, 15, 80, 249, 124
40, 2, 19, 28, 77, 21.7608, 21.7608,3, 3, 14, 69, 171, 112
40, 2, 20, 28, 89, 8.7565, 8.7565,1, 1, 14, 75, 197, 117
40, 2, 21, 28, 64, 0, 0,0, 0, 15, 78, 142, 121
40, 2, 22, 28, 124, 0, 0,0, 0, 16, 91, 258, 135
40, 2, 23, 28, 123, 0, 0,0, 0, 15, 101, 254, 145
40, 2, 24, 28, 85, 0, 0,0, 0, 15, 71, 181, 115
40, 2, 25, 28, 134, 7.29581, 7.29581,1, 1, 16, 100, 292, 145
40, 2, 26, 28, 146, 46.7677, 46.7677,6, 6, 17, 95, 316, 141
40, 2, 27, 28, 106, 18.0987, 18.0987,2, 2, 15, 91, 223, 135
40, 2, 28, 28, 135, 13.6495, 13.6495,2, 2, 16, 102, 302, 146
40, 2, 29, 28, 30, 0, 0,0, 0, 13, 43, 83, 84
40, 2, 30, 28, 83, 0, 0,0, 0, 14, 71, 178, 113
40, 2, 31, 28, 75, 7.78159, 7.78159,1, 1, 14, 53, 169, 96
40, 2, 32, 28, 57, 0, 0,0, 0, 14, 77, 133, 119
40, 2, 33, 28, 152, 0, 0,0, 0, 16, 89, 318, 133
40, 2, 34, 28, 53, 0, 0,0, 0, 13, 46, 124, 87
40, 2, 35, 28, 65, 0, 0,0, 0, 15, 66, 146, 110
40, 2, 36, 28, 160, 15.7752, 15.7752,2, 2, 17, 104, 355, 149
40, 2, 37, 28, 60, 43.6857, 43.6857,5, 5, 14, 56, 138, 99
40, 2, 38, 28, 71, 0, 0,0, 0, 15, 70, 157, 113
40, 2, 39, 28, 114, 0, 0,0, 0, 17, 111, 236, 157
40, 2, 40, 28, 58, 0, 0,0, 0, 14, 53, 133, 95
40, 3, 1, 39, 41, 48.0181, 55.7568,6, 5, 14, 64, 149, 106
40, 3, 2, 39, 28, 35.2824, 42.5062,5, 4, 13, 62, 110, 104
40, 3, 4, 39, 97, 82.3178, 96.4945,11, 9, 15, 85, 313, 128
40, 3, 5, 39, 29, 71.8253, 104.025,10, 6, 14, 63, 119, 105
40, 3, 6, 39, 129, 94.076, 127.727,12, 9, 16, 108, 405, 152
40, 3, 7, 39, 141, 54.9748, 54.9748,5, 5, 16, 112, 460, 157
40, 3, 8, 39, 130, 34.6308, 34.6308,4, 4, 16, 96, 405, 141
40, 3, 9, 39, 33, 8.71734, 25.5145,3, 1, 14, 59, 166, 101
40, 3, 10, 39, 136, 56.3959, 56.3959,5, 5, 16, 93, 434, 137
40, 3, 11, 39, 113, 34.3022, 34.3022,4, 4, 15, 94, 350, 138
40, 3, 12, 39, 140, 68.1702, 68.1702,6, 6, 16, 116, 453, 161
40, 3, 13, 39, 131, 74.6294, 98.6621,8, 6, 16, 108, 412, 152
40, 3, 14, 39, 81, 17.0089, 17.0089,2, 2, 15, 89, 265, 132
40, 3, 15, 39, 102, 64.441, 83.4478,9, 7, 15, 94, 327, 138
40, 3, 16, 39, 152, 65.8843, 65.8843,7, 7, 16, 110, 476, 154
40, 3, 17, 39, 53, 0, 0,0, 0, 14, 69, 181, 111
40, 3, 18, 39, 120, 29.1713, 29.1713,4, 4, 16, 89, 375, 134
40, 3, 19, 39, 77, 7.18829, 7.18829,1, 1, 14, 72, 251, 115
40, 3, 20, 39, 89, 53.5171, 71.7783,8, 6, 15, 83, 289, 126
40, 3, 21, 39, 64, 14.4815, 28.837,4, 2, 15, 93, 216, 137
40, 3, 22, 39, 124, 52.3936, 68.1273,8, 6, 16, 99, 389, 145
40, 3, 23, 39, 123, 56.1239, 74.1822,9, 7, 16, 109, 385, 153
40, 3, 24, 39, 85, 0, 0,0, 0, 16, 78, 271, 122
40, 3, 25, 39, 134, 30.4997, 30.4997,4, 4, 17, 110, 416, 155
40, 3, 26, 39, 146, 22.5136, 22.5136,2, 2, 17, 103, 461, 149
40, 3, 27, 39, 106, 8.51922, 24.9095,3, 1, 16, 103, 341, 148
40, 3, 28, 39, 135, 77.9636, 101.012,12, 10, 16, 109, 424, 154
40, 3, 29, 39, 30, 0, 0,0, 0, 13, 55, 188, 96
40, 3, 30, 39, 83, 15.7797, 15.7797,2, 2, 15, 79, 267, 122
40, 3, 31, 39, 75, 7.67164, 7.67164,1, 1, 15, 75, 258, 118
40, 3, 32, 39, 57, 0, 0,0, 0, 15, 85, 191, 128
40, 3, 33, 39, 152, 8.2932, 8.2932,1, 1, 16, 94, 475, 139
40, 3, 34, 39, 53, 0, 0,0, 0, 14, 56, 180, 98
40, 3, 35, 39, 65, 8.60219, 8.60219,1, 1, 16, 73, 234, 118
40, 3, 36, 39, 160, 33.3214, 33.3214,4, 4, 17, 114, 504, 160
40, 3, 37, 39, 60, 15.2849, 15.2849,2, 2, 15, 65, 203, 108
40, 3, 38, 39, 71, 85.7228, 129.092,12, 8, 15, 78, 235, 122
40, 3, 39, 39, 114, 0, 0,0, 0, 17, 113, 356, 159
40, 3, 40, 39, 58, 7.48201, 7.48201,1, 1, 14, 62, 201, 104
40, 4, 1, 97, 41, 24.1838, 24.1838,3, 3, 15, 78, 248, 121
40, 4, 2, 97, 28, 20.6774, 20.6774,2, 2, 14, 86, 180, 128
40, 4, 3, 97, 39, 75.4845, 96.4944,11, 8, 15, 86, 235, 130
40, 4, 5, 97, 29, 105.532, 128.404,12, 10, 15, 78, 189, 121
40, 4, 6, 97, 129, 230.499, 245.021,25, 23, 17, 119, 684, 165
40, 4, 7, 97, 141, 144.238, 176.559,19, 15, 17, 130, 747, 176
40, 4, 8, 97, 130, 93.4538, 116.726,12, 10, 17, 109, 698, 155
40, 4, 9, 97, 33, 63.7297, 77.27,7, 5, 14, 74, 205, 117
40, 4, 10, 97, 136, 52.4926, 73.3437,9, 6, 17, 110, 723, 156
40, 4, 11, 97, 113, 18.7388, 18.7388,2, 2, 17, 110, 601, 155
40, 4, 12, 97, 140, 61.5102, 75.6856,9, 7, 17, 131, 787, 178
40, 4, 13, 97, 131, 90.9201, 105.078,12, 10, 17, 122, 712, 168
40, 4, 14, 97, 81, 97.2621, 106.561,11, 10, 16, 106, 440, 151
40, 4, 15, 97, 102, 166.059, 180.561,19, 17, 16, 109, 546, 153
40, 4, 16, 97, 152, 45.5325, 67.0044,8, 5, 17, 127, 820, 173
40, 4, 17, 97, 53, 6.73173, 6.73173,1, 1, 15, 86, 305, 129
40, 4, 18, 97, 120, 18.5544, 25.3916,3, 2, 17, 106, 636, 152
40, 4, 19, 97, 77, 0, 0,0, 0, 16, 88, 427, 132
40, 4, 20, 97, 89, 36.4075, 36.4075,4, 4, 16, 98, 484, 143
40, 4, 21, 97, 64, 0, 0,0, 0, 16, 102, 353, 147
40, 4, 22, 97, 124, 109.214, 109.214,12, 12, 17, 113, 649, 159
40, 4, 23, 97, 123, 91.308, 107.88,11, 9, 17, 122, 648, 168
40, 4, 24, 97, 85, 36.2317, 36.2317,4, 4, 17, 96, 457, 142
40, 4, 25, 97, 134, 49.4578, 49.4578,5, 5, 18, 127, 706, 174
40, 4, 26, 97, 146, 28.1884, 35.1736,5, 4, 18, 119, 801, 166
40, 4, 27, 97, 106, 47.0768, 69.7187,8, 5, 17, 132, 562, 178
40, 4, 28, 97, 135, 88.3114, 95.1125,10, 9, 17, 123, 714, 169
40, 4, 29, 97, 30, 12.6205, 12.6205,1, 1, 14, 67, 189, 109
40, 4, 30, 97, 83, 53.7768, 60.7809,8, 7, 16, 94, 633, 139
40, 4, 31, 97, 75, 0, 0,0, 0, 16, 81, 438, 125
40, 4, 32, 97, 57, 0, 0,0, 0, 15, 98, 325, 142
40, 4, 33, 97, 152, 28.3098, 28.3098,3, 3, 17, 114, 817, 160
40, 4, 34, 97, 53, 19.8074, 26.4836,3, 2, 14, 70, 306, 113
40, 4, 35, 97, 65, 7.76053, 7.76053,1, 1, 17, 88, 359, 134
40, 4, 36, 97, 160, 83.0705, 105.445,12, 9, 18, 127, 841, 175
40, 4, 37, 97, 60, 7.97032, 7.97032,1, 1, 16, 80, 350, 125
40, 4, 38, 97, 71, 21.0258, 27.9912,4, 3, 16, 93, 390, 138
40, 4, 39, 97, 114, 0, 0,0, 0, 18, 125, 603, 172
40, 4, 40, 97, 58, 16.1108, 16.1108,2, 2, 15, 90, 327, 134
40, 5, 1, 29, 41, 45.7854, 45.7854,4, 4, 13, 55, 139, 96
40, 5, 2, 29, 28, 7.51771, 7.51771,1, 1, 13, 58, 103, 99
40, 5, 3, 29, 39, 88.2547, 104.024,10, 8, 14, 64, 125, 106
40, 5, 4, 29, 97, 111.01, 128.403,12, 10, 15, 81, 260, 124
40, 5, 6, 29, 129, 71.1412, 71.1412,6, 6, 16, 98, 378, 143
40, 5, 7, 29, 141, 51.826, 51.826,5, 5, 17, 107, 375, 153
40, 5, 8, 29, 130, 26.8069, 26.8069,3, 3, 16, 87, 357, 132
40, 5, 9, 29, 33, 7.74625, 7.74625,1, 1, 13, 51, 107, 93
40, 5, 10, 29, 136, 47.8152, 47.8152,6, 6, 16, 89, 363, 133
40, 5, 11, 29, 113, 24.2943, 24.2943,2, 2, 16, 89, 301, 134
40, 5, 12, 29, 140, 53.167, 53.167,5, 5, 16, 112, 388, 157
40, 5, 13, 29, 131, 56.0567, 64.2539,7, 6, 16, 98, 356, 144
40, 5, 14, 29, 81, 29.9834, 37.2904,4, 3, 15, 86, 221, 129
40, 5, 15, 29, 102, 47.3038, 47.3038,5, 5, 15, 90, 275, 133
40, 5, 16, 29, 152, 24.1251, 24.1251,2, 2, 16, 103, 406, 148
40, 5, 17, 29, 53, 0, 0,0, 0, 14, 64, 170, 107
40, 5, 18, 29, 120, 14.9095, 14.9095,2, 2, 16, 115, 327, 160
40, 5, 19, 29, 77, 0, 0,0, 0, 15, 66, 213, 109
40, 5, 20, 29, 89, 25.3117, 25.3117,3, 3, 15, 79, 248, 122
40, 5, 21, 29, 64, 13.9742, 13.9742,2, 2, 15, 81, 180, 124
40, 5, 22, 29, 124, 62.2905, 62.2905,7, 7, 16, 91, 330, 136
40, 5, 23, 29, 123, 17.6601, 17.6601,2, 2, 16, 102, 325, 146
40, 5, 24, 29, 85, 0, 0,0, 0, 15, 73, 242, 118
40, 5, 25, 29, 134, 8.29984, 8.29984,1, 1, 16, 105, 351, 150
40, 5, 26, 29, 146, 16.6707, 16.6707,2, 2, 17, 98, 407, 144
40, 5, 27, 29, 106, 20.6197, 28.1092,3, 2, 16, 94, 277, 139
40, 5, 28, 29, 135, 37.8614, 37.8614,5, 5, 16, 101, 361, 145
40, 5, 29, 29, 30, 0, 0,0, 0, 13, 49, 98, 90
40, 5, 30, 29, 83, 14.5403, 14.5403,2, 2, 15, 72, 227, 115
40, 5, 31, 29, 75, 0, 0,0, 0, 14, 55, 222, 98
40, 5, 32, 29, 57, 0, 0,0, 0, 15, 76, 173, 118
40, 5, 33, 29, 152, 7.13836, 7.13836,1, 1, 16, 89, 421, 133
40, 5, 34, 29, 53, 0, 0,0, 0, 13, 50, 157, 91
40, 5, 35, 29, 65, 0, 0,0, 0, 16, 67, 181, 112
40, 5, 36, 29, 160, 23.7086, 23.7086,3, 3, 17, 107, 425, 153
40, 5, 37, 29, 60, 6.91696, 6.91696,1, 1, 15, 56, 171, 99
40, 5, 38, 29, 71, 55.804, 71.1406,8, 6, 15, 71, 201, 114
40, 5, 39, 29, 114, 7.92641, 7.92641,1, 1, 17, 105, 310, 150
40, 5, 40, 29, 58, 0, 0,0, 0, 14, 54, 170, 96
40, 6, 1, 129, 41, 44.1266, 51.2666,5, 4, 16, 100, 315, 144
40, 6, 2, 129, 28, 27.6217, 45.199,5, 3, 15, 96, 236, 140
40, 6, 3, 129, 39, 109.484, 127.728,12, 10, 16, 108, 310, 152
40, 6, 4, 129, 97, 197.818, 245.021,25, 20, 17, 119, 723, 165
40, 6, 5, 129, 29, 58.2481, 71.1413,6, 5, 16, 100, 243, 144
40, 6, 7, 129, 141, 315.357, 342.021,31, 29, 19, 153, 998, 201
40, 6, 8, 129, 130, 150.172, 163.948,18, 16, 18, 136, 897, 184
40, 6, 9, 129, 33, 10.7294, 10.7294,1, 1, 15, 93, 262, 137
40, 6, 10, 129, 136, 101.904, 130.855,15, 11, 18, 133, 970, 181
40, 6, 11, 129, 113, 53.6379, 53.6379,6, 6, 18, 132, 775, 178
40, 6, 12, 129, 140, 66.7319, 83.0282,9, 7, 19, 155, 979, 203
40, 6, 13, 129, 131, 84.8477, 100.452,11, 9, 18, 138, 902, 185
40, 6, 14, 129, 81, 69.6688, 86.1705,10, 8, 17, 125, 589, 171
40, 6, 15, 129, 102, 180.404, 210.867,22, 18, 17, 130, 726, 176
40, 6, 16, 129, 152, 110.452, 144.516,16, 12, 18, 145, 1065, 193
40, 6, 17, 129, 53, 26.3264, 26.3264,3, 3, 16, 109, 415, 154
40, 6, 18, 129, 120, 35.8451, 35.8451,5, 5, 19, 127, 819, 175
40, 6, 19, 129, 77, 16.1036, 16.1036,2, 2, 16, 110, 571, 155
40, 6, 20, 129, 89, 38.3425, 45.4026,5, 4, 17, 123, 616, 168
40, 6, 21, 129, 64, 8.27244, 8.27244,1, 1, 17, 122, 469, 168
40, 6, 22, 129, 124, 129.187, 170.543,18, 13, 18, 136, 880, 183
40, 6, 23, 129, 123, 63.9132, 83.629,9, 7, 18, 142, 847, 189
40, 6, 24, 129, 85, 33.3918, 47.0478,6, 4, 17, 117, 604, 163
40, 6, 25, 129, 134, 119.099, 135.216,15, 13, 19, 143, 940, 191
40, 6, 26, 129, 146, 30.7929, 39.2368,4, 3, 19, 139, 1011, 188
40, 6, 27, 129, 106, 32.6794, 32.6794,3, 3, 18, 139, 744, 187
40, 6, 28, 129, 135, 152.934, 160.202,16, 15, 18, 148, 950, 195
40, 6, 29, 129, 30, 0, 0,0, 0, 15, 90, 244, 133
40, 6, 30, 129, 83, 30.8417, 30.8417,4, 4, 17, 120, 586, 166
40, 6, 31, 129, 75, 0, 0,0, 0, 17, 96, 539, 141
40, 6, 32, 129, 57, 0, 0,0, 0, 17, 121, 444, 166
40, 6, 33, 129, 152, 21.1152, 21.1152,3, 3, 18, 136, 1052, 184
40, 6, 34, 129, 53, 31.517, 38.3245,5, 4, 15, 94, 409, 138
40, 6, 35, 129, 65, 17.4411, 17.4411,2, 2, 18, 111, 467, 158
40, 6, 36, 129, 160, 104.018, 104.018,10, 10, 19, 153, 1135, 202
40, 6, 37, 129, 60, 27.9106, 27.9106,3, 3, 17, 102, 447, 148
40, 6, 38, 129, 71, 61.3077, 78.165,9, 7, 17, 116, 525, 161
40, 6, 39, 129, 114, 0, 0,0, 0, 19, 151, 791, 199
40, 6, 40, 129, 58, 30.9931, 30.9931,4, 4, 16, 99, 442, 144
40, 7, 1, 141, 41, 68.7429, 68.7429,8, 8, 16, 103, 368, 148
40, 7, 2, 141, 28, 15.2239, 15.2239,2, 2, 16, 106, 272, 150
40, 7, 3, 141, 39, 54.9749, 54.9749,5, 5, 16, 115, 351, 160
40, 7, 4, 141, 97, 146.118, 176.56,19, 15, 18, 128, 796, 175
40, 7, 5, 141, 29, 51.8262, 51.8262,5, 5, 16, 108, 287, 152
40, 7, 6, 141, 129, 319.453, 342.022,31, 28, 19, 149, 1024, 198
40, 7, 8, 141, 130, 344.17, 403.243,42, 35, 19, 139, 1070, 188
40, 7, 9, 141, 33, 0, 0,0, 0, 16, 113, 302, 158
40, 7, 10, 141, 136, 137.422, 137.422,14, 14, 19, 137, 1073, 185
40, 7, 11, 141, 113, 52.0619, 59.012,6, 5, 18, 136, 899, 184
40, 7, 12, 141, 140, 51.8187, 51.8187,5, 5, 19, 159, 1096, 208
40, 7, 13, 141, 131, 83.5057, 83.5057,10, 10, 19, 146, 1027, 194
40, 7, 14, 141, 81, 38.9402, 45.8879,5, 4, 17, 133, 664, 179
40, 7, 15, 141, 102, 108.439, 108.439,11, 11, 18, 134, 819, 180
40, 7, 16, 141, 152, 109.061, 109.061,11, 11, 19, 151, 1203, 199
40, 7, 17, 141, 53, 21.9434, 21.9434,3, 3, 17, 111, 443, 157
40, 7, 18, 141, 120, 40.9634, 40.9634,5, 5, 19, 133, 952, 181
40, 7, 19, 141, 77, 22.2288, 29.2735,4, 3, 17, 117, 640, 163
40, 7, 20, 141, 89, 22.061, 22.061,3, 3, 18, 125, 737, 172
40, 7, 21, 141, 64, 0, 0,0, 0, 18, 130, 527, 177
40, 7, 22, 141, 124, 57.5423, 57.5423,6, 6, 19, 139, 945, 187
40, 7, 23, 141, 123, 54.8638, 54.8638,7, 7, 19, 151, 960, 200
40, 7, 24, 141, 85, 17.9175, 24.712,3, 2, 18, 124, 683, 172
40, 7, 25, 141, 134, 16.3679, 16.3679,2, 2, 19, 154, 1039, 203
40, 7, 26, 141, 146, 111.995, 121.304,13, 12, 20, 147, 1141, 197
40, 7, 27, 141, 106, 15.042, 22.3132,3, 2, 18, 146, 855, 193
40, 7, 28, 141, 135, 113.673, 120.674,13, 12, 19, 153, 1298, 201
40, 7, 29, 141, 30, 8.1818, 8.1818,1, 1, 16, 96, 284, 140
40, 7, 30, 141, 83, 28.8712, 35.9773,4, 3, 17, 121, 664, 167
40, 7, 31, 141, 75, 8.26837, 8.26837,1, 1, 17, 107, 603, 153
40, 7, 32, 141, 57, 0, 0,0, 0, 17, 125, 493, 171
40, 7, 33, 141, 152, 31.2381, 31.2381,4, 4, 19, 139, 1218, 187
40, 7, 34, 141, 53, 27.4561, 36.1741,4, 3, 16, 101, 462, 145
40, 7, 35, 141, 65, 19.8932, 27.2937,3, 2, 19, 115, 537, 163
40, 7, 36, 141, 160, 70.5164, 84.9841,11, 9, 20, 154, 1253, 204
40, 7, 37, 141, 60, 22.5016, 29.4883,4, 3, 18, 106, 517, 153
40, 7, 38, 141, 71, 25.5536, 25.5536,3, 3, 18, 122, 584, 169
40, 7, 39, 141, 114, 0, 0,0, 0, 20, 156, 908, 205
40, 7, 40, 141, 58, 22.5254, 22.5254,3, 3, 17, 104, 487, 149
40, 8, 1, 130, 41, 45.8777, 62.1212,7, 5, 16, 85, 312, 130
40, 8, 2, 130, 28, 53.7778, 53.7778,6, 6, 16, 85, 224, 130
40, 8, 3, 130, 39, 18.0067, 34.6308,4, 2, 16, 100, 303, 144
40, 8, 4, 130, 97, 77.918, 116.726,12, 8, 17, 110, 660, 156
40, 8, 5, 130, 29, 19.4175, 26.8069,3, 2, 16, 87, 229, 131
40, 8, 6, 130, 129, 142.373, 163.948,18, 15, 18, 129, 843, 176
40, 8, 7, 130, 141, 323.403, 403.241,42, 33, 19, 140, 957, 189
40, 8, 9, 130, 33, 7.70045, 7.70045,1, 1, 16, 86, 265, 131
40, 8, 10, 130, 136, 96.0792, 96.0792,9, 9, 18, 119, 903, 167
40, 8, 11, 130, 113, 84.2653, 107.424,13, 10, 18, 119, 777, 166
40, 8, 12, 130, 140, 26.0886, 35.6719,4, 3, 19, 141, 921, 190
40, 8, 13, 130, 131, 72.0627, 78.8587,10, 9, 18, 130, 899, 177
40, 8, 14, 130, 81, 15.9171, 15.9171,2, 2, 17, 113, 553, 158
40, 8, 15, 130, 102, 61.939, 69.3679,8, 7, 18, 119, 702, 165
40, 8, 16, 130, 152, 63.4495, 71.479,8, 7, 19, 135, 1017, 183
40, 8, 17, 130, 53, 8.63026, 8.63026,1, 1, 17, 93, 375, 138
40, 8, 18, 130, 120, 23.3212, 31.8434,4, 3, 18, 113, 803, 160
40, 8, 19, 130, 77, 34.3096, 41.0142,5, 4, 17, 99, 527, 145
40, 8, 20, 130, 89, 14.71, 22.0778,3, 2, 17, 107, 616, 153
40, 8, 21, 130, 64, 0, 0,0, 0, 17, 110, 534, 156
40, 8, 22, 130, 124, 9.82254, 18.8786,2, 1, 18, 122, 806, 170
40, 8, 23, 130, 123, 9.86619, 9.86619,1, 1, 18, 133, 808, 180
40, 8, 24, 130, 85, 16.6635, 16.6635,2, 2, 18, 104, 586, 151
40, 8, 25, 130, 134, 70.0753, 78.3765,10, 9, 19, 135, 893, 183
40, 8, 26, 130, 146, 101.995, 124.517,13, 10, 19, 131, 1005, 180
40, 8, 27, 130, 106, 8.01997, 8.01997,1, 1, 18, 124, 703, 172
40, 8, 28, 130, 135, 49.2188, 49.2188,5, 5, 18, 132, 892, 180
40, 8, 29, 130, 30, 8.34876, 8.34876,1, 1, 16, 78, 233, 122
40, 8, 30, 130, 83, 14.2589, 21.0609,3, 2, 17, 108, 576, 154
40, 8, 31, 130, 75, 7.5127, 7.5127,1, 1, 17, 86, 532, 132
40, 8, 32, 130, 57, 0, 0,0, 0, 17, 109, 411, 155
40, 8, 33, 130, 152, 24.837, 33.2828,4, 3, 19, 123, 1001, 171
40, 8, 34, 130, 53, 16.7052, 16.7052,2, 2, 16, 79, 389, 124
40, 8, 35, 130, 65, 7.35504, 7.35504,1, 1, 18, 100, 467, 148
40, 8, 36, 130, 160, 47.7947, 47.7947,6, 6, 20, 138, 1044, 187
40, 8, 37, 130, 60, 41.4934, 55.9453,7, 5, 17, 87, 427, 134
40, 8, 38, 130, 71, 13.4208, 13.4208,2, 2, 18, 107, 526, 153
40, 8, 39, 130, 114, 0, 0,0, 0, 20, 136, 852, 185
40, 8, 40, 130, 58, 22.2318, 22.2318,3, 3, 17, 85, 408, 131
40, 9, 1, 33, 41, 0, 0,0, 0, 13, 51, 128, 93
40, 9, 2, 33, 28, 0, 0,0, 0, 13, 50, 94, 91
40, 9, 3, 33, 39, 25.5145, 25.5145,3, 3, 13, 58, 123, 100
40, 9, 4, 33, 97, 62.7876, 77.27,7, 5, 14, 81, 262, 124
40, 9, 5, 33, 29, 7.74625, 7.74625,1, 1, 13, 52, 98, 94
40, 9, 6, 33, 129, 10.7294, 10.7294,1, 1, 16, 98, 344, 142
40, 9, 7, 33, 141, 0, 0,0, 0, 16, 100, 378, 145
40, 9, 8, 33, 130, 7.70047, 7.70047,1, 1, 16, 85, 351, 130
40, 9, 10, 33, 136, 0, 0,0, 0, 16, 82, 378, 126
40, 9, 11, 33, 113, 0, 0,0, 0, 15, 83, 306, 126
40, 9, 12, 33, 140, 8.16714, 8.16714,1, 1, 16, 104, 380, 149
40, 9, 13, 33, 131, 8.05822, 8.05822,1, 1, 15, 92, 355, 136
40, 9, 14, 33, 81, 52.9481, 67.8026,6, 4, 14, 90, 226, 132
40, 9, 15, 33, 102, 54.7127, 69.7986,7, 5, 15, 81, 278, 124
40, 9, 16, 33, 152, 24.4658, 31.4254,4, 3, 16, 99, 422, 144
40, 9, 17, 33, 53, 0, 0,0, 0, 14, 60, 157, 102
40, 9, 18, 33, 120, 19.2476, 27.589,3, 2, 16, 79, 325, 123
40, 9, 19, 33, 77, 0, 0,0, 0, 14, 69, 214, 111
40, 9, 20, 33, 89, 0, 0,0, 0, 14, 72, 269, 115
40, 9, 21, 33, 64, 16.7188, 24.6092,3, 2, 15, 76, 184, 119
40, 9, 22, 33, 124, 39.5628, 39.5628,4, 4, 16, 86, 335, 131
40, 9, 23, 33, 123, 19.347, 28.3642,3, 2, 16, 100, 344, 144
40, 9, 24, 33, 85, 41.6906, 41.6906,4, 4, 15, 70, 299, 115
40, 9, 25, 33, 134, 20.868, 28.0135,3, 2, 16, 100, 366, 145
40, 9, 26, 33, 146, 0, 0,0, 0, 17, 95, 398, 141
40, 9, 27, 33, 106, 65.8159, 79.4025,8, 7, 16, 92, 302, 137
40, 9, 28, 33, 135, 35.2916, 35.2916,4, 4, 16, 98, 366, 142
40, 9, 29, 33, 30, 20.0324, 27.8455,3, 2, 13, 43, 101, 84
40, 9, 30, 33, 83, 25.423, 25.423,3, 3, 14, 68, 229, 111
40, 9, 31, 33, 75, 0, 0,0, 0, 14, 51, 208, 94
40, 9, 32, 33, 57, 0, 0,0, 0, 14, 73, 165, 115
40, 9, 33, 33, 152, 20.9256, 31.0851,3, 2, 16, 84, 418, 128
40, 9, 34, 33, 53, 16.9122, 23.7369,3, 2, 13, 43, 157, 85
40, 9, 35, 33, 65, 7.39618, 7.39618,1, 1, 16, 62, 184, 106
40, 9, 36, 33, 160, 19.9734, 36.5902,4, 2, 17, 102, 443, 147
40, 9, 37, 33, 60, 0, 0,0, 0, 15, 54, 189, 97
40, 9, 38, 33, 71, 0, 0,0, 0, 15, 80, 203, 123
40, 9, 39, 33, 114, 0, 0,0, 0, 17, 100, 319, 146
40, 9, 40, 33, 58, 11.643, 11.643,1, 1, 14, 51, 169, 93
40, 10, 1, 136, 41, 98.2384, 98.2384,9, 9, 16, 87, 291, 131
40, 10, 2, 136, 28, 34.0885, 34.0885,4, 4, 16, 87, 215, 131
40, 10, 3, 136, 39, 56.396, 56.396,5, 5, 16, 97, 282, 142
40, 10, 4, 136, 97, 73.3436, 73.3436,9, 9, 17, 107, 622, 153
40, 10, 5, 136, 29, 47.815, 47.815,6, 6, 16, 88, 225, 132
40, 10, 6, 136, 129, 123.592, 130.855,15, 14, 18, 127, 797, 175
40, 10, 7, 136, 141, 137.422, 137.422,14, 14, 19, 138, 912, 186
40, 10, 8, 136, 130, 89.3922, 96.0793,9, 8, 18, 120, 827, 168
40, 10, 9, 136, 33, 0, 0,0, 0, 16, 82, 254, 126
40, 10, 11, 136, 113, 411.606, 440.935,41, 37, 18, 116, 721, 163
40, 10, 12, 136, 140, 241.631, 257.153,24, 22, 19, 139, 882, 187
40, 10, 13, 136, 131, 180.715, 188.454,18, 17, 18, 130, 846, 176
40, 10, 14, 136, 81, 7.02735, 7.02735,1, 1, 17, 112, 545, 158
40, 10, 15, 136, 102, 79.0442, 79.0442,9, 9, 18, 122, 671, 169
40, 10, 16, 136, 152, 77.0338, 77.0338,9, 9, 18, 136, 969, 184
40, 10, 17, 136, 53, 11.0345, 11.0345,1, 1, 16, 95, 349, 140
40, 10, 18, 136, 120, 26.1307, 26.1307,2, 2, 19, 112, 780, 159
40, 10, 19, 136, 77, 75.5406, 82.4415,9, 8, 17, 101, 501, 147
40, 10, 20, 136, 89, 57.0303, 57.0303,7, 7, 17, 109, 600, 155
40, 10, 21, 136, 64, 0, 0,0, 0, 18, 112, 417, 158
40, 10, 22, 136, 124, 32.2373, 32.2373,4, 4, 19, 121, 751, 169
40, 10, 23, 136, 123, 77.2149, 77.2149,9, 9, 18, 131, 785, 178
40, 10, 24, 136, 85, 24.1501, 24.1501,2, 2, 18, 103, 589, 151
40, 10, 25, 136, 134, 44.6704, 44.6704,5, 5, 19, 132, 822, 180
40, 10, 26, 136, 146, 123.055, 130.447,13, 12, 19, 129, 961, 177
40, 10, 27, 136, 106, 0, 0,0, 0, 18, 126, 699, 174
40, 10, 28, 136, 135, 67.0884, 73.8267,7, 6, 19, 129, 824, 177
40, 10, 29, 136, 30, 0, 0,0, 0, 16, 81, 233, 125
40, 10, 30, 136, 83, 28.1004, 28.1004,3, 3, 17, 103, 553, 149
40, 10, 31, 136, 75, 13.6203, 13.6203,2, 2, 17, 98, 522, 144
40, 10, 32, 136, 57, 0, 0,0, 0, 17, 114, 426, 160
40, 10, 33, 136, 152, 50.4019, 50.4019,6, 6, 18, 124, 978, 171
40, 10, 34, 136, 53, 30.4067, 30.4067,3, 3, 16, 81, 350, 125
40, 10, 35, 136, 65, 11.4547, 11.4547,1, 1, 18, 99, 444, 146
40, 10, 36, 136, 160, 84.0983, 84.0983,11, 11, 19, 135, 996, 184
40, 10, 37, 136, 60, 42.9082, 51.6685,5, 4, 17, 88, 392, 134
40, 10, 38, 136, 71, 38.7412, 38.7412,4, 4, 18, 105, 466, 151
40, 10, 39, 136, 114, 6.7467, 6.7467,1, 1, 19, 135, 745, 184
40, 10, 40, 136, 58, 35.0453, 35.0453,4, 4, 17, 84, 385, 130
40, 11, 1, 113, 41, 53.5053, 53.5053,4, 4, 16, 90, 294, 134
40, 11, 2, 113, 28, 47.2296, 53.9139,6, 5, 15, 86, 210, 129
40, 11, 3, 113, 39, 34.3022, 34.3022,4, 4, 16, 92, 267, 137
40, 11, 4, 113, 97, 18.7388, 18.7388,2, 2, 17, 109, 597, 155
40, 11, 5, 113, 29, 24.2942, 24.2942,2, 2, 15, 87, 211, 130
40, 11, 6, 113, 129, 53.6379, 53.6379,6, 6, 18, 129, 788, 176
40, 11, 7, 113, 141, 59.012, 59.012,6, 6, 18, 136, 875, 183
40, 11, 8, 113, 130, 84.1333, 107.424,13, 10, 18, 120, 808, 167
40, 11, 9, 113, 33, 0, 0,0, 0, 15, 88, 230, 132
40, 11, 10, 113, 136, 411.681, 440.95,41, 37, 18, 120, 852, 167
40, 11, 12, 113, 140, 139.903, 148.604,15, 14, 20, 141, 886, 190
40, 11, 13, 113, 131, 89.7164, 100.362,11, 10, 18, 127, 809, 174
40, 11, 14, 113, 81, 10.8162, 10.8162,1, 1, 17, 114, 506, 159
40, 11, 15, 113, 102, 59.389, 75.3026,9, 7, 17, 115, 632, 161
40, 11, 16, 113, 152, 47.1602, 47.1602,5, 5, 18, 131, 931, 178
40, 11, 17, 113, 53, 11.8601, 22.3262,2, 1, 16, 93, 347, 138
40, 11, 18, 113, 120, 16.9039, 23.9114,3, 2, 18, 113, 726, 160
40, 11, 19, 113, 77, 49.6401, 49.6401,4, 4, 16, 96, 488, 142
40, 11, 20, 113, 89, 17.4148, 17.4148,2, 2, 17, 107, 599, 152
40, 11, 21, 113, 64, 0, 0,0, 0, 18, 111, 428, 158
40, 11, 22, 113, 124, 32.1788, 40.0601,4, 3, 18, 123, 754, 170
40, 11, 23, 113, 123, 22.8902, 31.1275,4, 3, 18, 131, 754, 178
40, 11, 24, 113, 85, 13.782, 22.7482,2, 1, 18, 103, 525, 150
40, 11, 25, 113, 134, 30.4066, 30.4066,4, 4, 19, 134, 831, 182
40, 11, 26, 113, 146, 72.7004, 72.7004,8, 8, 19, 127, 939, 175
40, 11, 27, 113, 106, 7.22472, 7.22472,1, 1, 18, 123, 668, 170
40, 11, 28, 113, 135, 31.653, 31.653,4, 4, 18, 126, 818, 173
40, 11, 29, 113, 30, 0, 0,0, 0, 15, 75, 230, 119
40, 11, 30, 113, 83, 0, 0,0, 0, 17, 102, 525, 147
40, 11, 31, 113, 75, 0, 0,0, 0, 16, 84, 473, 129
40, 11, 32, 113, 57, 0, 0,0, 0, 16, 111, 381, 156
40, 11, 33, 113, 152, 31.0659, 47.0079,6, 4, 19, 119, 972, 167
40, 11, 34, 113, 53, 15.1637, 23.2724,3, 2, 16, 78, 361, 122
40, 11, 35, 113, 65, 18.5246, 25.8315,3, 2, 18, 98, 425, 145
40, 11, 36, 113, 160, 33.0686, 33.0686,4, 4, 20, 137, 986, 186
40, 11, 37, 113, 60, 0, 0,0, 0, 17, 93, 386, 139
40, 11, 38, 113, 71, 0, 0,0, 0, 17, 103, 454, 149
40, 11, 39, 113, 114, 0, 0,0, 0, 19, 134, 713, 183
40, 11, 40, 113, 58, 12.5509, 23.3897,2, 1, 17, 88, 394, 134
40, 12, 1, 140, 41, 90.7163, 90.7163,8, 8, 16, 110, 333, 155
40, 12, 2, 140, 28, 33.1978, 33.1978,3, 3, 16, 107, 275, 151
40, 12, 3, 140, 39, 68.1696, 68.1696,6, 6, 17, 129, 321, 174
40, 12, 4, 140, 97, 75.6854, 75.6854,9, 9, 17, 130, 629, 177
40, 12, 5, 140, 29, 53.1671, 53.1671,5, 5, 16, 108, 232, 152
40, 12, 6, 140, 129, 83.0283, 83.0283,9, 9, 18, 154, 820, 202
40, 12, 7, 140, 141, 51.8187, 51.8187,5, 5, 19, 160, 885, 208
40, 12, 8, 140, 130, 35.6719, 35.6719,4, 4, 20, 140, 820, 190
40, 12, 9, 140, 33, 8.16708, 8.16708,1, 1, 16, 105, 262, 149
40, 12, 10, 140, 136, 250.144, 257.155,24, 23, 18, 139, 887, 187
40, 12, 11, 140, 113, 148.604, 148.604,15, 15, 18, 139, 716, 186
40, 12, 13, 140, 131, 340.375, 348.677,33, 32, 18, 151, 856, 199
40, 12, 14, 140, 81, 7.90165, 7.90165,1, 1, 17, 138, 560, 184
40, 12, 15, 140, 102, 95.8274, 95.8274,12, 12, 18, 147, 674, 194
40, 12, 16, 140, 152, 83.4954, 83.4954,8, 8, 19, 158, 982, 206
40, 12, 17, 140, 53, 6.99512, 6.99512,1, 1, 17, 114, 370, 159
40, 12, 18, 140, 120, 26.8424, 26.8424,3, 3, 19, 140, 802, 188
40, 12, 19, 140, 77, 88.562, 88.562,10, 10, 17, 120, 530, 166
40, 12, 20, 140, 89, 33.9452, 33.9452,4, 4, 17, 133, 587, 180
40, 12, 21, 140, 64, 21.1892, 21.1892,2, 2, 18, 134, 427, 181
40, 12, 22, 140, 124, 41.4361, 41.4361,5, 5, 18, 142, 770, 190
40, 12, 23, 140, 123, 33.4444, 33.4444,4, 4, 19, 154, 775, 201
40, 12, 24, 140, 85, 0, 0,0, 0, 18, 126, 581, 174
40, 12, 25, 140, 134, 25.0715, 25.0715,3, 3, 19, 155, 825, 203
40, 12, 26, 140, 146, 48.5763, 48.5763,6, 6, 20, 154, 928, 203
40, 12, 27, 140, 106, 9.63954, 9.63954,1, 1, 18, 153, 676, 200
40, 12, 28, 140, 135, 68.1514, 68.1514,8, 8, 19, 152, 848, 200
40, 12, 29, 140, 30, 0, 0,0, 0, 16, 100, 236, 144
40, 12, 30, 140, 83, 7.78218, 7.78218,1, 1, 18, 126, 551, 173
40, 12, 31, 140, 75, 0, 0,0, 0, 17, 108, 502, 153
40, 12, 32, 140, 57, 0, 0,0, 0, 17, 131, 407, 176
40, 12, 33, 140, 152, 7.29725, 7.29725,1, 1, 19, 142, 962, 190
40, 12, 34, 140, 53, 11.8814, 11.8814,1, 1, 16, 101, 369, 146
40, 12, 35, 140, 65, 15.7731, 15.7731,2, 2, 19, 117, 459, 165
40, 12, 36, 140, 160, 44.9663, 44.9663,4, 4, 20, 157, 1001, 206
40, 12, 37, 140, 60, 17.9235, 17.9235,2, 2, 18, 112, 427, 158
40, 12, 38, 140, 71, 49.2544, 49.2544,6, 6, 18, 136, 486, 182
40, 12, 39, 140, 114, 0, 0,0, 0, 20, 155, 740, 204
40, 12, 40, 140, 58, 28.4001, 28.4001,4, 4, 17, 110, 404, 156
40, 13, 1, 131, 41, 22.0112, 22.0112,2, 2, 15, 95, 328, 139
40, 13, 2, 131, 28, 7.70459, 7.70459,1, 1, 15, 97, 239, 141
40, 13, 3, 131, 39, 98.6625, 98.6625,8, 8, 15, 105, 319, 149
40, 13, 4, 131, 97, 105.079, 105.079,12, 12, 16, 122, 714, 167
40, 13, 5, 131, 29, 57.2989, 64.2541,7, 6, 15, 98, 258, 142
40, 13, 6, 131, 129, 100.452, 100.452,11, 11, 18, 142, 914, 189
40, 13, 7, 131, 141, 76.5766, 83.5057,10, 9, 18, 152, 1053, 199
40, 13, 8, 131, 130, 72.0629, 78.8589,10, 9, 18, 129, 948, 177
40, 13, 9, 131, 33, 8.05825, 8.05825,1, 1, 15, 94, 274, 138
40, 13, 10, 131, 136, 180.271, 188.454,18, 17, 18, 131, 987, 178
40, 13, 11, 131, 113, 91.4986, 100.362,11, 10, 18, 127, 817, 173
40, 13, 12, 131, 140, 308.922, 348.677,33, 29, 18, 149, 1020, 196
40, 13, 14, 131, 81, 24.6392, 24.6392,3, 3, 17, 123, 612, 168
40, 13, 15, 131, 102, 132.253, 132.253,14, 14, 17, 126, 756, 172
40, 13, 16, 131, 152, 84.5575, 93.4409,10, 9, 18, 145, 1097, 192
40, 13, 17, 131, 53, 11.741, 11.741,1, 1, 16, 103, 420, 147
40, 13, 18, 131, 120, 22.1038, 22.1038,3, 3, 18, 124, 856, 171
40, 13, 19, 131, 77, 14.3102, 14.3102,2, 2, 17, 109, 570, 154
40, 13, 20, 131, 89, 87.1391, 87.1391,11, 11, 17, 119, 657, 164
40, 13, 21, 131, 64, 26.1849, 26.1849,3, 3, 17, 123, 482, 169
40, 13, 22, 131, 124, 65.8224, 73.0406,8, 7, 18, 131, 905, 179
40, 13, 23, 131, 123, 82.5924, 96.9251,12, 10, 18, 145, 878, 191
40, 13, 24, 131, 85, 25.3494, 25.3494,2, 2, 17, 113, 635, 159
40, 13, 25, 131, 134, 39.1088, 46.0822,6, 5, 19, 148, 997, 198
40, 13, 26, 131, 146, 51.0577, 51.0577,6, 6, 20, 145, 1064, 195
40, 13, 27, 131, 106, 39.3599, 39.3599,5, 5, 17, 137, 763, 184
40, 13, 28, 131, 135, 138.823, 146.384,14, 13, 18, 138, 969, 185
40, 13, 29, 131, 30, 14.352, 14.352,2, 2, 15, 89, 253, 132
40, 13, 30, 131, 83, 16.0593, 16.0593,2, 2, 17, 114, 606, 159
40, 13, 31, 131, 75, 0, 0,0, 0, 16, 100, 552, 145
40, 13, 32, 131, 57, 0, 0,0, 0, 17, 118, 430, 163
40, 13, 33, 131, 152, 22.4634, 22.4634,3, 3, 18, 131, 1113, 178
40, 13, 34, 131, 53, 37.1654, 37.1654,4, 4, 15, 92, 437, 136
40, 13, 35, 131, 65, 14.6484, 14.6484,2, 2, 18, 109, 498, 156
40, 13, 36, 131, 160, 61.8271, 61.8271,7, 7, 19, 146, 1161, 195
40, 13, 37, 131, 60, 7.4061, 7.4061,1, 1, 16, 101, 458, 147
40, 13, 38, 131, 71, 81.62, 81.62,8, 8, 17, 115, 537, 160
40, 13, 39, 131, 114, 6.77322, 6.77322,1, 1, 19, 147, 826, 196
40, 13, 40, 131, 58, 39.2853, 39.2853,4, 4, 16, 96, 440, 140
40, 14, 1, 81, 41, 6.80749, 6.80749,1, 1, 14, 96, 211, 138
40, 14, 2, 81, 28, 0, 0,0, 0, 14, 83, 158, 126
40, 14, 3, 81, 39, 17.009, 17.009,2, 2, 15, 89, 211, 132
40, 14, 4, 81, 97, 92.312, 106.561,11, 9, 16, 112, 452, 156
40, 14, 5, 81, 29, 37.2903, 37.2903,4, 4, 15, 84, 169, 126
40, 14, 6, 81, 129, 78.4927, 86.1702,10, 9, 17, 129, 594, 174
40, 14, 7, 81, 141, 45.8878, 45.8878,5, 5, 17, 132, 660, 178
40, 14, 8, 81, 130, 15.9172, 15.9172,2, 2, 17, 117, 589, 163
40, 14, 9, 81, 33, 46.2729, 67.8022,6, 3, 14, 80, 230, 123
40, 14, 10, 81, 136, 7.02737, 7.02737,1, 1, 17, 113, 635, 158
40, 14, 11, 81, 113, 10.8162, 10.8162,1, 1, 17, 112, 518, 157
40, 14, 12, 81, 140, 7.90157, 7.90157,1, 1, 17, 136, 661, 182
40, 14, 13, 81, 131, 24.6392, 24.6392,3, 3, 16, 123, 600, 168
40, 14, 15, 81, 102, 283.277, 343.015,31, 23, 16, 110, 483, 155
40, 14, 16, 81, 152, 148.516, 148.516,14, 14, 17, 130, 704, 176
40, 14, 17, 81, 53, 14.3954, 14.3954,2, 2, 15, 88, 268, 131
40, 14, 18, 81, 120, 25.538, 25.538,3, 3, 17, 111, 550, 156
40, 14, 19, 81, 77, 0, 0,0, 0, 15, 94, 368, 138
40, 14, 20, 81, 89, 22.8651, 22.8651,3, 3, 16, 104, 421, 148
40, 14, 21, 81, 64, 0, 0,0, 0, 17, 108, 313, 153
40, 14, 22, 81, 124, 68.8164, 83.7054,9, 7, 17, 115, 568, 161
40, 14, 23, 81, 123, 43.153, 56.9654,7, 5, 17, 126, 563, 172
40, 14, 24, 81, 85, 42.0432, 42.0432,4, 4, 16, 97, 407, 142
40, 14, 25, 81, 134, 38.5341, 53.7426,5, 3, 17, 128, 613, 174
40, 14, 26, 81, 146, 10.538, 19.3528,2, 1, 18, 124, 688, 171
40, 14, 27, 81, 106, 36.7323, 54.2981,6, 4, 17, 126, 488, 172
40, 14, 28, 81, 135, 72.9838, 84.3302,9, 8, 17, 126, 618, 172
40, 14, 29, 81, 30, 8.98942, 16.0522,2, 1, 14, 74, 172, 117
40, 14, 30, 81, 83, 26.6295, 26.6295,3, 3, 16, 100, 390, 145
40, 14, 31, 81, 75, 0, 0,0, 0, 16, 84, 356, 128
40, 14, 32, 81, 57, 0, 0,0, 0, 16, 107, 296, 151
40, 14, 33, 81, 152, 24.3542, 33.1076,4, 3, 17, 121, 701, 167
40, 14, 34, 81, 53, 23.3624, 23.3624,3, 3, 15, 76, 266, 119
40, 14, 35, 81, 65, 32.8498, 32.8498,3, 3, 17, 94, 315, 141
40, 14, 36, 81, 160, 69.2017, 92.2387,11, 8, 18, 131, 742, 179
40, 14, 37, 81, 60, 0, 0,0, 0, 16, 84, 297, 128
40, 14, 38, 81, 71, 0, 0,0, 0, 16, 100, 341, 145
40, 14, 39, 81, 114, 0, 0,0, 0, 18, 131, 536, 179
40, 14, 40, 81, 58, 20.5627, 20.5627,2, 2, 15, 82, 287, 126
40, 15, 1, 102, 41, 29.7797, 29.7797,4, 4, 15, 84, 247, 127
40, 15, 2, 102, 28, 9.48733, 9.48733,1, 1, 14, 84, 179, 127
40, 15, 3, 102, 39, 83.4488, 83.4488,9, 9, 15, 91, 234, 134
40, 15, 4, 102, 97, 112.524, 180.559,19, 11, 16, 107, 535, 151
40, 15, 5, 102, 29, 47.3039, 47.3039,5, 5, 15, 84, 189, 127
40, 15, 6, 102, 129, 169.285, 210.867,22, 17, 17, 130, 686, 176
40, 15, 7, 102, 141, 76.0079, 108.438,11, 7, 18, 139, 751, 186
40, 15, 8, 102, 130, 44.5115, 69.3679,8, 5, 18, 119, 680, 166
40, 15, 9, 102, 33, 46.1126, 69.798,7, 4, 15, 82, 206, 125
40, 15, 10, 102, 136, 55.7969, 79.0441,9, 6, 17, 116, 718, 162
40, 15, 11, 102, 113, 51.3603, 75.3025,9, 6, 17, 116, 612, 162
40, 15, 12, 102, 140, 81.6389, 95.8273,12, 10, 18, 138, 793, 186
40, 15, 13, 102, 131, 97.6356, 132.252,14, 10, 17, 128, 687, 174
40, 15, 14, 102, 81, 256.946, 343.013,31, 22, 17, 127, 441, 173
40, 15, 16, 102, 152, 231.667, 307.973,31, 22, 18, 135, 801, 182
40, 15, 17, 102, 53, 15.5393, 23.4341,3, 2, 16, 92, 323, 136
40, 15, 18, 102, 120, 52.2694, 52.2694,7, 7, 18, 119, 641, 166
40, 15, 19, 102, 77, 10.8421, 10.8421,1, 1, 16, 96, 430, 141
40, 15, 20, 102, 89, 9.73111, 9.73111,1, 1, 17, 111, 499, 156
40, 15, 21, 102, 64, 0, 0,0, 0, 17, 114, 353, 160
40, 15, 22, 102, 124, 121.351, 190.124,17, 11, 17, 119, 653, 166
40, 15, 23, 102, 123, 82.9926, 171.093,20, 9, 18, 130, 657, 177
40, 15, 24, 102, 85, 66.7287, 122.667,12, 6, 17, 104, 480, 151
40, 15, 25, 102, 134, 126.392, 214.254,17, 9, 18, 135, 705, 182
40, 15, 26, 102, 146, 26.0975, 52.2951,6, 3, 18, 126, 761, 174
40, 15, 27, 102, 106, 72.9538, 101.561,12, 8, 17, 122, 563, 169
40, 15, 28, 102, 135, 116.634, 192.721,20, 11, 17, 125, 705, 172
40, 15, 29, 102, 30, 15.5106, 29.5388,4, 2, 15, 75, 190, 117
40, 15, 30, 102, 83, 29.7453, 71.5177,8, 3, 16, 101, 450, 146
40, 15, 31, 102, 75, 0, 0,0, 0, 16, 85, 424, 129
40, 15, 32, 102, 57, 0, 0,0, 0, 16, 105, 337, 149
40, 15, 33, 102, 152, 28.7559, 72.2289,9, 3, 18, 119, 807, 167
40, 15, 34, 102, 53, 33.598, 113.032,13, 3, 15, 77, 308, 120
40, 15, 35, 102, 65, 28.1448, 44.1646,5, 3, 17, 95, 358, 141
40, 15, 36, 102, 160, 137.869, 248.113,26, 13, 19, 134, 854, 182
40, 15, 37, 102, 60, 14.1601, 14.1601,2, 2, 16, 88, 339, 133
40, 15, 38, 102, 71, 14.4249, 14.4249,2, 2, 17, 101, 398, 146
40, 15, 39, 102, 114, 0, 0,0, 0, 19, 132, 601, 179
40, 15, 40, 102, 58, 33.62, 62.3903,6, 3, 16, 84, 345, 128
40, 16, 1, 152, 41, 55.0061, 55.0061,6, 6, 16, 100, 335, 145
40, 16, 2, 152, 28, 8.67929, 8.67929,1, 1, 15, 102, 252, 146
40, 16, 3, 152, 39, 65.8841, 65.8841,7, 7, 16, 108, 342, 153
40, 16, 4, 152, 97, 67.0044, 67.0044,8, 8, 17, 127, 676, 173
40, 16, 5, 152, 29, 24.1251, 24.1251,2, 2, 16, 105, 258, 149
40, 16, 6, 152, 129, 130.413, 144.516,16, 14, 18, 148, 893, 196
40, 16, 7, 152, 141, 109.06, 109.06,11, 11, 19, 153, 994, 201
40, 16, 8, 152, 130, 71.4789, 71.4789,8, 8, 19, 144, 932, 191
40, 16, 9, 152, 33, 23.0271, 31.4254,4, 3, 16, 97, 278, 142
40, 16, 10, 152, 136, 77.0337, 77.0337,9, 9, 19, 132, 967, 181
40, 16, 11, 152, 113, 47.1599, 47.1599,5, 5, 18, 132, 784, 179
40, 16, 12, 152, 140, 75.0281, 83.4953,8, 7, 19, 157, 968, 206
40, 16, 13, 152, 131, 74.5409, 93.4404,10, 8, 18, 145, 929, 192
40, 16, 14, 152, 81, 139.506, 148.517,14, 13, 17, 128, 593, 173
40, 16, 15, 152, 102, 259.36, 307.973,31, 25, 18, 131, 736, 177
40, 16, 17, 152, 53, 16.7077, 16.7077,2, 2, 17, 109, 418, 155
40, 16, 18, 152, 120, 27.2522, 34.5749,4, 3, 19, 130, 886, 178
40, 16, 19, 152, 77, 25.7519, 33.9696,4, 3, 17, 115, 572, 162
40, 16, 20, 152, 89, 13.8071, 13.8071,2, 2, 18, 128, 633, 174
40, 16, 21, 152, 64, 0, 0,0, 0, 18, 132, 509, 179
40, 16, 22, 152, 124, 53.33, 60.111,7, 6, 19, 142, 1050, 191
40, 16, 23, 152, 123, 78.0741, 78.0741,8, 8, 19, 151, 858, 199
40, 16, 24, 152, 85, 39.8992, 57.942,6, 4, 18, 117, 637, 165
40, 16, 25, 152, 134, 89.0137, 89.0137,10, 10, 19, 149, 941, 197
40, 16, 26, 152, 146, 54.0826, 54.0826,6, 6, 20, 143, 1027, 192
40, 16, 27, 152, 106, 25.2625, 25.2625,3, 3, 18, 140, 744, 187
40, 16, 28, 152, 135, 119.326, 133.103,17, 15, 18, 141, 925, 189
40, 16, 29, 152, 30, 8.44168, 8.44168,1, 1, 16, 92, 254, 136
40, 16, 30, 152, 83, 40.6736, 53.4214,5, 4, 17, 118, 613, 164
40, 16, 31, 152, 75, 8.05222, 8.05222,1, 1, 17, 102, 569, 148
40, 16, 32, 152, 57, 0, 0,0, 0, 17, 123, 466, 168
40, 16, 33, 152, 152, 39.1759, 39.1759,5, 5, 19, 136, 1029, 184
40, 16, 34, 152, 53, 31.7136, 31.7136,3, 3, 16, 95, 409, 139
40, 16, 35, 152, 65, 42.2654, 42.2654,4, 4, 18, 111, 512, 159
40, 16, 36, 152, 160, 99.8146, 114.148,12, 10, 19, 152, 1129, 201
40, 16, 37, 152, 60, 39.8535, 39.8535,5, 5, 17, 102, 448, 148
40, 16, 38, 152, 71, 38.4931, 38.4931,5, 5, 17, 119, 533, 165
40, 16, 39, 152, 114, 0, 0,0, 0, 19, 149, 797, 198
40, 16, 40, 152, 58, 25.6028, 40.4479,5, 3, 17, 100, 440, 146
40, 17, 1, 53, 41, 0, 0,0, 0, 14, 60, 182, 102
40, 17, 2, 53, 28, 0, 0,0, 0, 14, 62, 124, 104
40, 17, 3, 53, 39, 0, 0,0, 0, 14, 69, 168, 111
40, 17, 4, 53, 97, 6.73173, 6.73173,1, 1, 15, 88, 349, 132
40, 17, 5, 53, 29, 0, 0,0, 0, 14, 61, 127, 103
40, 17, 6, 53, 129, 26.3264, 26.3264,3, 3, 16, 106, 459, 151
40, 17, 7, 53, 141, 21.9434, 21.9434,3, 3, 17, 113, 533, 159
40, 17, 8, 53, 130, 8.63031, 8.63031,1, 1, 17, 95, 460, 140
40, 17, 9, 53, 33, 0, 0,0, 0, 14, 58, 143, 100
40, 17, 10, 53, 136, 11.0342, 11.0342,1, 1, 17, 94, 500, 140
40, 17, 11, 53, 113, 22.3262, 22.3262,2, 2, 16, 91, 411, 136
40, 17, 12, 53, 140, 6.99514, 6.99514,1, 1, 17, 113, 510, 159
40, 17, 13, 53, 131, 11.7409, 11.7409,1, 1, 16, 105, 465, 149
40, 17, 14, 53, 81, 14.3954, 14.3954,2, 2, 15, 88, 305, 131
40, 17, 15, 53, 102, 23.434, 23.434,3, 3, 15, 90, 373, 134
40, 17, 16, 53, 152, 16.7077, 16.7077,2, 2, 16, 108, 544, 153
40, 17, 18, 53, 120, 32.3608, 32.3608,4, 4, 16, 90, 445, 135
40, 17, 19, 53, 77, 0, 0,0, 0, 15, 75, 289, 119
40, 17, 20, 53, 89, 0, 0,0, 0, 15, 83, 337, 127
40, 17, 21, 53, 64, 0, 0,0, 0, 16, 87, 247, 131
40, 17, 22, 53, 124, 19.2133, 19.2133,2, 2, 16, 96, 458, 141
40, 17, 23, 53, 123, 8.87229, 8.87229,1, 1, 16, 108, 439, 153
40, 17, 24, 53, 85, 39.3522, 39.3522,5, 5, 16, 78, 317, 123
40, 17, 25, 53, 134, 15.4037, 15.4037,2, 2, 17, 107, 486, 153
40, 17, 26, 53, 146, 0, 0,0, 0, 17, 107, 535, 154
40, 17, 27, 53, 106, 0, 0,0, 0, 16, 99, 378, 144
40, 17, 28, 53, 135, 7.5204, 7.5204,1, 1, 16, 103, 486, 148
40, 17, 29, 53, 30, 38.5066, 38.5066,4, 4, 14, 51, 134, 92
40, 17, 30, 53, 83, 16.2294, 16.2294,2, 2, 15, 78, 320, 122
40, 17, 31, 53, 75, 0, 0,0, 0, 15, 62, 277, 105
40, 17, 32, 53, 57, 0, 0,0, 0, 15, 82, 216, 125
40, 17, 33, 53, 152, 27.7289, 27.7289,3, 3, 17, 96, 543, 141
40, 17, 34, 53, 53, 41.0909, 41.0909,4, 4, 14, 54, 205, 96
40, 17, 35, 53, 65, 32.6116, 32.6116,4, 4, 16, 72, 258, 117
40, 17, 36, 53, 160, 8.34358, 8.34358,1, 1, 17, 115, 571, 162
40, 17, 37, 53, 60, 0, 0,0, 0, 15, 62, 229, 106
40, 17, 38, 53, 71, 0, 0,0, 0, 15, 78, 265, 122
40, 17, 39, 53, 114, 0, 0,0, 0, 17, 109, 410, 156
40, 17, 40, 53, 58, 12.6592, 12.6592,1, 1, 14, 60, 225, 103
40, 18, 1, 120, 41, 31.0914, 31.0914,4, 4, 16, 85, 251, 130
40, 18, 2, 120, 28, 7.30323, 7.30323,1, 1, 16, 84, 184, 128
40, 18, 3, 120, 39, 29.1712, 29.1712,4, 4, 16, 90, 241, 134
40, 18, 4, 120, 97, 25.3914, 25.3914,3, 3, 17, 107, 543, 152
40, 18, 5, 120, 29, 14.9094, 14.9094,2, 2, 16, 81, 191, 125
40, 18, 6, 120, 129, 35.8451, 35.8451,5, 5, 18, 129, 713, 177
40, 18, 7, 120, 141, 40.9634, 40.9634,5, 5, 19, 134, 778, 182
40, 18, 8, 120, 130, 31.8434, 31.8434,4, 4, 18, 115, 719, 163
40, 18, 9, 120, 33, 27.5891, 27.5891,3, 3, 16, 78, 216, 122
40, 18, 10, 120, 136, 26.1306, 26.1306,2, 2, 18, 112, 752, 159
40, 18, 11, 120, 113, 23.9116, 23.9116,3, 3, 18, 118, 688, 164
40, 18, 12, 120, 140, 26.8424, 26.8424,3, 3, 19, 134, 763, 181
40, 18, 13, 120, 131, 22.1038, 22.1038,3, 3, 18, 125, 723, 172
40, 18, 14, 120, 81, 25.5381, 25.5381,3, 3, 17, 109, 446, 154
40, 18, 15, 120, 102, 52.2694, 52.2694,7, 7, 17, 110, 572, 156
40, 18, 16, 120, 152, 34.5749, 34.5749,4, 4, 18, 131, 837, 178
40, 18, 17, 120, 53, 32.3613, 32.3613,4, 4, 16, 88, 311, 133
40, 18, 19, 120, 77, 0, 0,0, 0, 17, 97, 428, 142
40, 18, 20, 120, 89, 6.76784, 6.76784,1, 1, 17, 102, 502, 148
40, 18, 21, 120, 64, 0, 0,0, 0, 17, 109, 359, 155
40, 18, 22, 120, 124, 35.909, 35.909,4, 4, 18, 115, 693, 163
40, 18, 23, 120, 123, 32.3883, 32.3883,3, 3, 18, 126, 687, 173
40, 18, 24, 120, 85, 17.4991, 17.4991,2, 2, 18, 101, 463, 147
40, 18, 25, 120, 134, 53.6825, 53.6825,7, 7, 19, 132, 738, 180
40, 18, 26, 120, 146, 7.11794, 7.11794,1, 1, 19, 125, 824, 173
40, 18, 27, 120, 106, 17.9309, 24.7664,3, 2, 18, 119, 581, 166
40, 18, 28, 120, 135, 6.91283, 6.91283,1, 1, 18, 127, 753, 175
40, 18, 29, 120, 30, 7.75694, 7.75694,1, 1, 15, 74, 192, 117
40, 18, 30, 120, 83, 62.0912, 69.0092,8, 7, 17, 99, 485, 144
40, 18, 31, 120, 75, 7.97351, 7.97351,1, 1, 17, 82, 415, 128
40, 18, 32, 120, 57, 0, 0,0, 0, 17, 103, 331, 148
40, 18, 33, 120, 152, 51.3113, 51.3113,6, 6, 19, 117, 831, 165
40, 18, 34, 120, 53, 26.324, 26.324,3, 3, 16, 75, 311, 119
40, 18, 35, 120, 65, 34.9676, 34.9676,4, 4, 18, 93, 381, 141
40, 18, 36, 120, 160, 126.753, 134.69,17, 16, 19, 131, 873, 180
40, 18, 37, 120, 60, 0, 0,0, 0, 17, 85, 344, 131
40, 18, 38, 120, 71, 0, 0,0, 0, 17, 104, 411, 150
40, 18, 39, 120, 114, 0, 0,0, 0, 19, 129, 640, 178
40, 18, 40, 120, 58, 15.1388, 15.1388,2, 2, 17, 80, 328, 126
40, 19, 1, 77, 41, 29.1463, 29.1463,4, 4, 14, 65, 210, 108
40, 19, 2, 77, 28, 21.7608, 21.7608,3, 3, 14, 66, 156, 108
40, 19, 3, 77, 39, 7.18827, 7.18827,1, 1, 14, 76, 204, 118
40, 19, 4, 77, 97, 0, 0,0, 0, 16, 91, 445, 135
40, 19, 5, 77, 29, 0, 0,0, 0, 14, 66, 158, 109
40, 19, 6, 77, 129, 16.1035, 16.1035,2, 2, 17, 110, 599, 155
40, 19, 7, 77, 141, 29.2735, 29.2735,4, 4, 17, 117, 643, 164
40, 19, 8, 77, 130, 41.0142, 41.0142,5, 5, 17, 98, 586, 144
40, 19, 9, 77, 33, 0, 0,0, 0, 14, 64, 175, 107
40, 19, 10, 77, 136, 82.4426, 82.4426,9, 9, 17, 97, 632, 142
40, 19, 11, 77, 113, 49.6401, 49.6401,4, 4, 16, 98, 524, 143
40, 19, 12, 77, 140, 80.5022, 88.5619,10, 9, 17, 119, 641, 165
40, 19, 13, 77, 131, 14.3102, 14.3102,2, 2, 16, 109, 611, 154
40, 19, 14, 77, 81, 0, 0,0, 0, 15, 92, 381, 136
40, 19, 15, 77, 102, 10.8424, 10.8424,1, 1, 17, 96, 467, 142
40, 19, 16, 77, 152, 33.9698, 33.9698,4, 4, 17, 115, 695, 161
40, 19, 17, 77, 53, 0, 0,0, 0, 15, 73, 259, 117
40, 19, 18, 77, 120, 0, 0,0, 0, 17, 95, 557, 141
40, 19, 20, 77, 89, 39.5527, 39.5527,5, 5, 16, 90, 422, 135
40, 19, 21, 77, 64, 7.0017, 7.0017,1, 1, 16, 94, 309, 139
40, 19, 22, 77, 124, 0, 0,0, 0, 17, 101, 557, 147
40, 19, 23, 77, 123, 7.81756, 7.81756,1, 1, 17, 112, 604, 157
40, 19, 24, 77, 85, 0, 0,0, 0, 16, 83, 398, 129
40, 19, 25, 77, 134, 6.70223, 6.70223,1, 1, 17, 115, 609, 161
40, 19, 26, 77, 146, 50.9975, 50.9975,5, 5, 18, 109, 667, 156
40, 19, 27, 77, 106, 7.72772, 7.72772,1, 1, 16, 105, 492, 150
40, 19, 28, 77, 135, 32.517, 32.517,4, 4, 17, 108, 621, 154
40, 19, 29, 77, 30, 0, 0,0, 0, 14, 59, 163, 101
40, 19, 30, 77, 83, 0, 0,0, 0, 16, 84, 388, 128
40, 19, 31, 77, 75, 10.793, 10.793,1, 1, 16, 76, 358, 120
40, 19, 32, 77, 57, 0, 0,0, 0, 16, 87, 283, 131
40, 19, 33, 77, 152, 0, 0,0, 0, 17, 99, 697, 145
40, 19, 34, 77, 53, 0, 0,0, 0, 14, 61, 259, 104
40, 19, 35, 77, 65, 0, 0,0, 0, 17, 78, 324, 124
40, 19, 36, 77, 160, 7.56353, 7.56353,1, 1, 18, 119, 742, 166
40, 19, 37, 77, 60, 84.1565, 84.1565,9, 9, 16, 69, 296, 113
40, 19, 38, 77, 71, 24.2574, 24.2574,3, 3, 16, 82, 339, 126
40, 19, 39, 77, 114, 8.2581, 8.2581,1, 1, 18, 116, 518, 163
40, 19, 40, 77, 58, 59.1934, 59.1934,5, 5, 15, 65, 298, 109
40, 20, 1, 89, 41, 10.6975, 17.763,2, 1, 15, 74, 229, 117
40, 20, 2, 89, 28, 8.75654, 8.75654,1, 1, 14, 74, 169, 117
40, 20, 3, 89, 39, 71.7784, 71.7784,8, 8, 15, 83, 220, 126
40, 20, 4, 89, 97, 29.5317, 36.4075,4, 3, 16, 98, 496, 143
40, 20, 5, 89, 29, 25.3118, 25.3118,3, 3, 15, 76, 175, 119
40, 20, 6, 89, 129, 45.4026, 45.4026,5, 5, 17, 122, 632, 167
40, 20, 7, 89, 141, 22.061, 22.061,3, 3, 18, 126, 711, 173
40, 20, 8, 89, 130, 15.2823, 22.0778,3, 2, 17, 109, 639, 155
40, 20, 9, 89, 33, 0, 0,0, 0, 15, 74, 190, 116
40, 20, 10, 89, 136, 35.6171, 57.0304,7, 4, 17, 106, 670, 152
40, 20, 11, 89, 113, 17.4148, 17.4148,2, 2, 17, 107, 566, 152
40, 20, 12, 89, 140, 33.9451, 33.9451,4, 4, 17, 128, 688, 174
40, 20, 13, 89, 131, 79.9837, 87.1391,11, 10, 16, 117, 657, 162
40, 20, 14, 89, 81, 15.1358, 22.8651,3, 2, 16, 102, 412, 146
40, 20, 15, 89, 102, 9.73095, 9.73095,1, 1, 16, 105, 506, 150
40, 20, 16, 89, 152, 13.8071, 13.8071,2, 2, 17, 125, 745, 171
40, 20, 17, 89, 53, 0, 0,0, 0, 15, 83, 288, 126
40, 20, 18, 89, 120, 6.76782, 6.76782,1, 1, 17, 103, 585, 149
40, 20, 19, 89, 77, 39.5527, 39.5527,5, 5, 16, 91, 393, 135
40, 20, 21, 89, 64, 17.2206, 17.2206,2, 2, 16, 99, 334, 144
40, 20, 22, 89, 124, 30.3443, 30.3443,4, 4, 18, 111, 618, 157
40, 20, 23, 89, 123, 42.0853, 42.0853,4, 4, 17, 120, 633, 166
40, 20, 24, 89, 85, 0, 0,0, 0, 17, 93, 440, 139
40, 20, 25, 89, 134, 18.7155, 18.7155,2, 2, 18, 122, 656, 169
40, 20, 26, 89, 146, 8.1226, 8.1226,1, 1, 18, 117, 737, 164
40, 20, 27, 89, 106, 9.46178, 9.46178,1, 1, 17, 115, 525, 161
40, 20, 28, 89, 135, 91.4495, 91.4495,11, 11, 17, 120, 662, 166
40, 20, 29, 89, 30, 0, 0,0, 0, 14, 67, 184, 110
40, 20, 30, 89, 83, 14.2753, 14.2753,2, 2, 16, 92, 418, 137
40, 20, 31, 89, 75, 0, 0,0, 0, 16, 102, 381, 146
40, 20, 32, 89, 57, 0, 0,0, 0, 16, 96, 301, 140
40, 20, 33, 89, 152, 0, 0,0, 0, 17, 111, 742, 157
40, 20, 34, 89, 53, 0, 0,0, 0, 15, 70, 285, 112
40, 20, 35, 89, 65, 0, 0,0, 0, 17, 86, 351, 132
40, 20, 36, 89, 160, 33.9405, 33.9405,4, 4, 18, 126, 786, 173
40, 20, 37, 89, 60, 60.4545, 67.6,8, 7, 16, 80, 329, 124
40, 20, 38, 89, 71, 76.8513, 76.8513,8, 8, 16, 96, 367, 141
40, 20, 39, 89, 114, 11.0371, 11.0371,1, 1, 18, 125, 567, 172
40, 20, 40, 89, 58, 23.4414, 23.4414,2, 2, 15, 74, 306, 118
40, 21, 1, 64, 41, 0, 0,0, 0, 15, 86, 158, 129
40, 21, 2, 64, 28, 0, 0,0, 0, 15, 77, 119, 120
40, 21, 3, 64, 39, 28.8371, 28.8371,4, 4, 15, 86, 151, 130
40, 21, 4, 64, 97, 0, 0,0, 0, 16, 101, 334, 145
40, 21, 5, 64, 29, 7.00381, 13.9743,2, 1, 15, 78, 121, 122
40, 21, 6, 64, 129, 8.27227, 8.27227,1, 1, 17, 120, 430, 166
40, 21, 7, 64, 141, 0, 0,0, 0, 18, 129, 464, 175
40, 21, 8, 64, 130, 0, 0,0, 0, 18, 109, 422, 156
40, 21, 9, 64, 33, 16.7153, 24.609,3, 2, 15, 75, 134, 119
40, 21, 10, 64, 136, 0, 0,0, 0, 18, 110, 445, 156
40, 21, 11, 64, 113, 0, 0,0, 0, 17, 108, 369, 154
40, 21, 12, 64, 140, 21.189, 21.189,2, 2, 18, 131, 467, 178
40, 21, 13, 64, 131, 26.1849, 26.1849,3, 3, 17, 122, 425, 168
40, 21, 14, 64, 81, 0, 0,0, 0, 16, 104, 278, 149
40, 21, 15, 64, 102, 0, 0,0, 0, 17, 108, 347, 153
40, 21, 16, 64, 152, 0, 0,0, 0, 18, 125, 504, 172
40, 21, 17, 64, 53, 0, 0,0, 0, 15, 86, 193, 130
40, 21, 18, 64, 120, 0, 0,0, 0, 17, 106, 393, 153
40, 21, 19, 64, 77, 7.00173, 7.00173,1, 1, 16, 91, 265, 136
40, 21, 20, 64, 89, 17.2205, 17.2205,2, 2, 16, 110, 304, 155
40, 21, 22, 64, 124, 22.3903, 29.9388,4, 3, 17, 113, 420, 159
40, 21, 23, 64, 123, 8.15432, 8.15432,1, 1, 17, 123, 399, 169
40, 21, 24, 64, 85, 0, 0,0, 0, 17, 96, 291, 142
40, 21, 25, 64, 134, 6.70875, 6.70875,1, 1, 18, 125, 437, 172
40, 21, 26, 64, 146, 0, 0,0, 0, 18, 121, 492, 168
40, 21, 27, 64, 106, 18.4874, 27.6837,3, 2, 17, 116, 351, 162
40, 21, 28, 64, 135, 9.11114, 9.11114,1, 1, 17, 123, 440, 169
40, 21, 29, 64, 30, 0, 0,0, 0, 15, 72, 124, 115
40, 21, 30, 64, 83, 0, 0,0, 0, 16, 95, 285, 140
40, 21, 31, 64, 75, 0, 0,0, 0, 16, 79, 261, 124
40, 21, 32, 64, 57, 0, 0,0, 0, 16, 100, 204, 145
40, 21, 33, 64, 152, 0, 0,0, 0, 18, 113, 521, 159
40, 21, 34, 64, 53, 0, 0,0, 0, 15, 70, 193, 113
40, 21, 35, 64, 65, 0, 0,0, 0, 17, 90, 229, 136
40, 21, 36, 64, 160, 0, 0,0, 0, 19, 128, 549, 175
40, 21, 37, 64, 60, 0, 0,0, 0, 16, 82, 212, 127
40, 21, 38, 64, 71, 26.445, 26.445,3, 3, 16, 95, 259, 140
40, 21, 39, 64, 114, 30.1919, 37.561,5, 4, 18, 126, 379, 173
40, 21, 40, 64, 58, 0, 0,0, 0, 16, 88, 207, 132
40, 22, 1, 124, 41, 26.8277, 26.8277,3, 3, 16, 88, 259, 132
40, 22, 2, 124, 28, 0, 0,0, 0, 16, 88, 201, 132
40, 22, 3, 124, 39, 68.1274, 68.1274,8, 8, 16, 96, 249, 140
40, 22, 4, 124, 97, 94.67, 109.214,12, 10, 17, 113, 543, 159
40, 22, 5, 124, 29, 55.6134, 62.2898,7, 6, 16, 91, 231, 136
40, 22, 6, 124, 129, 141.462, 170.542,18, 14, 18, 135, 714, 182
40, 22, 7, 124, 141, 57.5419, 57.5419,6, 6, 19, 139, 775, 188
40, 22, 8, 124, 130, 18.8786, 18.8786,2, 2, 19, 122, 754, 170
40, 22, 9, 124, 33, 39.5631, 39.5631,4, 4, 16, 92, 213, 137
40, 22, 10, 124, 136, 24.6626, 32.2373,4, 3, 18, 121, 750, 168
40, 22, 11, 124, 113, 32.1785, 40.0597,4, 3, 18, 121, 628, 168
40, 22, 12, 124, 140, 41.4361, 41.4361,5, 5, 19, 141, 783, 189
40, 22, 13, 124, 131, 65.3221, 73.0405,8, 7, 18, 134, 719, 181
40, 22, 14, 124, 81, 67.6121, 83.7068,9, 7, 17, 117, 470, 163
40, 22, 15, 124, 102, 163.416, 190.124,17, 14, 18, 120, 574, 166
40, 22, 16, 124, 152, 53.33, 60.111,7, 6, 18, 135, 845, 182
40, 22, 17, 124, 53, 19.2133, 19.2133,2, 2, 17, 95, 312, 141
40, 22, 18, 124, 120, 35.909, 35.909,4, 4, 18, 118, 657, 165
40, 22, 19, 124, 77, 0, 0,0, 0, 17, 101, 449, 147
40, 22, 20, 124, 89, 15.4878, 30.3441,4, 2, 17, 111, 529, 157
40, 22, 21, 124, 64, 29.9388, 29.9388,4, 4, 17, 113, 372, 159
40, 22, 23, 124, 123, 120.375, 148.664,19, 15, 18, 137, 698, 184
40, 22, 24, 124, 85, 46.1911, 61.9769,7, 5, 18, 105, 495, 152
40, 22, 25, 124, 134, 89.9074, 89.9074,9, 9, 19, 136, 733, 184
40, 22, 26, 124, 146, 53.2806, 68.7395,8, 6, 19, 133, 805, 181
40, 22, 27, 124, 106, 96.5127, 103.836,11, 10, 18, 127, 643, 175
40, 22, 28, 124, 135, 147.565, 154.462,17, 16, 18, 133, 761, 181
40, 22, 29, 124, 30, 0, 0,0, 0, 15, 82, 201, 126
40, 22, 30, 124, 83, 32.0639, 32.0639,4, 4, 17, 107, 464, 153
40, 22, 31, 124, 75, 0, 0,0, 0, 17, 89, 435, 135
40, 22, 32, 124, 57, 0, 0,0, 0, 17, 112, 342, 157
40, 22, 33, 124, 152, 42.5467, 42.5467,5, 5, 19, 121, 841, 169
40, 22, 34, 124, 53, 32.2054, 39.7939,5, 4, 16, 81, 331, 126
40, 22, 35, 124, 65, 23.4087, 23.4087,3, 3, 18, 99, 379, 147
40, 22, 36, 124, 160, 74.6018, 82.3252,9, 8, 19, 139, 879, 188
40, 22, 37, 124, 60, 37.6735, 52.5437,7, 5, 18, 91, 365, 137
40, 22, 38, 124, 71, 61.8439, 61.8439,7, 7, 17, 106, 427, 152
40, 22, 39, 124, 114, 75.2139, 97.236,12, 9, 19, 144, 641, 193
40, 22, 40, 124, 58, 33.4542, 40.8035,4, 3, 17, 87, 354, 133
40, 23, 1, 123, 41, 6.97418, 6.97418,1, 1, 16, 100, 316, 144
40, 23, 2, 123, 28, 0, 0,0, 0, 15, 99, 226, 143
40, 23, 3, 123, 39, 66.9722, 74.1824,9, 8, 16, 108, 293, 153
40, 23, 4, 123, 97, 85.6599, 107.88,11, 8, 17, 123, 662, 168
40, 23, 5, 123, 29, 17.6601, 17.6601,2, 2, 16, 100, 228, 145
40, 23, 6, 123, 129, 83.6289, 83.6289,9, 9, 18, 144, 857, 191
40, 23, 7, 123, 141, 47.418, 54.8639,7, 6, 19, 152, 949, 200
40, 23, 8, 123, 130, 9.8663, 9.8663,1, 1, 18, 136, 853, 183
40, 23, 9, 123, 33, 28.3642, 28.3642,3, 3, 16, 96, 252, 140
40, 23, 10, 123, 136, 61.1315, 77.2147,9, 7, 18, 130, 911, 178
40, 23, 11, 123, 113, 23.8624, 31.1275,4, 3, 18, 130, 750, 177
40, 23, 12, 123, 140, 26.3165, 33.4446,4, 3, 19, 154, 950, 202
40, 23, 13, 123, 131, 89.6445, 96.9251,12, 11, 18, 144, 870, 191
40, 23, 14, 123, 81, 49.7475, 56.9656,7, 6, 17, 129, 576, 174
40, 23, 15, 123, 102, 119.955, 171.094,20, 13, 18, 129, 694, 175
40, 23, 16, 123, 152, 71.0445, 78.0736,8, 7, 18, 151, 1017, 198
40, 23, 17, 123, 53, 8.87233, 8.87233,1, 1, 16, 107, 394, 152
40, 23, 18, 123, 120, 32.3891, 32.3891,3, 3, 18, 126, 802, 174
40, 23, 19, 123, 77, 7.81756, 7.81756,1, 1, 17, 111, 532, 156
40, 23, 20, 123, 89, 42.0853, 42.0853,4, 4, 17, 121, 630, 166
40, 23, 21, 123, 64, 8.15422, 8.15422,1, 1, 17, 123, 452, 169
40, 23, 22, 123, 124, 125.437, 148.664,19, 16, 18, 139, 838, 186
40, 23, 24, 123, 85, 35.363, 42.884,5, 4, 18, 118, 579, 165
40, 23, 25, 123, 134, 75.391, 89.8556,10, 8, 19, 149, 901, 197
40, 23, 26, 123, 146, 33.4381, 33.4381,4, 4, 19, 142, 987, 191
40, 23, 27, 123, 106, 32.2951, 32.2951,3, 3, 18, 142, 715, 190
40, 23, 28, 123, 135, 96.7367, 113.053,12, 10, 18, 144, 916, 191
40, 23, 29, 123, 30, 9.7048, 9.7048,1, 1, 15, 89, 237, 133
40, 23, 30, 123, 83, 26.8883, 34.3086,4, 3, 17, 119, 569, 165
40, 23, 31, 123, 75, 0, 0,0, 0, 17, 99, 525, 145
40, 23, 32, 123, 57, 0, 0,0, 0, 17, 123, 424, 169
40, 23, 33, 123, 152, 42.7339, 42.7339,4, 4, 19, 134, 1037, 181
40, 23, 34, 123, 53, 37.6896, 44.6011,4, 3, 16, 98, 388, 142
40, 23, 35, 123, 65, 13.7382, 13.7382,2, 2, 18, 110, 454, 158
40, 23, 36, 123, 160, 148.134, 148.134,12, 12, 19, 150, 1071, 199
40, 23, 37, 123, 60, 32.1007, 32.1007,4, 4, 17, 101, 427, 147
40, 23, 38, 123, 71, 141.759, 148.982,14, 13, 17, 116, 512, 162
40, 23, 39, 123, 114, 26.4533, 26.4533,3, 3, 19, 150, 751, 199
40, 23, 40, 123, 58, 36.1195, 43.2858,5, 4, 16, 99, 418, 145
40, 24, 1, 85, 41, 0, 0,0, 0, 15, 76, 224, 120
40, 24, 2, 85, 28, 0, 0,0, 0, 15, 70, 167, 114
40, 24, 3, 85, 39, 0, 0,0, 0, 15, 79, 219, 123
40, 24, 4, 85, 97, 36.2317, 36.2317,4, 4, 17, 96, 496, 141
40, 24, 5, 85, 29, 0, 0,0, 0, 15, 73, 173, 117
40, 24, 6, 85, 129, 47.0479, 47.0479,6, 6, 17, 118, 631, 165
40, 24, 7, 85, 141, 24.712, 24.712,3, 3, 18, 121, 693, 168
40, 24, 8, 85, 130, 16.6635, 16.6635,2, 2, 18, 104, 629, 152
40, 24, 9, 85, 33, 34.926, 41.6907,4, 3, 15, 74, 190, 118
40, 24, 10, 85, 136, 24.1504, 24.1504,2, 2, 18, 101, 659, 148
40, 24, 11, 85, 113, 22.7482, 22.7482,2, 2, 18, 104, 565, 151
40, 24, 12, 85, 140, 0, 0,0, 0, 18, 125, 684, 173
40, 24, 13, 85, 131, 25.3493, 25.3493,2, 2, 17, 113, 637, 159
40, 24, 14, 85, 81, 42.0436, 42.0436,4, 4, 16, 97, 408, 142
40, 24, 15, 85, 102, 122.666, 122.666,12, 12, 17, 100, 503, 146
40, 24, 16, 85, 152, 57.9412, 57.9412,6, 6, 18, 120, 750, 167
40, 24, 17, 85, 53, 39.3522, 39.3522,5, 5, 16, 79, 283, 124
40, 24, 18, 85, 120, 17.4992, 17.4992,2, 2, 18, 98, 581, 145
40, 24, 19, 85, 77, 0, 0,0, 0, 16, 82, 394, 128
40, 24, 20, 85, 89, 0, 0,0, 0, 17, 94, 442, 140
40, 24, 21, 85, 64, 0, 0,0, 0, 17, 97, 330, 143
40, 24, 22, 85, 124, 54.9233, 61.976,7, 6, 18, 109, 614, 156
40, 24, 23, 85, 123, 35.1049, 42.8841,5, 4, 18, 117, 598, 165
40, 24, 25, 85, 134, 154.33, 177.23,19, 16, 18, 120, 677, 168
40, 24, 26, 85, 146, 14.523, 14.523,2, 2, 19, 115, 713, 163
40, 24, 27, 85, 106, 23.8114, 31.031,4, 3, 18, 110, 522, 157
40, 24, 28, 85, 135, 43.1211, 43.1211,4, 4, 18, 115, 667, 162
40, 24, 29, 85, 30, 16.8992, 16.8992,2, 2, 15, 65, 178, 109
40, 24, 30, 85, 83, 38.7546, 45.4331,5, 4, 17, 87, 417, 133
40, 24, 31, 85, 75, 0, 0,0, 0, 16, 72, 384, 117
40, 24, 32, 85, 57, 0, 0,0, 0, 17, 92, 300, 138
40, 24, 33, 85, 152, 33.0579, 40.048,5, 4, 18, 105, 745, 153
40, 24, 34, 85, 53, 34.4942, 41.1642,4, 3, 15, 64, 283, 108
40, 24, 35, 85, 65, 73.6719, 80.8251,9, 8, 18, 83, 340, 130
40, 24, 36, 85, 160, 30.4111, 46.161,5, 3, 19, 122, 782, 170
40, 24, 37, 85, 60, 0, 0,0, 0, 17, 74, 317, 120
40, 24, 38, 85, 71, 0, 0,0, 0, 17, 89, 379, 135
40, 24, 39, 85, 114, 15.4034, 15.4034,2, 2, 19, 121, 584, 169
40, 24, 40, 85, 58, 25.3002, 32.1027,3, 2, 16, 73, 305, 118
40, 25, 1, 134, 41, 0, 0,0, 0, 17, 99, 335, 145
40, 25, 2, 134, 28, 7.29581, 7.29581,1, 1, 16, 101, 229, 146
40, 25, 3, 134, 39, 30.4996, 30.4996,4, 4, 17, 110, 310, 156
40, 25, 4, 134, 97, 41.3431, 49.4569,5, 4, 18, 124, 703, 171
40, 25, 5, 134, 29, 8.2998, 8.2998,1, 1, 16, 105, 246, 150
40, 25, 6, 134, 129, 119.089, 135.216,15, 13, 19, 146, 888, 194
40, 25, 7, 134, 141, 16.3678, 16.3678,2, 2, 20, 153, 956, 202
40, 25, 8, 134, 130, 71.6357, 78.3765,10, 9, 19, 136, 890, 184
40, 25, 9, 134, 33, 28.0131, 28.0131,3, 3, 16, 99, 266, 144
40, 25, 10, 134, 136, 44.6703, 44.6703,5, 5, 19, 132, 961, 180
40, 25, 11, 134, 113, 23.1963, 30.4066,4, 3, 19, 132, 772, 180
40, 25, 12, 134, 140, 25.0715, 25.0715,3, 3, 19, 156, 987, 204
40, 25, 13, 134, 131, 39.1691, 46.0823,6, 5, 19, 143, 926, 191
40, 25, 14, 134, 81, 46.3175, 53.7425,5, 4, 18, 128, 586, 174
40, 25, 15, 134, 102, 174.839, 214.255,17, 14, 18, 133, 717, 180
40, 25, 16, 134, 152, 81.1369, 89.0137,10, 9, 19, 149, 1030, 197
40, 25, 17, 134, 53, 15.4038, 15.4038,2, 2, 17, 108, 399, 154
40, 25, 18, 134, 120, 53.6824, 53.6824,7, 7, 19, 129, 810, 178
40, 25, 19, 134, 77, 6.70218, 6.70218,1, 1, 17, 113, 534, 160
40, 25, 20, 134, 89, 18.7156, 18.7156,2, 2, 18, 124, 611, 170
40, 25, 21, 134, 64, 6.70877, 6.70877,1, 1, 18, 126, 455, 173
40, 25, 22, 134, 124, 80.421, 89.9073,9, 8, 19, 138, 857, 186
40, 25, 23, 134, 123, 75.4963, 89.8557,10, 8, 19, 148, 839, 196
40, 25, 24, 134, 85, 153.251, 177.23,19, 16, 18, 122, 607, 170
40, 25, 26, 134, 146, 64.1837, 64.1837,8, 8, 20, 162, 1018, 212
40, 25, 27, 134, 106, 41.7334, 41.7334,5, 5, 19, 138, 722, 187
40, 25, 28, 134, 135, 95.6866, 109.245,13, 11, 19, 144, 944, 192
40, 25, 29, 134, 30, 13.7293, 13.7293,2, 2, 16, 92, 251, 137
40, 25, 30, 134, 83, 32.5749, 39.6286,5, 4, 18, 117, 593, 164
40, 25, 31, 134, 75, 0, 0,0, 0, 17, 116, 545, 162
40, 25, 32, 134, 57, 0, 0,0, 0, 17, 122, 427, 168
40, 25, 33, 134, 152, 45.2007, 45.2007,6, 6, 19, 135, 1038, 183
40, 25, 34, 134, 53, 28.5838, 42.9559,5, 3, 16, 94, 394, 139
40, 25, 35, 134, 65, 14.7737, 14.7737,2, 2, 19, 118, 480, 167
40, 25, 36, 134, 160, 194.047, 223.292,22, 18, 20, 151, 1110, 200
40, 25, 37, 134, 60, 24.5638, 24.5638,3, 3, 18, 102, 432, 149
40, 25, 38, 134, 71, 7.08471, 7.08471,1, 1, 18, 118, 504, 165
40, 25, 39, 134, 114, 0, 0,0, 0, 20, 151, 782, 201
40, 25, 40, 134, 58, 30.2587, 30.2587,3, 3, 17, 99, 434, 145
40, 26, 1, 146, 41, 56.953, 56.953,7, 7, 17, 96, 347, 141
40, 26, 2, 146, 28, 38.4906, 46.7676,6, 5, 16, 97, 258, 142
40, 26, 3, 146, 39, 22.5137, 22.5137,2, 2, 17, 104, 342, 150
40, 26, 4, 146, 97, 35.1735, 35.1735,5, 5, 18, 120, 830, 168
40, 26, 5, 146, 29, 16.6707, 16.6707,2, 2, 17, 99, 264, 145
40, 26, 6, 146, 129, 39.2372, 39.2372,4, 4, 19, 142, 947, 190
40, 26, 7, 146, 141, 105.541, 121.304,13, 11, 20, 149, 1119, 199
40, 26, 8, 146, 130, 100.806, 124.517,13, 11, 19, 130, 974, 179
40, 26, 9, 146, 33, 0, 0,0, 0, 17, 95, 313, 140
40, 26, 10, 146, 136, 110.51, 130.447,13, 11, 19, 127, 1108, 176
40, 26, 11, 146, 113, 63.8351, 72.7009,8, 7, 19, 128, 871, 176
40, 26, 12, 146, 140, 48.5763, 48.5763,6, 6, 19, 150, 1044, 199
40, 26, 13, 146, 131, 43.5072, 51.0575,6, 5, 19, 139, 975, 187
40, 26, 14, 146, 81, 19.3525, 19.3525,2, 2, 18, 125, 632, 172
40, 26, 15, 146, 102, 52.295, 52.295,6, 6, 18, 129, 845, 176
40, 26, 16, 146, 152, 54.0826, 54.0826,6, 6, 19, 143, 1280, 192
40, 26, 17, 146, 53, 0, 0,0, 0, 17, 104, 428, 151
40, 26, 18, 146, 120, 7.11794, 7.11794,1, 1, 19, 126, 897, 175
40, 26, 19, 146, 77, 42.6058, 50.9972,5, 4, 18, 108, 591, 155
40, 26, 20, 146, 89, 8.12248, 8.12248,1, 1, 18, 118, 758, 165
40, 26, 21, 146, 64, 0, 0,0, 0, 18, 121, 568, 168
40, 26, 22, 146, 124, 60.0122, 68.7394,8, 7, 19, 132, 907, 181
40, 26, 23, 146, 123, 33.4381, 33.4381,4, 4, 19, 143, 905, 192
40, 26, 24, 146, 85, 7.56801, 14.523,2, 1, 19, 120, 653, 168
40, 26, 25, 146, 134, 56.6792, 64.1837,8, 7, 20, 147, 987, 196
40, 26, 27, 146, 106, 17.7838, 17.7838,2, 2, 19, 137, 909, 186
40, 26, 28, 146, 135, 152.868, 167.289,17, 15, 19, 147, 991, 196
40, 26, 29, 146, 30, 0, 0,0, 0, 16, 92, 271, 137
40, 26, 30, 146, 83, 8.28542, 8.28542,1, 1, 18, 117, 657, 164
40, 26, 31, 146, 75, 17.0214, 24.1346,3, 2, 18, 96, 586, 143
40, 26, 32, 146, 57, 0, 0,0, 0, 18, 117, 451, 163
40, 26, 33, 146, 152, 22.2829, 22.2829,3, 3, 20, 133, 1281, 182
40, 26, 34, 146, 53, 0, 0,0, 0, 17, 89, 426, 134
40, 26, 35, 146, 65, 9.7619, 9.7619,1, 1, 19, 111, 508, 160
40, 26, 36, 146, 160, 34.7384, 34.7384,4, 4, 20, 149, 1344, 199
40, 26, 37, 146, 60, 49.6235, 57.0481,6, 5, 18, 99, 477, 146
40, 26, 38, 146, 71, 39.5525, 39.5525,4, 4, 18, 113, 555, 160
40, 26, 39, 146, 114, 8.22026, 8.22026,1, 1, 20, 150, 841, 200
40, 26, 40, 146, 58, 25.5255, 25.5255,3, 3, 18, 99, 462, 146
40, 27, 1, 106, 41, 0, 0,0, 0, 16, 92, 246, 137
40, 27, 2, 106, 28, 18.0987, 18.0987,2, 2, 15, 92, 188, 136
40, 27, 3, 106, 39, 24.9098, 24.9098,3, 3, 16, 99, 240, 144
40, 27, 4, 106, 97, 56.352, 69.7187,8, 6, 17, 115, 534, 161
40, 27, 5, 106, 29, 28.1094, 28.1094,3, 3, 16, 93, 188, 137
40, 27, 6, 106, 129, 32.6788, 32.6788,3, 3, 18, 139, 708, 186
40, 27, 7, 106, 141, 22.3132, 22.3132,3, 3, 18, 142, 763, 190
40, 27, 8, 106, 130, 8.01997, 8.01997,1, 1, 18, 130, 705, 178
40, 27, 9, 106, 33, 72.5662, 79.4033,8, 7, 16, 89, 214, 133
40, 27, 10, 106, 136, 0, 0,0, 0, 18, 123, 735, 170
40, 27, 11, 106, 113, 7.22474, 7.22474,1, 1, 18, 124, 615, 171
40, 27, 12, 106, 140, 9.63957, 9.63957,1, 1, 18, 146, 913, 194
40, 27, 13, 106, 131, 32.2309, 39.36,5, 4, 17, 137, 706, 184
40, 27, 14, 106, 81, 46.9664, 54.2979,6, 5, 17, 119, 460, 164
40, 27, 15, 106, 102, 79.8307, 101.561,12, 9, 17, 122, 565, 168
40, 27, 16, 106, 152, 25.2625, 25.2625,3, 3, 19, 146, 901, 195
40, 27, 17, 106, 53, 0, 0,0, 0, 18, 105, 316, 153
40, 27, 18, 106, 120, 24.7663, 24.7663,3, 3, 19, 122, 643, 170
40, 27, 19, 106, 77, 7.72772, 7.72772,1, 1, 17, 105, 455, 150
40, 27, 20, 106, 89, 9.46183, 9.46183,1, 1, 17, 115, 508, 161
40, 27, 21, 106, 64, 27.6836, 27.6836,3, 3, 17, 118, 368, 164
40, 27, 22, 106, 124, 81.2936, 103.836,11, 8, 18, 128, 665, 175
40, 27, 23, 106, 123, 32.2948, 32.2948,3, 3, 18, 138, 666, 185
40, 27, 24, 106, 85, 23.6715, 31.0309,4, 3, 18, 109, 469, 156
40, 27, 25, 106, 134, 35.001, 41.7334,5, 4, 18, 140, 726, 188
40, 27, 26, 106, 146, 17.7839, 17.7839,2, 2, 19, 139, 790, 187
40, 27, 28, 106, 135, 98.1891, 112.027,12, 10, 18, 132, 731, 180
40, 27, 29, 106, 30, 11.9721, 11.9721,1, 1, 15, 87, 195, 131
40, 27, 30, 106, 83, 22.8453, 22.8453,3, 3, 17, 112, 467, 158
40, 27, 31, 106, 75, 0, 0,0, 0, 17, 92, 429, 138
40, 27, 32, 106, 57, 0, 0,0, 0, 17, 114, 334, 159
40, 27, 33, 106, 152, 28.8446, 28.8446,2, 2, 18, 126, 838, 173
40, 27, 34, 106, 53, 27.9018, 27.9018,3, 3, 15, 85, 310, 130
40, 27, 35, 106, 65, 28.1378, 34.8118,3, 2, 18, 105, 373, 153
40, 27, 36, 106, 160, 68.7355, 68.7355,6, 6, 19, 142, 860, 191
40, 27, 37, 106, 60, 6.79131, 6.79131,1, 1, 17, 94, 343, 140
40, 27, 38, 106, 71, 22.1816, 22.1816,3, 3, 17, 109, 403, 155
40, 27, 39, 106, 114, 55.409, 55.409,7, 7, 19, 141, 640, 189
40, 27, 40, 106, 58, 9.37091, 9.37091,1, 1, 16, 93, 346, 138
40, 28, 1, 135, 41, 19.3591, 28.2471,3, 2, 16, 95, 345, 139
40, 28, 2, 135, 28, 13.6496, 13.6496,2, 2, 15, 101, 261, 145
40, 28, 3, 135, 39, 94.2012, 101.013,12, 11, 16, 104, 335, 150
40, 28, 4, 135, 97, 77.2908, 95.1126,10, 8, 17, 118, 746, 164
40, 28, 5, 135, 29, 30.9768, 37.8614,5, 4, 16, 99, 279, 143
40, 28, 6, 135, 129, 137.548, 160.201,16, 14, 18, 143, 984, 190
40, 28, 7, 135, 141, 100.524, 120.674,13, 11, 19, 145, 1071, 193
40, 28, 8, 135, 130, 35.734, 49.2186,5, 4, 18, 129, 982, 176
40, 28, 9, 135, 33, 18.2809, 35.2916,4, 2, 16, 93, 301, 137
40, 28, 10, 135, 136, 58.1776, 73.8273,7, 6, 18, 132, 1032, 180
40, 28, 11, 135, 113, 23.7676, 31.653,4, 3, 18, 128, 860, 175
40, 28, 12, 135, 140, 59.4112, 68.1512,8, 7, 19, 152, 1053, 200
40, 28, 13, 135, 131, 128.319, 146.384,14, 12, 18, 138, 1002, 185
40, 28, 14, 135, 81, 66.2623, 84.3305,9, 7, 17, 124, 646, 169
40, 28, 15, 135, 102, 136.602, 192.722,20, 14, 17, 127, 789, 173
40, 28, 16, 135, 152, 109.754, 133.103,17, 14, 18, 145, 1185, 193
40, 28, 17, 135, 53, 7.5204, 7.5204,1, 1, 16, 103, 444, 148
40, 28, 18, 135, 120, 6.91283, 6.91283,1, 1, 18, 127, 916, 175
40, 28, 19, 135, 77, 23.951, 32.517,4, 3, 17, 107, 594, 153
40, 28, 20, 135, 89, 76.5797, 91.4495,11, 9, 17, 121, 688, 167
40, 28, 21, 135, 64, 9.11127, 9.11127,1, 1, 17, 122, 519, 168
40, 28, 22, 135, 124, 120.111, 154.463,17, 13, 18, 133, 934, 181
40, 28, 23, 135, 123, 99.3886, 113.053,12, 11, 18, 143, 925, 191
40, 28, 24, 135, 85, 30.5528, 43.1211,4, 3, 18, 111, 657, 158
40, 28, 25, 135, 134, 82.1985, 109.246,13, 10, 19, 147, 1016, 195
40, 28, 26, 135, 146, 151.718, 167.289,17, 16, 19, 146, 1128, 195
40, 28, 27, 135, 106, 94.8336, 112.027,12, 10, 18, 143, 815, 191
40, 28, 29, 135, 30, 8.81082, 8.81082,1, 1, 15, 87, 269, 131
40, 28, 30, 135, 83, 39.1525, 45.8576,6, 5, 17, 120, 638, 167
40, 28, 31, 135, 75, 0, 0,0, 0, 17, 108, 583, 154
40, 28, 32, 135, 57, 0, 0,0, 0, 17, 123, 461, 169
40, 28, 33, 135, 152, 10.6738, 10.6738,1, 1, 19, 130, 1157, 178
40, 28, 34, 135, 53, 22.2437, 22.2437,2, 2, 16, 126, 441, 170
40, 28, 35, 135, 65, 27.5785, 43.8244,5, 3, 18, 110, 523, 158
40, 28, 36, 135, 160, 140.25, 169.128,18, 15, 20, 146, 1214, 195
40, 28, 37, 135, 60, 36.529, 45.5304,5, 4, 17, 105, 492, 151
40, 28, 38, 135, 71, 48.4832, 56.8917,7, 6, 17, 117, 562, 164
40, 28, 39, 135, 114, 0, 0,0, 0, 20, 143, 858, 193
40, 28, 40, 135, 58, 25.4575, 52.0957,6, 3, 17, 112, 467, 158
40, 29, 1, 30, 41, 0, 0,0, 0, 13, 54, 132, 95
40, 29, 2, 30, 28, 0, 0,0, 0, 13, 45, 92, 87
40, 29, 3, 30, 39, 0, 0,0, 0, 13, 61, 119, 103
40, 29, 4, 30, 97, 12.6205, 12.6205,1, 1, 14, 79, 239, 122
40, 29, 5, 30, 29, 0, 0,0, 0, 13, 46, 91, 88
40, 29, 6, 30, 129, 0, 0,0, 0, 16, 92, 355, 136
40, 29, 7, 30, 141, 8.18183, 8.18183,1, 1, 16, 97, 345, 141
40, 29, 8, 30, 130, 8.34876, 8.34876,1, 1, 16, 77, 321, 122
40, 29, 9, 30, 33, 27.8454, 27.8454,3, 3, 13, 43, 101, 84
40, 29, 10, 30, 136, 0, 0,0, 0, 15, 78, 342, 122
40, 29, 11, 30, 113, 0, 0,0, 0, 15, 82, 272, 126
40, 29, 12, 30, 140, 0, 0,0, 0, 16, 98, 342, 142
40, 29, 13, 30, 131, 7.21245, 14.3519,2, 1, 15, 87, 321, 131
40, 29, 14, 30, 81, 16.0522, 16.0522,2, 2, 14, 73, 205, 115
40, 29, 15, 30, 102, 29.5388, 29.5388,4, 4, 14, 81, 251, 123
40, 29, 16, 30, 152, 8.44168, 8.44168,1, 1, 16, 94, 373, 138
40, 29, 17, 30, 53, 30.9684, 38.5061,4, 3, 13, 51, 146, 93
40, 29, 18, 30, 120, 7.75691, 7.75691,1, 1, 15, 72, 290, 116
40, 29, 19, 30, 77, 0, 0,0, 0, 14, 61, 196, 104
40, 29, 20, 30, 89, 0, 0,0, 0, 14, 65, 228, 108
40, 29, 21, 30, 64, 0, 0,0, 0, 14, 68, 168, 111
40, 29, 22, 30, 124, 0, 0,0, 0, 15, 81, 303, 125
40, 29, 23, 30, 123, 9.70474, 9.70474,1, 1, 15, 92, 297, 135
40, 29, 24, 30, 85, 16.8992, 16.8992,2, 2, 15, 63, 215, 106
40, 29, 25, 30, 134, 13.7293, 13.7293,2, 2, 16, 95, 327, 139
40, 29, 26, 30, 146, 0, 0,0, 0, 17, 87, 374, 132
40, 29, 27, 30, 106, 11.9721, 11.9721,1, 1, 16, 84, 261, 128
40, 29, 28, 30, 135, 8.81074, 8.81074,1, 1, 15, 89, 339, 132
40, 29, 30, 30, 83, 55.247, 55.247,7, 7, 15, 64, 212, 107
40, 29, 31, 30, 75, 0, 0,0, 0, 14, 51, 190, 93
40, 29, 32, 30, 57, 0, 0,0, 0, 14, 66, 153, 108
40, 29, 33, 30, 152, 33.3446, 33.3446,3, 3, 16, 84, 402, 128
40, 29, 34, 30, 53, 43.1577, 62.3046,7, 5, 13, 39, 149, 79
40, 29, 35, 30, 65, 6.99626, 6.99626,1, 1, 15, 57, 173, 101
40, 29, 36, 30, 160, 25.4898, 32.8237,4, 3, 17, 99, 417, 144
40, 29, 37, 30, 60, 0, 0,0, 0, 14, 48, 162, 90
40, 29, 38, 30, 71, 0, 0,0, 0, 14, 64, 183, 106
40, 29, 39, 30, 114, 0, 0,0, 0, 17, 97, 277, 143
40, 29, 40, 30, 58, 0, 0,0, 0, 14, 47, 160, 89
40, 30, 1, 83, 41, 6.98322, 6.98322,1, 1, 15, 71, 219, 115
40, 30, 2, 83, 28, 0, 0,0, 0, 14, 70, 165, 113
40, 30, 3, 83, 39, 15.7797, 15.7797,2, 2, 15, 80, 210, 124
40, 30, 4, 83, 97, 52.3093, 60.7809,8, 7, 16, 94, 476, 139
40, 30, 5, 83, 29, 14.5403, 14.5403,2, 2, 15, 72, 170, 115
40, 30, 6, 83, 129, 23.2765, 30.8416,4, 3, 17, 115, 616, 160
40, 30, 7, 83, 141, 35.9772, 35.9772,4, 4, 18, 122, 671, 168
40, 30, 8, 83, 130, 21.061, 21.061,3, 3, 17, 104, 640, 151
40, 30, 9, 83, 33, 25.423, 25.423,3, 3, 15, 69, 187, 112
40, 30, 10, 83, 136, 28.1003, 28.1003,3, 3, 17, 102, 651, 148
40, 30, 11, 83, 113, 0, 0,0, 0, 17, 105, 536, 150
40, 30, 12, 83, 140, 7.78221, 7.78221,1, 1, 18, 124, 685, 170
40, 30, 13, 83, 131, 16.0593, 16.0593,2, 2, 17, 113, 618, 159
40, 30, 14, 83, 81, 26.6295, 26.6295,3, 3, 16, 100, 406, 145
40, 30, 15, 83, 102, 56.9962, 71.5176,8, 6, 17, 102, 498, 148
40, 30, 16, 83, 152, 46.5919, 53.4217,5, 4, 17, 118, 726, 164
40, 30, 17, 83, 53, 16.2295, 16.2295,2, 2, 15, 90, 288, 134
40, 30, 18, 83, 120, 59.7836, 69.0096,8, 7, 17, 99, 573, 145
40, 30, 19, 83, 77, 0, 0,0, 0, 16, 84, 377, 128
40, 30, 20, 83, 89, 14.2753, 14.2753,2, 2, 16, 94, 434, 138
40, 30, 21, 83, 64, 0, 0,0, 0, 17, 98, 319, 143
40, 30, 22, 83, 124, 24.6763, 32.0639,4, 3, 17, 107, 583, 153
40, 30, 23, 83, 123, 24.907, 34.3086,4, 3, 17, 117, 594, 164
40, 30, 24, 83, 85, 38.7546, 45.4331,5, 4, 17, 92, 414, 138
40, 30, 25, 83, 134, 31.425, 39.6289,5, 4, 18, 121, 634, 169
40, 30, 26, 83, 146, 8.28546, 8.28546,1, 1, 18, 113, 689, 161
40, 30, 27, 83, 106, 9.00009, 22.8452,3, 1, 17, 110, 506, 157
40, 30, 28, 83, 135, 39.039, 45.8576,6, 5, 17, 115, 637, 161
40, 30, 29, 83, 30, 41.4136, 55.2471,7, 5, 14, 61, 181, 104
40, 30, 31, 83, 75, 80.7351, 80.7351,9, 9, 16, 73, 371, 117
40, 30, 32, 83, 57, 0, 0,0, 0, 16, 93, 290, 137
40, 30, 33, 83, 152, 211.293, 232.564,22, 19, 18, 106, 728, 153
40, 30, 34, 83, 53, 31.2673, 49.9057,5, 3, 15, 66, 274, 109
40, 30, 35, 83, 65, 7.30921, 7.30921,1, 1, 17, 84, 329, 130
40, 30, 36, 83, 160, 53.3263, 70.0476,8, 6, 18, 125, 818, 172
40, 30, 37, 83, 60, 10.4583, 10.4583,1, 1, 16, 74, 308, 118
40, 30, 38, 83, 71, 15.1252, 15.1252,2, 2, 17, 90, 364, 136
40, 30, 39, 83, 114, 0, 0,0, 0, 19, 122, 572, 170
40, 30, 40, 83, 58, 15.0538, 22.0844,3, 2, 16, 72, 316, 116
40, 31, 1, 75, 41, 6.93765, 6.93765,1, 1, 15, 53, 206, 96
40, 31, 2, 75, 28, 7.78153, 7.78153,1, 1, 14, 55, 155, 99
40, 31, 3, 75, 39, 7.67162, 7.67162,1, 1, 15, 61, 202, 104
40, 31, 4, 75, 97, 0, 0,0, 0, 16, 79, 440, 123
40, 31, 5, 75, 29, 0, 0,0, 0, 15, 55, 160, 98
40, 31, 6, 75, 129, 0, 0,0, 0, 17, 97, 562, 143
40, 31, 7, 75, 141, 8.26832, 8.26832,1, 1, 18, 105, 644, 151
40, 31, 8, 75, 130, 7.51285, 7.51285,1, 1, 17, 86, 581, 132
40, 31, 9, 75, 33, 0, 0,0, 0, 15, 52, 171, 94
40, 31, 10, 75, 136, 13.6203, 13.6203,2, 2, 17, 85, 631, 131
40, 31, 11, 75, 113, 0, 0,0, 0, 17, 85, 508, 130
40, 31, 12, 75, 140, 0, 0,0, 0, 18, 111, 616, 157
40, 31, 13, 75, 131, 0, 0,0, 0, 17, 98, 574, 143
40, 31, 14, 75, 81, 0, 0,0, 0, 16, 88, 370, 132
40, 31, 15, 75, 102, 0, 0,0, 0, 17, 101, 456, 147
40, 31, 16, 75, 152, 8.05222, 8.05222,1, 1, 17, 103, 670, 149
40, 31, 17, 75, 53, 0, 0,0, 0, 15, 61, 257, 104
40, 31, 18, 75, 120, 7.97345, 7.97345,1, 1, 17, 82, 524, 128
40, 31, 19, 75, 77, 10.793, 10.793,1, 1, 16, 67, 375, 112
40, 31, 20, 75, 89, 0, 0,0, 0, 16, 76, 405, 121
40, 31, 21, 75, 64, 0, 0,0, 0, 16, 83, 324, 128
40, 31, 22, 75, 124, 0, 0,0, 0, 17, 98, 549, 144
40, 31, 23, 75, 123, 0, 0,0, 0, 17, 102, 551, 148
40, 31, 24, 75, 85, 0, 0,0, 0, 17, 71, 402, 117
40, 31, 25, 75, 134, 0, 0,0, 0, 18, 103, 593, 150
40, 31, 26, 75, 146, 24.1347, 24.1347,3, 3, 18, 96, 670, 143
40, 31, 27, 75, 106, 0, 0,0, 0, 17, 93, 468, 139
40, 31, 28, 75, 135, 0, 0,0, 0, 17, 98, 592, 143
40, 31, 29, 75, 30, 0, 0,0, 0, 14, 44, 164, 86
40, 31, 30, 75, 83, 72.2225, 80.7349,9, 8, 16, 74, 402, 118
40, 31, 32, 75, 57, 7.73059, 7.73059,1, 1, 16, 75, 283, 119
40, 31, 33, 75, 152, 67.0362, 67.0362,7, 7, 17, 89, 676, 135
40, 31, 34, 75, 53, 0, 0,0, 0, 14, 47, 254, 89
40, 31, 35, 75, 65, 0, 0,0, 0, 17, 65, 305, 111
40, 31, 36, 75, 160, 0, 0,0, 0, 18, 107, 724, 154
40, 31, 37, 75, 60, 8.57606, 8.57606,1, 1, 16, 56, 283, 101
40, 31, 38, 75, 71, 0, 0,0, 0, 16, 72, 458, 116
40, 31, 39, 75, 114, 0, 0,0, 0, 18, 102, 502, 149
40, 31, 40, 75, 58, 0, 0,0, 0, 15, 56, 276, 100
40, 32, 1, 57, 41, 0, 0,0, 0, 15, 74, 179, 117
40, 32, 2, 57, 28, 0, 0,0, 0, 14, 76, 129, 118
40, 32, 3, 57, 39, 0, 0,0, 0, 15, 84, 164, 127
40, 32, 4, 57, 97, 0, 0,0, 0, 16, 100, 353, 144
40, 32, 5, 57, 29, 0, 0,0, 0, 15, 77, 132, 119
40, 32, 6, 57, 129, 0, 0,0, 0, 17, 118, 461, 163
40, 32, 7, 57, 141, 0, 0,0, 0, 18, 131, 507, 177
40, 32, 8, 57, 130, 0, 0,0, 0, 17, 111, 482, 157
40, 32, 9, 57, 33, 0, 0,0, 0, 15, 74, 144, 116
40, 32, 10, 57, 136, 0, 0,0, 0, 17, 107, 486, 152
40, 32, 11, 57, 113, 0, 0,0, 0, 17, 107, 406, 152
40, 32, 12, 57, 140, 0, 0,0, 0, 17, 132, 507, 178
40, 32, 13, 57, 131, 0, 0,0, 0, 16, 119, 465, 164
40, 32, 14, 57, 81, 0, 0,0, 0, 16, 102, 301, 146
40, 32, 15, 57, 102, 0, 0,0, 0, 16, 106, 373, 150
40, 32, 16, 57, 152, 0, 0,0, 0, 17, 124, 549, 170
40, 32, 17, 57, 53, 0, 0,0, 0, 15, 83, 210, 126
40, 32, 18, 57, 120, 0, 0,0, 0, 17, 102, 429, 147
40, 32, 19, 57, 77, 0, 0,0, 0, 16, 89, 288, 133
40, 32, 20, 57, 89, 0, 0,0, 0, 16, 96, 327, 140
40, 32, 21, 57, 64, 0, 0,0, 0, 16, 101, 247, 145
40, 32, 22, 57, 124, 0, 0,0, 0, 17, 112, 443, 158
40, 32, 23, 57, 123, 0, 0,0, 0, 17, 124, 439, 169
40, 32, 24, 57, 85, 0, 0,0, 0, 16, 92, 317, 137
40, 32, 25, 57, 134, 0, 0,0, 0, 17, 122, 478, 168
40, 32, 26, 57, 146, 0, 0,0, 0, 18, 117, 525, 164
40, 32, 27, 57, 106, 0, 0,0, 0, 17, 115, 384, 160
40, 32, 28, 57, 135, 0, 0,0, 0, 17, 119, 482, 164
40, 32, 29, 57, 30, 0, 0,0, 0, 14, 69, 134, 110
40, 32, 30, 57, 83, 0, 0,0, 0, 16, 95, 308, 139
40, 32, 31, 57, 75, 7.73065, 7.73065,1, 1, 16, 77, 283, 121
40, 32, 33, 57, 152, 0, 0,0, 0, 17, 110, 550, 156
40, 32, 34, 57, 53, 0, 0,0, 0, 14, 69, 211, 112
40, 32, 35, 57, 65, 0, 0,0, 0, 17, 88, 259, 134
40, 32, 36, 57, 160, 0, 0,0, 0, 18, 129, 606, 176
40, 32, 37, 57, 60, 0, 0,0, 0, 16, 77, 240, 121
40, 32, 38, 57, 71, 0, 0,0, 0, 16, 92, 280, 136
40, 32, 39, 57, 114, 0, 0,0, 0, 18, 124, 412, 171
40, 32, 40, 57, 58, 0, 0,0, 0, 15, 74, 227, 118
40, 33, 1, 152, 41, 9.35584, 9.35584,1, 1, 16, 86, 327, 131
40, 33, 2, 152, 28, 0, 0,0, 0, 16, 90, 252, 135
40, 33, 3, 152, 39, 8.2931, 8.2931,1, 1, 16, 96, 318, 141
40, 33, 4, 152, 97, 28.3094, 28.3094,3, 3, 17, 111, 683, 157
40, 33, 5, 152, 29, 7.1384, 7.1384,1, 1, 16, 92, 250, 137
40, 33, 6, 152, 129, 21.1151, 21.1151,3, 3, 18, 130, 903, 178
40, 33, 7, 152, 141, 31.238, 31.238,4, 4, 19, 138, 967, 186
40, 33, 8, 152, 130, 33.2829, 33.2829,4, 4, 19, 120, 923, 168
40, 33, 9, 152, 33, 24.0974, 31.085,3, 2, 16, 86, 276, 131
40, 33, 10, 152, 136, 42.2024, 50.4018,6, 5, 19, 118, 978, 166
40, 33, 11, 152, 113, 32.6289, 47.0078,6, 4, 18, 119, 815, 166
40, 33, 12, 152, 140, 7.29725, 7.29725,1, 1, 19, 142, 984, 190
40, 33, 13, 152, 131, 22.4634, 22.4634,3, 3, 18, 133, 912, 180
40, 33, 14, 152, 81, 25.8525, 33.1076,4, 3, 18, 117, 606, 163
40, 33, 15, 152, 102, 58.4733, 72.229,9, 7, 18, 119, 707, 166
40, 33, 16, 152, 152, 39.176, 39.176,5, 5, 19, 133, 1022, 181
40, 33, 17, 152, 53, 19.4353, 27.7287,3, 2, 17, 94, 415, 140
40, 33, 18, 152, 120, 43.4848, 51.3112,6, 5, 19, 115, 833, 163
40, 33, 19, 152, 77, 0, 0,0, 0, 17, 99, 571, 145
40, 33, 20, 152, 89, 0, 0,0, 0, 17, 113, 622, 159
40, 33, 21, 152, 64, 0, 0,0, 0, 18, 113, 468, 159
40, 33, 22, 152, 124, 27.8988, 42.5468,5, 3, 19, 128, 866, 176
40, 33, 23, 152, 123, 33.9569, 42.7336,4, 3, 19, 137, 877, 185
40, 33, 24, 152, 85, 25.5023, 40.0478,5, 3, 18, 103, 611, 150
40, 33, 25, 152, 134, 37.2761, 45.2008,6, 5, 19, 138, 952, 186
40, 33, 26, 152, 146, 22.2829, 22.2829,3, 3, 20, 132, 1031, 182
40, 33, 27, 152, 106, 28.845, 28.845,2, 2, 18, 125, 740, 173
40, 33, 28, 152, 135, 10.6738, 10.6738,1, 1, 18, 129, 952, 176
40, 33, 29, 152, 30, 33.3448, 33.3448,3, 3, 16, 79, 257, 123
40, 33, 30, 152, 83, 211.33, 232.57,22, 19, 17, 104, 657, 150
40, 33, 31, 152, 75, 67.0361, 67.0361,7, 7, 17, 88, 564, 134
40, 33, 32, 152, 57, 0, 0,0, 0, 17, 108, 448, 154
40, 33, 34, 152, 53, 70.7859, 100.855,12, 8, 16, 81, 439, 125
40, 33, 35, 152, 65, 8.26109, 15.5447,2, 1, 18, 101, 501, 149
40, 33, 36, 152, 160, 65.869, 72.9389,8, 7, 20, 141, 1092, 191
40, 33, 37, 152, 60, 0, 0,0, 0, 17, 89, 447, 135
40, 33, 38, 152, 71, 6.72958, 6.72958,1, 1, 18, 109, 525, 155
40, 33, 39, 152, 114, 0, 0,0, 0, 20, 138, 799, 187
40, 33, 40, 152, 58, 17.2796, 32.4784,4, 2, 17, 91, 435, 136
40, 34, 1, 53, 41, 0, 0,0, 0, 14, 45, 170, 87
40, 34, 2, 53, 28, 0, 0,0, 0, 13, 49, 123, 90
40, 34, 3, 53, 39, 0, 0,0, 0, 13, 53, 168, 95
40, 34, 4, 53, 97, 17.2225, 26.4836,3, 2, 14, 74, 352, 117
40, 34, 5, 53, 29, 0, 0,0, 0, 13, 48, 127, 89
40, 34, 6, 53, 129, 30.9195, 38.3245,5, 4, 15, 92, 461, 135
40, 34, 7, 53, 141, 28.2823, 36.174,4, 3, 16, 99, 507, 144
40, 34, 8, 53, 130, 8.4814, 16.7054,2, 1, 16, 79, 477, 123
40, 34, 9, 53, 33, 15.7814, 23.7369,3, 2, 13, 47, 145, 88
40, 34, 10, 53, 136, 22.5428, 30.4069,3, 2, 16, 81, 485, 125
40, 34, 11, 53, 113, 16.5888, 23.2724,3, 2, 15, 79, 407, 123
40, 34, 12, 53, 140, 11.8815, 11.8815,1, 1, 16, 103, 510, 148
40, 34, 13, 53, 131, 27.9754, 37.1653,4, 3, 15, 89, 470, 133
40, 34, 14, 53, 81, 15.5918, 23.3624,3, 2, 14, 74, 300, 116
40, 34, 15, 53, 102, 64.9772, 113.032,13, 7, 15, 79, 370, 122
40, 34, 16, 53, 152, 20.4537, 31.7137,3, 2, 16, 93, 545, 138
40, 34, 17, 53, 53, 41.0908, 41.0908,4, 4, 14, 57, 208, 99
40, 34, 18, 53, 120, 26.3243, 26.3243,3, 3, 16, 76, 427, 120
40, 34, 19, 53, 77, 0, 0,0, 0, 14, 58, 288, 100
40, 34, 20, 53, 89, 0, 0,0, 0, 14, 68, 326, 111
40, 34, 21, 53, 64, 0, 0,0, 0, 15, 71, 241, 114
40, 34, 22, 53, 124, 31.9556, 39.7939,5, 4, 16, 82, 457, 126
40, 34, 23, 53, 123, 31.0571, 44.601,4, 3, 16, 92, 454, 136
40, 34, 24, 53, 85, 30.8579, 41.1641,4, 3, 15, 68, 315, 112
40, 34, 25, 53, 134, 27.521, 42.9557,5, 3, 16, 104, 475, 149
40, 34, 26, 53, 146, 0, 0,0, 0, 16, 90, 536, 135
40, 34, 27, 53, 106, 18.7727, 27.9017,3, 2, 15, 88, 378, 132
40, 34, 28, 53, 135, 13.7567, 22.2436,2, 1, 16, 88, 478, 132
40, 34, 29, 53, 30, 54.5756, 62.3044,7, 6, 13, 37, 133, 78
40, 34, 30, 53, 83, 30.5915, 49.9057,5, 3, 15, 66, 307, 109
40, 34, 31, 53, 75, 0, 0,0, 0, 14, 46, 279, 89
40, 34, 32, 53, 57, 0, 0,0, 0, 14, 70, 217, 112
40, 34, 33, 53, 152, 84.945, 100.855,12, 10, 16, 83, 546, 127
40, 34, 35, 53, 65, 18.1155, 18.1155,2, 2, 16, 59, 248, 104
40, 34, 36, 53, 160, 63.451, 85.4964,9, 7, 17, 98, 573, 144
40, 34, 37, 53, 60, 0, 0,0, 0, 15, 51, 241, 94
40, 34, 38, 53, 71, 0, 0,0, 0, 15, 63, 265, 106
40, 34, 39, 53, 114, 0, 0,0, 0, 17, 95, 406, 140
40, 34, 40, 53, 58, 20.0396, 27.4022,3, 2, 14, 46, 224, 88
40, 35, 1, 65, 41, 7.73665, 7.73665,1, 1, 16, 63, 186, 109
40, 35, 2, 65, 28, 0, 0,0, 0, 15, 66, 137, 110
40, 35, 3, 65, 39, 8.60216, 8.60216,1, 1, 16, 74, 191, 119
40, 35, 4, 65, 97, 7.76053, 7.76053,1, 1, 17, 88, 390, 134
40, 35, 5, 65, 29, 0, 0,0, 0, 16, 71, 139, 115
40, 35, 6, 65, 129, 17.4412, 17.4412,2, 2, 18, 108, 519, 156
40, 35, 7, 65, 141, 27.2937, 27.2937,3, 3, 19, 117, 573, 166
40, 35, 8, 65, 130, 7.35506, 7.35506,1, 1, 19, 99, 506, 147
40, 35, 9, 65, 33, 7.39618, 7.39618,1, 1, 16, 64, 160, 109
40, 35, 10, 65, 136, 11.4545, 11.4545,1, 1, 18, 96, 535, 143
40, 35, 11, 65, 113, 18.5246, 25.8315,3, 2, 18, 100, 464, 147
40, 35, 12, 65, 140, 15.7731, 15.7731,2, 2, 19, 118, 567, 166
40, 35, 13, 65, 131, 14.6483, 14.6483,2, 2, 18, 109, 516, 156
40, 35, 14, 65, 81, 32.8498, 32.8498,3, 3, 17, 92, 351, 138
40, 35, 15, 65, 102, 29.4268, 44.1643,5, 3, 17, 95, 405, 141
40, 35, 16, 65, 152, 35.5065, 42.2645,4, 3, 18, 114, 619, 162
40, 35, 17, 65, 53, 32.6116, 32.6116,4, 4, 16, 73, 234, 118
40, 35, 18, 65, 120, 34.9676, 34.9676,4, 4, 18, 92, 472, 139
40, 35, 19, 65, 77, 0, 0,0, 0, 17, 76, 315, 122
40, 35, 20, 65, 89, 0, 0,0, 0, 17, 86, 358, 132
40, 35, 21, 65, 64, 0, 0,0, 0, 17, 89, 266, 135
40, 35, 22, 65, 124, 16.6229, 23.4088,3, 2, 18, 105, 499, 153
40, 35, 23, 65, 123, 13.7382, 13.7382,2, 2, 18, 110, 482, 158
40, 35, 24, 65, 85, 70.8676, 80.8249,9, 8, 18, 83, 349, 131
40, 35, 25, 65, 134, 14.7736, 14.7736,2, 2, 19, 112, 538, 161
40, 35, 26, 65, 146, 9.76193, 9.76193,1, 1, 19, 110, 578, 159
40, 35, 27, 65, 106, 34.8115, 34.8115,3, 3, 18, 105, 418, 152
40, 35, 28, 65, 135, 43.8244, 43.8244,5, 5, 18, 110, 543, 158
40, 35, 29, 65, 30, 6.99621, 6.99621,1, 1, 15, 58, 144, 102
40, 35, 30, 65, 83, 7.30921, 7.30921,1, 1, 17, 87, 338, 133
40, 35, 31, 65, 75, 0, 0,0, 0, 17, 65, 318, 111
40, 35, 32, 65, 57, 0, 0,0, 0, 17, 87, 253, 133
40, 35, 33, 65, 152, 15.5447, 15.5447,2, 2, 19, 98, 603, 146
40, 35, 34, 65, 53, 18.1155, 18.1155,2, 2, 16, 60, 235, 105
40, 35, 36, 65, 160, 91.2682, 91.2682,10, 10, 19, 115, 639, 164
40, 35, 37, 65, 60, 0, 0,0, 0, 17, 70, 250, 116
40, 35, 38, 65, 71, 0, 0,0, 0, 17, 86, 291, 132
40, 35, 39, 65, 114, 0, 0,0, 0, 19, 115, 446, 164
40, 35, 40, 65, 58, 8.63196, 8.63196,1, 1, 16, 65, 247, 111
40, 36, 1, 160, 41, 17.1268, 17.1268,2, 2, 17, 105, 341, 151
40, 36, 2, 160, 28, 15.7752, 15.7752,2, 2, 16, 104, 258, 149
40, 36, 3, 160, 39, 26.406, 33.3212,4, 3, 17, 113, 332, 159
40, 36, 4, 160, 97, 72.3951, 105.445,12, 8, 18, 129, 716, 176
40, 36, 5, 160, 29, 23.7088, 23.7088,3, 3, 17, 105, 265, 151
40, 36, 6, 160, 129, 78.5531, 104.017,10, 7, 19, 149, 964, 198
40, 36, 7, 160, 141, 63.076, 84.9844,11, 8, 20, 155, 1011, 204
40, 36, 8, 160, 130, 39.8716, 47.7946,6, 5, 20, 139, 949, 188
40, 36, 9, 160, 33, 19.9734, 36.5902,4, 2, 17, 102, 291, 147
40, 36, 10, 160, 136, 47.4187, 84.0983,11, 6, 19, 135, 972, 184
40, 36, 11, 160, 113, 33.0684, 33.0684,4, 4, 19, 141, 822, 189
40, 36, 12, 160, 140, 28.2905, 44.9663,4, 2, 20, 162, 999, 212
40, 36, 13, 160, 131, 36.7607, 61.8272,7, 4, 19, 148, 1048, 197
40, 36, 14, 160, 81, 65.5985, 92.2392,11, 8, 18, 132, 661, 179
40, 36, 15, 160, 102, 158.516, 248.114,26, 15, 19, 137, 772, 185
40, 36, 16, 160, 152, 85.896, 114.148,12, 9, 19, 153, 1137, 202
40, 36, 17, 160, 53, 8.34354, 8.34354,1, 1, 18, 112, 422, 159
40, 36, 18, 160, 120, 104.992, 134.69,17, 13, 19, 133, 907, 182
40, 36, 19, 160, 77, 7.56356, 7.56356,1, 1, 18, 119, 575, 166
40, 36, 20, 160, 89, 25.3611, 33.9401,4, 3, 18, 127, 651, 174
40, 36, 21, 160, 64, 0, 0,0, 0, 18, 128, 493, 176
40, 36, 22, 160, 124, 47.3917, 82.3252,9, 5, 20, 139, 911, 189
40, 36, 23, 160, 123, 109.032, 148.138,12, 9, 19, 153, 899, 202
40, 36, 24, 160, 85, 30.0058, 46.161,5, 3, 19, 125, 626, 173
40, 36, 25, 160, 134, 155.561, 223.292,22, 14, 20, 151, 988, 201
40, 36, 26, 160, 146, 26.0192, 34.7384,4, 3, 20, 147, 1102, 198
40, 36, 27, 160, 106, 40.3384, 68.7356,6, 3, 19, 144, 766, 193
40, 36, 28, 160, 135, 116.147, 169.128,18, 12, 19, 146, 972, 195
40, 36, 29, 160, 30, 25.0278, 32.8237,4, 3, 17, 96, 282, 141
40, 36, 30, 160, 83, 45.2552, 70.0473,8, 5, 18, 124, 637, 171
40, 36, 31, 160, 75, 0, 0,0, 0, 18, 105, 619, 153
40, 36, 32, 160, 57, 0, 0,0, 0, 18, 129, 446, 176
40, 36, 33, 160, 152, 55.9869, 72.9387,8, 6, 20, 142, 1137, 192
40, 36, 34, 160, 53, 49.3557, 85.4966,9, 5, 17, 110, 444, 156
40, 36, 35, 160, 65, 82.6668, 91.2684,10, 9, 19, 115, 530, 164
40, 36, 37, 160, 60, 15.7375, 15.7375,2, 2, 18, 116, 462, 163
40, 36, 38, 160, 71, 9.83865, 9.83865,1, 1, 19, 121, 541, 169
40, 36, 39, 160, 114, 0, 0,0, 0, 21, 155, 834, 205
40, 36, 40, 160, 58, 26.0261, 42.2426,5, 3, 18, 105, 462, 151
40, 37, 1, 60, 41, 19.6634, 19.6634,2, 2, 15, 54, 154, 98
40, 37, 2, 60, 28, 43.6857, 43.6857,5, 5, 14, 58, 118, 100
40, 37, 3, 60, 39, 15.2849, 15.2849,2, 2, 15, 63, 159, 106
40, 37, 4, 60, 97, 7.9702, 7.9702,1, 1, 16, 85, 323, 129
40, 37, 5, 60, 29, 6.91701, 6.91701,1, 1, 15, 57, 123, 100
40, 37, 6, 60, 129, 27.9107, 27.9107,3, 3, 17, 103, 418, 148
40, 37, 7, 60, 141, 29.488, 29.488,4, 4, 18, 106, 453, 153
40, 37, 8, 60, 130, 55.9453, 55.9453,7, 7, 17, 88, 408, 134
40, 37, 9, 60, 33, 0, 0,0, 0, 15, 55, 128, 98
40, 37, 10, 60, 136, 51.6684, 51.6684,5, 5, 17, 87, 429, 132
40, 37, 11, 60, 113, 0, 0,0, 0, 17, 88, 354, 134
40, 37, 12, 60, 140, 17.9234, 17.9234,2, 2, 18, 113, 442, 160
40, 37, 13, 60, 131, 7.40613, 7.40613,1, 1, 17, 101, 419, 147
40, 37, 14, 60, 81, 0, 0,0, 0, 16, 87, 262, 131
40, 37, 15, 60, 102, 14.1601, 14.1601,2, 2, 16, 86, 333, 131
40, 37, 16, 60, 152, 39.8535, 39.8535,5, 5, 17, 102, 514, 148
40, 37, 17, 60, 53, 0, 0,0, 0, 15, 63, 185, 107
40, 37, 18, 60, 120, 0, 0,0, 0, 17, 83, 388, 129
40, 37, 19, 60, 77, 77.2823, 84.1576,9, 8, 16, 67, 269, 112
40, 37, 20, 60, 89, 67.5998, 67.5998,8, 8, 16, 79, 304, 123
40, 37, 21, 60, 64, 0, 0,0, 0, 16, 82, 240, 127
40, 37, 22, 60, 124, 45.579, 52.5437,7, 6, 17, 94, 393, 141
40, 37, 23, 60, 123, 32.101, 32.101,4, 4, 17, 104, 395, 150
40, 37, 24, 60, 85, 0, 0,0, 0, 17, 72, 277, 118
40, 37, 25, 60, 134, 24.5638, 24.5638,3, 3, 18, 104, 420, 150
40, 37, 26, 60, 146, 57.0481, 57.0481,6, 6, 18, 100, 485, 147
40, 37, 27, 60, 106, 6.79131, 6.79131,1, 1, 17, 95, 337, 141
40, 37, 28, 60, 135, 45.5305, 45.5305,5, 5, 17, 99, 431, 144
40, 37, 29, 60, 30, 0, 0,0, 0, 14, 48, 121, 90
40, 37, 30, 60, 83, 10.4581, 10.4581,1, 1, 16, 76, 282, 121
40, 37, 31, 60, 75, 8.57621, 8.57621,1, 1, 16, 57, 249, 101
40, 37, 32, 60, 57, 0, 0,0, 0, 16, 80, 198, 124
40, 37, 33, 60, 152, 0, 0,0, 0, 17, 93, 493, 139
40, 37, 34, 60, 53, 0, 0,0, 0, 15, 52, 185, 95
40, 37, 35, 60, 65, 0, 0,0, 0, 17, 67, 219, 113
40, 37, 36, 60, 160, 15.7375, 15.7375,2, 2, 18, 107, 539, 155
40, 37, 38, 60, 71, 20.9215, 20.9215,2, 2, 16, 74, 251, 118
40, 37, 39, 60, 114, 0, 0,0, 0, 19, 104, 378, 152
40, 37, 40, 60, 58, 58.756, 58.756,6, 6, 16, 55, 202, 99
40, 38, 1, 71, 41, 21.0186, 31.7907,3, 2, 15, 71, 208, 114
40, 38, 2, 71, 28, 0, 0,0, 0, 15, 71, 151, 114
40, 38, 3, 71, 39, 74.0738, 129.092,12, 7, 15, 77, 216, 121
40, 38, 4, 71, 97, 21.0258, 27.9912,4, 3, 16, 93, 440, 138
40, 38, 5, 71, 29, 46.1954, 71.141,8, 5, 15, 71, 158, 115
40, 38, 6, 71, 129, 45.1913, 78.1649,9, 5, 17, 115, 564, 161
40, 38, 7, 71, 141, 17.0638, 25.5535,3, 2, 18, 122, 621, 168
40, 38, 8, 71, 130, 6.75155, 13.4208,2, 1, 18, 105, 564, 151
40, 38, 9, 71, 33, 0, 0,0, 0, 15, 67, 171, 110
40, 38, 10, 71, 136, 28.3101, 38.7416,4, 3, 17, 102, 594, 148
40, 38, 11, 71, 113, 0, 0,0, 0, 17, 101, 500, 147
40, 38, 12, 71, 140, 41.6401, 49.2543,6, 5, 18, 124, 664, 171
40, 38, 13, 71, 131, 58.2818, 81.6199,8, 6, 17, 118, 583, 164
40, 38, 14, 71, 81, 0, 0,0, 0, 16, 101, 371, 145
40, 38, 15, 71, 102, 14.4248, 14.4248,2, 2, 16, 100, 473, 145
40, 38, 16, 71, 152, 30.6283, 38.4928,5, 4, 18, 122, 667, 168
40, 38, 17, 71, 53, 0, 0,0, 0, 15, 77, 254, 121
40, 38, 18, 71, 120, 0, 0,0, 0, 17, 100, 533, 146
40, 38, 19, 71, 77, 24.2575, 24.2575,3, 3, 16, 84, 358, 128
40, 38, 20, 71, 89, 50.2629, 76.8514,8, 5, 16, 93, 407, 138
40, 38, 21, 71, 64, 19.135, 26.4449,3, 2, 17, 96, 297, 141
40, 38, 22, 71, 124, 45.2229, 61.8443,7, 5, 18, 113, 553, 160
40, 38, 23, 71, 123, 114.607, 148.983,14, 10, 17, 118, 548, 164
40, 38, 24, 71, 85, 0, 0,0, 0, 17, 87, 389, 133
40, 38, 25, 71, 134, 7.0847, 7.0847,1, 1, 18, 120, 594, 167
40, 38, 26, 71, 146, 28.3536, 39.5526,4, 3, 18, 114, 643, 161
40, 38, 27, 71, 106, 22.1816, 22.1816,3, 3, 17, 112, 474, 158
40, 38, 28, 71, 135, 48.9333, 56.8917,7, 6, 17, 114, 592, 160
40, 38, 29, 71, 30, 0, 0,0, 0, 14, 65, 174, 108
40, 38, 30, 71, 83, 7.61501, 15.1251,2, 1, 16, 90, 380, 135
40, 38, 31, 71, 75, 0, 0,0, 0, 16, 70, 349, 115
40, 38, 32, 71, 57, 0, 0,0, 0, 16, 92, 271, 136
40, 38, 33, 71, 152, 6.72956, 6.72956,1, 1, 18, 110, 677, 157
40, 38, 34, 71, 53, 0, 0,0, 0, 15, 64, 255, 107
40, 38, 35, 71, 65, 0, 0,0, 0, 17, 84, 302, 130
40, 38, 36, 71, 160, 9.8386, 9.8386,1, 1, 18, 122, 703, 169
40, 38, 37, 71, 60, 20.9214, 20.9214,2, 2, 16, 73, 285, 118
40, 38, 39, 71, 114, 58.4361, 80.2677,9, 6, 18, 118, 511, 166
40, 38, 40, 71, 58, 14.8973, 22.2448,3, 2, 16, 69, 280, 114
40, 39, 1, 114, 41, 6.91948, 6.91948,1, 1, 17, 103, 269, 149
40, 39, 2, 114, 28, 0, 0,0, 0, 16, 103, 194, 149
40, 39, 3, 114, 39, 0, 0,0, 0, 17, 113, 253, 159
40, 39, 4, 114, 97, 0, 0,0, 0, 18, 125, 579, 172
40, 39, 5, 114, 29, 7.92632, 7.92632,1, 1, 17, 102, 205, 148
40, 39, 6, 114, 129, 0, 0,0, 0, 19, 146, 747, 195
40, 39, 7, 114, 141, 0, 0,0, 0, 20, 154, 820, 203
40, 39, 8, 114, 130, 0, 0,0, 0, 20, 134, 782, 184
40, 39, 9, 114, 33, 0, 0,0, 0, 17, 102, 240, 147
40, 39, 10, 114, 136, 6.7467, 6.7467,1, 1, 19, 136, 782, 185
40, 39, 11, 114, 113, 0, 0,0, 0, 19, 133, 662, 181
40, 39, 12, 114, 140, 0, 0,0, 0, 20, 155, 803, 204
40, 39, 13, 114, 131, 6.77324, 6.77324,1, 1, 19, 147, 757, 195
40, 39, 14, 114, 81, 0, 0,0, 0, 18, 132, 480, 179
40, 39, 15, 114, 102, 0, 0,0, 0, 18, 138, 608, 186
40, 39, 16, 114, 152, 0, 0,0, 0, 20, 148, 879, 197
40, 39, 17, 114, 53, 0, 0,0, 0, 17, 111, 385, 158
40, 39, 18, 114, 120, 0, 0,0, 0, 19, 129, 708, 178
40, 39, 19, 114, 77, 8.25806, 8.25806,1, 1, 18, 113, 467, 161
40, 39, 20, 114, 89, 11.0371, 11.0371,1, 1, 18, 126, 531, 173
40, 39, 21, 114, 64, 23.7249, 37.561,5, 3, 18, 126, 393, 174
40, 39, 22, 114, 124, 66.6241, 97.2359,12, 8, 19, 142, 734, 191
40, 39, 23, 114, 123, 18.6958, 26.4533,3, 2, 20, 147, 720, 196
40, 39, 24, 114, 85, 8.71284, 15.4034,2, 1, 19, 121, 506, 170
40, 39, 25, 114, 134, 0, 0,0, 0, 20, 150, 770, 200
40, 39, 26, 114, 146, 8.22023, 8.22023,1, 1, 22, 144, 846, 195
40, 39, 27, 114, 106, 46.2625, 55.409,7, 6, 19, 140, 622, 189
40, 39, 28, 114, 135, 0, 0,0, 0, 19, 146, 777, 195
40, 39, 29, 114, 30, 0, 0,0, 0, 16, 98, 205, 143
40, 39, 30, 114, 83, 0, 0,0, 0, 18, 121, 490, 168
40, 39, 31, 114, 75, 0, 0,0, 0, 18, 104, 455, 151
40, 39, 32, 114, 57, 0, 0,0, 0, 18, 125, 351, 172
40, 39, 33, 114, 152, 0, 0,0, 0, 20, 136, 873, 185
40, 39, 34, 114, 53, 0, 0,0, 0, 17, 95, 327, 141
40, 39, 35, 114, 65, 0, 0,0, 0, 19, 118, 392, 167
40, 39, 36, 114, 160, 0, 0,0, 0, 20, 152, 941, 203
40, 39, 37, 114, 60, 0, 0,0, 0, 18, 105, 368, 153
40, 39, 38, 114, 71, 59.2117, 80.2674,9, 6, 18, 118, 430, 166
40, 39, 40, 114, 58, 0, 0,0, 0, 18, 101, 357, 148
40, 40, 1, 58, 41, 9.16792, 9.16792,1, 1, 14, 52, 166, 95
40, 40, 2, 58, 28, 0, 0,0, 0, 14, 64, 125, 107
40, 40, 3, 58, 39, 7.48208, 7.48208,1, 1, 14, 60, 175, 103
40, 40, 4, 58, 97, 16.1106, 16.1106,2, 2, 15, 77, 417, 121
40, 40, 5, 58, 29, 0, 0,0, 0, 15, 54, 127, 97
40, 40, 6, 58, 129, 30.9931, 30.9931,4, 4, 16, 99, 444, 144
40, 40, 7, 58, 141, 22.5255, 22.5255,3, 3, 17, 104, 510, 150
40, 40, 8, 58, 130, 22.2318, 22.2318,3, 3, 17, 85, 454, 131
40, 40, 9, 58, 33, 11.6426, 11.6426,1, 1, 14, 51, 141, 93
40, 40, 10, 58, 136, 35.0453, 35.0453,4, 4, 16, 87, 537, 133
40, 40, 11, 58, 113, 23.3899, 23.3899,2, 2, 16, 84, 394, 129
40, 40, 12, 58, 140, 28.4001, 28.4001,4, 4, 17, 106, 491, 152
40, 40, 13, 58, 131, 39.2851, 39.2851,4, 4, 16, 97, 453, 142
40, 40, 14, 58, 81, 20.5628, 20.5628,2, 2, 15, 82, 302, 126
40, 40, 15, 58, 102, 62.3903, 62.3903,6, 6, 16, 83, 436, 127
40, 40, 16, 58, 152, 40.4479, 40.4479,5, 5, 17, 104, 530, 149
40, 40, 17, 58, 53, 12.6592, 12.6592,1, 1, 15, 62, 203, 105
40, 40, 18, 58, 120, 15.1388, 15.1388,2, 2, 17, 80, 421, 125
40, 40, 19, 58, 77, 51.706, 59.1942,5, 4, 15, 66, 280, 109
40, 40, 20, 58, 89, 23.4408, 23.4408,2, 2, 15, 78, 331, 122
40, 40, 21, 58, 64, 0, 0,0, 0, 16, 77, 238, 121
40, 40, 22, 58, 124, 40.8036, 40.8036,4, 4, 16, 87, 435, 133
40, 40, 23, 58, 123, 36.5412, 43.2858,5, 4, 16, 99, 432, 145
40, 40, 24, 58, 85, 32.1031, 32.1031,3, 3, 16, 71, 308, 117
40, 40, 25, 58, 134, 30.2589, 30.2589,3, 3, 17, 102, 464, 148
40, 40, 26, 58, 146, 25.5254, 25.5254,3, 3, 18, 96, 510, 143
40, 40, 27, 58, 106, 9.37091, 9.37091,1, 1, 16, 93, 375, 139
40, 40, 28, 58, 135, 52.0957, 52.0957,6, 6, 16, 94, 473, 139
40, 40, 29, 58, 30, 0, 0,0, 0, 14, 43, 134, 85
40, 40, 30, 58, 83, 22.0843, 22.0843,3, 3, 15, 71, 300, 115
40, 40, 31, 58, 75, 0, 0,0, 0, 15, 53, 271, 96
40, 40, 32, 58, 57, 0, 0,0, 0, 15, 76, 217, 120
40, 40, 33, 58, 152, 32.4784, 32.4784,4, 4, 17, 88, 531, 133
40, 40, 34, 58, 53, 27.4022, 27.4022,3, 3, 14, 45, 205, 88
40, 40, 35, 58, 65, 8.63192, 8.63192,1, 1, 16, 64, 242, 109
40, 40, 36, 58, 160, 42.2425, 42.2425,5, 5, 18, 104, 557, 151
40, 40, 37, 58, 60, 50.0518, 58.7562,6, 5, 15, 57, 227, 102
40, 40, 38, 58, 71, 22.2448, 22.2448,3, 3, 15, 72, 259, 116
40, 40, 39, 58, 114, 0, 0,0, 0, 18, 103, 407, 150
40, 41, 1, 36, 41, 0, 0,0, 0, 14, 54, 114, 95
40, 41, 2, 36, 28, 0, 0,0, 0, 13, 53, 88, 95
40, 41, 3, 36, 39, 14.7906, 14.7906,2, 2, 14, 62, 112, 104
40, 41, 4, 36, 97, 0, 0,0, 0, 15, 77, 232, 120
40, 41, 5, 36, 29, 6.68956, 6.68956,1, 1, 14, 54, 89, 96
40, 41, 6, 36, 129, 0, 0,0, 0, 16, 98, 301, 142
40, 41, 7, 36, 141, 0, 0,0, 0, 17, 108, 359, 154
40, 41, 8, 36, 130, 0, 0,0, 0, 16, 87, 304, 132
40, 41, 9, 36, 33, 0, 0,0, 0, 14, 52, 98, 94
40, 41, 10, 36, 136, 0, 0,0, 0, 16, 87, 319, 132
40, 41, 11, 36, 113, 0, 0,0, 0, 16, 88, 285, 132
40, 41, 12, 36, 140, 0, 0,0, 0, 16, 112, 343, 157
40, 41, 13, 36, 131, 9.39267, 9.39267,1, 1, 16, 96, 308, 140
40, 41, 14, 36, 81, 0, 0,0, 0, 15, 81, 196, 124
40, 41, 15, 36, 102, 0, 0,0, 0, 15, 84, 248, 128
40, 41, 16, 36, 152, 0, 0,0, 0, 16, 102, 357, 147
40, 41, 17, 36, 53, 0, 0,0, 0, 14, 60, 139, 103
40, 41, 18, 36, 120, 0, 0,0, 0, 16, 83, 287, 128
40, 41, 19, 36, 77, 0, 0,0, 0, 15, 66, 191, 109
40, 41, 20, 36, 89, 23.2592, 30.6292,4, 3, 15, 77, 222, 120
40, 41, 21, 36, 64, 10.6207, 20.6122,2, 1, 15, 78, 164, 121
40, 41, 22, 36, 124, 0, 0,0, 0, 16, 89, 299, 134
40, 41, 23, 36, 123, 0, 0,0, 0, 16, 100, 323, 144
40, 41, 24, 36, 85, 0, 0,0, 0, 16, 71, 209, 115
40, 41, 25, 36, 134, 0, 0,0, 0, 17, 102, 316, 148
40, 41, 26, 36, 146, 0, 0,0, 0, 17, 96, 348, 142
40, 41, 27, 36, 106, 0, 0,0, 0, 16, 93, 264, 137
40, 41, 28, 36, 135, 0, 0,0, 0, 16, 95, 319, 140
40, 41, 29, 36, 30, 0, 0,0, 0, 13, 47, 94, 88
40, 41, 30, 36, 83, 0, 0,0, 0, 15, 71, 201, 114
40, 41, 31, 36, 75, 0, 0,0, 0, 15, 54, 186, 97
40, 41, 32, 36, 57, 0, 0,0, 0, 15, 75, 151, 118
40, 41, 33, 36, 152, 0, 0,0, 0, 16, 89, 362, 133
40, 41, 34, 36, 53, 0, 0,0, 0, 14, 46, 155, 88
40, 41, 35, 36, 65, 0, 0,0, 0, 16, 64, 163, 109
40, 41, 36, 36, 160, 0, 0,0, 0, 17, 105, 376, 151
40, 41, 37, 36, 60, 0, 0,0, 0, 15, 56, 157, 99
40, 41, 38, 36, 71, 14.3444, 14.3444,2, 2, 15, 90, 209, 133
40, 41, 39, 36, 114, 0, 0,0, 0, 18, 106, 288, 153
40, 41, 40, 36, 58, 0, 0,0, 0, 15, 66, 187, 110
