1, 3, 2, 1, 1, 6, 0, 0,2, 0, 0, 5, 2, 173, 20, 16
1, 3, 3, 1, 66, 143, 0, 0.0605532,132, 0, 0, 6, 12, 2912, 65, 29
1, 3, 3, 2, 66, 166, 0, 0,132, 0, 0, 7, 13, 3284, 42, 31
1, 3, 4, 1, 45, 143, 0, 0.0598714,90, 0, 0, 6, 11, 1971, 32, 27
1, 3, 4, 2, 45, 166, 0, 0.0166667,90, 0, 0, 6, 12, 2234, 31, 29
1, 3, 4, 3, 45, 182, 0, 0,90, 0, 0, 6, 13, 2489, 31, 30
1, 3, 5, 1, 41, 143, 0, 0.0269736,82, 0, 0, 6, 11, 1799, 29, 27
1, 3, 5, 2, 41, 166, 0, 0,82, 0, 0, 6, 12, 2051, 27, 28
1, 3, 5, 3, 41, 182, 0, 0,82, 0, 0, 6, 12, 2266, 29, 29
1, 3, 5, 4, 41, 170, 0, 0.0172414,82, 0, 0, 6, 12, 2073, 30, 29
1, 3, 6, 1, 39, 143, 0, 0.0147059,78, 0, 0, 6, 11, 1745, 28, 27
1, 3, 6, 2, 39, 166, 0, 0,78, 0, 0, 7, 12, 1959, 27, 29
1, 3, 6, 3, 39, 182, 0, 0,78, 0, 0, 6, 13, 2126, 27, 29
1, 3, 6, 4, 39, 170, 0, 0,78, 0, 0, 6, 12, 2029, 27, 28
1, 3, 6, 5, 39, 156, 0, 0.0153846,78, 0, 0, 6, 11, 1831, 28, 27
1, 3, 7, 1, 80, 143, 0, 0.0149254,160, 0, 0, 6, 13, 3431, 52, 31
1, 3, 7, 2, 80, 166, 0, 0,160, 0, 0, 6, 14, 3925, 50, 32
1, 3, 7, 3, 80, 182, 0, 0,160, 0, 0, 6, 14, 4245, 49, 33
1, 3, 7, 4, 80, 170, 0, 0,160, 0, 0, 7, 14, 4058, 51, 33
1, 3, 7, 5, 80, 156, 0, 0.0276506,160, 0, 0, 6, 13, 3698, 51, 31
1, 3, 7, 6, 80, 201, 0, 0,160, 0, 0, 7, 15, 4689, 49, 35
1, 3, 8, 1, 50, 143, 0, 0.0717972,100, 0, 0, 6, 11, 2162, 35, 28
1, 3, 8, 2, 50, 166, 0, 0,100, 0, 0, 6, 12, 2570, 33, 29
1, 3, 8, 3, 50, 182, 0, 0,100, 0, 0, 6, 13, 2713, 34, 30
1, 3, 8, 4, 50, 170, 0, 0.0374126,100, 0, 0, 6, 12, 2516, 34, 30
1, 3, 8, 5, 50, 156, 0, 0,100, 0, 0, 6, 12, 2351, 32, 28
1, 3, 8, 6, 50, 201, 0, 0.037421,100, 0, 0, 7, 14, 2969, 35, 32
1, 3, 8, 7, 50, 249, 0, 0,100, 0, 0, 7, 16, 3599, 32, 35
1, 3, 9, 1, 62, 143, 0, 0.0402633,124, 0, 0, 6, 11, 2646, 41, 28
1, 3, 9, 2, 62, 166, 0, 0,124, 0, 0, 6, 13, 3040, 39, 30
1, 3, 9, 3, 62, 182, 0, 0,124, 0, 0, 6, 14, 3312, 39, 31
1, 3, 9, 4, 62, 170, 0, 0,124, 0, 0, 6, 13, 3098, 39, 30
1, 3, 9, 5, 62, 156, 0, 0.015625,124, 0, 0, 6, 12, 2885, 42, 29
1, 3, 9, 6, 62, 201, 0, 0,124, 0, 0, 7, 15, 3638, 39, 34
1, 3, 9, 7, 62, 249, 0, 0.0102041,124, 0, 0, 7, 17, 4464, 43, 37
1, 3, 9, 8, 62, 376, 0, 0.0263158,124, 0, 0, 8, 23, 6577, 41, 47
1, 3, 10, 1, 84, 143, 0, 0,168, 0, 0, 6, 13, 3589, 52, 31
1, 3, 10, 2, 84, 166, 0, 0,168, 0, 0, 6, 14, 4120, 53, 33
1, 3, 10, 3, 84, 182, 0, 0,168, 0, 0, 6, 15, 4443, 51, 34
1, 3, 10, 4, 84, 170, 0, 0,168, 0, 0, 6, 14, 4238, 52, 33
1, 3, 10, 5, 84, 156, 0, 0,168, 0, 0, 6, 13, 3897, 53, 32
1, 3, 10, 6, 84, 201, 0, 0.0140845,168, 0, 0, 7, 16, 4949, 53, 36
1, 3, 10, 7, 84, 249, 0, 0.0113636,168, 0, 0, 7, 18, 6060, 53, 39
1, 3, 10, 8, 84, 376, 0, 0,168, 0, 0, 8, 25, 8967, 52, 50
1, 3, 10, 9, 84, 123, 0, 0,168, 0, 0, 6, 11, 3114, 52, 29
1, 3, 11, 1, 74, 143, 0, 0.0163934,148, 0, 0, 6, 12, 3223, 50, 30
1, 3, 11, 2, 74, 166, 0.0142857, 0.0236315,148, 1, 1, 6, 14, 3674, 48, 32
1, 3, 11, 3, 74, 182, 0, 0,148, 0, 0, 6, 14, 3983, 46, 33
1, 3, 11, 4, 74, 170, 0, 0.0438164,148, 0, 0, 6, 14, 3703, 48, 32
1, 3, 11, 5, 74, 156, 0, 0.0138889,148, 0, 0, 6, 13, 3432, 48, 32
1, 3, 11, 6, 74, 201, 0, 0,148, 0, 0, 7, 15, 4346, 80, 35
1, 3, 11, 7, 74, 249, 0, 0.011236,148, 0, 0, 7, 18, 5296, 47, 38
1, 3, 11, 8, 74, 376, 0, 0,148, 0, 0, 8, 24, 7874, 47, 49
1, 3, 11, 9, 74, 123, 0, 0.0113636,148, 0, 0, 6, 11, 2764, 48, 28
1, 3, 11, 10, 74, 164, 0, 0.0121951,148, 0, 0, 6, 13, 3597, 48, 31
1, 3, 12, 1, 31, 143, 0, 0.0423151,62, 0, 0, 6, 10, 1358, 24, 26
1, 3, 12, 2, 31, 166, 0, 0,62, 0, 0, 6, 11, 1553, 22, 27
1, 3, 12, 3, 31, 182, 0, 0,62, 0, 0, 6, 12, 1727, 22, 28
1, 3, 12, 4, 31, 170, 0, 0.0311767,62, 0, 0, 6, 11, 1598, 23, 27
1, 3, 12, 5, 31, 156, 0, 0.0272222,62, 0, 0, 6, 11, 1471, 23, 26
1, 3, 12, 6, 31, 201, 0, 0,62, 0, 0, 6, 13, 1862, 22, 29
1, 3, 12, 7, 31, 249, 0, 0,62, 0, 0, 7, 15, 2250, 22, 33
1, 3, 12, 8, 31, 376, 0, 0,62, 0, 0, 8, 21, 3340, 22, 41
1, 3, 12, 9, 31, 123, 0, 0,62, 0, 0, 6, 9, 1192, 22, 24
1, 3, 12, 10, 31, 164, 0, 0,62, 0, 0, 6, 11, 1540, 22, 27
1, 3, 12, 11, 31, 128, 0, 0.0142857,62, 0, 0, 6, 9, 1239, 23, 24
1, 3, 13, 1, 48, 143, 0, 0.0240166,96, 0, 0, 6, 11, 2081, 34, 27
1, 3, 13, 2, 48, 166, 0, 0.0287904,96, 0, 0, 6, 12, 2382, 33, 29
1, 3, 13, 3, 48, 182, 0, 0.0166667,96, 0, 0, 6, 13, 2601, 34, 31
1, 3, 13, 4, 48, 170, 0, 0,96, 0, 0, 6, 12, 2433, 32, 29
1, 3, 13, 5, 48, 156, 0, 0.0274024,96, 0, 0, 6, 12, 2251, 32, 28
1, 3, 13, 6, 48, 201, 0, 0,96, 0, 0, 7, 14, 2830, 31, 31
1, 3, 13, 7, 48, 249, 0, 0,96, 0, 0, 7, 16, 3458, 32, 35
1, 3, 13, 8, 48, 376, 0, 0,96, 0, 0, 8, 22, 5092, 32, 44
1, 3, 13, 9, 48, 123, 0, 0,96, 0, 0, 6, 10, 1801, 31, 26
1, 3, 13, 10, 48, 164, 0, 0,96, 0, 0, 6, 12, 2350, 31, 29
1, 3, 13, 11, 48, 128, 0, 0.00917431,96, 0, 0, 6, 10, 1891, 33, 26
1, 3, 13, 12, 48, 114, 0, 0,96, 0, 0, 6, 9, 1718, 32, 25
1, 3, 14, 1, 33, 143, 0, 0.0298507,66, 0, 0, 6, 10, 1458, 24, 26
1, 3, 14, 2, 33, 166, 0, 0,66, 0, 0, 6, 11, 1662, 23, 27
1, 3, 14, 3, 33, 182, 0, 0.0196078,66, 0, 0, 6, 12, 1821, 24, 28
1, 3, 14, 4, 33, 170, 0, 0,66, 0, 0, 6, 12, 1688, 23, 28
1, 3, 14, 5, 33, 156, 0, 0.028125,66, 0, 0, 6, 11, 1578, 24, 27
1, 3, 14, 6, 33, 201, 0, 0,66, 0, 0, 7, 13, 1986, 23, 30
1, 3, 14, 7, 33, 249, 0, 0,66, 0, 0, 7, 15, 2425, 24, 33
1, 3, 14, 8, 33, 376, 0, 0,66, 0, 0, 8, 22, 3566, 23, 42
1, 3, 14, 9, 33, 123, 0, 0,66, 0, 0, 6, 9, 1261, 23, 24
1, 3, 14, 10, 33, 164, 0, 0,66, 0, 0, 6, 11, 1638, 23, 27
1, 3, 14, 11, 33, 128, 0, 0,66, 0, 0, 6, 9, 1309, 23, 25
1, 3, 14, 12, 33, 114, 0, 0,66, 0, 0, 6, 9, 1196, 23, 24
1, 3, 14, 13, 33, 234, 0, 0,66, 0, 0, 7, 14, 2272, 23, 31
1, 3, 15, 1, 57, 143, 0.00869565, 0.0234015,114, 1, 1, 6, 12, 2474, 39, 29
1, 3, 15, 2, 57, 166, 0, 0,114, 0, 0, 6, 12, 2805, 37, 30
1, 3, 15, 3, 57, 182, 0, 0.00990099,114, 0, 0, 6, 13, 3038, 37, 31
1, 3, 15, 4, 57, 170, 0, 0.0172414,114, 0, 0, 6, 12, 2854, 40, 30
1, 3, 15, 5, 57, 156, 0, 0,114, 0, 0, 6, 12, 2681, 37, 30
1, 3, 15, 6, 57, 201, 0, 0.02,114, 0, 0, 7, 14, 3341, 38, 33
1, 3, 15, 7, 57, 249, 0, 0,114, 0, 0, 7, 17, 4100, 37, 36
1, 3, 15, 8, 57, 376, 0, 0,114, 0, 0, 8, 23, 6046, 39, 46
1, 3, 15, 9, 57, 123, 0, 0.0433819,114, 0, 0, 6, 10, 2132, 38, 27
1, 3, 15, 10, 57, 164, 0, 0.0238566,114, 0, 0, 6, 13, 2789, 40, 30
1, 3, 15, 11, 57, 128, 0, 0,114, 0, 0, 6, 11, 2212, 37, 28
1, 3, 15, 12, 57, 114, 0, 0.0135135,114, 0, 0, 6, 10, 1996, 37, 27
1, 3, 15, 13, 57, 234, 0, 0,114, 0, 0, 7, 16, 3845, 36, 35
1, 3, 15, 14, 57, 177, 0, 0.0178571,114, 0, 0, 6, 13, 2991, 39, 30
1, 3, 16, 1, 42, 143, 0.0273133, 0.0426376,84, 2, 2, 6, 11, 1831, 29, 27
1, 3, 16, 2, 42, 166, 0, 0,84, 0, 0, 6, 12, 2107, 28, 28
1, 3, 16, 3, 42, 182, 0, 0.0496032,84, 0, 0, 6, 12, 2301, 32, 29
1, 3, 16, 4, 42, 170, 0, 0,84, 0, 0, 6, 12, 2129, 28, 28
1, 3, 16, 5, 42, 156, 0, 0.0144928,84, 0, 0, 6, 11, 1957, 29, 28
1, 3, 16, 6, 42, 201, 0, 0,84, 0, 0, 7, 13, 2478, 28, 31
1, 3, 16, 7, 42, 249, 0, 0,84, 0, 0, 7, 16, 3000, 28, 34
1, 3, 16, 8, 42, 376, 0, 0,84, 0, 0, 8, 22, 4499, 29, 43
1, 3, 16, 9, 42, 123, 0, 0,84, 0, 0, 6, 10, 1586, 28, 25
1, 3, 16, 10, 42, 164, 0, 0,84, 0, 0, 6, 11, 2051, 28, 28
1, 3, 16, 11, 42, 128, 0, 0.012987,84, 0, 0, 6, 10, 1676, 30, 26
1, 3, 16, 12, 42, 114, 0, 0,84, 0, 0, 6, 9, 1479, 29, 25
1, 3, 16, 13, 42, 234, 0, 0,84, 0, 0, 7, 15, 2837, 28, 32
1, 3, 16, 14, 42, 177, 0, 0,84, 0, 0, 6, 13, 2225, 28, 29
1, 3, 16, 15, 42, 166, 0, 0,84, 0, 0, 6, 12, 2070, 28, 28
1, 3, 17, 1, 57, 143, 0, 0.0468599,114, 0, 0, 6, 11, 2443, 38, 28
1, 3, 17, 2, 57, 166, 0, 0,114, 0, 0, 6, 12, 2809, 37, 30
1, 3, 17, 3, 57, 182, 0, 0,114, 0, 0, 7, 13, 3042, 37, 31
1, 3, 17, 4, 57, 170, 0, 0.0192308,114, 0, 0, 6, 12, 2880, 39, 30
1, 3, 17, 5, 57, 156, 0, 0.0140845,114, 0, 0, 6, 12, 2651, 38, 29
1, 3, 17, 6, 57, 201, 0, 0.010101,114, 0, 0, 7, 14, 3326, 37, 32
1, 3, 17, 7, 57, 249, 0, 0,114, 0, 0, 7, 16, 4113, 37, 36
1, 3, 17, 8, 57, 376, 0, 0,114, 0, 0, 8, 23, 6018, 36, 45
1, 3, 17, 9, 57, 123, 0, 0,114, 0, 0, 6, 11, 2128, 37, 27
1, 3, 17, 10, 57, 164, 0.0125, 0.0447013,114, 1, 1, 6, 12, 2777, 38, 30
1, 3, 17, 11, 57, 128, 0, 0,114, 0, 0, 6, 11, 2246, 37, 28
1, 3, 17, 12, 57, 114, 0, 0,114, 0, 0, 6, 10, 1999, 37, 26
1, 3, 17, 13, 57, 234, 0, 0,114, 0, 0, 7, 16, 3841, 36, 35
1, 3, 17, 14, 57, 177, 0, 0,114, 0, 0, 6, 13, 2967, 37, 31
1, 3, 17, 15, 57, 166, 0, 0,114, 0, 0, 6, 13, 2841, 38, 30
1, 3, 17, 16, 57, 311, 0, 0,114, 0, 0, 7, 20, 5057, 37, 41
1, 3, 18, 1, 70, 143, 0, 0.0279843,140, 0, 0, 6, 12, 2988, 55, 29
1, 3, 18, 2, 70, 166, 0, 0,140, 0, 0, 7, 13, 3422, 43, 31
1, 3, 18, 3, 70, 182, 0, 0,140, 0, 0, 6, 14, 3717, 44, 32
1, 3, 18, 4, 70, 170, 0, 0,140, 0, 0, 6, 13, 3496, 44, 31
1, 3, 18, 5, 70, 156, 0, 0.0432125,140, 0, 0, 6, 13, 3229, 45, 30
1, 3, 18, 6, 70, 201, 0, 0,140, 0, 0, 7, 15, 4107, 44, 34
1, 3, 18, 7, 70, 249, 0, 0,140, 0, 0, 7, 17, 5007, 44, 37
1, 3, 18, 8, 70, 376, 0, 0,140, 0, 0, 8, 23, 7427, 44, 47
1, 3, 18, 9, 70, 123, 0, 0.0153846,140, 0, 0, 6, 11, 2604, 45, 28
1, 3, 18, 10, 70, 164, 0, 0.027032,140, 0, 0, 6, 13, 3391, 47, 31
1, 3, 18, 11, 70, 128, 0, 0.0151515,140, 0, 0, 6, 11, 2711, 45, 28
1, 3, 18, 12, 70, 114, 0, 0,140, 0, 0, 6, 11, 2451, 46, 27
1, 3, 18, 13, 70, 234, 0, 0,140, 0, 0, 7, 16, 4718, 44, 36
1, 3, 18, 14, 70, 177, 0, 0.0188679,140, 0, 0, 6, 13, 3643, 47, 32
1, 3, 18, 15, 70, 166, 0, 0,140, 0, 0, 6, 13, 3421, 44, 31
1, 3, 18, 16, 70, 311, 0, 0.016129,140, 0, 0, 8, 20, 6173, 45, 42
1, 3, 18, 17, 70, 212, 0, 0,140, 0, 0, 7, 15, 4328, 45, 35
1, 3, 19, 1, 30, 143, 0, 0.0322497,60, 0, 0, 6, 10, 1314, 23, 26
1, 3, 19, 2, 30, 166, 0, 0,60, 0, 0, 6, 11, 1503, 21, 27
1, 3, 19, 3, 30, 182, 0, 0,60, 0, 0, 6, 12, 1649, 22, 28
1, 3, 19, 4, 30, 170, 0.0111111, 0.04169,60, 1, 1, 6, 12, 1584, 24, 28
1, 3, 19, 5, 30, 156, 0, 0.0279734,60, 0, 0, 6, 11, 1468, 23, 27
1, 3, 19, 6, 30, 201, 0, 0,60, 0, 0, 7, 13, 1786, 21, 30
1, 3, 19, 7, 30, 249, 0, 0,60, 0, 0, 7, 15, 2190, 22, 32
1, 3, 19, 8, 30, 376, 0, 0,60, 0, 0, 8, 21, 3227, 21, 41
1, 3, 19, 9, 30, 123, 0, 0,60, 0, 0, 6, 9, 1184, 22, 25
1, 3, 19, 10, 30, 164, 0, 0,60, 0, 0, 6, 11, 1508, 21, 27
1, 3, 19, 11, 30, 128, 0, 0,60, 0, 0, 6, 9, 1197, 21, 25
1, 3, 19, 12, 30, 114, 0, 0,60, 0, 0, 6, 8, 1082, 22, 24
1, 3, 19, 13, 30, 234, 0, 0,60, 0, 0, 7, 15, 2055, 22, 32
1, 3, 19, 14, 30, 177, 0.0147059, 0.0434605,60, 1, 1, 6, 12, 1610, 23, 28
1, 3, 19, 15, 30, 166, 0, 0,60, 0, 0, 6, 11, 1515, 21, 27
1, 3, 19, 16, 30, 311, 0, 0,60, 0, 0, 7, 18, 2685, 22, 37
1, 3, 19, 17, 30, 212, 0, 0,60, 0, 0, 7, 13, 1884, 21, 31
1, 3, 19, 18, 30, 171, 0, 0,60, 0, 0, 6, 11, 1542, 21, 27
1, 3, 20, 1, 72, 143, 0.0113636, 0.0335234,144, 1, 1, 6, 12, 3105, 48, 30
1, 3, 20, 2, 72, 166, 0, 0,144, 0, 0, 7, 13, 3542, 45, 32
1, 3, 20, 3, 72, 182, 0, 0,144, 0, 0, 7, 14, 3838, 45, 33
1, 3, 20, 4, 72, 170, 0, 0.0128205,144, 0, 0, 7, 13, 3605, 47, 32
1, 3, 20, 5, 72, 156, 0, 0.0276294,144, 0, 0, 6, 13, 3358, 60, 31
1, 3, 20, 6, 72, 201, 0, 0,144, 0, 0, 7, 15, 4213, 45, 34
1, 3, 20, 7, 72, 249, 0, 0,144, 0, 0, 7, 17, 5149, 45, 38
1, 3, 20, 8, 72, 376, 0, 0,144, 0, 0, 8, 24, 7630, 45, 48
1, 3, 20, 9, 72, 123, 0, 0.00900901,144, 0, 0, 6, 11, 2682, 46, 28
1, 3, 20, 10, 72, 164, 0, 0,144, 0, 0, 6, 13, 3502, 46, 31
1, 3, 20, 11, 72, 128, 0, 0,144, 0, 0, 6, 11, 2775, 45, 29
1, 3, 20, 12, 72, 114, 0, 0.010101,144, 0, 0, 6, 11, 2497, 46, 28
1, 3, 20, 13, 72, 234, 0, 0,144, 0, 0, 7, 16, 4852, 47, 36
1, 3, 20, 14, 72, 177, 0, 0,144, 0, 0, 7, 14, 3733, 45, 32
1, 3, 20, 15, 72, 166, 0, 0,144, 0, 0, 6, 13, 3509, 45, 31
1, 3, 20, 16, 72, 311, 0, 0,144, 0, 0, 8, 20, 6387, 47, 43
1, 3, 20, 17, 72, 212, 0, 0,144, 0, 0, 7, 15, 4425, 45, 35
1, 3, 20, 18, 72, 171, 0, 0,144, 0, 0, 7, 13, 3615, 45, 32
1, 3, 20, 19, 72, 188, 0, 0,144, 0, 0, 7, 14, 3963, 46, 33
1, 3, 21, 1, 55, 143, 0, 0.0397215,110, 0, 0, 6, 11, 2400, 39, 29
1, 3, 21, 2, 55, 166, 0, 0,110, 0, 0, 6, 13, 2747, 37, 30
1, 3, 21, 3, 55, 182, 0, 0,110, 0, 0, 7, 13, 2965, 37, 31
1, 3, 21, 4, 55, 170, 0, 0.0128205,110, 0, 0, 6, 13, 2777, 36, 30
1, 3, 21, 5, 55, 156, 0, 0.0270715,110, 0, 0, 6, 12, 2592, 37, 29
1, 3, 21, 6, 55, 201, 0, 0,110, 0, 0, 7, 14, 3258, 37, 33
1, 3, 21, 7, 55, 249, 0, 0.0119048,110, 0, 0, 7, 17, 3979, 38, 37
1, 3, 21, 8, 55, 376, 0, 0,110, 0, 0, 8, 23, 5866, 35, 46
1, 3, 21, 9, 55, 123, 0, 0,110, 0, 0, 6, 10, 2091, 36, 26
1, 3, 21, 10, 55, 164, 0, 0.0119048,110, 0, 0, 6, 12, 2670, 37, 29
1, 3, 21, 11, 55, 128, 0.00564972, 0.0137798,110, 1, 1, 6, 10, 2130, 36, 27
1, 3, 21, 12, 55, 114, 0, 0.00961538,110, 0, 0, 7, 10, 1931, 38, 27
1, 3, 21, 13, 55, 234, 0, 0,110, 0, 0, 7, 15, 3729, 35, 34
1, 3, 21, 14, 55, 177, 0, 0,110, 0, 0, 6, 13, 2881, 35, 30
1, 3, 21, 15, 55, 166, 0, 0,110, 0, 0, 6, 12, 2707, 36, 30
1, 3, 21, 16, 55, 311, 0, 0,110, 0, 0, 8, 19, 4889, 38, 41
1, 3, 21, 17, 55, 212, 0, 0,110, 0, 0, 7, 15, 3402, 35, 34
1, 3, 21, 18, 55, 171, 0, 0,110, 0, 0, 7, 12, 2791, 35, 30
1, 3, 21, 19, 55, 188, 0, 0.010101,110, 0, 0, 7, 14, 3047, 37, 32
1, 3, 21, 20, 55, 974, 0, 0,110, 0, 0, 11, 53, 14617, 35, 87
1, 3, 22, 1, 58, 143, 0, 0.0285312,116, 0, 0, 6, 11, 2494, 39, 29
1, 3, 22, 2, 58, 166, 0, 0.0106383,116, 0, 0, 6, 13, 2854, 39, 30
1, 3, 22, 3, 58, 182, 0, 0,116, 0, 0, 6, 13, 3100, 37, 31
1, 3, 22, 4, 58, 170, 0, 0,116, 0, 0, 6, 13, 2903, 37, 30
1, 3, 22, 5, 58, 156, 0.00943396, 0.0382169,116, 1, 1, 6, 12, 2716, 41, 29
1, 3, 22, 6, 58, 201, 0, 0,116, 0, 0, 7, 14, 3389, 37, 33
1, 3, 22, 7, 58, 249, 0, 0,116, 0, 0, 7, 17, 4135, 38, 36
1, 3, 22, 8, 58, 376, 0, 0.0297268,116, 0, 0, 8, 23, 6130, 39, 46
1, 3, 22, 9, 58, 123, 0, 0,116, 0, 0, 6, 10, 2161, 37, 27
1, 3, 22, 10, 58, 164, 0, 0,116, 0, 0, 6, 12, 2818, 37, 30
1, 3, 22, 11, 58, 128, 0, 0,116, 0, 0, 6, 11, 2260, 37, 27
1, 3, 22, 12, 58, 114, 0, 0,116, 0, 0, 6, 10, 2043, 37, 27
1, 3, 22, 13, 58, 234, 0, 0,116, 0, 0, 7, 16, 3925, 37, 35
1, 3, 22, 14, 58, 177, 0, 0.020018,116, 0, 0, 7, 13, 3061, 40, 32
1, 3, 22, 15, 58, 166, 0, 0,116, 0, 0, 6, 13, 2875, 38, 30
1, 3, 22, 16, 58, 311, 0, 0,116, 0, 0, 8, 20, 5248, 37, 42
1, 3, 22, 17, 58, 212, 0.0163934, 0.0426476,116, 1, 1, 7, 15, 3593, 39, 34
1, 3, 22, 18, 58, 171, 0, 0.016129,116, 0, 0, 7, 13, 2938, 38, 30
1, 3, 22, 19, 58, 188, 0, 0.0151515,116, 0, 0, 7, 14, 3240, 39, 32
1, 3, 22, 20, 58, 974, 0, 0,116, 0, 0, 11, 53, 15437, 37, 89
1, 3, 22, 21, 58, 580, 0, 0,116, 0, 0, 9, 33, 9454, 37, 60
1, 3, 23, 1, 64, 143, 0, 0.0300905,128, 0, 0, 6, 12, 2728, 42, 29
1, 3, 23, 2, 64, 166, 0, 0,128, 0, 0, 7, 13, 3129, 41, 31
1, 3, 23, 3, 64, 182, 0, 0,128, 0, 0, 6, 14, 3416, 42, 32
1, 3, 23, 4, 64, 170, 0, 0,128, 0, 0, 6, 13, 3196, 41, 31
1, 3, 23, 5, 64, 156, 0, 0.0297619,128, 0, 0, 6, 12, 2983, 42, 30
1, 3, 23, 6, 64, 201, 0, 0,128, 0, 0, 7, 14, 3754, 41, 33
1, 3, 23, 7, 64, 249, 0, 0,128, 0, 0, 7, 17, 4586, 41, 37
1, 3, 23, 8, 64, 376, 0, 0.0142857,128, 0, 0, 8, 23, 6814, 42, 47
1, 3, 23, 9, 64, 123, 0, 0,128, 0, 0, 6, 11, 2459, 41, 27
1, 3, 23, 10, 64, 164, 0, 0,128, 0, 0, 6, 13, 3140, 43, 31
1, 3, 23, 11, 64, 128, 0, 0,128, 0, 0, 6, 11, 2487, 40, 28
1, 3, 23, 12, 64, 114, 0, 0.0114943,128, 0, 0, 6, 10, 2281, 42, 27
1, 3, 23, 13, 64, 234, 0, 0,128, 0, 0, 7, 16, 4320, 40, 36
1, 3, 23, 14, 64, 177, 0, 0.0172414,128, 0, 0, 7, 13, 3513, 42, 31
1, 3, 23, 15, 64, 166, 0, 0,128, 0, 0, 6, 13, 3146, 40, 30
1, 3, 23, 16, 64, 311, 0, 0,128, 0, 0, 8, 20, 5704, 42, 42
1, 3, 23, 17, 64, 212, 0, 0,128, 0, 0, 7, 15, 4008, 42, 34
1, 3, 23, 18, 64, 171, 0, 0.0357143,128, 0, 0, 6, 13, 3219, 42, 31
1, 3, 23, 19, 64, 188, 0, 0,128, 0, 0, 7, 14, 3549, 43, 33
1, 3, 23, 20, 64, 974, 0, 0.0144928,128, 0, 0, 11, 53, 17182, 42, 90
1, 3, 23, 21, 64, 580, 0, 0,128, 0, 0, 9, 34, 10397, 41, 62
1, 3, 23, 22, 64, 236, 0, 0,128, 0, 0, 7, 16, 4380, 42, 36
1, 3, 24, 1, 63, 143, 0.0119048, 0.0944687,126, 1, 1, 6, 12, 2711, 44, 29
1, 3, 24, 2, 63, 166, 0.01, 0.0242857,126, 1, 1, 6, 13, 3112, 52, 30
1, 3, 24, 3, 63, 182, 0, 0.02,126, 0, 0, 6, 13, 3372, 41, 31
1, 3, 24, 4, 63, 170, 0, 0,126, 0, 0, 7, 13, 3209, 40, 31
1, 3, 24, 5, 63, 156, 0, 0.0432484,126, 0, 0, 6, 12, 2978, 42, 30
1, 3, 24, 6, 63, 201, 0, 0,126, 0, 0, 7, 15, 3719, 40, 34
1, 3, 24, 7, 63, 249, 0, 0,126, 0, 0, 7, 17, 4517, 40, 37
1, 3, 24, 8, 63, 376, 0, 0.033179,126, 0, 0, 8, 23, 6694, 42, 47
1, 3, 24, 9, 63, 123, 0, 0.019259,126, 0, 0, 6, 11, 2364, 41, 27
1, 3, 24, 10, 63, 164, 0, 0.0172414,126, 0, 0, 6, 12, 3068, 41, 30
1, 3, 24, 11, 63, 128, 0, 0.0281746,126, 0, 0, 6, 11, 2451, 41, 28
1, 3, 24, 12, 63, 114, 0, 0.0302832,126, 0, 0, 6, 10, 2200, 41, 27
1, 3, 24, 13, 63, 234, 0, 0,126, 0, 0, 7, 16, 4301, 41, 36
1, 3, 24, 14, 63, 177, 0, 0,126, 0, 0, 7, 13, 3288, 40, 31
1, 3, 24, 15, 63, 166, 0, 0,126, 0, 0, 6, 13, 3099, 40, 30
1, 3, 24, 16, 63, 311, 0, 0,126, 0, 0, 8, 20, 5595, 40, 42
1, 3, 24, 17, 63, 212, 0, 0.0540541,126, 0, 0, 7, 15, 3880, 42, 34
1, 3, 24, 18, 63, 171, 0, 0.0188679,126, 0, 0, 6, 13, 3258, 44, 31
1, 3, 24, 19, 63, 188, 0, 0,126, 0, 0, 7, 14, 3591, 40, 33
1, 3, 24, 20, 63, 974, 0, 0.016129,126, 0, 0, 10, 53, 16870, 41, 90
1, 3, 24, 21, 63, 580, 0, 0.0384758,126, 0, 0, 9, 33, 10267, 42, 62
1, 3, 24, 22, 63, 236, 0, 0,126, 0, 0, 7, 16, 4299, 40, 36
1, 3, 24, 23, 63, 311, 0, 0.0621686,126, 0, 0, 7, 20, 5589, 42, 42
1, 3, 25, 1, 60, 143, 0.03125, 0.104544,120, 1, 1, 6, 11, 2572, 42, 29
1, 3, 25, 2, 60, 166, 0, 0,120, 0, 0, 7, 13, 2947, 40, 31
1, 3, 25, 3, 60, 182, 0, 0.0142857,120, 0, 0, 7, 14, 3233, 42, 32
1, 3, 25, 4, 60, 170, 0, 0.00869565,120, 0, 0, 6, 13, 3007, 39, 31
1, 3, 25, 5, 60, 156, 0, 0.0291385,120, 0, 0, 6, 12, 2782, 40, 30
1, 3, 25, 6, 60, 201, 0, 0.0111111,120, 0, 0, 7, 14, 3524, 40, 33
1, 3, 25, 7, 60, 249, 0, 0,120, 0, 0, 7, 16, 4296, 39, 36
1, 3, 25, 8, 60, 376, 0, 0.0222222,120, 0, 0, 8, 23, 6346, 40, 47
1, 3, 25, 9, 60, 123, 0.00884956, 0.0148737,120, 1, 1, 6, 10, 2246, 39, 27
1, 3, 25, 10, 60, 164, 0, 0,120, 0, 0, 6, 13, 2939, 39, 30
1, 3, 25, 11, 60, 128, 0, 0,120, 0, 0, 6, 11, 2328, 38, 28
1, 3, 25, 12, 60, 114, 0, 0.0108696,120, 0, 0, 6, 10, 2083, 39, 27
1, 3, 25, 13, 60, 234, 0, 0,120, 0, 0, 7, 16, 4051, 38, 35
1, 3, 25, 14, 60, 177, 0, 0,120, 0, 0, 7, 13, 3120, 39, 31
1, 3, 25, 15, 60, 166, 0, 0,120, 0, 0, 6, 12, 2956, 38, 30
1, 3, 25, 16, 60, 311, 0, 0,120, 0, 0, 8, 19, 5302, 38, 41
1, 3, 25, 17, 60, 212, 0, 0.015625,120, 0, 0, 7, 15, 3708, 40, 34
1, 3, 25, 18, 60, 171, 0, 0,120, 0, 0, 7, 13, 3030, 38, 31
1, 3, 25, 19, 60, 188, 0, 0.0153846,120, 0, 0, 7, 14, 3296, 39, 32
1, 3, 25, 20, 60, 974, 0.0147059, 0.0370387,120, 1, 1, 11, 53, 16039, 41, 89
1, 3, 25, 21, 60, 580, 0, 0.0192308,120, 0, 0, 9, 33, 9688, 39, 61
1, 3, 25, 22, 60, 236, 0, 0,120, 0, 0, 7, 16, 4095, 38, 35
1, 3, 25, 23, 60, 311, 0.0147059, 0.0432244,120, 1, 1, 8, 20, 5345, 40, 41
1, 3, 25, 24, 60, 221, 0, 0,120, 0, 0, 7, 16, 3852, 39, 35
1, 3, 26, 1, 111, 143, 0.00869565, 0.0451284,222, 1, 1, 7, 14, 4732, 72, 34
1, 3, 26, 2, 111, 166, 0.0105263, 0.0176692,222, 2, 1, 7, 15, 5424, 68, 36
1, 3, 26, 3, 111, 182, 0, 0,222, 0, 0, 7, 16, 5917, 68, 37
1, 3, 26, 4, 111, 170, 0, 0,222, 0, 0, 7, 16, 5557, 68, 37
1, 3, 26, 5, 111, 156, 0, 0.0555363,222, 0, 0, 7, 15, 5117, 72, 35
1, 3, 26, 6, 111, 201, 0, 0,222, 0, 0, 7, 17, 6450, 67, 39
1, 3, 26, 7, 111, 249, 0, 0,222, 0, 0, 7, 19, 7858, 67, 43
1, 3, 26, 8, 111, 376, 0, 0.0227273,222, 0, 0, 8, 26, 11704, 70, 54
1, 3, 26, 9, 111, 123, 0, 0.0103093,222, 0, 0, 6, 13, 4084, 68, 32
1, 3, 26, 10, 111, 164, 0, 0,222, 0, 0, 7, 15, 5314, 67, 36
1, 3, 26, 11, 111, 128, 0, 0.0193277,222, 0, 0, 6, 13, 4265, 71, 32
1, 3, 26, 12, 111, 114, 0, 0.0342545,222, 0, 0, 7, 13, 3807, 69, 31
1, 3, 26, 13, 111, 234, 0, 0,222, 0, 0, 7, 19, 7433, 67, 42
1, 3, 26, 14, 111, 177, 0, 0.0116279,222, 0, 0, 7, 15, 5705, 68, 36
1, 3, 26, 15, 111, 166, 0, 0,222, 0, 0, 7, 15, 5397, 68, 36
1, 3, 26, 16, 111, 311, 0, 0.0133333,222, 0, 0, 8, 22, 9761, 68, 48
1, 3, 26, 17, 111, 212, 0, 0.0267541,222, 0, 0, 7, 17, 6783, 68, 39
1, 3, 26, 18, 111, 171, 0, 0,222, 0, 0, 7, 15, 5558, 68, 36
1, 3, 26, 19, 111, 188, 0.00900901, 0.0235018,222, 1, 1, 7, 16, 6081, 69, 38
1, 3, 26, 20, 111, 974, 0, 0.0140845,222, 0, 0, 11, 55, 29639, 69, 105
1, 3, 26, 21, 111, 580, 0, 0,222, 0, 0, 9, 36, 17843, 67, 72
1, 3, 26, 22, 111, 236, 0, 0,222, 0, 0, 7, 19, 7497, 67, 42
1, 3, 26, 23, 111, 311, 0, 0.0435572,222, 0, 0, 8, 22, 9815, 71, 48
1, 3, 26, 24, 111, 221, 0, 0.0243902,222, 0, 0, 7, 18, 7023, 76, 40
1, 3, 26, 25, 111, 499, 0, 0,222, 0, 0, 9, 32, 15483, 70, 65
1, 4, 2, 1, 43, 219, 0, 0,86, 0, 0, 7, 14, 2760, 29, 32
1, 4, 3, 1, 66, 219, 0, 0.0111111,132, 0, 0, 7, 16, 4225, 44, 35
1, 4, 3, 2, 66, 122, 0, 0.04,132, 0, 0, 6, 11, 2458, 43, 28
1, 4, 4, 1, 45, 219, 0, 0,90, 0, 0, 7, 15, 2860, 30, 33
1, 4, 4, 2, 45, 122, 0, 0,90, 0, 0, 6, 10, 1706, 31, 26
1, 4, 4, 3, 45, 184, 0, 0,90, 0, 0, 6, 13, 2524, 30, 30
1, 4, 5, 1, 41, 219, 0, 0,82, 0, 0, 7, 15, 2686, 30, 32
1, 4, 5, 2, 41, 122, 0, 0.0454545,82, 0, 0, 6, 10, 1566, 29, 25
1, 4, 5, 3, 41, 184, 0, 0,82, 0, 0, 6, 13, 2233, 28, 29
1, 4, 5, 4, 41, 236, 0, 0.0120482,82, 0, 0, 7, 16, 2842, 29, 34
1, 4, 6, 1, 39, 219, 0, 0,78, 0, 0, 7, 14, 2508, 27, 31
1, 4, 6, 2, 39, 122, 0, 0,78, 0, 0, 6, 9, 1470, 26, 25
1, 4, 6, 3, 39, 184, 0, 0,78, 0, 0, 6, 13, 2149, 26, 29
1, 4, 6, 4, 39, 236, 0, 0,78, 0, 0, 6, 15, 2690, 26, 32
1, 4, 6, 5, 39, 201, 0, 0,78, 0, 0, 7, 13, 2315, 26, 30
1, 4, 7, 1, 80, 219, 0, 0.0153846,160, 0, 0, 7, 16, 5060, 51, 36
1, 4, 7, 2, 80, 122, 0, 0,160, 0, 0, 6, 12, 2972, 49, 29
1, 4, 7, 3, 80, 184, 0, 0.012987,160, 0, 0, 7, 15, 4348, 51, 34
1, 4, 7, 4, 80, 236, 0.0150287, 0.0390023,160, 2, 2, 7, 17, 5489, 52, 38
1, 4, 7, 5, 80, 201, 0, 0,160, 0, 0, 7, 15, 4707, 51, 35
1, 4, 7, 6, 80, 249, 0, 0.0116279,160, 0, 0, 7, 18, 5785, 51, 39
1, 4, 8, 1, 50, 219, 0, 0,100, 0, 0, 7, 15, 3196, 33, 33
1, 4, 8, 2, 50, 122, 0, 0,100, 0, 0, 6, 10, 1860, 33, 27
1, 4, 8, 3, 50, 184, 0, 0,100, 0, 0, 7, 13, 2691, 33, 30
1, 4, 8, 4, 50, 236, 0, 0,100, 0, 0, 7, 15, 3423, 33, 34
1, 4, 8, 5, 50, 201, 0, 0.037421,100, 0, 0, 7, 14, 2959, 35, 32
1, 4, 8, 6, 50, 249, 0, 0,100, 0, 0, 7, 16, 3587, 33, 35
1, 4, 8, 7, 50, 234, 0, 0.012987,100, 0, 0, 7, 15, 3377, 34, 34
1, 4, 9, 1, 62, 219, 0, 0,124, 0, 0, 6, 15, 3949, 39, 34
1, 4, 9, 2, 62, 122, 0, 0,124, 0, 0, 6, 11, 2299, 40, 27
1, 4, 9, 3, 62, 184, 0, 0,124, 0, 0, 6, 14, 3373, 41, 32
1, 4, 9, 4, 62, 236, 0, 0.0126582,124, 0, 0, 7, 17, 4252, 41, 36
1, 4, 9, 5, 62, 201, 0, 0,124, 0, 0, 7, 14, 3639, 40, 33
1, 4, 9, 6, 62, 249, 0, 0.0102041,124, 0, 0, 7, 17, 4461, 41, 37
1, 4, 9, 7, 62, 234, 0, 0,124, 0, 0, 7, 16, 4207, 39, 36
1, 4, 9, 8, 62, 81, 0, 0.0265471,124, 0, 0, 6, 8, 1604, 41, 24
1, 4, 10, 1, 84, 219, 0, 0.0394411,168, 0, 0, 6, 16, 5324, 53, 36
1, 4, 10, 2, 84, 122, 0, 0.0113636,168, 0, 0, 6, 11, 3089, 61, 29
1, 4, 10, 3, 84, 184, 0, 0,168, 0, 0, 6, 15, 4502, 52, 34
1, 4, 10, 4, 84, 236, 0, 0.0226118,168, 0, 0, 6, 17, 5685, 53, 38
1, 4, 10, 5, 84, 201, 0, 0.0140845,168, 0, 0, 7, 16, 4900, 53, 36
1, 4, 10, 6, 84, 249, 0, 0.0113636,168, 0, 0, 7, 18, 6002, 53, 39
1, 4, 10, 7, 84, 234, 0, 0,168, 0, 0, 7, 17, 5612, 52, 38
1, 4, 10, 8, 84, 81, 0, 0.0128205,168, 0, 0, 6, 10, 2164, 54, 26
1, 4, 10, 9, 84, 91, 0, 0,168, 0, 0, 6, 10, 2402, 52, 26
1, 4, 11, 1, 74, 219, 0, 0,148, 0, 0, 6, 16, 4698, 46, 35
1, 4, 11, 2, 74, 122, 0, 0,148, 0, 0, 6, 11, 2745, 47, 28
1, 4, 11, 3, 74, 184, 0, 0,148, 0, 0, 6, 14, 3983, 47, 33
1, 4, 11, 4, 74, 236, 0, 0.0138889,148, 0, 0, 6, 17, 5083, 49, 37
1, 4, 11, 5, 74, 201, 0, 0,148, 0, 0, 7, 15, 4316, 46, 34
1, 4, 11, 6, 74, 249, 0, 0.011236,148, 0, 0, 7, 17, 5289, 48, 38
1, 4, 11, 7, 74, 234, 0, 0,148, 0, 0, 7, 16, 4984, 46, 37
1, 4, 11, 8, 74, 81, 0, 0.0147059,148, 0, 0, 6, 9, 1968, 48, 25
1, 4, 11, 9, 74, 91, 0, 0.012987,148, 0, 0, 6, 10, 2119, 47, 25
1, 4, 11, 10, 74, 177, 0, 0.0147059,148, 0, 0, 6, 14, 3859, 47, 33
1, 4, 12, 1, 31, 219, 0, 0,62, 0, 0, 6, 14, 2011, 22, 30
1, 4, 12, 2, 31, 122, 0, 0,62, 0, 0, 6, 9, 1180, 21, 24
1, 4, 12, 3, 31, 184, 0, 0,62, 0, 0, 6, 12, 1728, 23, 28
1, 4, 12, 4, 31, 236, 0, 0,62, 0, 0, 6, 15, 2133, 22, 31
1, 4, 12, 5, 31, 201, 0, 0,62, 0, 0, 7, 13, 1852, 22, 29
1, 4, 12, 6, 31, 249, 0, 0,62, 0, 0, 7, 15, 2262, 22, 33
1, 4, 12, 7, 31, 234, 0, 0,62, 0, 0, 7, 15, 2119, 22, 32
1, 4, 12, 8, 31, 81, 0, 0,62, 0, 0, 5, 7, 846, 22, 21
1, 4, 12, 9, 31, 91, 0, 0,62, 0, 0, 6, 8, 928, 22, 22
1, 4, 12, 10, 31, 177, 0, 0,62, 0, 0, 6, 12, 1674, 22, 28
1, 4, 12, 11, 31, 166, 0, 0,62, 0, 0, 6, 12, 1559, 22, 28
1, 4, 13, 1, 48, 219, 0, 0,96, 0, 0, 7, 15, 3061, 31, 33
1, 4, 13, 2, 48, 122, 0, 0,96, 0, 0, 6, 10, 1799, 32, 26
1, 4, 13, 3, 48, 184, 0, 0,96, 0, 0, 6, 13, 2607, 32, 30
1, 4, 13, 4, 48, 236, 0, 0,96, 0, 0, 7, 16, 3278, 32, 34
1, 4, 13, 5, 48, 201, 0, 0,96, 0, 0, 7, 14, 2828, 32, 31
1, 4, 13, 6, 48, 249, 0, 0,96, 0, 0, 7, 16, 3462, 31, 34
1, 4, 13, 7, 48, 234, 0, 0,96, 0, 0, 7, 15, 3282, 33, 34
1, 4, 13, 8, 48, 81, 0, 0,96, 0, 0, 6, 8, 1271, 31, 23
1, 4, 13, 9, 48, 91, 0, 0,96, 0, 0, 6, 8, 1402, 31, 23
1, 4, 13, 10, 48, 177, 0, 0,96, 0, 0, 6, 12, 2520, 31, 29
1, 4, 13, 11, 48, 166, 0, 0,96, 0, 0, 6, 12, 2407, 32, 29
1, 4, 13, 12, 48, 228, 0, 0,96, 0, 0, 7, 15, 3184, 31, 33
1, 4, 14, 1, 33, 219, 0, 0,66, 0, 0, 6, 14, 2131, 23, 30
1, 4, 14, 2, 33, 122, 0, 0,66, 0, 0, 6, 9, 1251, 23, 24
1, 4, 14, 3, 33, 184, 0, 0,66, 0, 0, 7, 13, 1837, 24, 29
1, 4, 14, 4, 33, 236, 0, 0,66, 0, 0, 6, 15, 2294, 23, 32
1, 4, 14, 5, 33, 201, 0, 0,66, 0, 0, 7, 13, 1958, 23, 30
1, 4, 14, 6, 33, 249, 0, 0,66, 0, 0, 7, 16, 2557, 23, 33
1, 4, 14, 7, 33, 234, 0, 0,66, 0, 0, 7, 15, 2288, 24, 32
1, 4, 14, 8, 33, 81, 0, 0,66, 0, 0, 6, 7, 891, 23, 22
1, 4, 14, 9, 33, 91, 0, 0.00793651,66, 0, 0, 6, 8, 989, 24, 22
1, 4, 14, 10, 33, 177, 0, 0,66, 0, 0, 6, 12, 1775, 23, 28
1, 4, 14, 11, 33, 166, 0, 0,66, 0, 0, 6, 11, 1664, 23, 27
1, 4, 14, 12, 33, 228, 0, 0,66, 0, 0, 7, 14, 2226, 23, 32
1, 4, 14, 13, 33, 221, 0, 0,66, 0, 0, 7, 14, 2171, 23, 31
1, 4, 15, 1, 57, 219, 0, 0,114, 0, 0, 7, 15, 3642, 37, 34
1, 4, 15, 2, 57, 122, 0, 0.0111111,114, 0, 0, 6, 11, 2126, 40, 27
1, 4, 15, 3, 57, 184, 0, 0,114, 0, 0, 6, 13, 3080, 36, 31
1, 4, 15, 4, 57, 236, 0, 0,114, 0, 0, 7, 16, 3907, 38, 35
1, 4, 15, 5, 57, 201, 0, 0.02,114, 0, 0, 7, 14, 3354, 38, 33
1, 4, 15, 6, 57, 249, 0, 0,114, 0, 0, 7, 16, 4140, 37, 36
1, 4, 15, 7, 57, 234, 0, 0,114, 0, 0, 7, 16, 3904, 39, 35
1, 4, 15, 8, 57, 81, 0, 0.0253815,114, 0, 0, 6, 9, 1485, 40, 24
1, 4, 15, 9, 57, 91, 0, 0,114, 0, 0, 6, 9, 1642, 37, 25
1, 4, 15, 10, 57, 177, 0, 0.0178571,114, 0, 0, 6, 13, 2996, 38, 30
1, 4, 15, 11, 57, 166, 0, 0,114, 0, 0, 6, 13, 2829, 39, 30
1, 4, 15, 12, 57, 228, 0, 0,114, 0, 0, 7, 15, 3779, 37, 34
1, 4, 15, 13, 57, 221, 0, 0,114, 0, 0, 7, 16, 3682, 36, 34
1, 4, 15, 14, 57, 247, 0, 0,114, 0, 0, 7, 16, 4055, 37, 36
1, 4, 16, 1, 42, 219, 0, 0,84, 0, 0, 6, 14, 2690, 28, 31
1, 4, 16, 2, 42, 122, 0, 0,84, 0, 0, 6, 10, 1599, 28, 25
1, 4, 16, 3, 42, 184, 0, 0,84, 0, 0, 6, 13, 2297, 28, 30
1, 4, 16, 4, 42, 236, 0, 0,84, 0, 0, 6, 15, 2924, 29, 33
1, 4, 16, 5, 42, 201, 0, 0,84, 0, 0, 7, 13, 2493, 29, 31
1, 4, 16, 6, 42, 249, 0, 0,84, 0, 0, 7, 16, 3016, 28, 34
1, 4, 16, 7, 42, 234, 0, 0,84, 0, 0, 7, 15, 2925, 28, 33
1, 4, 16, 8, 42, 81, 0, 0.0281914,84, 0, 0, 6, 8, 1212, 33, 22
1, 4, 16, 9, 42, 91, 0, 0,84, 0, 0, 6, 8, 1242, 28, 23
1, 4, 16, 10, 42, 177, 0, 0,84, 0, 0, 6, 12, 2217, 29, 29
1, 4, 16, 11, 42, 166, 0, 0,84, 0, 0, 6, 12, 2081, 28, 28
1, 4, 16, 12, 42, 228, 0, 0.0144928,84, 0, 0, 7, 15, 2799, 29, 32
1, 4, 16, 13, 42, 221, 0.00952381, 0.04,84, 1, 1, 7, 15, 2723, 30, 32
1, 4, 16, 14, 42, 247, 0, 0,84, 0, 0, 7, 15, 3001, 28, 33
1, 4, 16, 15, 42, 252, 0, 0,84, 0, 0, 6, 16, 3075, 28, 33
1, 4, 17, 1, 57, 219, 0, 0,114, 0, 0, 7, 15, 3637, 36, 34
1, 4, 17, 2, 57, 122, 0, 0,114, 0, 0, 6, 10, 2114, 37, 27
1, 4, 17, 3, 57, 184, 0, 0,114, 0, 0, 6, 14, 3082, 38, 31
1, 4, 17, 4, 57, 236, 0, 0,114, 0, 0, 7, 16, 3891, 37, 35
1, 4, 17, 5, 57, 201, 0, 0.010101,114, 0, 0, 7, 14, 3349, 37, 32
1, 4, 17, 6, 57, 249, 0, 0,114, 0, 0, 7, 17, 4113, 36, 36
1, 4, 17, 7, 57, 234, 0, 0,114, 0, 0, 7, 16, 3879, 37, 35
1, 4, 17, 8, 57, 81, 0, 0,114, 0, 0, 6, 9, 1484, 37, 24
1, 4, 17, 9, 57, 91, 0, 0,114, 0, 0, 6, 9, 1677, 39, 25
1, 4, 17, 10, 57, 177, 0, 0,114, 0, 0, 7, 13, 2978, 37, 31
1, 4, 17, 11, 57, 166, 0, 0,114, 0, 0, 6, 13, 2796, 37, 30
1, 4, 17, 12, 57, 228, 0, 0,114, 0, 0, 7, 16, 3785, 52, 35
1, 4, 17, 13, 57, 221, 0.0227273, 0.0368118,114, 1, 1, 7, 15, 3679, 38, 34
1, 4, 17, 14, 57, 247, 0, 0,114, 0, 0, 7, 16, 4097, 38, 36
1, 4, 17, 15, 57, 252, 0, 0,114, 0, 0, 7, 16, 4142, 36, 36
1, 4, 17, 16, 57, 173, 0, 0,114, 0, 0, 6, 13, 2923, 37, 30
1, 4, 18, 1, 70, 219, 0, 0,140, 0, 0, 7, 16, 4460, 44, 35
1, 4, 18, 2, 70, 122, 0, 0.010101,140, 0, 0, 6, 11, 2607, 45, 28
1, 4, 18, 3, 70, 184, 0, 0,140, 0, 0, 6, 14, 3806, 45, 33
1, 4, 18, 4, 70, 236, 0, 0,140, 0, 0, 7, 17, 4797, 44, 36
1, 4, 18, 5, 70, 201, 0, 0,140, 0, 0, 7, 15, 4101, 44, 34
1, 4, 18, 6, 70, 249, 0, 0,140, 0, 0, 7, 17, 5015, 44, 37
1, 4, 18, 7, 70, 234, 0, 0,140, 0, 0, 7, 17, 4718, 44, 37
1, 4, 18, 8, 70, 81, 0, 0.0111111,140, 0, 0, 6, 9, 1799, 45, 24
1, 4, 18, 9, 70, 91, 0, 0,140, 0, 0, 6, 9, 2023, 46, 25
1, 4, 18, 10, 70, 177, 0, 0.0188679,140, 0, 0, 6, 14, 3650, 45, 32
1, 4, 18, 11, 70, 166, 0, 0,140, 0, 0, 6, 13, 3446, 45, 31
1, 4, 18, 12, 70, 228, 0, 0.0169492,140, 0, 0, 7, 16, 4649, 45, 36
1, 4, 18, 13, 70, 221, 0, 0.0447082,140, 0, 0, 7, 16, 4509, 49, 35
1, 4, 18, 14, 70, 247, 0, 0.0452489,140, 0, 0, 7, 17, 4968, 45, 37
1, 4, 18, 15, 70, 252, 0, 0.010101,140, 0, 0, 7, 17, 5067, 45, 37
1, 4, 18, 16, 70, 173, 0, 0,140, 0, 0, 6, 13, 3585, 45, 31
1, 4, 18, 17, 70, 223, 0, 0,140, 0, 0, 7, 16, 4515, 44, 35
1, 4, 19, 1, 30, 219, 0, 0.0126582,60, 0, 0, 7, 14, 1952, 22, 31
1, 4, 19, 2, 30, 122, 0, 0,60, 0, 0, 6, 9, 1159, 21, 24
1, 4, 19, 3, 30, 184, 0, 0,60, 0, 0, 6, 12, 1662, 21, 28
1, 4, 19, 4, 30, 236, 0, 0,60, 0, 0, 7, 15, 2102, 21, 32
1, 4, 19, 5, 30, 201, 0, 0,60, 0, 0, 7, 13, 1786, 21, 30
1, 4, 19, 6, 30, 249, 0, 0,60, 0, 0, 7, 15, 2204, 21, 33
1, 4, 19, 7, 30, 234, 0, 0,60, 0, 0, 7, 14, 2079, 21, 32
1, 4, 19, 8, 30, 81, 0, 0,60, 0, 0, 6, 7, 826, 21, 22
1, 4, 19, 9, 30, 91, 0, 0,60, 0, 0, 6, 7, 896, 21, 22
1, 4, 19, 10, 30, 177, 0.0147059, 0.0434605,60, 1, 1, 6, 12, 1652, 24, 28
1, 4, 19, 11, 30, 166, 0, 0,60, 0, 0, 6, 11, 1528, 22, 27
1, 4, 19, 12, 30, 228, 0, 0,60, 0, 0, 7, 14, 2026, 21, 32
1, 4, 19, 13, 30, 221, 0, 0,60, 0, 0, 7, 14, 1969, 21, 30
1, 4, 19, 14, 30, 247, 0, 0,60, 0, 0, 7, 15, 2173, 21, 32
1, 4, 19, 15, 30, 252, 0, 0.0214734,60, 0, 0, 7, 16, 2212, 24, 32
1, 4, 19, 16, 30, 173, 0, 0,60, 0, 0, 6, 11, 1576, 21, 27
1, 4, 19, 17, 30, 223, 0, 0,60, 0, 0, 7, 14, 1979, 21, 31
1, 4, 19, 18, 30, 225, 0, 0,60, 0, 0, 7, 14, 1997, 21, 31
1, 4, 20, 1, 72, 219, 0, 0.00854701,144, 0, 0, 7, 16, 4546, 47, 35
1, 4, 20, 2, 72, 122, 0, 0,144, 0, 0, 6, 11, 2653, 45, 28
1, 4, 20, 3, 72, 184, 0, 0,144, 0, 0, 7, 14, 3907, 45, 33
1, 4, 20, 4, 72, 236, 0, 0.0133333,144, 0, 0, 7, 17, 4886, 45, 37
1, 4, 20, 5, 72, 201, 0, 0,144, 0, 0, 7, 15, 4208, 46, 34
1, 4, 20, 6, 72, 249, 0, 0,144, 0, 0, 7, 18, 5154, 45, 38
1, 4, 20, 7, 72, 234, 0.0283816, 0.0464905,144, 2, 2, 7, 16, 4842, 46, 37
1, 4, 20, 8, 72, 81, 0, 0.011236,144, 0, 0, 6, 9, 1864, 45, 25
1, 4, 20, 9, 72, 91, 0, 0,144, 0, 0, 6, 9, 2084, 44, 26
1, 4, 20, 10, 72, 177, 0, 0,144, 0, 0, 7, 14, 3726, 46, 32
1, 4, 20, 11, 72, 166, 0, 0,144, 0, 0, 6, 13, 3506, 45, 31
1, 4, 20, 12, 72, 228, 0, 0,144, 0, 0, 7, 16, 4747, 47, 36
1, 4, 20, 13, 72, 221, 0, 0,144, 0, 0, 7, 16, 4577, 45, 36
1, 4, 20, 14, 72, 247, 0, 0,144, 0, 0, 7, 17, 5094, 45, 37
1, 4, 20, 15, 72, 252, 0, 0.0172414,144, 0, 0, 7, 18, 5253, 48, 38
1, 4, 20, 16, 72, 173, 0, 0.00900901,144, 0, 0, 6, 13, 3669, 46, 32
1, 4, 20, 17, 72, 223, 0, 0.00869565,144, 0, 0, 7, 16, 4599, 46, 36
1, 4, 20, 18, 72, 225, 0, 0.0106383,144, 0, 0, 7, 16, 4669, 47, 36
1, 4, 20, 19, 72, 272, 0, 0.00884956,144, 0, 0, 7, 18, 5587, 47, 40
1, 4, 21, 1, 55, 219, 0, 0,110, 0, 0, 7, 15, 3502, 36, 34
1, 4, 21, 2, 55, 122, 0, 0,110, 0, 0, 6, 10, 2061, 37, 27
1, 4, 21, 3, 55, 184, 0, 0,110, 0, 0, 7, 14, 3010, 37, 32
1, 4, 21, 4, 55, 236, 0, 0,110, 0, 0, 7, 16, 3778, 35, 35
1, 4, 21, 5, 55, 201, 0, 0,110, 0, 0, 7, 14, 3263, 35, 33
1, 4, 21, 6, 55, 249, 0, 0.0119048,110, 0, 0, 7, 16, 3948, 37, 36
1, 4, 21, 7, 55, 234, 0, 0.0149254,110, 0, 0, 7, 16, 3743, 38, 35
1, 4, 21, 8, 55, 81, 0, 0.0133333,110, 0, 0, 6, 8, 1430, 37, 24
1, 4, 21, 9, 55, 91, 0, 0,110, 0, 0, 6, 9, 1582, 35, 24
1, 4, 21, 10, 55, 177, 0, 0,110, 0, 0, 6, 13, 2878, 35, 30
1, 4, 21, 11, 55, 166, 0, 0,110, 0, 0, 7, 12, 2736, 36, 30
1, 4, 21, 12, 55, 228, 0, 0,110, 0, 0, 7, 15, 3643, 35, 34
1, 4, 21, 13, 55, 221, 0, 0.02,110, 0, 0, 7, 15, 3554, 38, 34
1, 4, 21, 14, 55, 247, 0, 0,110, 0, 0, 7, 16, 4105, 36, 35
1, 4, 21, 15, 55, 252, 0, 0,110, 0, 0, 7, 16, 4016, 37, 35
1, 4, 21, 16, 55, 173, 0, 0.010101,110, 0, 0, 6, 13, 2831, 37, 30
1, 4, 21, 17, 55, 223, 0, 0,110, 0, 0, 7, 15, 3572, 35, 34
1, 4, 21, 18, 55, 225, 0, 0,110, 0, 0, 7, 15, 3596, 37, 34
1, 4, 21, 19, 55, 272, 0, 0,110, 0, 0, 7, 18, 4289, 35, 37
1, 4, 21, 20, 55, 224, 0, 0,110, 0, 0, 7, 15, 3632, 36, 34
1, 4, 22, 1, 58, 219, 0, 0,116, 0, 0, 7, 15, 3706, 37, 34
1, 4, 22, 2, 58, 122, 0, 0.0135135,116, 0, 0, 6, 10, 2146, 38, 27
1, 4, 22, 3, 58, 184, 0.0222222, 0.0579365,116, 1, 1, 7, 14, 3148, 54, 32
1, 4, 22, 4, 58, 236, 0, 0,116, 0, 0, 7, 16, 3953, 37, 35
1, 4, 22, 5, 58, 201, 0, 0,116, 0, 0, 7, 14, 3418, 37, 33
1, 4, 22, 6, 58, 249, 0, 0,116, 0, 0, 7, 16, 4160, 38, 36
1, 4, 22, 7, 58, 234, 0, 0,116, 0, 0, 7, 16, 3938, 37, 35
1, 4, 22, 8, 58, 81, 0, 0.0268468,116, 0, 0, 6, 9, 1514, 40, 24
1, 4, 22, 9, 58, 91, 0, 0.0125,116, 0, 0, 6, 9, 1703, 38, 25
1, 4, 22, 10, 58, 177, 0, 0.020018,116, 0, 0, 6, 13, 3034, 39, 31
1, 4, 22, 11, 58, 166, 0, 0,116, 0, 0, 7, 13, 2856, 37, 31
1, 4, 22, 12, 58, 228, 0, 0,116, 0, 0, 7, 16, 3879, 40, 35
1, 4, 22, 13, 58, 221, 0, 0,116, 0, 0, 7, 15, 3754, 37, 35
1, 4, 22, 14, 58, 247, 0, 0,116, 0, 0, 7, 17, 4134, 38, 36
1, 4, 22, 15, 58, 252, 0, 0,116, 0, 0, 7, 16, 4211, 37, 36
1, 4, 22, 16, 58, 173, 0, 0.0308349,116, 0, 0, 7, 13, 2974, 38, 31
1, 4, 22, 17, 58, 223, 0, 0.0166667,116, 0, 0, 7, 15, 3756, 38, 34
1, 4, 22, 18, 58, 225, 0, 0,116, 0, 0, 7, 16, 3792, 37, 35
1, 4, 22, 19, 58, 272, 0, 0,116, 0, 0, 7, 17, 4511, 37, 38
1, 4, 22, 20, 58, 224, 0, 0,116, 0, 0, 7, 15, 3776, 37, 34
1, 4, 22, 21, 58, 157, 0, 0,116, 0, 0, 6, 13, 2721, 38, 30
1, 4, 23, 1, 64, 219, 0, 0,128, 0, 0, 7, 15, 4063, 41, 34
1, 4, 23, 2, 64, 122, 0, 0,128, 0, 0, 6, 11, 2385, 40, 27
1, 4, 23, 3, 64, 184, 0, 0,128, 0, 0, 6, 14, 3462, 41, 32
1, 4, 23, 4, 64, 236, 0, 0,128, 0, 0, 7, 16, 4356, 41, 35
1, 4, 23, 5, 64, 201, 0, 0,128, 0, 0, 7, 14, 3751, 41, 33
1, 4, 23, 6, 64, 249, 0, 0,128, 0, 0, 7, 17, 4693, 40, 37
1, 4, 23, 7, 64, 234, 0, 0.0136986,128, 0, 0, 7, 16, 4344, 42, 36
1, 4, 23, 8, 64, 81, 0, 0,128, 0, 0, 6, 9, 1664, 40, 24
1, 4, 23, 9, 64, 91, 0, 0,128, 0, 0, 6, 9, 1830, 41, 25
1, 4, 23, 10, 64, 177, 0, 0.0172414,128, 0, 0, 6, 13, 3350, 42, 31
1, 4, 23, 11, 64, 166, 0, 0,128, 0, 0, 6, 13, 3140, 40, 30
1, 4, 23, 12, 64, 228, 0, 0.03125,128, 0, 0, 7, 16, 4228, 42, 35
1, 4, 23, 13, 64, 221, 0, 0,128, 0, 0, 7, 15, 4146, 41, 34
1, 4, 23, 14, 64, 247, 0, 0.0106383,128, 0, 0, 7, 17, 4548, 42, 36
1, 4, 23, 15, 64, 252, 0, 0.0181818,128, 0, 0, 7, 17, 4641, 41, 36
1, 4, 23, 16, 64, 173, 0, 0.0107527,128, 0, 0, 6, 13, 3266, 42, 31
1, 4, 23, 17, 64, 223, 0, 0.0142857,128, 0, 0, 7, 15, 4147, 44, 35
1, 4, 23, 18, 64, 225, 0, 0,128, 0, 0, 7, 15, 4161, 41, 35
1, 4, 23, 19, 64, 272, 0, 0,128, 0, 0, 7, 18, 5001, 41, 38
1, 4, 23, 20, 64, 224, 0, 0,128, 0, 0, 7, 16, 4192, 41, 35
1, 4, 23, 21, 64, 157, 0, 0,128, 0, 0, 6, 12, 3013, 41, 30
1, 4, 23, 22, 64, 193, 0, 0,128, 0, 0, 6, 14, 3637, 41, 32
1, 4, 24, 1, 63, 219, 0, 0,126, 0, 0, 7, 16, 4048, 41, 35
1, 4, 24, 2, 63, 122, 0, 0.015873,126, 0, 0, 6, 11, 2340, 42, 28
1, 4, 24, 3, 63, 184, 0.0070922, 0.0177305,126, 1, 1, 6, 14, 3397, 41, 32
1, 4, 24, 4, 63, 236, 0, 0.0119048,126, 0, 0, 7, 16, 4280, 41, 35
1, 4, 24, 5, 63, 201, 0, 0,126, 0, 0, 7, 15, 3709, 41, 34
1, 4, 24, 6, 63, 249, 0, 0,126, 0, 0, 7, 17, 4491, 40, 36
1, 4, 24, 7, 63, 234, 0, 0.03125,126, 0, 0, 7, 16, 4243, 41, 36
1, 4, 24, 8, 63, 81, 0, 0,126, 0, 0, 6, 9, 1643, 40, 24
1, 4, 24, 9, 63, 91, 0, 0,126, 0, 0, 6, 9, 1811, 40, 25
1, 4, 24, 10, 63, 177, 0, 0,126, 0, 0, 6, 13, 3319, 41, 31
1, 4, 24, 11, 63, 166, 0, 0,126, 0, 0, 6, 13, 3098, 40, 31
1, 4, 24, 12, 63, 228, 0, 0,126, 0, 0, 7, 16, 4128, 40, 35
1, 4, 24, 13, 63, 221, 0, 0,126, 0, 0, 7, 15, 4007, 40, 34
1, 4, 24, 14, 63, 247, 0, 0,126, 0, 0, 7, 17, 4463, 40, 37
1, 4, 24, 15, 63, 252, 0, 0,126, 0, 0, 7, 17, 4576, 40, 36
1, 4, 24, 16, 63, 173, 0, 0.00934579,126, 0, 0, 6, 13, 3235, 44, 31
1, 4, 24, 17, 63, 223, 0, 0.0126582,126, 0, 0, 7, 16, 4048, 41, 35
1, 4, 24, 18, 63, 225, 0, 0.025641,126, 0, 0, 7, 16, 4148, 42, 35
1, 4, 24, 19, 63, 272, 0, 0,126, 0, 0, 7, 18, 4897, 41, 38
1, 4, 24, 20, 63, 224, 0, 0,126, 0, 0, 7, 15, 4059, 40, 35
1, 4, 24, 21, 63, 157, 0, 0,126, 0, 0, 6, 13, 2923, 40, 30
1, 4, 24, 22, 63, 193, 0.00862069, 0.0209664,126, 1, 1, 7, 14, 3549, 41, 33
1, 4, 24, 23, 63, 231, 0, 0.0384073,126, 0, 0, 7, 16, 4194, 42, 35
1, 4, 25, 1, 60, 219, 0, 0,120, 0, 0, 7, 15, 3819, 39, 34
1, 4, 25, 2, 60, 122, 0, 0,120, 0, 0, 6, 10, 2218, 38, 27
1, 4, 25, 3, 60, 184, 0, 0,120, 0, 0, 7, 14, 3253, 39, 32
1, 4, 25, 4, 60, 236, 0, 0,120, 0, 0, 7, 16, 4124, 39, 35
1, 4, 25, 5, 60, 201, 0, 0.0111111,120, 0, 0, 7, 15, 3526, 40, 34
1, 4, 25, 6, 60, 249, 0, 0,120, 0, 0, 7, 17, 4316, 38, 36
1, 4, 25, 7, 60, 234, 0, 0,120, 0, 0, 7, 16, 4087, 38, 35
1, 4, 25, 8, 60, 81, 0, 0.0119048,120, 0, 0, 6, 9, 1555, 41, 25
1, 4, 25, 9, 60, 91, 0, 0,120, 0, 0, 6, 9, 1731, 38, 25
1, 4, 25, 10, 60, 177, 0, 0,120, 0, 0, 6, 13, 3164, 39, 31
1, 4, 25, 11, 60, 166, 0, 0,120, 0, 0, 6, 13, 2943, 38, 30
1, 4, 25, 12, 60, 228, 0, 0,120, 0, 0, 7, 15, 3956, 38, 35
1, 4, 25, 13, 60, 221, 0, 0,120, 0, 0, 7, 15, 3862, 39, 34
1, 4, 25, 14, 60, 247, 0, 0,120, 0, 0, 7, 16, 4281, 39, 36
1, 4, 25, 15, 60, 252, 0, 0,120, 0, 0, 7, 17, 4369, 38, 36
1, 4, 25, 16, 60, 173, 0, 0.010989,120, 0, 0, 6, 13, 3069, 39, 30
1, 4, 25, 17, 60, 223, 0, 0,120, 0, 0, 7, 15, 4079, 39, 35
1, 4, 25, 18, 60, 225, 0, 0,120, 0, 0, 7, 15, 3915, 38, 35
1, 4, 25, 19, 60, 272, 0, 0.0147059,120, 0, 0, 7, 18, 4666, 40, 38
1, 4, 25, 20, 60, 224, 0, 0,120, 0, 0, 7, 16, 3901, 38, 35
1, 4, 25, 21, 60, 157, 0, 0,120, 0, 0, 6, 12, 2787, 38, 29
1, 4, 25, 22, 60, 193, 0, 0,120, 0, 0, 7, 14, 3398, 38, 33
1, 4, 25, 23, 60, 231, 0, 0.0262796,120, 0, 0, 7, 16, 4019, 40, 35
1, 3, 2, 1, 1, 6, 0, 0,2, 0, 0, 5, 2, 171, 20, 16
1, 3, 3, 1, 66, 143, 0, 0.0605532,132, 0, 0, 6, 12, 2857, 59, 29
1, 3, 3, 2, 66, 166, 0, 0,132, 0, 0, 6, 13, 3249, 41, 31
1, 3, 4, 1, 45, 143, 0, 0.0598714,90, 0, 0, 6, 11, 1975, 33, 27
1, 3, 4, 2, 45, 166, 0, 0.0166667,90, 0, 0, 6, 12, 2238, 31, 29
1, 3, 4, 3, 45, 182, 0, 0,90, 0, 0, 6, 13, 2444, 29, 30
1, 3, 5, 1, 41, 143, 0, 0.0269736,82, 0, 0, 6, 11, 1802, 29, 27
1, 3, 5, 2, 41, 166, 0, 0,82, 0, 0, 6, 12, 2052, 28, 29
1, 3, 5, 3, 41, 182, 0, 0,82, 0, 0, 6, 13, 2236, 28, 29
1, 3, 5, 4, 41, 170, 0, 0.0172414,82, 0, 0, 6, 12, 2082, 29, 29
1, 3, 6, 1, 39, 143, 0, 0.0147059,78, 0, 0, 6, 11, 1762, 29, 27
1, 3, 6, 2, 39, 166, 0, 0,78, 0, 0, 6, 12, 1947, 26, 29
1, 3, 6, 3, 39, 182, 0, 0,78, 0, 0, 6, 13, 2134, 26, 29
1, 3, 6, 4, 39, 170, 0, 0,78, 0, 0, 6, 12, 1998, 26, 28
1, 3, 6, 5, 39, 156, 0, 0.0153846,78, 0, 0, 6, 11, 1838, 28, 27
1, 3, 7, 1, 80, 143, 0, 0.0149254,160, 0, 0, 6, 13, 3419, 50, 31
1, 3, 7, 2, 80, 166, 0, 0,160, 0, 0, 6, 14, 3945, 51, 32
1, 3, 7, 3, 80, 182, 0, 0,160, 0, 0, 6, 15, 4272, 48, 34
1, 3, 7, 4, 80, 170, 0, 0,160, 0, 0, 6, 14, 4002, 50, 32
1, 3, 7, 5, 80, 156, 0, 0.0276506,160, 0, 0, 6, 13, 3704, 51, 31
1, 3, 7, 6, 80, 201, 0, 0,160, 0, 0, 7, 16, 4700, 50, 36
1, 3, 8, 1, 50, 143, 0, 0.0717972,100, 0, 0, 6, 11, 2162, 36, 28
1, 3, 8, 2, 50, 166, 0, 0,100, 0, 0, 6, 12, 2482, 32, 29
1, 3, 8, 3, 50, 182, 0, 0,100, 0, 0, 6, 13, 2719, 32, 31
1, 3, 8, 4, 50, 170, 0, 0.0374126,100, 0, 0, 6, 12, 2543, 34, 30
1, 3, 8, 5, 50, 156, 0, 0,100, 0, 0, 6, 12, 2350, 34, 29
1, 3, 8, 6, 50, 201, 0, 0.037421,100, 0, 0, 7, 14, 2970, 35, 33
1, 3, 8, 7, 50, 249, 0, 0,100, 0, 0, 7, 16, 3610, 32, 35
1, 3, 9, 1, 62, 143, 0, 0.0402633,124, 0, 0, 6, 12, 2656, 41, 29
1, 3, 9, 2, 62, 166, 0, 0,124, 0, 0, 6, 13, 3059, 38, 31
1, 3, 9, 3, 62, 182, 0, 0,124, 0, 0, 6, 14, 3324, 39, 31
1, 3, 9, 4, 62, 170, 0, 0,124, 0, 0, 6, 13, 3105, 38, 31
1, 3, 9, 5, 62, 156, 0, 0.015625,124, 0, 0, 6, 12, 2912, 41, 30
1, 3, 9, 6, 62, 201, 0, 0,124, 0, 0, 7, 15, 3684, 40, 34
1, 3, 9, 7, 62, 249, 0, 0.0102041,124, 0, 0, 7, 17, 4474, 41, 37
1, 3, 9, 8, 62, 376, 0, 0.0263158,124, 0, 0, 8, 24, 6664, 41, 47
1, 3, 10, 1, 84, 143, 0, 0,168, 0, 0, 6, 13, 3648, 53, 31
1, 3, 10, 2, 84, 166, 0, 0,168, 0, 0, 6, 14, 4116, 51, 33
1, 3, 10, 3, 84, 182, 0, 0,168, 0, 0, 6, 15, 4493, 51, 34
1, 3, 10, 4, 84, 170, 0, 0,168, 0, 0, 6, 14, 4201, 51, 33
1, 3, 10, 5, 84, 156, 0, 0,168, 0, 0, 6, 14, 3905, 51, 32
1, 3, 10, 6, 84, 201, 0, 0.0140845,168, 0, 0, 7, 16, 4909, 53, 36
1, 3, 10, 7, 84, 249, 0, 0.0113636,168, 0, 0, 7, 18, 6021, 53, 39
1, 3, 10, 8, 84, 376, 0, 0,168, 0, 0, 8, 24, 8938, 51, 50
1, 3, 10, 9, 84, 123, 0, 0,168, 0, 0, 6, 12, 3128, 51, 29
1, 3, 11, 1, 74, 143, 0, 0.0163934,148, 0, 0, 6, 12, 3157, 47, 30
1, 3, 11, 2, 74, 166, 0.0142857, 0.0236315,148, 1, 1, 6, 14, 3656, 47, 32
1, 3, 11, 3, 74, 182, 0, 0,148, 0, 0, 6, 14, 3945, 45, 32
1, 3, 11, 4, 74, 170, 0, 0.0438164,148, 0, 0, 6, 14, 3746, 49, 32
1, 3, 11, 5, 74, 156, 0, 0.0138889,148, 0, 0, 6, 13, 3440, 47, 31
1, 3, 11, 6, 74, 201, 0, 0,148, 0, 0, 7, 15, 4342, 46, 34
1, 3, 11, 7, 74, 249, 0, 0.011236,148, 0, 0, 7, 17, 5317, 49, 38
1, 3, 11, 8, 74, 376, 0, 0,148, 0, 0, 8, 24, 7875, 45, 48
1, 3, 11, 9, 74, 123, 0, 0.0113636,148, 0, 0, 6, 11, 2784, 47, 28
1, 3, 11, 10, 74, 164, 0, 0.0121951,148, 0, 0, 6, 13, 3625, 47, 31
1, 3, 12, 1, 31, 143, 0, 0.0423151,62, 0, 0, 6, 10, 1386, 24, 26
1, 3, 12, 2, 31, 166, 0, 0,62, 0, 0, 6, 12, 1580, 22, 28
1, 3, 12, 3, 31, 182, 0, 0,62, 0, 0, 6, 12, 1713, 21, 28
1, 3, 12, 4, 31, 170, 0, 0.0311767,62, 0, 0, 6, 12, 1615, 23, 28
1, 3, 12, 5, 31, 156, 0, 0.0272222,62, 0, 0, 6, 11, 1487, 23, 27
1, 3, 12, 6, 31, 201, 0, 0,62, 0, 0, 7, 13, 1853, 21, 30
1, 3, 12, 7, 31, 249, 0, 0,62, 0, 0, 7, 16, 2274, 21, 33
1, 3, 12, 8, 31, 376, 0, 0,62, 0, 0, 8, 22, 3348, 21, 41
1, 3, 12, 9, 31, 123, 0, 0,62, 0, 0, 6, 9, 1212, 22, 24
1, 3, 12, 10, 31, 164, 0, 0,62, 0, 0, 6, 11, 1557, 21, 27
1, 3, 12, 11, 31, 128, 0, 0.0142857,62, 0, 0, 6, 9, 1241, 23, 25
1, 3, 13, 1, 48, 143, 0, 0.0240166,96, 0, 0, 6, 11, 2087, 33, 28
1, 3, 13, 2, 48, 166, 0, 0.0287904,96, 0, 0, 6, 12, 2393, 34, 29
1, 3, 13, 3, 48, 182, 0, 0.0166667,96, 0, 0, 6, 13, 2643, 33, 31
1, 3, 13, 4, 48, 170, 0, 0,96, 0, 0, 6, 12, 2421, 31, 29
1, 3, 13, 5, 48, 156, 0, 0.0274024,96, 0, 0, 6, 12, 2259, 46, 29
1, 3, 13, 6, 48, 201, 0, 0,96, 0, 0, 7, 14, 2842, 31, 32
1, 3, 13, 7, 48, 249, 0, 0,96, 0, 0, 7, 16, 3471, 31, 35
1, 3, 13, 8, 48, 376, 0, 0,96, 0, 0, 8, 23, 5131, 31, 44
1, 3, 13, 9, 48, 123, 0, 0,96, 0, 0, 6, 10, 1824, 46, 26
1, 3, 13, 10, 48, 164, 0, 0,96, 0, 0, 6, 12, 2371, 32, 29
1, 3, 13, 11, 48, 128, 0, 0.00917431,96, 0, 0, 6, 10, 1916, 34, 27
1, 3, 13, 12, 48, 114, 0, 0,96, 0, 0, 6, 10, 1702, 32, 26
1, 3, 14, 1, 33, 143, 0, 0.0298507,66, 0, 0, 6, 10, 1450, 24, 26
1, 3, 14, 2, 33, 166, 0, 0,66, 0, 0, 6, 11, 1651, 23, 28
1, 3, 14, 3, 33, 182, 0, 0.0196078,66, 0, 0, 6, 13, 1824, 24, 29
1, 3, 14, 4, 33, 170, 0, 0,66, 0, 0, 6, 11, 1699, 23, 28
1, 3, 14, 5, 33, 156, 0, 0.028125,66, 0, 0, 6, 11, 1591, 25, 27
1, 3, 14, 6, 33, 201, 0, 0,66, 0, 0, 7, 13, 2001, 23, 30
1, 3, 14, 7, 33, 249, 0, 0,66, 0, 0, 7, 16, 2412, 23, 33
1, 3, 14, 8, 33, 376, 0, 0,66, 0, 0, 8, 22, 3607, 23, 42
1, 3, 14, 9, 33, 123, 0, 0,66, 0, 0, 6, 9, 1306, 22, 25
1, 3, 14, 10, 33, 164, 0, 0,66, 0, 0, 6, 11, 1693, 23, 27
1, 3, 14, 11, 33, 128, 0, 0,66, 0, 0, 6, 10, 1331, 22, 25
1, 3, 14, 12, 33, 114, 0, 0,66, 0, 0, 6, 9, 1190, 23, 24
1, 3, 14, 13, 33, 234, 0, 0,66, 0, 0, 7, 15, 2283, 23, 32
1, 3, 15, 1, 57, 143, 0.00869565, 0.0234015,114, 1, 1, 6, 12, 2465, 39, 29
1, 3, 15, 2, 57, 166, 0, 0,114, 0, 0, 6, 13, 2821, 36, 30
1, 3, 15, 3, 57, 182, 0, 0.00990099,114, 0, 0, 6, 14, 3092, 38, 32
1, 3, 15, 4, 57, 170, 0, 0.0172414,114, 0, 0, 6, 13, 2897, 38, 30
1, 3, 15, 5, 57, 156, 0, 0,114, 0, 0, 6, 12, 2662, 36, 30
1, 3, 15, 6, 57, 201, 0, 0.02,114, 0, 0, 7, 15, 3364, 38, 34
1, 3, 15, 7, 57, 249, 0, 0,114, 0, 0, 7, 17, 4148, 37, 37
1, 3, 15, 8, 57, 376, 0, 0,114, 0, 0, 8, 23, 6072, 36, 46
1, 3, 15, 9, 57, 123, 0, 0.0433819,114, 0, 0, 6, 11, 2136, 38, 27
1, 3, 15, 10, 57, 164, 0, 0.0238566,114, 0, 0, 6, 13, 2798, 40, 30
1, 3, 15, 11, 57, 128, 0, 0,114, 0, 0, 6, 11, 2217, 36, 28
1, 3, 15, 12, 57, 114, 0, 0.0135135,114, 0, 0, 6, 10, 2004, 40, 27
1, 3, 15, 13, 57, 234, 0, 0,114, 0, 0, 7, 16, 3885, 36, 35
1, 3, 15, 14, 57, 177, 0, 0.0178571,114, 0, 0, 6, 13, 2994, 37, 31
1, 3, 16, 1, 42, 143, 0.0273133, 0.0426376,84, 2, 2, 6, 11, 1828, 29, 27
1, 3, 16, 2, 42, 166, 0, 0,84, 0, 0, 7, 12, 2106, 28, 29
1, 3, 16, 3, 42, 182, 0, 0.0496032,84, 0, 0, 6, 13, 2296, 31, 29
1, 3, 16, 4, 42, 170, 0, 0,84, 0, 0, 6, 12, 2132, 28, 29
1, 3, 16, 5, 42, 156, 0, 0.0144928,84, 0, 0, 6, 12, 1996, 29, 28
1, 3, 16, 6, 42, 201, 0, 0,84, 0, 0, 7, 14, 2504, 28, 31
1, 3, 16, 7, 42, 249, 0, 0,84, 0, 0, 7, 16, 3067, 30, 34
1, 3, 16, 8, 42, 376, 0, 0,84, 0, 0, 8, 22, 4508, 27, 44
1, 3, 16, 9, 42, 123, 0, 0,84, 0, 0, 6, 10, 1610, 28, 25
1, 3, 16, 10, 42, 164, 0, 0,84, 0, 0, 6, 12, 2065, 28, 28
1, 3, 16, 11, 42, 128, 0, 0.012987,84, 0, 0, 6, 10, 1655, 29, 27
1, 3, 16, 12, 42, 114, 0, 0,84, 0, 0, 6, 9, 1489, 28, 25
1, 3, 16, 13, 42, 234, 0, 0,84, 0, 0, 7, 15, 2878, 28, 33
1, 3, 16, 14, 42, 177, 0, 0,84, 0, 0, 6, 12, 2218, 28, 29
1, 3, 16, 15, 42, 166, 0, 0,84, 0, 0, 6, 12, 2097, 28, 28
1, 3, 17, 1, 57, 143, 0, 0.0468599,114, 0, 0, 6, 12, 2460, 39, 29
1, 3, 17, 2, 57, 166, 0, 0,114, 0, 0, 6, 13, 2820, 36, 30
1, 3, 17, 3, 57, 182, 0, 0,114, 0, 0, 6, 13, 3059, 36, 31
1, 3, 17, 4, 57, 170, 0, 0.0192308,114, 0, 0, 6, 13, 2895, 39, 31
1, 3, 17, 5, 57, 156, 0, 0.0140845,114, 0, 0, 6, 12, 2650, 37, 30
1, 3, 17, 6, 57, 201, 0, 0.010101,114, 0, 0, 7, 15, 3389, 38, 33
1, 3, 17, 7, 57, 249, 0, 0,114, 0, 0, 7, 17, 4107, 36, 36
1, 3, 17, 8, 57, 376, 0, 0,114, 0, 0, 8, 23, 6120, 37, 46
1, 3, 17, 9, 57, 123, 0, 0,114, 0, 0, 6, 11, 2148, 36, 27
1, 3, 17, 10, 57, 164, 0.0125, 0.0447013,114, 1, 1, 6, 13, 2775, 41, 30
1, 3, 17, 11, 57, 128, 0, 0,114, 0, 0, 6, 11, 2245, 37, 28
1, 3, 17, 12, 57, 114, 0, 0,114, 0, 0, 6, 10, 2004, 37, 27
1, 3, 17, 13, 57, 234, 0, 0,114, 0, 0, 7, 16, 3879, 36, 35
1, 3, 17, 14, 57, 177, 0, 0,114, 0, 0, 7, 13, 2996, 37, 31
1, 3, 17, 15, 57, 166, 0, 0,114, 0, 0, 6, 12, 2852, 37, 30
1, 3, 17, 16, 57, 311, 0, 0,114, 0, 0, 7, 19, 5074, 36, 41
1, 3, 18, 1, 70, 143, 0, 0.0279843,140, 0, 0, 6, 12, 3008, 47, 30
1, 3, 18, 2, 70, 166, 0, 0,140, 0, 0, 6, 13, 3439, 44, 31
1, 3, 18, 3, 70, 182, 0, 0,140, 0, 0, 6, 14, 3732, 43, 32
1, 3, 18, 4, 70, 170, 0, 0,140, 0, 0, 6, 13, 3521, 43, 31
1, 3, 18, 5, 70, 156, 0, 0.0432125,140, 0, 0, 6, 13, 3249, 45, 30
1, 3, 18, 6, 70, 201, 0, 0,140, 0, 0, 7, 15, 4136, 44, 34
1, 3, 18, 7, 70, 249, 0, 0,140, 0, 0, 7, 17, 5014, 43, 37
1, 3, 18, 8, 70, 376, 0, 0,140, 0, 0, 8, 23, 7445, 43, 47
1, 3, 18, 9, 70, 123, 0, 0.0153846,140, 0, 0, 6, 11, 2617, 45, 28
1, 3, 18, 10, 70, 164, 0, 0.027032,140, 0, 0, 6, 13, 3415, 46, 31
1, 3, 18, 11, 70, 128, 0, 0.0151515,140, 0, 0, 6, 11, 2714, 54, 28
1, 3, 18, 12, 70, 114, 0, 0,140, 0, 0, 6, 11, 2476, 44, 27
1, 3, 18, 13, 70, 234, 0, 0,140, 0, 0, 7, 16, 4748, 46, 36
1, 3, 18, 14, 70, 177, 0, 0.0188679,140, 0, 0, 6, 13, 3648, 44, 31
1, 3, 18, 15, 70, 166, 0, 0,140, 0, 0, 6, 13, 3477, 44, 31
1, 3, 18, 16, 70, 311, 0, 0.016129,140, 0, 0, 8, 20, 6212, 45, 42
1, 3, 18, 17, 70, 212, 0, 0,140, 0, 0, 7, 15, 4308, 43, 34
1, 3, 19, 1, 30, 143, 0, 0.0322497,60, 0, 0, 6, 10, 1334, 23, 26
1, 3, 19, 2, 30, 166, 0, 0,60, 0, 0, 6, 11, 1510, 21, 27
1, 3, 19, 3, 30, 182, 0, 0,60, 0, 0, 6, 12, 1638, 22, 28
1, 3, 19, 4, 30, 170, 0.0111111, 0.04169,60, 1, 1, 6, 11, 1542, 23, 27
1, 3, 19, 5, 30, 156, 0, 0.0279734,60, 0, 0, 6, 11, 1431, 23, 27
1, 3, 19, 6, 30, 201, 0, 0,60, 0, 0, 7, 13, 1810, 22, 30
1, 3, 19, 7, 30, 249, 0, 0,60, 0, 0, 7, 15, 2188, 21, 33
1, 3, 19, 8, 30, 376, 0, 0,60, 0, 0, 8, 22, 3252, 23, 41
1, 3, 19, 9, 30, 123, 0, 0,60, 0, 0, 6, 9, 1155, 22, 25
1, 3, 19, 10, 30, 164, 0, 0,60, 0, 0, 6, 11, 1510, 22, 27
1, 3, 19, 11, 30, 128, 0, 0,60, 0, 0, 6, 9, 1220, 22, 25
1, 3, 19, 12, 30, 114, 0, 0,60, 0, 0, 6, 9, 1101, 21, 24
1, 3, 19, 13, 30, 234, 0, 0,60, 0, 0, 7, 15, 2081, 22, 32
1, 3, 19, 14, 30, 177, 0.0147059, 0.0434605,60, 1, 1, 7, 12, 1602, 23, 28
1, 3, 19, 15, 30, 166, 0, 0,60, 0, 0, 6, 11, 1511, 21, 27
1, 3, 19, 16, 30, 311, 0, 0,60, 0, 0, 7, 18, 2714, 21, 37
1, 3, 19, 17, 30, 212, 0, 0,60, 0, 0, 7, 13, 1903, 21, 30
1, 3, 19, 18, 30, 171, 0, 0,60, 0, 0, 6, 11, 1562, 21, 28
1, 3, 20, 1, 72, 143, 0.0113636, 0.0335234,144, 1, 1, 7, 12, 3093, 46, 31
1, 3, 20, 2, 72, 166, 0, 0,144, 0, 0, 7, 13, 3540, 45, 32
1, 3, 20, 3, 72, 182, 0, 0,144, 0, 0, 6, 14, 3843, 44, 33
1, 3, 20, 4, 72, 170, 0, 0.0128205,144, 0, 0, 7, 14, 3607, 46, 32
1, 3, 20, 5, 72, 156, 0, 0.0276294,144, 0, 0, 6, 13, 3346, 46, 31
1, 3, 20, 6, 72, 201, 0, 0,144, 0, 0, 7, 15, 4235, 44, 35
1, 3, 20, 7, 72, 249, 0, 0,144, 0, 0, 7, 17, 5194, 45, 38
1, 3, 20, 8, 72, 376, 0, 0,144, 0, 0, 8, 24, 7659, 44, 48
1, 3, 20, 9, 72, 123, 0, 0.00900901,144, 0, 0, 6, 11, 2681, 46, 28
1, 3, 20, 10, 72, 164, 0, 0,144, 0, 0, 6, 13, 3496, 45, 32
1, 3, 20, 11, 72, 128, 0, 0,144, 0, 0, 6, 11, 2791, 44, 29
1, 3, 20, 12, 72, 114, 0, 0.010101,144, 0, 0, 6, 11, 2506, 46, 28
1, 3, 20, 13, 72, 234, 0, 0,144, 0, 0, 7, 17, 4885, 46, 37
1, 3, 20, 14, 72, 177, 0, 0,144, 0, 0, 7, 14, 3750, 44, 32
1, 3, 20, 15, 72, 166, 0, 0,144, 0, 0, 6, 13, 3563, 46, 32
1, 3, 20, 16, 72, 311, 0, 0,144, 0, 0, 8, 20, 6377, 45, 43
1, 3, 20, 17, 72, 212, 0, 0,144, 0, 0, 7, 16, 4433, 44, 35
1, 3, 20, 18, 72, 171, 0, 0,144, 0, 0, 7, 14, 3650, 44, 33
1, 3, 20, 19, 72, 188, 0, 0,144, 0, 0, 7, 15, 3965, 45, 34
1, 3, 21, 1, 55, 143, 0, 0.0397215,110, 0, 0, 6, 11, 2368, 37, 28
1, 3, 21, 2, 55, 166, 0, 0,110, 0, 0, 6, 13, 2756, 38, 30
1, 3, 21, 3, 55, 182, 0, 0,110, 0, 0, 7, 14, 2968, 35, 32
1, 3, 21, 4, 55, 170, 0, 0.0128205,110, 0, 0, 6, 13, 2788, 37, 31
1, 3, 21, 5, 55, 156, 0, 0.0270715,110, 0, 0, 6, 12, 2581, 36, 29
1, 3, 21, 6, 55, 201, 0, 0,110, 0, 0, 7, 15, 3239, 36, 33
1, 3, 21, 7, 55, 249, 0, 0.0119048,110, 0, 0, 7, 17, 3958, 36, 37
1, 3, 21, 8, 55, 376, 0, 0,110, 0, 0, 8, 23, 5886, 35, 46
1, 3, 21, 9, 55, 123, 0, 0,110, 0, 0, 6, 10, 2078, 49, 27
1, 3, 21, 10, 55, 164, 0, 0.0119048,110, 0, 0, 6, 12, 2690, 36, 30
1, 3, 21, 11, 55, 128, 0.00564972, 0.0137798,110, 1, 1, 6, 11, 2158, 37, 27
1, 3, 21, 12, 55, 114, 0, 0.00961538,110, 0, 0, 6, 10, 1938, 38, 27
1, 3, 21, 13, 55, 234, 0, 0,110, 0, 0, 7, 16, 3742, 37, 35
1, 3, 21, 14, 55, 177, 0, 0,110, 0, 0, 6, 13, 2902, 35, 31
1, 3, 21, 15, 55, 166, 0, 0,110, 0, 0, 6, 12, 2727, 35, 30
1, 3, 21, 16, 55, 311, 0, 0,110, 0, 0, 8, 20, 4897, 35, 41
1, 3, 21, 17, 55, 212, 0, 0,110, 0, 0, 7, 15, 3415, 35, 34
1, 3, 21, 18, 55, 171, 0, 0,110, 0, 0, 7, 13, 2810, 35, 30
1, 3, 21, 19, 55, 188, 0, 0.010101,110, 0, 0, 7, 14, 3060, 36, 32
1, 3, 21, 20, 55, 974, 0, 0,110, 0, 0, 11, 53, 14850, 35, 88
1, 3, 22, 1, 58, 143, 0, 0.0285312,116, 0, 0, 6, 12, 2493, 38, 29
1, 3, 22, 2, 58, 166, 0, 0.0106383,116, 0, 0, 7, 13, 2854, 38, 30
1, 3, 22, 3, 58, 182, 0, 0,116, 0, 0, 7, 14, 3113, 37, 32
1, 3, 22, 4, 58, 170, 0, 0,116, 0, 0, 7, 13, 2933, 36, 31
1, 3, 22, 5, 58, 156, 0.00943396, 0.0382169,116, 1, 1, 6, 12, 2735, 40, 30
1, 3, 22, 6, 58, 201, 0, 0,116, 0, 0, 7, 14, 3406, 36, 33
1, 3, 22, 7, 58, 249, 0, 0,116, 0, 0, 7, 17, 4184, 36, 36
1, 3, 22, 8, 58, 376, 0, 0.0297268,116, 0, 0, 8, 23, 6303, 39, 46
1, 3, 22, 9, 58, 123, 0, 0,116, 0, 0, 6, 11, 2186, 36, 27
1, 3, 22, 10, 58, 164, 0, 0,116, 0, 0, 6, 13, 2824, 37, 30
1, 3, 22, 11, 58, 128, 0, 0,116, 0, 0, 6, 11, 2262, 39, 28
1, 3, 22, 12, 58, 114, 0, 0,116, 0, 0, 7, 10, 2038, 39, 27
1, 3, 22, 13, 58, 234, 0, 0,116, 0, 0, 7, 16, 3991, 37, 36
1, 3, 22, 14, 58, 177, 0, 0.020018,116, 0, 0, 6, 13, 3044, 39, 31
1, 3, 22, 15, 58, 166, 0, 0,116, 0, 0, 6, 13, 2888, 37, 31
1, 3, 22, 16, 58, 311, 0, 0,116, 0, 0, 8, 20, 5156, 37, 42
1, 3, 22, 17, 58, 212, 0.0163934, 0.0426476,116, 1, 1, 7, 15, 3592, 38, 34
1, 3, 22, 18, 58, 171, 0, 0.016129,116, 0, 0, 7, 13, 2956, 39, 31
1, 3, 22, 19, 58, 188, 0, 0.0151515,116, 0, 0, 7, 14, 3224, 38, 32
1, 3, 22, 20, 58, 974, 0, 0,116, 0, 0, 11, 53, 15657, 37, 89
1, 3, 22, 21, 58, 580, 0, 0,116, 0, 0, 9, 33, 9466, 37, 61
1, 3, 23, 1, 64, 143, 0, 0.0300905,128, 0, 0, 6, 12, 2760, 42, 29
1, 3, 23, 2, 64, 166, 0, 0,128, 0, 0, 6, 13, 3157, 41, 31
1, 3, 23, 3, 64, 182, 0, 0,128, 0, 0, 6, 14, 3434, 42, 32
1, 3, 23, 4, 64, 170, 0, 0,128, 0, 0, 7, 13, 3201, 40, 31
1, 3, 23, 5, 64, 156, 0, 0.0297619,128, 0, 0, 6, 13, 3005, 45, 30
1, 3, 23, 6, 64, 201, 0, 0,128, 0, 0, 7, 15, 3762, 40, 34
1, 3, 23, 7, 64, 249, 0, 0,128, 0, 0, 7, 17, 4608, 40, 37
1, 3, 23, 8, 64, 376, 0, 0.0142857,128, 0, 0, 8, 23, 6808, 41, 47
1, 3, 23, 9, 64, 123, 0, 0,128, 0, 0, 6, 11, 2389, 40, 27
1, 3, 23, 10, 64, 164, 0, 0,128, 0, 0, 6, 13, 3144, 43, 31
1, 3, 23, 11, 64, 128, 0, 0,128, 0, 0, 6, 11, 2490, 40, 28
1, 3, 23, 12, 64, 114, 0, 0.0114943,128, 0, 0, 6, 10, 2237, 41, 27
1, 3, 23, 13, 64, 234, 0, 0,128, 0, 0, 7, 16, 4374, 40, 36
1, 3, 23, 14, 64, 177, 0, 0.0172414,128, 0, 0, 6, 14, 3377, 43, 32
1, 3, 23, 15, 64, 166, 0, 0,128, 0, 0, 6, 13, 3151, 40, 31
1, 3, 23, 16, 64, 311, 0, 0,128, 0, 0, 7, 20, 5695, 41, 42
1, 3, 23, 17, 64, 212, 0, 0,128, 0, 0, 7, 15, 3951, 40, 35
1, 3, 23, 18, 64, 171, 0, 0.0357143,128, 0, 0, 6, 13, 3250, 43, 31
1, 3, 23, 19, 64, 188, 0, 0,128, 0, 0, 7, 14, 3560, 41, 33
1, 3, 23, 20, 64, 974, 0, 0.0144928,128, 0, 0, 11, 54, 17427, 43, 91
1, 3, 23, 21, 64, 580, 0, 0,128, 0, 0, 9, 33, 10377, 40, 62
1, 3, 23, 22, 64, 236, 0, 0,128, 0, 0, 7, 17, 4388, 40, 36
1, 3, 24, 1, 63, 143, 0.0119048, 0.0944687,126, 1, 1, 6, 12, 2698, 42, 29
1, 3, 24, 2, 63, 166, 0.01, 0.0242857,126, 1, 1, 6, 13, 3089, 41, 31
1, 3, 24, 3, 63, 182, 0, 0.02,126, 0, 0, 6, 14, 3379, 59, 32
1, 3, 24, 4, 63, 170, 0, 0,126, 0, 0, 6, 13, 3151, 39, 31
1, 3, 24, 5, 63, 156, 0, 0.0432484,126, 0, 0, 6, 12, 2936, 41, 30
1, 3, 24, 6, 63, 201, 0, 0,126, 0, 0, 7, 15, 3705, 39, 34
1, 3, 24, 7, 63, 249, 0, 0,126, 0, 0, 7, 17, 4534, 39, 37
1, 3, 24, 8, 63, 376, 0, 0.033179,126, 0, 0, 8, 23, 6813, 44, 47
1, 3, 24, 9, 63, 123, 0, 0.019259,126, 0, 0, 6, 11, 2357, 41, 28
1, 3, 24, 10, 63, 164, 0, 0.0172414,126, 0, 0, 6, 13, 3086, 41, 31
1, 3, 24, 11, 63, 128, 0, 0.0281746,126, 0, 0, 6, 11, 2442, 41, 28
1, 3, 24, 12, 63, 114, 0, 0.0302832,126, 0, 0, 6, 10, 2197, 41, 27
1, 3, 24, 13, 63, 234, 0, 0,126, 0, 0, 7, 16, 4291, 39, 36
1, 3, 24, 14, 63, 177, 0, 0,126, 0, 0, 6, 14, 3287, 39, 32
1, 3, 24, 15, 63, 166, 0, 0,126, 0, 0, 6, 13, 3087, 40, 31
1, 3, 24, 16, 63, 311, 0, 0,126, 0, 0, 8, 20, 5608, 40, 42
1, 3, 24, 17, 63, 212, 0, 0.0540541,126, 0, 0, 7, 15, 3911, 42, 34
1, 3, 24, 18, 63, 171, 0, 0.0188679,126, 0, 0, 6, 13, 3201, 41, 31
1, 3, 24, 19, 63, 188, 0, 0,126, 0, 0, 7, 14, 3474, 39, 33
1, 3, 24, 20, 63, 974, 0, 0.016129,126, 0, 0, 11, 53, 16962, 41, 90
1, 3, 24, 21, 63, 580, 0, 0.0384758,126, 0, 0, 9, 33, 10293, 42, 62
1, 3, 24, 22, 63, 236, 0, 0,126, 0, 0, 7, 16, 4313, 40, 36
1, 3, 24, 23, 63, 311, 0, 0.0621686,126, 0, 0, 7, 20, 5609, 42, 42
1, 3, 25, 1, 60, 143, 0.03125, 0.104544,120, 1, 1, 6, 12, 2580, 43, 29
1, 3, 25, 2, 60, 166, 0, 0,120, 0, 0, 7, 13, 2952, 38, 31
1, 3, 25, 3, 60, 182, 0, 0.0142857,120, 0, 0, 7, 14, 3210, 39, 32
1, 3, 25, 4, 60, 170, 0, 0.00869565,120, 0, 0, 6, 13, 3034, 39, 31
1, 3, 25, 5, 60, 156, 0, 0.0291385,120, 0, 0, 6, 12, 2794, 39, 30
1, 3, 25, 6, 60, 201, 0, 0.0111111,120, 0, 0, 7, 15, 3536, 39, 34
1, 3, 25, 7, 60, 249, 0, 0,120, 0, 0, 7, 17, 4327, 38, 37
1, 3, 25, 8, 60, 376, 0, 0.0222222,120, 0, 0, 8, 23, 6397, 39, 47
1, 3, 25, 9, 60, 123, 0.00884956, 0.0148737,120, 1, 1, 6, 11, 2280, 38, 27
1, 3, 25, 10, 60, 164, 0, 0,120, 0, 0, 6, 13, 2926, 38, 30
1, 3, 25, 11, 60, 128, 0, 0,120, 0, 0, 6, 11, 2364, 39, 28
1, 3, 25, 12, 60, 114, 0, 0.0108696,120, 0, 0, 6, 10, 2105, 39, 27
1, 3, 25, 13, 60, 234, 0, 0,120, 0, 0, 7, 16, 4104, 40, 35
1, 3, 25, 14, 60, 177, 0, 0,120, 0, 0, 7, 13, 3149, 38, 32
1, 3, 25, 15, 60, 166, 0, 0,120, 0, 0, 6, 13, 2960, 37, 31
1, 3, 25, 16, 60, 311, 0, 0,120, 0, 0, 8, 20, 5348, 38, 42
1, 3, 25, 17, 60, 212, 0, 0.015625,120, 0, 0, 7, 17, 4172, 39, 37
1, 3, 25, 18, 60, 171, 0, 0,120, 0, 0, 7, 13, 3046, 38, 32
1, 3, 25, 19, 60, 188, 0, 0.0153846,120, 0, 0, 7, 14, 3350, 39, 33
1, 3, 25, 20, 60, 974, 0.0147059, 0.0370387,120, 1, 1, 11, 53, 16210, 39, 90
1, 3, 25, 21, 60, 580, 0, 0.0192308,120, 0, 0, 9, 33, 9847, 39, 61
1, 3, 25, 22, 60, 236, 0, 0,120, 0, 0, 7, 16, 4110, 38, 36
1, 3, 25, 23, 60, 311, 0.0147059, 0.0432244,120, 1, 1, 7, 20, 5337, 39, 41
1, 3, 25, 24, 60, 221, 0, 0,120, 0, 0, 7, 16, 3863, 37, 35
1, 3, 26, 1, 111, 143, 0.00869565, 0.0451284,222, 1, 1, 7, 14, 4733, 70, 34
1, 3, 26, 2, 111, 166, 0.0105263, 0.0176692,222, 2, 1, 7, 16, 5458, 69, 37
1, 3, 26, 3, 111, 182, 0, 0,222, 0, 0, 7, 17, 5893, 67, 38
1, 3, 26, 4, 111, 170, 0, 0,222, 0, 0, 7, 16, 5568, 67, 36
1, 3, 26, 5, 111, 156, 0, 0.0555363,222, 0, 0, 7, 15, 5164, 70, 35
1, 3, 26, 6, 111, 201, 0, 0,222, 0, 0, 7, 17, 6479, 66, 39
1, 3, 26, 7, 111, 249, 0, 0,222, 0, 0, 7, 19, 7976, 67, 43
1, 3, 26, 8, 111, 376, 0, 0.0227273,222, 0, 0, 8, 26, 11782, 67, 55
1, 3, 26, 9, 111, 123, 0, 0.0103093,222, 0, 0, 6, 13, 4110, 67, 32
1, 3, 26, 10, 111, 164, 0, 0,222, 0, 0, 7, 16, 5342, 65, 36
1, 3, 26, 11, 111, 128, 0, 0.0193277,222, 0, 0, 7, 13, 4261, 68, 33
1, 3, 26, 12, 111, 114, 0, 0.0342545,222, 0, 0, 7, 13, 3823, 69, 32
1, 3, 26, 13, 111, 234, 0, 0,222, 0, 0, 7, 19, 7486, 65, 42
1, 3, 26, 14, 111, 177, 0, 0.0116279,222, 0, 0, 7, 16, 5754, 67, 37
1, 3, 26, 15, 111, 166, 0, 0,222, 0, 0, 7, 15, 5417, 66, 36
1, 3, 26, 16, 111, 311, 0, 0.0133333,222, 0, 0, 8, 22, 9809, 68, 49
1, 3, 26, 17, 111, 212, 0, 0.0267541,222, 0, 0, 7, 18, 6790, 68, 40
1, 3, 26, 18, 111, 171, 0, 0,222, 0, 0, 7, 16, 5585, 66, 37
1, 3, 26, 19, 111, 188, 0.00900901, 0.0235018,222, 1, 1, 7, 17, 6160, 68, 38
1, 3, 26, 20, 111, 974, 0, 0.0140845,222, 0, 0, 11, 56, 29902, 67, 106
1, 3, 26, 21, 111, 580, 0, 0,222, 0, 0, 9, 36, 18007, 65, 72
1, 3, 26, 22, 111, 236, 0, 0,222, 0, 0, 7, 19, 7535, 66, 42
1, 3, 26, 23, 111, 311, 0, 0.0435572,222, 0, 0, 8, 22, 9837, 69, 49
1, 3, 26, 24, 111, 221, 0, 0.0243902,222, 0, 0, 7, 18, 7146, 68, 41
1, 3, 26, 25, 111, 499, 0, 0,222, 0, 0, 9, 32, 15523, 66, 65
1, 4, 2, 1, 43, 219, 0, 0,86, 0, 0, 6, 15, 2770, 28, 32
1, 4, 3, 1, 66, 219, 0, 0.0111111,132, 0, 0, 6, 16, 4187, 42, 35
1, 4, 3, 2, 66, 122, 0, 0.04,132, 0, 0, 6, 11, 2457, 42, 27
1, 4, 4, 1, 45, 219, 0, 0,90, 0, 0, 6, 15, 2893, 29, 32
1, 4, 4, 2, 45, 122, 0, 0,90, 0, 0, 6, 10, 1712, 29, 26
1, 4, 4, 3, 45, 184, 0, 0,90, 0, 0, 7, 13, 2502, 29, 30
1, 4, 5, 1, 41, 219, 0, 0,82, 0, 0, 6, 14, 2637, 27, 32
1, 4, 5, 2, 41, 122, 0, 0.0454545,82, 0, 0, 6, 10, 1549, 29, 25
1, 4, 5, 3, 41, 184, 0, 0,82, 0, 0, 6, 13, 2256, 27, 30
1, 4, 5, 4, 41, 236, 0, 0.0120482,82, 0, 0, 6, 15, 2834, 29, 33
1, 4, 6, 1, 39, 219, 0, 0,78, 0, 0, 6, 14, 2507, 26, 31
1, 4, 6, 2, 39, 122, 0, 0,78, 0, 0, 6, 10, 1512, 28, 25
1, 4, 6, 3, 39, 184, 0, 0,78, 0, 0, 6, 13, 2129, 26, 29
1, 4, 6, 4, 39, 236, 0, 0,78, 0, 0, 6, 15, 2734, 27, 33
1, 4, 6, 5, 39, 201, 0, 0,78, 0, 0, 7, 14, 2325, 26, 31
1, 4, 7, 1, 80, 219, 0, 0.0153846,160, 0, 0, 7, 17, 5118, 53, 36
1, 4, 7, 2, 80, 122, 0, 0,160, 0, 0, 6, 12, 2956, 49, 29
1, 4, 7, 3, 80, 184, 0, 0.012987,160, 0, 0, 6, 15, 4306, 50, 34
1, 4, 7, 4, 80, 236, 0.0150287, 0.0390023,160, 2, 2, 7, 17, 5511, 52, 38
1, 4, 7, 5, 80, 201, 0, 0,160, 0, 0, 7, 16, 4684, 48, 35
1, 4, 7, 6, 80, 249, 0, 0.0116279,160, 0, 0, 7, 18, 5720, 50, 39
1, 4, 8, 1, 50, 219, 0, 0,100, 0, 0, 7, 15, 3188, 33, 33
1, 4, 8, 2, 50, 122, 0, 0,100, 0, 0, 6, 10, 1873, 32, 26
1, 4, 8, 3, 50, 184, 0, 0,100, 0, 0, 6, 13, 2728, 32, 31
1, 4, 8, 4, 50, 236, 0, 0,100, 0, 0, 7, 16, 3441, 32, 34
1, 4, 8, 5, 50, 201, 0, 0.037421,100, 0, 0, 7, 14, 2965, 35, 32
1, 4, 8, 6, 50, 249, 0, 0,100, 0, 0, 7, 17, 3639, 34, 35
1, 4, 8, 7, 50, 234, 0, 0.012987,100, 0, 0, 7, 16, 3425, 34, 35
1, 4, 9, 1, 62, 219, 0, 0,124, 0, 0, 7, 16, 4001, 39, 35
1, 4, 9, 2, 62, 122, 0, 0,124, 0, 0, 6, 11, 2323, 39, 28
1, 4, 9, 3, 62, 184, 0, 0,124, 0, 0, 6, 14, 3364, 40, 32
1, 4, 9, 4, 62, 236, 0, 0.0126582,124, 0, 0, 7, 17, 4267, 41, 36
1, 4, 9, 5, 62, 201, 0, 0,124, 0, 0, 7, 14, 3665, 40, 33
1, 4, 9, 6, 62, 249, 0, 0.0102041,124, 0, 0, 7, 17, 4477, 40, 37
1, 4, 9, 7, 62, 234, 0, 0,124, 0, 0, 7, 16, 4220, 38, 36
1, 4, 9, 8, 62, 81, 0, 0.0265471,124, 0, 0, 6, 9, 1617, 42, 25
1, 4, 10, 1, 84, 219, 0, 0.0394411,168, 0, 0, 6, 17, 5324, 54, 37
1, 4, 10, 2, 84, 122, 0, 0.0113636,168, 0, 0, 6, 12, 3106, 53, 29
1, 4, 10, 3, 84, 184, 0, 0,168, 0, 0, 6, 15, 4526, 51, 34
1, 4, 10, 4, 84, 236, 0, 0.0226118,168, 0, 0, 7, 17, 5731, 53, 38
1, 4, 10, 5, 84, 201, 0, 0.0140845,168, 0, 0, 7, 16, 4924, 53, 35
1, 4, 10, 6, 84, 249, 0, 0.0113636,168, 0, 0, 7, 18, 5987, 54, 39
1, 4, 10, 7, 84, 234, 0, 0,168, 0, 0, 7, 17, 5754, 51, 38
1, 4, 10, 8, 84, 81, 0, 0.0128205,168, 0, 0, 6, 10, 2159, 53, 26
1, 4, 10, 9, 84, 91, 0, 0,168, 0, 0, 6, 10, 2392, 51, 26
1, 4, 11, 1, 74, 219, 0, 0,148, 0, 0, 7, 16, 4702, 46, 36
1, 4, 11, 2, 74, 122, 0, 0,148, 0, 0, 6, 11, 2756, 45, 28
1, 4, 11, 3, 74, 184, 0, 0,148, 0, 0, 6, 14, 4004, 45, 33
1, 4, 11, 4, 74, 236, 0, 0.0138889,148, 0, 0, 6, 17, 5046, 47, 37
1, 4, 11, 5, 74, 201, 0, 0,148, 0, 0, 7, 15, 4336, 45, 35
1, 4, 11, 6, 74, 249, 0, 0.011236,148, 0, 0, 7, 17, 5297, 47, 38
1, 4, 11, 7, 74, 234, 0, 0,148, 0, 0, 7, 17, 5013, 45, 37
1, 4, 11, 8, 74, 81, 0, 0.0147059,148, 0, 0, 6, 9, 1903, 47, 25
1, 4, 11, 9, 74, 91, 0, 0.012987,148, 0, 0, 6, 10, 2142, 47, 26
1, 4, 11, 10, 74, 177, 0, 0.0147059,148, 0, 0, 6, 14, 3916, 48, 32
1, 4, 12, 1, 31, 219, 0, 0,62, 0, 0, 6, 14, 2023, 22, 30
1, 4, 12, 2, 31, 122, 0, 0,62, 0, 0, 6, 9, 1190, 22, 24
1, 4, 12, 3, 31, 184, 0, 0,62, 0, 0, 6, 12, 1721, 23, 28
1, 4, 12, 4, 31, 236, 0, 0,62, 0, 0, 6, 15, 2181, 21, 32
1, 4, 12, 5, 31, 201, 0, 0,62, 0, 0, 7, 13, 1853, 22, 30
1, 4, 12, 6, 31, 249, 0, 0,62, 0, 0, 7, 15, 2266, 21, 33
1, 4, 12, 7, 31, 234, 0, 0,62, 0, 0, 7, 15, 2177, 23, 32
1, 4, 12, 8, 31, 81, 0, 0,62, 0, 0, 6, 7, 857, 21, 22
1, 4, 12, 9, 31, 91, 0, 0,62, 0, 0, 6, 8, 936, 22, 22
1, 4, 12, 10, 31, 177, 0, 0,62, 0, 0, 6, 12, 1668, 22, 28
1, 4, 12, 11, 31, 166, 0, 0,62, 0, 0, 6, 11, 1560, 22, 27
1, 4, 13, 1, 48, 219, 0, 0,96, 0, 0, 6, 15, 3082, 31, 32
1, 4, 13, 2, 48, 122, 0, 0,96, 0, 0, 6, 10, 1826, 31, 26
1, 4, 13, 3, 48, 184, 0, 0,96, 0, 0, 6, 13, 2643, 31, 30
1, 4, 13, 4, 48, 236, 0, 0,96, 0, 0, 7, 16, 3306, 31, 34
1, 4, 13, 5, 48, 201, 0, 0,96, 0, 0, 7, 14, 2878, 32, 32
1, 4, 13, 6, 48, 249, 0, 0,96, 0, 0, 7, 16, 3492, 31, 35
1, 4, 13, 7, 48, 234, 0, 0,96, 0, 0, 7, 15, 3277, 31, 34
1, 4, 13, 8, 48, 81, 0, 0,96, 0, 0, 6, 8, 1280, 31, 23
1, 4, 13, 9, 48, 91, 0, 0,96, 0, 0, 6, 9, 1418, 32, 24
1, 4, 13, 10, 48, 177, 0, 0,96, 0, 0, 6, 13, 2531, 31, 30
1, 4, 13, 11, 48, 166, 0, 0,96, 0, 0, 6, 12, 2397, 31, 29
1, 4, 13, 12, 48, 228, 0, 0,96, 0, 0, 7, 15, 3214, 30, 34
1, 4, 14, 1, 33, 219, 0, 0,66, 0, 0, 6, 14, 2146, 23, 31
1, 4, 14, 2, 33, 122, 0, 0,66, 0, 0, 6, 9, 1273, 23, 25
1, 4, 14, 3, 33, 184, 0, 0,66, 0, 0, 6, 12, 1838, 25, 29
1, 4, 14, 4, 33, 236, 0, 0,66, 0, 0, 6, 15, 2296, 24, 32
1, 4, 14, 5, 33, 201, 0, 0,66, 0, 0, 7, 13, 1977, 23, 30
1, 4, 14, 6, 33, 249, 0, 0,66, 0, 0, 7, 15, 2418, 23, 33
1, 4, 14, 7, 33, 234, 0, 0,66, 0, 0, 7, 15, 2305, 23, 32
1, 4, 14, 8, 33, 81, 0, 0,66, 0, 0, 6, 7, 888, 23, 22
1, 4, 14, 9, 33, 91, 0, 0.00793651,66, 0, 0, 6, 8, 992, 24, 22
1, 4, 14, 10, 33, 177, 0, 0,66, 0, 0, 6, 12, 1753, 23, 28
1, 4, 14, 11, 33, 166, 0, 0,66, 0, 0, 6, 11, 1656, 23, 28
1, 4, 14, 12, 33, 228, 0, 0,66, 0, 0, 7, 14, 2215, 23, 31
1, 4, 14, 13, 33, 221, 0, 0,66, 0, 0, 7, 14, 2162, 25, 31
1, 4, 15, 1, 57, 219, 0, 0,114, 0, 0, 7, 15, 3657, 36, 34
1, 4, 15, 2, 57, 122, 0, 0.0111111,114, 0, 0, 6, 11, 2144, 38, 27
1, 4, 15, 3, 57, 184, 0, 0,114, 0, 0, 7, 14, 3099, 36, 32
1, 4, 15, 4, 57, 236, 0, 0,114, 0, 0, 7, 16, 3898, 36, 35
1, 4, 15, 5, 57, 201, 0, 0.02,114, 0, 0, 7, 14, 3363, 37, 33
1, 4, 15, 6, 57, 249, 0, 0,114, 0, 0, 7, 17, 4147, 37, 37
1, 4, 15, 7, 57, 234, 0, 0,114, 0, 0, 7, 16, 3908, 38, 35
1, 4, 15, 8, 57, 81, 0, 0.0253815,114, 0, 0, 6, 9, 1484, 38, 24
1, 4, 15, 9, 57, 91, 0, 0,114, 0, 0, 6, 9, 1661, 36, 25
1, 4, 15, 10, 57, 177, 0, 0.0178571,114, 0, 0, 6, 13, 2994, 37, 31
1, 4, 15, 11, 57, 166, 0, 0,114, 0, 0, 6, 13, 2828, 37, 30
1, 4, 15, 12, 57, 228, 0, 0,114, 0, 0, 7, 16, 3793, 36, 35
1, 4, 15, 13, 57, 221, 0, 0,114, 0, 0, 7, 15, 3682, 36, 34
1, 4, 15, 14, 57, 247, 0, 0,114, 0, 0, 7, 17, 4082, 35, 36
1, 4, 16, 1, 42, 219, 0, 0,84, 0, 0, 6, 14, 2712, 28, 32
1, 4, 16, 2, 42, 122, 0, 0,84, 0, 0, 6, 10, 1584, 28, 25
1, 4, 16, 3, 42, 184, 0, 0,84, 0, 0, 6, 13, 2346, 29, 30
1, 4, 16, 4, 42, 236, 0, 0,84, 0, 0, 7, 15, 2897, 27, 33
1, 4, 16, 5, 42, 201, 0, 0,84, 0, 0, 7, 14, 2492, 27, 31
1, 4, 16, 6, 42, 249, 0, 0,84, 0, 0, 7, 16, 3047, 30, 34
1, 4, 16, 7, 42, 234, 0, 0,84, 0, 0, 7, 15, 2871, 27, 34
1, 4, 16, 8, 42, 81, 0, 0.0281914,84, 0, 0, 6, 8, 1124, 30, 23
1, 4, 16, 9, 42, 91, 0, 0,84, 0, 0, 6, 8, 1248, 27, 23
1, 4, 16, 10, 42, 177, 0, 0,84, 0, 0, 6, 13, 2217, 29, 29
1, 4, 16, 11, 42, 166, 0, 0,84, 0, 0, 6, 12, 2112, 28, 28
1, 4, 16, 12, 42, 228, 0, 0.0144928,84, 0, 0, 7, 15, 2822, 29, 32
1, 4, 16, 13, 42, 221, 0.00952381, 0.04,84, 1, 1, 7, 15, 2751, 30, 32
1, 4, 16, 14, 42, 247, 0, 0,84, 0, 0, 7, 16, 3035, 28, 34
1, 4, 16, 15, 42, 252, 0, 0,84, 0, 0, 6, 16, 3082, 28, 34
1, 4, 17, 1, 57, 219, 0, 0,114, 0, 0, 7, 16, 3651, 35, 34
1, 4, 17, 2, 57, 122, 0, 0,114, 0, 0, 6, 11, 2129, 36, 27
1, 4, 17, 3, 57, 184, 0, 0,114, 0, 0, 6, 14, 3093, 36, 31
1, 4, 17, 4, 57, 236, 0, 0,114, 0, 0, 7, 16, 3927, 39, 35
1, 4, 17, 5, 57, 201, 0, 0.010101,114, 0, 0, 7, 15, 3375, 38, 33
1, 4, 17, 6, 57, 249, 0, 0,114, 0, 0, 7, 17, 4148, 37, 37
1, 4, 17, 7, 57, 234, 0, 0,114, 0, 0, 7, 16, 3873, 36, 36
1, 4, 17, 8, 57, 81, 0, 0,114, 0, 0, 6, 9, 1485, 36, 24
1, 4, 17, 9, 57, 91, 0, 0,114, 0, 0, 6, 9, 1691, 36, 25
1, 4, 17, 10, 57, 177, 0, 0,114, 0, 0, 6, 13, 2975, 36, 31
1, 4, 17, 11, 57, 166, 0, 0,114, 0, 0, 7, 13, 2820, 37, 30
1, 4, 17, 12, 57, 228, 0, 0,114, 0, 0, 7, 16, 3791, 36, 35
1, 4, 17, 13, 57, 221, 0.0227273, 0.0368118,114, 1, 1, 7, 15, 3667, 37, 34
1, 4, 17, 14, 57, 247, 0, 0,114, 0, 0, 7, 17, 4096, 38, 36
1, 4, 17, 15, 57, 252, 0, 0,114, 0, 0, 7, 17, 4154, 36, 36
1, 4, 17, 16, 57, 173, 0, 0,114, 0, 0, 6, 13, 2929, 36, 30
1, 4, 18, 1, 70, 219, 0, 0,140, 0, 0, 7, 16, 4443, 43, 35
1, 4, 18, 2, 70, 122, 0, 0.010101,140, 0, 0, 6, 11, 2603, 45, 28
1, 4, 18, 3, 70, 184, 0, 0,140, 0, 0, 6, 14, 3779, 44, 33
1, 4, 18, 4, 70, 236, 0, 0,140, 0, 0, 7, 17, 4814, 43, 37
1, 4, 18, 5, 70, 201, 0, 0,140, 0, 0, 7, 15, 4103, 43, 34
1, 4, 18, 6, 70, 249, 0, 0,140, 0, 0, 7, 17, 5018, 43, 38
1, 4, 18, 7, 70, 234, 0, 0,140, 0, 0, 7, 17, 4759, 43, 37
1, 4, 18, 8, 70, 81, 0, 0.0111111,140, 0, 0, 6, 9, 1823, 45, 25
1, 4, 18, 9, 70, 91, 0, 0,140, 0, 0, 6, 10, 2000, 43, 25
1, 4, 18, 10, 70, 177, 0, 0.0188679,140, 0, 0, 6, 14, 3653, 45, 32
1, 4, 18, 11, 70, 166, 0, 0,140, 0, 0, 6, 13, 3440, 44, 31
1, 4, 18, 12, 70, 228, 0, 0.0169492,140, 0, 0, 7, 16, 4629, 44, 36
1, 4, 18, 13, 70, 221, 0, 0.0447082,140, 0, 0, 7, 16, 4505, 47, 36
1, 4, 18, 14, 70, 247, 0, 0.0452489,140, 0, 0, 7, 17, 4979, 45, 37
1, 4, 18, 15, 70, 252, 0, 0.010101,140, 0, 0, 7, 17, 5087, 44, 37
1, 4, 18, 16, 70, 173, 0, 0,140, 0, 0, 6, 14, 3571, 43, 31
1, 4, 18, 17, 70, 223, 0, 0,140, 0, 0, 7, 16, 4553, 43, 36
1, 4, 19, 1, 30, 219, 0, 0.0126582,60, 0, 0, 7, 14, 1957, 23, 31
1, 4, 19, 2, 30, 122, 0, 0,60, 0, 0, 6, 9, 1144, 21, 25
1, 4, 19, 3, 30, 184, 0, 0,60, 0, 0, 6, 12, 1647, 21, 29
1, 4, 19, 4, 30, 236, 0, 0,60, 0, 0, 7, 15, 2098, 21, 32
1, 4, 19, 5, 30, 201, 0, 0,60, 0, 0, 7, 13, 1813, 21, 30
1, 4, 19, 6, 30, 249, 0, 0,60, 0, 0, 7, 15, 2222, 21, 33
1, 4, 19, 7, 30, 234, 0, 0,60, 0, 0, 7, 15, 2099, 21, 33
1, 4, 19, 8, 30, 81, 0, 0,60, 0, 0, 6, 7, 820, 22, 22
1, 4, 19, 9, 30, 91, 0, 0,60, 0, 0, 6, 8, 898, 21, 23
1, 4, 19, 10, 30, 177, 0.0147059, 0.0434605,60, 1, 1, 6, 12, 1611, 23, 28
1, 4, 19, 11, 30, 166, 0, 0,60, 0, 0, 6, 11, 1517, 22, 27
1, 4, 19, 12, 30, 228, 0, 0,60, 0, 0, 7, 14, 2049, 21, 31
1, 4, 19, 13, 30, 221, 0, 0,60, 0, 0, 7, 14, 1976, 21, 31
1, 4, 19, 14, 30, 247, 0, 0,60, 0, 0, 7, 15, 2175, 21, 32
1, 4, 19, 15, 30, 252, 0, 0.0214734,60, 0, 0, 7, 15, 2218, 23, 32
1, 4, 19, 16, 30, 173, 0, 0,60, 0, 0, 6, 12, 1581, 21, 28
1, 4, 19, 17, 30, 223, 0, 0,60, 0, 0, 7, 14, 2008, 21, 31
1, 4, 19, 18, 30, 225, 0, 0,60, 0, 0, 7, 14, 2035, 23, 31
1, 4, 20, 1, 72, 219, 0, 0.00854701,144, 0, 0, 7, 16, 4580, 46, 36
1, 4, 20, 2, 72, 122, 0, 0,144, 0, 0, 6, 11, 2664, 45, 28
1, 4, 20, 3, 72, 184, 0, 0,144, 0, 0, 7, 14, 3884, 44, 33
1, 4, 20, 4, 72, 236, 0, 0.0133333,144, 0, 0, 7, 17, 4907, 46, 38
1, 4, 20, 5, 72, 201, 0, 0,144, 0, 0, 7, 15, 4220, 44, 35
1, 4, 20, 6, 72, 249, 0, 0,144, 0, 0, 7, 17, 5164, 44, 38
1, 4, 20, 7, 72, 234, 0.0283816, 0.0464905,144, 2, 2, 7, 17, 4888, 45, 37
1, 4, 20, 8, 72, 81, 0, 0.011236,144, 0, 0, 6, 9, 1869, 46, 25
1, 4, 20, 9, 72, 91, 0, 0,144, 0, 0, 6, 10, 2065, 44, 26
1, 4, 20, 10, 72, 177, 0, 0,144, 0, 0, 6, 14, 3791, 44, 33
1, 4, 20, 11, 72, 166, 0, 0,144, 0, 0, 6, 13, 3539, 45, 32
1, 4, 20, 12, 72, 228, 0, 0,144, 0, 0, 7, 16, 4763, 44, 37
1, 4, 20, 13, 72, 221, 0, 0,144, 0, 0, 7, 16, 4615, 44, 36
1, 4, 20, 14, 72, 247, 0, 0,144, 0, 0, 7, 17, 5138, 44, 38
1, 4, 20, 15, 72, 252, 0, 0.0172414,144, 0, 0, 7, 17, 5223, 45, 38
1, 4, 20, 16, 72, 173, 0, 0.00900901,144, 0, 0, 7, 14, 3685, 46, 32
1, 4, 20, 17, 72, 223, 0, 0.00869565,144, 0, 0, 7, 16, 4657, 46, 37
1, 4, 20, 18, 72, 225, 0, 0.0106383,144, 0, 0, 7, 16, 4719, 47, 36
1, 4, 20, 19, 72, 272, 0, 0.00884956,144, 0, 0, 7, 19, 5621, 47, 40
1, 4, 21, 1, 55, 219, 0, 0,110, 0, 0, 7, 16, 3563, 36, 35
1, 4, 21, 2, 55, 122, 0, 0,110, 0, 0, 6, 10, 2043, 35, 27
1, 4, 21, 3, 55, 184, 0, 0,110, 0, 0, 7, 13, 2999, 35, 31
1, 4, 21, 4, 55, 236, 0, 0,110, 0, 0, 7, 16, 3773, 35, 35
1, 4, 21, 5, 55, 201, 0, 0,110, 0, 0, 7, 14, 3231, 35, 33
1, 4, 21, 6, 55, 249, 0, 0.0119048,110, 0, 0, 7, 17, 3991, 38, 36
1, 4, 21, 7, 55, 234, 0, 0.0149254,110, 0, 0, 7, 16, 3742, 37, 35
1, 4, 21, 8, 55, 81, 0, 0.0133333,110, 0, 0, 6, 8, 1431, 36, 24
1, 4, 21, 9, 55, 91, 0, 0,110, 0, 0, 6, 9, 1589, 35, 24
1, 4, 21, 10, 55, 177, 0, 0,110, 0, 0, 7, 13, 2873, 35, 31
1, 4, 21, 11, 55, 166, 0, 0,110, 0, 0, 6, 12, 2728, 35, 30
1, 4, 21, 12, 55, 228, 0, 0,110, 0, 0, 7, 16, 3648, 35, 35
1, 4, 21, 13, 55, 221, 0, 0.02,110, 0, 0, 7, 15, 3530, 36, 34
1, 4, 21, 14, 55, 247, 0, 0,110, 0, 0, 7, 16, 3945, 35, 36
1, 4, 21, 15, 55, 252, 0, 0,110, 0, 0, 7, 17, 4012, 34, 36
1, 4, 21, 16, 55, 173, 0, 0.010101,110, 0, 0, 6, 13, 2831, 36, 30
1, 4, 21, 17, 55, 223, 0, 0,110, 0, 0, 7, 15, 3582, 35, 34
1, 4, 21, 18, 55, 225, 0, 0,110, 0, 0, 7, 15, 3604, 36, 34
1, 4, 21, 19, 55, 272, 0, 0,110, 0, 0, 7, 18, 4343, 35, 38
1, 4, 21, 20, 55, 224, 0, 0,110, 0, 0, 7, 15, 3587, 35, 34
1, 4, 22, 1, 58, 219, 0, 0,116, 0, 0, 7, 16, 3733, 37, 34
1, 4, 22, 2, 58, 122, 0, 0.0135135,116, 0, 0, 6, 11, 2185, 39, 27
1, 4, 22, 3, 58, 184, 0.0222222, 0.0579365,116, 1, 1, 7, 14, 3148, 39, 32
1, 4, 22, 4, 58, 236, 0, 0,116, 0, 0, 7, 16, 3979, 37, 35
1, 4, 22, 5, 58, 201, 0, 0,116, 0, 0, 7, 14, 3449, 38, 33
1, 4, 22, 6, 58, 249, 0, 0,116, 0, 0, 7, 17, 4184, 37, 37
1, 4, 22, 7, 58, 234, 0, 0,116, 0, 0, 7, 16, 3990, 37, 36
1, 4, 22, 8, 58, 81, 0, 0.0268468,116, 0, 0, 6, 9, 1540, 40, 25
1, 4, 22, 9, 58, 91, 0, 0.0125,116, 0, 0, 6, 9, 1688, 38, 26
1, 4, 22, 10, 58, 177, 0, 0.020018,116, 0, 0, 6, 13, 3062, 40, 31
1, 4, 22, 11, 58, 166, 0, 0,116, 0, 0, 6, 13, 2881, 37, 31
1, 4, 22, 12, 58, 228, 0, 0,116, 0, 0, 7, 16, 3870, 39, 35
1, 4, 22, 13, 58, 221, 0, 0,116, 0, 0, 7, 15, 3732, 37, 34
1, 4, 22, 14, 58, 247, 0, 0,116, 0, 0, 7, 17, 4178, 38, 36
1, 4, 22, 15, 58, 252, 0, 0,116, 0, 0, 7, 17, 4235, 37, 36
1, 4, 22, 16, 58, 173, 0, 0.0308349,116, 0, 0, 6, 13, 2974, 38, 30
1, 4, 22, 17, 58, 223, 0, 0.0166667,116, 0, 0, 7, 15, 3825, 41, 35
1, 4, 22, 18, 58, 225, 0, 0,116, 0, 0, 7, 15, 3803, 36, 35
1, 4, 22, 19, 58, 272, 0, 0,116, 0, 0, 7, 18, 4547, 36, 38
1, 4, 22, 20, 58, 224, 0, 0,116, 0, 0, 7, 16, 3809, 37, 35
1, 4, 22, 21, 58, 157, 0, 0,116, 0, 0, 6, 12, 2702, 37, 29
1, 4, 23, 1, 64, 219, 0, 0,128, 0, 0, 7, 15, 4077, 40, 34
1, 4, 23, 2, 64, 122, 0, 0,128, 0, 0, 6, 11, 2377, 40, 27
1, 4, 23, 3, 64, 184, 0, 0,128, 0, 0, 7, 14, 3480, 40, 32
1, 4, 23, 4, 64, 236, 0, 0,128, 0, 0, 7, 16, 4372, 40, 35
1, 4, 23, 5, 64, 201, 0, 0,128, 0, 0, 7, 15, 3772, 40, 34
1, 4, 23, 6, 64, 249, 0, 0,128, 0, 0, 7, 17, 4589, 40, 37
1, 4, 23, 7, 64, 234, 0, 0.0136986,128, 0, 0, 7, 16, 4342, 41, 36
1, 4, 23, 8, 64, 81, 0, 0,128, 0, 0, 6, 9, 1683, 41, 24
1, 4, 23, 9, 64, 91, 0, 0,128, 0, 0, 6, 9, 1826, 40, 25
1, 4, 23, 10, 64, 177, 0, 0.0172414,128, 0, 0, 6, 13, 3354, 42, 31
1, 4, 23, 11, 64, 166, 0, 0,128, 0, 0, 6, 13, 3147, 40, 31
1, 4, 23, 12, 64, 228, 0, 0.03125,128, 0, 0, 7, 16, 4230, 42, 35
1, 4, 23, 13, 64, 221, 0, 0,128, 0, 0, 7, 15, 4107, 40, 34
1, 4, 23, 14, 64, 247, 0, 0.0106383,128, 0, 0, 7, 17, 4581, 41, 37
1, 4, 23, 15, 64, 252, 0, 0.0181818,128, 0, 0, 7, 17, 4659, 40, 36
1, 4, 23, 16, 64, 173, 0, 0.0107527,128, 0, 0, 6, 13, 3314, 43, 30
1, 4, 23, 17, 64, 223, 0, 0.0142857,128, 0, 0, 7, 16, 4152, 42, 35
1, 4, 23, 18, 64, 225, 0, 0,128, 0, 0, 7, 15, 4172, 39, 35
1, 4, 23, 19, 64, 272, 0, 0,128, 0, 0, 7, 18, 5050, 40, 38
1, 4, 23, 20, 64, 224, 0, 0,128, 0, 0, 7, 16, 4218, 41, 35
1, 4, 23, 21, 64, 157, 0, 0,128, 0, 0, 6, 13, 2980, 40, 30
1, 4, 23, 22, 64, 193, 0, 0,128, 0, 0, 7, 14, 3618, 39, 33
1, 4, 24, 1, 63, 219, 0, 0,126, 0, 0, 7, 15, 4003, 39, 34
1, 4, 24, 2, 63, 122, 0, 0.015873,126, 0, 0, 6, 11, 2342, 42, 28
1, 4, 24, 3, 63, 184, 0.0070922, 0.0177305,126, 1, 1, 6, 14, 3408, 41, 32
1, 4, 24, 4, 63, 236, 0, 0.0119048,126, 0, 0, 7, 16, 4318, 40, 36
1, 4, 24, 5, 63, 201, 0, 0,126, 0, 0, 7, 14, 3697, 39, 33
1, 4, 24, 6, 63, 249, 0, 0,126, 0, 0, 7, 17, 4542, 42, 37
1, 4, 24, 7, 63, 234, 0, 0.03125,126, 0, 0, 7, 16, 4293, 41, 36
1, 4, 24, 8, 63, 81, 0, 0,126, 0, 0, 6, 9, 1647, 40, 24
1, 4, 24, 9, 63, 91, 0, 0,126, 0, 0, 6, 9, 1805, 39, 25
1, 4, 24, 10, 63, 177, 0, 0,126, 0, 0, 6, 14, 3340, 40, 32
1, 4, 24, 11, 63, 166, 0, 0,126, 0, 0, 6, 13, 3116, 40, 31
1, 4, 24, 12, 63, 228, 0, 0,126, 0, 0, 7, 16, 4195, 40, 35
1, 4, 24, 13, 63, 221, 0, 0,126, 0, 0, 7, 16, 4088, 40, 35
1, 4, 24, 14, 63, 247, 0, 0,126, 0, 0, 7, 17, 4496, 39, 37
1, 4, 24, 15, 63, 252, 0, 0,126, 0, 0, 7, 17, 4614, 40, 37
1, 4, 24, 16, 63, 173, 0, 0.00934579,126, 0, 0, 6, 13, 3226, 41, 31
1, 4, 24, 17, 63, 223, 0, 0.0126582,126, 0, 0, 7, 16, 4088, 40, 35
1, 4, 24, 18, 63, 225, 0, 0.025641,126, 0, 0, 7, 16, 4169, 42, 35
1, 4, 24, 19, 63, 272, 0, 0,126, 0, 0, 7, 18, 4933, 39, 39
1, 4, 24, 20, 63, 224, 0, 0,126, 0, 0, 7, 16, 4104, 39, 35
1, 4, 24, 21, 63, 157, 0, 0,126, 0, 0, 6, 13, 2963, 41, 30
1, 4, 24, 22, 63, 193, 0.00862069, 0.0209664,126, 1, 1, 7, 15, 3573, 41, 33
1, 4, 24, 23, 63, 231, 0, 0.0384073,126, 0, 0, 7, 16, 4215, 41, 35
1, 4, 25, 1, 60, 219, 0, 0,120, 0, 0, 7, 15, 3826, 38, 35
1, 4, 25, 2, 60, 122, 0, 0,120, 0, 0, 6, 11, 2255, 39, 27
1, 4, 25, 3, 60, 184, 0, 0,120, 0, 0, 7, 14, 3262, 37, 32
1, 4, 25, 4, 60, 236, 0, 0,120, 0, 0, 7, 16, 4100, 37, 36
1, 4, 25, 5, 60, 201, 0, 0.0111111,120, 0, 0, 7, 15, 3543, 41, 34
1, 4, 25, 6, 60, 249, 0, 0,120, 0, 0, 7, 17, 4321, 37, 37
1, 4, 25, 7, 60, 234, 0, 0,120, 0, 0, 7, 16, 4102, 39, 36
1, 4, 25, 8, 60, 81, 0, 0.0119048,120, 0, 0, 6, 9, 1575, 39, 25
1, 4, 25, 9, 60, 91, 0, 0,120, 0, 0, 6, 9, 1727, 37, 25
1, 4, 25, 10, 60, 177, 0, 0,120, 0, 0, 6, 13, 3137, 37, 31
1, 4, 25, 11, 60, 166, 0, 0,120, 0, 0, 6, 13, 2968, 37, 31
1, 4, 25, 12, 60, 228, 0, 0,120, 0, 0, 7, 16, 4056, 38, 35
1, 4, 25, 13, 60, 221, 0, 0,120, 0, 0, 7, 15, 3865, 37, 35
1, 4, 25, 14, 60, 247, 0, 0,120, 0, 0, 7, 17, 4305, 38, 37
1, 4, 25, 15, 60, 252, 0, 0,120, 0, 0, 7, 17, 4371, 38, 36
1, 4, 25, 16, 60, 173, 0, 0.010989,120, 0, 0, 6, 13, 3175, 39, 31
1, 4, 25, 17, 60, 223, 0, 0,120, 0, 0, 7, 16, 3898, 38, 35
1, 4, 25, 18, 60, 225, 0, 0,120, 0, 0, 7, 16, 3931, 37, 35
1, 4, 25, 19, 60, 272, 0, 0.0147059,120, 0, 0, 7, 18, 4694, 39, 38
1, 4, 25, 20, 60, 224, 0, 0,120, 0, 0, 7, 16, 3977, 37, 36
1, 4, 25, 21, 60, 157, 0, 0,120, 0, 0, 6, 12, 2875, 38, 30
1, 4, 25, 22, 60, 193, 0, 0,120, 0, 0, 7, 14, 3415, 37, 33
1, 4, 25, 23, 60, 231, 0, 0.0262796,120, 0, 0, 7, 16, 4115, 42, 36
